        Time   Palpation Force
      0.0000         1.00
      0.0010         1.00
      0.0020         1.00
      0.0030         1.00
      0.0040         1.00
      0.0050         1.00
      0.0060         1.00
      0.0070         1.00
      0.0080         1.00
      0.0090         1.00
      0.0100         1.58
      0.0110         1.73
      0.0120         1.85
      0.0130         2.03
      0.0140         2.13
      0.0150         2.25
      0.0160         2.37
      0.0170         3.12
      0.0180         3.26
      0.0190         2.90
      0.0200         2.91
      0.0210         3.48
      0.0220         3.48
      0.0230         3.63
      0.0240         3.62
      0.0250         3.64
      0.0260         3.63
      0.0270         3.63
      0.0280         3.63
      0.0290         3.62
      0.0300         3.63
      0.0310         3.60
      0.0320         3.66
      0.0330         3.62
      0.0340         3.71
      0.0350         3.67
      0.0360         3.64
      0.0370         3.56
      0.0380         3.52
      0.0390         3.45
      0.0400         3.37
      0.0410         3.38
      0.0420         3.32
      0.0430         3.18
      0.0440         3.18
      0.0450         3.21
      0.0460         3.25
      0.0470         3.21
      0.0480         3.18
      0.0490         3.10
      0.0500         3.14
      0.0510         3.17
      0.0520         3.13
      0.0530         3.20
      0.0540         3.20
      0.0550         3.28
      0.0560         3.37
      0.0570         3.37
      0.0580         3.46
      0.0590         3.62
      0.0600         3.55
      0.0610         3.50
      0.0620         3.51
      0.0630         3.62
      0.0640         3.64
      0.0650         3.62
      0.0660         3.62
      0.0670         3.68
      0.0680         3.68
      0.0690         3.80
      0.0700         3.78
      0.0710         3.76
      0.0720         3.84
      0.0730         4.38
      0.0740         3.84
      0.0750         3.79
      0.0760         3.72
      0.0770         3.75
      0.0780         3.74
      0.0790         3.70
      0.0800         3.83
      0.0810         3.84
      0.0820         3.90
      0.0830         3.91
      0.0840         3.94
      0.0850         3.91
      0.0860         3.90
      0.0870         3.97
      0.0880         3.98
      0.0890         3.93
      0.0900         3.87
      0.0910         3.80
      0.0920         3.78
      0.0930         3.75
      0.0940         3.78
      0.0950         3.87
      0.0960         3.87
      0.0970         3.92
      0.0980         3.92
      0.0990         3.86
      0.1000         3.79
      0.1010         3.83
      0.1020         3.80
      0.1030         3.79
      0.1040         4.24
      0.1050         4.40
      0.1060         4.32
      0.1070         3.87
      0.1080         3.91
      0.1090         3.86
      0.1100         3.94
      0.1110         3.96
      0.1120         3.96
      0.1130         4.03
      0.1140         4.11
      0.1150         4.11
      0.1160         4.23
      0.1170         4.18
      0.1180         4.09
      0.1190         4.18
      0.1200         4.22
      0.1210         4.21
      0.1220         4.19
      0.1230         4.21
      0.1240         4.21
      0.1250         4.11
      0.1260         4.11
      0.1270         4.03
      0.1280         3.96
      0.1290         4.02
      0.1300         4.07
      0.1310         4.11
      0.1320         4.15
      0.1330         4.15
      0.1340         4.07
      0.1350         4.03
      0.1360         3.95
      0.1370         4.02
      0.1380         4.07
      0.1390         4.03
      0.1400         4.10
      0.1410         4.14
      0.1420         4.10
      0.1430         4.09
      0.1440         4.06
      0.1450         4.06
      0.1460         4.13
      0.1470         4.10
      0.1480         4.09
      0.1490         4.11
      0.1500         4.07
      0.1510         4.05
      0.1520         4.00
      0.1530         3.94
      0.1540         3.94
      0.1550         3.94
      0.1560         3.86
      0.1570         3.41
      0.1580         3.36
      0.1590         3.33
      0.1600         3.27
      0.1610         3.23
      0.1620         3.77
      0.1630         3.76
      0.1640         3.83
      0.1650         3.92
      0.1660         3.86
      0.1670         3.84
      0.1680         3.86
      0.1690         3.42
      0.1700         3.33
      0.1710         3.86
      0.1720         3.89
      0.1730         3.44
      0.1740         3.47
      0.1750         3.52
      0.1760         3.53
      0.1770         4.05
      0.1780         3.65
      0.1790         4.18
      0.1800         4.24
      0.1810         4.17
      0.1820         4.17
      0.1830         3.69
      0.1840         4.21
      0.1850         4.18
      0.1860         4.26
      0.1870         4.30
      0.1880         4.37
      0.1890         4.34
      0.1900         4.48
      0.1910         4.54
      0.1920         4.52
      0.1930         4.52
      0.1940         4.52
      0.1950         4.53
      0.1960         4.61
      0.1970         4.58
      0.1980         4.58
      0.1990         4.56
      0.2000         4.52
      0.2010         4.58
      0.2020         4.61
      0.2030         4.61
      0.2040         4.67
      0.2050         4.56
      0.2060         4.45
      0.2070         4.42
      0.2080         4.42
      0.2090         4.46
      0.2100         4.42
      0.2110         4.32
      0.2120         4.36
      0.2130         4.37
      0.2140         4.42
      0.2150         4.41
      0.2160         4.34
      0.2170         4.41
      0.2180         4.47
      0.2190         4.58
      0.2200         4.65
      0.2210         4.57
      0.2220         4.61
      0.2230         4.61
      0.2240         4.57
      0.2250         4.68
      0.2260         4.78
      0.2270         4.84
      0.2280         4.85
      0.2290         4.76
      0.2300         4.78
      0.2310         4.85
      0.2320         4.88
      0.2330         4.80
      0.2340         4.74
      0.2350         4.72
      0.2360         4.74
      0.2370         4.58
      0.2380         4.56
      0.2390         4.42
      0.2400         4.34
      0.2410         4.46
      0.2420         4.37
      0.2430         4.35
      0.2440         4.35
      0.2450         4.34
      0.2460         4.16
      0.2470         4.56
      0.2480         4.59
      0.2490         4.10
      0.2500         4.11
      0.2510         4.03
      0.2520         3.96
      0.2530         4.00
      0.2540         4.10
      0.2550         4.10
      0.2560         4.04
      0.2570         4.10
      0.2580         4.09
      0.2590         4.13
      0.2600         4.17
      0.2610         4.06
      0.2620         4.04
      0.2630         4.04
      0.2640         4.07
      0.2650         3.56
      0.2660         4.18
      0.2670         4.18
      0.2680         3.71
      0.2690         4.22
      0.2700         4.21
      0.2710         4.19
      0.2720         4.25
      0.2730         4.27
      0.2740         4.24
      0.2750         4.27
      0.2760         4.34
      0.2770         4.37
      0.2780         4.36
      0.2790         4.38
      0.2800         4.34
      0.2810         4.37
      0.2820         4.39
      0.2830         4.45
      0.2840         4.41
      0.2850         4.49
      0.2860         4.46
      0.2870         4.47
      0.2880         4.42
      0.2890         4.38
      0.2900         4.37
      0.2910         4.42
      0.2920         4.38
      0.2930         4.38
      0.2940         4.40
      0.2950         4.41
      0.2960         4.44
      0.2970         4.41
      0.2980         4.37
      0.2990         4.45
      0.3000         4.40
      0.3010         4.35
      0.3020         4.42
      0.3030         4.42
      0.3040         4.46
      0.3050         4.42
      0.3060         4.37
      0.3070         4.46
      0.3080         4.53
      0.3090         4.54
      0.3100         4.55
      0.3110         5.03
      0.3120         5.11
      0.3130         5.13
      0.3140         5.06
      0.3150         4.99
      0.3160         4.95
      0.3170         4.93
      0.3180         4.97
      0.3190         4.29
      0.3200         4.34
      0.3210         4.41
      0.3220         4.28
      0.3230         4.20
      0.3240         4.19
      0.3250         4.18
      0.3260         4.17
      0.3270         4.19
      0.3280         4.16
      0.3290         4.22
      0.3300         4.15
      0.3310         4.15
      0.3320         4.22
      0.3330         4.27
      0.3340         4.22
      0.3350         4.32
      0.3360         4.35
      0.3370         4.43
      0.3380         4.47
      0.3390         4.51
      0.3400         4.55
      0.3410         4.57
      0.3420         5.13
      0.3430         5.18
      0.3440         4.61
      0.3450         4.56
      0.3460         4.60
      0.3470         4.57
      0.3480         4.50
      0.3490         4.45
      0.3500         4.53
      0.3510         4.59
      0.3520         4.56
      0.3530         4.56
      0.3540         4.59
      0.3550         4.63
      0.3560         4.63
      0.3570         4.56
      0.3580         4.53
      0.3590         4.53
      0.3600         4.60
      0.3610         4.61
      0.3620         4.68
      0.3630         4.69
      0.3640         4.72
      0.3650         5.31
      0.3660         5.32
      0.3670         5.36
      0.3680         4.98
      0.3690         5.01
      0.3700         5.03
      0.3710         5.08
      0.3720         5.03
      0.3730         5.08
      0.3740         5.12
      0.3750         5.05
      0.3760         4.99
      0.3770         5.03
      0.3780         5.00
      0.3790         4.99
      0.3800         4.92
      0.3810         4.91
      0.3820         4.88
      0.3830         4.92
      0.3840         4.91
      0.3850         4.88
      0.3860         4.95
      0.3870         4.93
      0.3880         4.86
      0.3890         4.89
      0.3900         4.88
      0.3910         4.81
      0.3920         4.90
      0.3930         4.88
      0.3940         4.92
      0.3950         4.90
      0.3960         5.49
      0.3970         5.04
      0.3980         5.06
      0.3990         5.04
      0.4000         5.03
      0.4010         5.52
      0.4020         5.51
      0.4030         5.48
      0.4040         5.04
      0.4050         5.06
      0.4060         5.08
      0.4070         5.11
      0.4080         5.11
      0.4090         5.15
      0.4100         5.14
      0.4110         5.18
      0.4120         5.12
      0.4130         5.12
      0.4140         5.04
      0.4150         5.07
      0.4160         5.10
      0.4170         5.08
      0.4180         5.05
      0.4190         5.12
      0.4200         5.19
      0.4210         5.27
      0.4220         5.39
      0.4230         5.43
      0.4240         5.35
      0.4250         5.36
      0.4260         5.32
      0.4270         5.35
      0.4280         5.86
      0.4290         5.84
      0.4300         5.80
      0.4310         5.32
      0.4320         5.30
      0.4330         5.24
      0.4340         5.23
      0.4350         5.26
      0.4360         5.26
      0.4370         5.26
      0.4380         5.34
      0.4390         5.38
      0.4400         5.31
      0.4410         5.24
      0.4420         5.15
      0.4430         5.04
      0.4440         5.08
      0.4450         5.12
      0.4460         5.08
      0.4470         5.04
      0.4480         5.09
      0.4490         5.13
      0.4500         5.16
      0.4510         5.17
      0.4520         5.23
      0.4530         5.30
      0.4540         5.39
      0.4550         5.95
      0.4560         5.98
      0.4570         6.00
      0.4580         5.98
      0.4590         5.91
      0.4600         5.44
      0.4610         5.40
      0.4620         5.44
      0.4630         5.58
      0.4640         5.59
      0.4650         5.60
      0.4660         5.66
      0.4670         5.60
      0.4680         5.64
      0.4690         5.64
      0.4700         5.70
      0.4710         5.68
      0.4720         5.66
      0.4730         5.65
      0.4740         5.64
      0.4750         5.54
      0.4760         5.57
      0.4770         5.54
      0.4780         5.55
      0.4790         5.55
      0.4800         5.55
      0.4810         6.14
      0.4820         6.22
      0.4830         6.21
      0.4840         6.22
      0.4850         6.30
      0.4860         6.32
      0.4870         6.33
      0.4880         6.17
      0.4890         6.14
      0.4900         6.05
      0.4910         6.06
      0.4920         5.57
      0.4930         5.51
      0.4940         5.46
      0.4950         5.47
      0.4960         5.32
      0.4970         5.31
      0.4980         5.22
      0.4990         5.18
      0.5000         5.19
      0.5010         5.15
      0.5020         5.08
      0.5030         5.07
      0.5040         5.10
      0.5050         5.03
      0.5060         4.97
      0.5070         4.97
      0.5080         5.03
      0.5090         5.04
      0.5100         4.99
      0.5110         5.03
      0.5120         5.07
      0.5130         5.15
      0.5140         5.15
      0.5150         5.19
      0.5160         5.78
      0.5170         5.83
      0.5180         5.32
      0.5190         5.32
      0.5200         5.24
      0.5210         5.24
      0.5220         5.26
      0.5230         5.27
      0.5240         5.81
      0.5250         5.77
      0.5260         5.23
      0.5270         5.22
      0.5280         5.28
      0.5290         5.28
      0.5300         5.26
      0.5310         5.20
      0.5320         5.20
      0.5330         5.74
      0.5340         5.74
      0.5350         5.79
      0.5360         5.91
      0.5370         5.86
      0.5380         5.95
      0.5390         6.04
      0.5400         6.10
      0.5410         6.14
      0.5420         6.12
      0.5430         6.20
      0.5440         6.15
      0.5450         6.22
      0.5460         6.22
      0.5470         6.30
      0.5480         6.34
      0.5490         6.38
      0.5500         6.49
      0.5510         6.58
      0.5520         6.53
      0.5530         6.47
      0.5540         6.51
      0.5550         6.43
      0.5560         6.34
      0.5570         5.87
      0.5580         6.37
      0.5590         5.91
      0.5600         5.87
      0.5610         6.37
      0.5620         6.33
      0.5630         5.77
      0.5640         5.79
      0.5650         6.37
      0.5660         5.82
      0.5670         6.26
      0.5680         6.30
      0.5690         6.31
      0.5700         6.23
      0.5710         6.19
      0.5720         6.16
      0.5730         6.20
      0.5740         6.23
      0.5750         6.31
      0.5760         6.31
      0.5770         6.31
      0.5780         6.33
      0.5790         6.19
      0.5800         6.25
      0.5810         6.31
      0.5820         6.30
      0.5830         6.26
      0.5840         6.18
      0.5850         5.61
      0.5860         5.73
      0.5870         5.78
      0.5880         5.65
      0.5890         5.54
      0.5900         5.59
      0.5910         5.53
      0.5920         5.57
      0.5930         5.57
      0.5940         5.54
      0.5950         5.51
      0.5960         6.14
      0.5970         6.15
      0.5980         6.19
      0.5990         6.33
      0.6000         6.34
      0.6010         6.33
      0.6020         6.55
      0.6030         6.56
      0.6040         6.69
      0.6050         6.76
      0.6060         6.80
      0.6070         6.95
      0.6080         7.03
      0.6090         7.17
      0.6100         7.10
      0.6110         7.14
      0.6120         7.10
      0.6130         7.08
      0.6140         7.04
      0.6150         6.52
      0.6160         6.40
      0.6170         6.39
      0.6180         6.43
      0.6190         6.41
      0.6200         6.45
      0.6210         6.49
      0.6220         6.38
      0.6230         6.51
      0.6240         6.40
      0.6250         6.93
      0.6260         6.82
      0.6270         6.84
      0.6280         6.74
      0.6290         6.78
      0.6300         6.84
      0.6310         6.86
      0.6320         6.94
      0.6330         7.11
      0.6340         7.15
      0.6350         7.25
      0.6360         7.31
      0.6370         7.39
      0.6380         7.30
      0.6390         7.31
      0.6400         7.34
      0.6410         7.37
      0.6420         7.35
      0.6430         7.37
      0.6440         7.41
      0.6450         6.86
      0.6460         6.98
      0.6470         6.95
      0.6480         7.57
      0.6490         7.58
      0.6500         7.59
      0.6510         7.75
      0.6520         7.74
      0.6530         7.66
      0.6540         7.67
      0.6550         7.75
      0.6560         7.83
      0.6570         7.94
      0.6580         8.21
      0.6590         8.29
      0.6600         8.34
      0.6610         8.41
      0.6620         8.60
      0.6630         8.61
      0.6640         8.76
      0.6650         8.92
      0.6660         9.09
      0.6670         9.17
      0.6680         9.28
      0.6690         9.51
      0.6700         9.65
      0.6710         9.67
      0.6720         9.79
      0.6730         9.90
      0.6740        10.01
      0.6750        10.09
      0.6760        10.31
      0.6770        10.44
      0.6780        10.40
      0.6790        10.60
      0.6800        10.68
      0.6810        10.83
      0.6820        10.83
      0.6830        10.94
      0.6840        11.03
      0.6850        11.17
      0.6860        11.23
      0.6870        11.39
      0.6880        11.47
      0.6890        11.54
      0.6900        11.71
      0.6910        11.90
      0.6920        12.06
      0.6930        12.35
      0.6940        12.52
      0.6950        12.65
      0.6960        12.66
      0.6970        12.80
      0.6980        12.93
      0.6990        13.03
      0.7000        13.25
      0.7010        13.42
      0.7020        13.65
      0.7030        13.88
      0.7040        14.08
      0.7050        14.30
      0.7060        14.34
      0.7070        14.52
      0.7080        14.69
      0.7090        14.81
      0.7100        14.95
      0.7110        15.02
      0.7120        15.13
      0.7130        15.20
      0.7140        15.29
      0.7150        15.41
      0.7160        15.69
      0.7170        15.79
      0.7180        15.97
      0.7190        15.99
      0.7200        16.04
      0.7210        16.10
      0.7220        16.25
      0.7230        16.27
      0.7240        16.33
      0.7250        16.31
      0.7260        16.48
      0.7270        16.42
      0.7280        16.54
      0.7290        16.65
      0.7300        16.76
      0.7310        16.84
      0.7320        16.95
      0.7330        17.07
      0.7340        17.17
      0.7350        17.33
      0.7360        17.29
      0.7370        17.43
      0.7380        17.47
      0.7390        17.63
      0.7400        17.70
      0.7410        17.82
      0.7420        17.91
      0.7430        18.06
      0.7440        18.17
      0.7450        18.28
      0.7460        18.34
      0.7470        18.53
      0.7480        18.71
      0.7490        18.73
      0.7500        18.71
      0.7510        18.73
      0.7520        18.72
      0.7530        18.72
      0.7540        18.88
      0.7550        18.79
      0.7560        18.86
      0.7570        18.85
      0.7580        18.89
      0.7590        18.95
      0.7600        19.12
      0.7610        19.17
      0.7620        19.13
      0.7630        19.10
      0.7640        19.10
      0.7650        19.32
      0.7660        19.48
      0.7670        19.61
      0.7680        19.61
      0.7690        19.73
      0.7700        19.88
      0.7710        20.09
      0.7720        20.32
      0.7730        20.48
      0.7740        20.57
      0.7750        20.70
      0.7760        20.95
      0.7770        21.07
      0.7780        21.23
      0.7790        21.35
      0.7800        21.43
      0.7810        21.49
      0.7820        21.68
      0.7830        21.84
      0.7840        21.89
      0.7850        21.80
      0.7860        21.84
      0.7870        21.79
      0.7880        21.92
      0.7890        21.93
      0.7900        22.03
      0.7910        22.00
      0.7920        21.97
      0.7930        22.04
      0.7940        22.12
      0.7950        22.33
      0.7960        22.32
      0.7970        22.40
      0.7980        22.45
      0.7990        22.53
      0.8000        22.63
      0.8010        22.79
      0.8020        22.87
      0.8030        23.03
      0.8040        23.28
      0.8050        23.43
      0.8060        23.59
      0.8070        23.66
      0.8080        23.74
      0.8090        23.93
      0.8100        24.07
      0.8110        24.16
      0.8120        24.34
      0.8130        24.42
      0.8140        24.43
      0.8150        24.42
      0.8160        24.47
      0.8170        24.47
      0.8180        24.51
      0.8190        24.54
      0.8200        24.56
      0.8210        24.61
      0.8220        24.70
      0.8230        24.69
      0.8240        24.63
      0.8250        24.78
      0.8260        24.71
      0.8270        24.89
      0.8280        24.86
      0.8290        24.79
      0.8300        24.68
      0.8310        24.71
      0.8320        24.67
      0.8330        24.65
      0.8340        24.61
      0.8350        24.61
      0.8360        24.61
      0.8370        24.65
      0.8380        24.68
      0.8390        24.73
      0.8400        24.71
      0.8410        24.71
      0.8420        24.60
      0.8430        24.51
      0.8440        24.43
      0.8450        24.23
      0.8460        24.22
      0.8470        24.12
      0.8480        24.10
      0.8490        24.14
      0.8500        24.19
      0.8510        24.22
      0.8520        24.15
      0.8530        24.18
      0.8540        24.27
      0.8550        24.34
      0.8560        24.35
      0.8570        24.30
      0.8580        24.32
      0.8590        24.23
      0.8600        24.31
      0.8610        24.24
      0.8620        24.28
      0.8630        24.29
      0.8640        24.31
      0.8650        24.43
      0.8660        24.55
      0.8670        24.55
      0.8680        24.68
      0.8690        24.75
      0.8700        24.84
      0.8710        24.88
      0.8720        24.96
      0.8730        25.03
      0.8740        24.98
      0.8750        24.92
      0.8760        24.87
      0.8770        25.08
      0.8780        25.13
      0.8790        25.13
      0.8800        25.09
      0.8810        25.19
      0.8820        25.22
      0.8830        25.29
      0.8840        25.42
      0.8850        25.42
      0.8860        25.41
      0.8870        25.46
      0.8880        25.31
      0.8890        25.27
      0.8900        25.26
      0.8910        25.23
      0.8920        25.22
      0.8930        25.20
      0.8940        25.24
      0.8950        25.34
      0.8960        25.38
      0.8970        25.29
      0.8980        25.27
      0.8990        25.31
      0.9000        25.34
      0.9010        25.33
      0.9020        25.41
      0.9030        25.45
      0.9040        25.39
      0.9050        25.34
      0.9060        25.36
      0.9070        25.30
      0.9080        25.38
      0.9090        25.33
      0.9100        25.27
      0.9110        25.34
      0.9120        25.43
      0.9130        25.45
      0.9140        25.47
      0.9150        25.54
      0.9160        25.59
      0.9170        25.55
      0.9180        25.59
      0.9190        25.63
      0.9200        25.67
      0.9210        25.70
      0.9220        25.68
      0.9230        25.61
      0.9240        25.61
      0.9250        25.64
      0.9260        25.67
      0.9270        25.75
      0.9280        25.74
      0.9290        25.85
      0.9300        25.87
      0.9310        25.94
      0.9320        25.93
      0.9330        25.88
      0.9340        25.85
      0.9350        25.68
      0.9360        25.71
      0.9370        25.76
      0.9380        25.80
      0.9390        25.88
      0.9400        25.84
      0.9410        25.83
      0.9420        25.94
      0.9430        25.99
      0.9440        26.10
      0.9450        26.16
      0.9460        26.08
      0.9470        26.07
      0.9480        26.13
      0.9490        26.11
      0.9500        26.13
      0.9510        25.97
      0.9520        25.94
      0.9530        25.94
      0.9540        25.90
      0.9550        25.95
      0.9560        25.85
      0.9570        25.81
      0.9580        25.78
      0.9590        25.68
      0.9600        25.64
      0.9610        25.58
      0.9620        25.50
      0.9630        25.45
      0.9640        25.38
      0.9650        25.36
      0.9660        25.37
      0.9670        25.29
      0.9680        25.16
      0.9690        25.09
      0.9700        25.00
      0.9710        25.08
      0.9720        25.12
      0.9730        25.07
      0.9740        25.05
      0.9750        25.02
      0.9760        24.96
      0.9770        24.91
      0.9780        24.78
      0.9790        24.76
      0.9800        24.78
      0.9810        24.83
      0.9820        24.73
      0.9830        24.72
      0.9840        24.60
      0.9850        24.56
      0.9860        24.45
      0.9870        24.54
      0.9880        24.50
      0.9890        24.48
      0.9900        24.48
      0.9910        24.36
      0.9920        24.27
      0.9930        24.23
      0.9940        24.20
      0.9950        24.23
      0.9960        24.26
      0.9970        24.19
      0.9980        24.26
      0.9990        24.23
      1.0000        24.26
      1.0010        24.19
      1.0020        24.15
      1.0030        24.16
      1.0040        24.15
      1.0050        24.12
      1.0060        24.11
      1.0070        24.07
      1.0080        24.16
      1.0090        24.28
      1.0100        24.38
      1.0110        24.44
      1.0120        24.48
      1.0130        24.41
      1.0140        24.47
      1.0150        24.48
      1.0160        24.41
      1.0170        24.54
      1.0180        24.54
      1.0190        24.56
      1.0200        24.50
      1.0210        24.50
      1.0220        24.51
      1.0230        24.47
      1.0240        24.47
      1.0250        24.47
      1.0260        24.58
      1.0270        24.58
      1.0280        24.67
      1.0290        24.66
      1.0300        24.58
      1.0310        24.55
      1.0320        24.52
      1.0330        24.67
      1.0340        24.78
      1.0350        24.66
      1.0360        24.80
      1.0370        24.75
      1.0380        24.88
      1.0390        24.90
      1.0400        24.96
      1.0410        24.98
      1.0420        24.91
      1.0430        24.94
      1.0440        24.95
      1.0450        24.93
      1.0460        24.94
      1.0470        24.98
      1.0480        24.78
      1.0490        24.59
      1.0500        24.53
      1.0510        24.55
      1.0520        24.55
      1.0530        24.50
      1.0540        24.42
      1.0550        24.49
      1.0560        24.43
      1.0570        24.42
      1.0580        24.27
      1.0590        24.35
      1.0600        24.30
      1.0610        24.30
      1.0620        24.30
      1.0630        24.37
      1.0640        24.41
      1.0650        24.39
      1.0660        24.39
      1.0670        24.30
      1.0680        24.38
      1.0690        24.46
      1.0700        24.58
      1.0710        24.50
      1.0720        24.53
      1.0730        24.45
      1.0740        24.47
      1.0750        24.41
      1.0760        24.45
      1.0770        24.43
      1.0780        24.37
      1.0790        24.21
      1.0800        24.17
      1.0810        24.18
      1.0820        24.30
      1.0830        24.25
      1.0840        24.24
      1.0850        24.28
      1.0860        24.16
      1.0870        24.17
      1.0880        24.15
      1.0890        24.23
      1.0900        24.07
      1.0910        24.11
      1.0920        24.05
      1.0930        24.17
      1.0940        24.12
      1.0950        24.16
      1.0960        24.10
      1.0970        24.04
      1.0980        24.02
      1.0990        23.93
      1.1000        24.02
      1.1010        24.02
      1.1020        24.00
      1.1030        23.97
      1.1040        23.89
      1.1050        23.89
      1.1060        23.88
      1.1070        23.90
      1.1080        23.92
      1.1090        23.80
      1.1100        23.91
      1.1110        23.87
      1.1120        23.91
      1.1130        23.86
      1.1140        23.91
      1.1150        23.90
      1.1160        23.87
      1.1170        23.99
      1.1180        24.06
      1.1190        24.24
      1.1200        24.20
      1.1210        24.24
      1.1220        24.21
      1.1230        24.16
      1.1240        24.28
      1.1250        24.32
      1.1260        24.33
      1.1270        24.25
      1.1280        24.20
      1.1290        24.30
      1.1300        24.32
      1.1310        24.34
      1.1320        24.26
      1.1330        24.24
      1.1340        24.12
      1.1350        24.15
      1.1360        24.13
      1.1370        24.11
      1.1380        24.08
      1.1390        24.06
      1.1400        24.03
      1.1410        23.90
      1.1420        23.90
      1.1430        23.96
      1.1440        23.88
      1.1450        23.79
      1.1460        23.84
      1.1470        23.92
      1.1480        23.92
      1.1490        23.92
      1.1500        23.94
      1.1510        23.92
      1.1520        23.87
      1.1530        23.88
      1.1540        23.93
      1.1550        23.91
      1.1560        23.93
      1.1570        23.93
      1.1580        23.99
      1.1590        23.91
      1.1600        23.96
      1.1610        23.92
      1.1620        23.89
      1.1630        23.76
      1.1640        23.71
      1.1650        23.73
      1.1660        23.68
      1.1670        23.64
      1.1680        23.67
      1.1690        23.59
      1.1700        23.55
      1.1710        23.45
      1.1720        23.40
      1.1730        23.33
      1.1740        23.31
      1.1750        23.31
      1.1760        23.29
      1.1770        23.24
      1.1780        23.24
      1.1790        23.37
      1.1800        23.36
      1.1810        23.34
      1.1820        23.36
      1.1830        23.41
      1.1840        23.46
      1.1850        23.46
      1.1860        23.45
      1.1870        23.43
      1.1880        23.38
      1.1890        23.42
      1.1900        23.33
      1.1910        23.35
      1.1920        23.45
      1.1930        23.41
      1.1940        23.40
      1.1950        23.29
      1.1960        23.14
      1.1970        23.09
      1.1980        22.97
      1.1990        22.75
      1.2000        22.74
      1.2010        22.73
      1.2020        22.71
      1.2030        22.71
      1.2040        22.74
      1.2050        22.70
      1.2060        22.73
      1.2070        22.71
      1.2080        22.79
      1.2090        22.74
      1.2100        22.78
      1.2110        22.74
      1.2120        22.71
      1.2130        22.67
      1.2140        22.58
      1.2150        22.63
      1.2160        22.68
      1.2170        22.72
      1.2180        22.79
      1.2190        22.91
      1.2200        22.85
      1.2210        22.89
      1.2220        22.81
      1.2230        22.79
      1.2240        22.74
      1.2250        22.79
      1.2260        22.81
      1.2270        22.79
      1.2280        22.73
      1.2290        22.65
      1.2300        22.61
      1.2310        22.65
      1.2320        22.61
      1.2330        22.58
      1.2340        22.58
      1.2350        22.50
      1.2360        22.57
      1.2370        22.47
      1.2380        22.42
      1.2390        22.34
      1.2400        22.29
      1.2410        22.27
      1.2420        22.32
      1.2430        22.33
      1.2440        22.28
      1.2450        22.14
      1.2460        22.05
      1.2470        22.01
      1.2480        21.96
      1.2490        21.97
      1.2500        21.96
      1.2510        21.85
      1.2520        21.88
      1.2530        21.91
      1.2540        21.91
      1.2550        21.95
      1.2560        21.94
      1.2570        22.04
      1.2580        22.00
      1.2590        22.06
      1.2600        22.07
      1.2610        22.10
      1.2620        22.06
      1.2630        21.99
      1.2640        21.98
      1.2650        22.02
      1.2660        22.18
      1.2670        22.24
      1.2680        22.33
      1.2690        22.37
      1.2700        22.39
      1.2710        22.48
      1.2720        22.49
      1.2730        22.57
      1.2740        22.69
      1.2750        22.70
      1.2760        22.70
      1.2770        22.66
      1.2780        22.72
      1.2790        22.69
      1.2800        22.69
      1.2810        22.73
      1.2820        22.80
      1.2830        22.90
      1.2840        22.92
      1.2850        22.90
      1.2860        22.86
      1.2870        22.83
      1.2880        22.75
      1.2890        22.78
      1.2900        22.74
      1.2910        22.79
      1.2920        22.81
      1.2930        22.87
      1.2940        22.82
      1.2950        23.01
      1.2960        22.94
      1.2970        22.96
      1.2980        23.03
      1.2990        22.98
      1.3000        22.95
      1.3010        22.87
      1.3020        22.87
      1.3030        22.84
      1.3040        22.86
      1.3050        22.95
      1.3060        22.87
      1.3070        22.80
      1.3080        22.88
      1.3090        22.80
      1.3100        22.80
      1.3110        22.81
      1.3120        22.79
      1.3130        22.77
      1.3140        22.79
      1.3150        22.59
      1.3160        22.58
      1.3170        22.57
      1.3180        22.53
      1.3190        22.61
      1.3200        22.66
      1.3210        22.63
      1.3220        22.61
      1.3230        22.53
      1.3240        22.41
      1.3250        22.33
      1.3260        22.31
      1.3270        22.39
      1.3280        22.30
      1.3290        22.32
      1.3300        22.37
      1.3310        22.29
      1.3320        22.29
      1.3330        22.18
      1.3340        22.16
      1.3350        22.07
      1.3360        22.05
      1.3370        21.92
      1.3380        21.84
      1.3390        21.77
      1.3400        21.61
      1.3410        21.60
      1.3420        21.57
      1.3430        21.56
      1.3440        21.67
      1.3450        21.61
      1.3460        21.55
      1.3470        21.43
      1.3480        21.38
      1.3490        21.32
      1.3500        21.21
      1.3510        21.20
      1.3520        21.13
      1.3530        21.21
      1.3540        21.19
      1.3550        21.24
      1.3560        21.20
      1.3570        21.40
      1.3580        21.44
      1.3590        21.41
      1.3600        21.60
      1.3610        21.69
      1.3620        21.61
      1.3630        21.69
      1.3640        21.68
      1.3650        21.76
      1.3660        21.84
      1.3670        21.96
      1.3680        21.99
      1.3690        22.04
      1.3700        22.08
      1.3710        22.12
      1.3720        22.19
      1.3730        22.19
      1.3740        22.26
      1.3750        22.36
      1.3760        22.43
      1.3770        22.24
      1.3780        22.22
      1.3790        22.26
      1.3800        22.08
      1.3810        22.04
      1.3820        22.12
      1.3830        22.11
      1.3840        22.07
      1.3850        22.08
      1.3860        22.14
      1.3870        22.13
      1.3880        22.13
      1.3890        22.17
      1.3900        22.22
      1.3910        22.22
      1.3920        22.18
      1.3930        22.21
      1.3940        22.14
      1.3950        22.11
      1.3960        22.13
      1.3970        22.25
      1.3980        22.25
      1.3990        22.29
      1.4000        22.40
      1.4010        22.32
      1.4020        22.24
      1.4030        22.25
      1.4040        22.25
      1.4050        22.28
      1.4060        22.28
      1.4070        22.21
      1.4080        22.28
      1.4090        22.23
      1.4100        22.20
      1.4110        22.23
      1.4120        22.35
      1.4130        22.36
      1.4140        22.32
      1.4150        22.36
      1.4160        22.38
      1.4170        22.34
      1.4180        22.41
      1.4190        22.37
      1.4200        22.40
      1.4210        22.40
      1.4220        22.48
      1.4230        22.38
      1.4240        22.40
      1.4250        22.26
      1.4260        22.14
      1.4270        22.21
      1.4280        22.18
      1.4290        22.19
      1.4300        22.19
      1.4310        22.16
      1.4320        22.03
      1.4330        21.97
      1.4340        22.03
      1.4350        21.90
      1.4360        21.91
      1.4370        22.07
      1.4380        22.04
      1.4390        22.08
      1.4400        21.98
      1.4410        22.00
      1.4420        21.95
      1.4430        21.98
      1.4440        22.00
      1.4450        22.15
      1.4460        22.14
      1.4470        22.06
      1.4480        22.07
      1.4490        21.99
      1.4500        21.99
      1.4510        21.88
      1.4520        21.87
      1.4530        21.75
      1.4540        21.63
      1.4550        21.71
      1.4560        21.61
      1.4570        21.37
      1.4580        21.27
      1.4590        21.21
      1.4600        21.24
      1.4610        21.28
      1.4620        21.29
      1.4630        21.39
      1.4640        21.36
      1.4650        21.25
      1.4660        21.37
      1.4670        21.36
      1.4680        21.30
      1.4690        21.43
      1.4700        21.49
      1.4710        21.60
      1.4720        21.68
      1.4730        21.74
      1.4740        21.73
      1.4750        21.70
      1.4760        21.82
      1.4770        21.93
      1.4780        22.01
      1.4790        22.04
      1.4800        22.08
      1.4810        22.14
      1.4820        22.20
      1.4830        22.16
      1.4840        22.21
      1.4850        22.25
      1.4860        22.11
      1.4870        22.21
      1.4880        22.22
      1.4890        22.19
      1.4900        22.11
      1.4910        22.12
      1.4920        22.15
      1.4930        22.23
      1.4940        22.24
      1.4950        22.28
      1.4960        22.16
      1.4970        22.15
      1.4980        22.11
      1.4990        22.08
      1.5000        22.03
      1.5010        22.00
      1.5020        22.00
      1.5030        21.90
      1.5040        21.89
      1.5050        21.92
      1.5060        22.04
      1.5070        21.94
      1.5080        21.89
      1.5090        21.84
      1.5100        21.92
      1.5110        21.92
      1.5120        21.86
      1.5130        21.69
      1.5140        21.74
      1.5150        21.77
      1.5160        21.80
      1.5170        21.83
      1.5180        21.93
      1.5190        21.96
      1.5200        22.03
      1.5210        22.01
      1.5220        21.92
      1.5230        21.89
      1.5240        21.93
      1.5250        21.84
      1.5260        21.89
      1.5270        21.83
      1.5280        21.91
      1.5290        21.91
      1.5300        21.84
      1.5310        21.74
      1.5320        21.77
      1.5330        21.79
      1.5340        21.74
      1.5350        21.62
      1.5360        21.66
      1.5370        21.72
      1.5380        21.66
      1.5390        21.61
      1.5400        21.65
      1.5410        21.58
      1.5420        21.60
      1.5430        21.66
      1.5440        21.60
      1.5450        21.60
      1.5460        21.50
      1.5470        21.56
      1.5480        21.54
      1.5490        21.64
      1.5500        21.71
      1.5510        21.78
      1.5520        21.68
      1.5530        21.72
      1.5540        21.76
      1.5550        21.87
      1.5560        21.85
      1.5570        21.75
      1.5580        21.71
      1.5590        21.72
      1.5600        21.65
      1.5610        21.65
      1.5620        21.65
      1.5630        21.64
      1.5640        21.66
      1.5650        21.76
      1.5660        21.76
      1.5670        21.85
      1.5680        21.93
      1.5690        21.84
      1.5700        21.78
      1.5710        21.82
      1.5720        21.99
      1.5730        21.96
      1.5740        21.96
      1.5750        21.88
      1.5760        21.84
      1.5770        21.85
      1.5780        21.85
      1.5790        21.85
      1.5800        21.88
      1.5810        21.95
      1.5820        22.00
      1.5830        22.07
      1.5840        22.08
      1.5850        22.04
      1.5860        22.11
      1.5870        22.15
      1.5880        22.00
      1.5890        22.10
      1.5900        22.09
      1.5910        22.06
      1.5920        21.90
      1.5930        22.06
      1.5940        22.07
      1.5950        22.11
      1.5960        22.23
      1.5970        22.21
      1.5980        22.29
      1.5990        22.30
      1.6000        22.22
      1.6010        22.09
      1.6020        21.97
      1.6030        21.93
      1.6040        21.93
      1.6050        21.78
      1.6060        21.67
      1.6070        21.58
      1.6080        21.65
      1.6090        21.55
      1.6100        21.55
      1.6110        21.58
      1.6120        21.58
      1.6130        21.45
      1.6140        21.43
      1.6150        21.34
      1.6160        21.26
      1.6170        21.32
      1.6180        21.24
      1.6190        21.27
      1.6200        21.29
      1.6210        21.39
      1.6220        21.50
      1.6230        21.52
      1.6240        21.54
      1.6250        21.64
      1.6260        21.74
      1.6270        21.74
      1.6280        21.70
      1.6290        21.71
      1.6300        21.76
      1.6310        21.69
      1.6320        21.68
      1.6330        21.70
      1.6340        21.75
      1.6350        21.78
      1.6360        21.71
      1.6370        21.73
      1.6380        21.74
      1.6390        21.66
      1.6400        21.63
      1.6410        21.66
      1.6420        21.66
      1.6430        21.65
      1.6440        21.62
      1.6450        21.70
      1.6460        21.59
      1.6470        21.64
      1.6480        21.68
      1.6490        21.63
      1.6500        21.59
      1.6510        21.66
      1.6520        21.76
      1.6530        21.80
      1.6540        21.87
      1.6550        21.95
      1.6560        22.00
      1.6570        22.02
      1.6580        21.98
      1.6590        21.95
      1.6600        21.99
      1.6610        21.86
      1.6620        21.85
      1.6630        21.84
      1.6640        21.76
      1.6650        21.68
      1.6660        21.68
      1.6670        21.57
      1.6680        21.48
      1.6690        21.50
      1.6700        21.51
      1.6710        21.46
      1.6720        21.40
      1.6730        21.33
      1.6740        21.22
      1.6750        21.16
      1.6760        21.18
      1.6770        21.10
      1.6780        21.14
      1.6790        21.25
      1.6800        21.23
      1.6810        21.32
      1.6820        21.36
      1.6830        21.40
      1.6840        21.44
      1.6850        21.46
      1.6860        21.48
      1.6870        21.59
      1.6880        21.65
      1.6890        21.73
      1.6900        21.62
      1.6910        21.55
      1.6920        21.60
      1.6930        21.66
      1.6940        21.70
      1.6950        21.78
      1.6960        21.77
      1.6970        21.76
      1.6980        21.80
      1.6990        21.78
      1.7000        21.85
      1.7010        21.86
      1.7020        21.85
      1.7030        21.82
      1.7040        21.84
      1.7050        21.78
      1.7060        21.78
      1.7070        21.78
      1.7080        21.71
      1.7090        21.70
      1.7100        21.74
      1.7110        21.81
      1.7120        21.79
      1.7130        21.73
      1.7140        21.75
      1.7150        21.78
      1.7160        21.78
      1.7170        21.81
      1.7180        21.72
      1.7190        21.62
      1.7200        21.55
      1.7210        21.54
      1.7220        21.46
      1.7230        21.47
      1.7240        21.45
      1.7250        21.56
      1.7260        21.53
      1.7270        21.34
      1.7280        21.37
      1.7290        21.27
      1.7300        21.33
      1.7310        21.31
      1.7320        21.25
      1.7330        21.23
      1.7340        21.18
      1.7350        21.10
      1.7360        21.01
      1.7370        21.00
      1.7380        21.04
      1.7390        21.16
      1.7400        21.19
      1.7410        21.20
      1.7420        21.30
      1.7430        21.26
      1.7440        21.32
      1.7450        21.30
      1.7460        21.35
      1.7470        21.39
      1.7480        21.38
      1.7490        21.51
      1.7500        21.54
      1.7510        21.57
      1.7520        21.50
      1.7530        21.45
      1.7540        21.46
      1.7550        21.48
      1.7560        21.52
      1.7570        21.49
      1.7580        21.45
      1.7590        21.33
      1.7600        21.38
      1.7610        21.35
      1.7620        21.18
      1.7630        21.21
      1.7640        21.15
      1.7650        21.12
      1.7660        21.04
      1.7670        21.05
      1.7680        21.07
      1.7690        20.91
      1.7700        20.89
      1.7710        20.77
      1.7720        20.82
      1.7730        20.95
      1.7740        20.97
      1.7750        20.91
      1.7760        20.87
      1.7770        20.83
      1.7780        20.83
      1.7790        20.83
      1.7800        20.79
      1.7810        20.83
      1.7820        20.86
      1.7830        20.87
      1.7840        20.77
      1.7850        20.70
      1.7860        20.74
      1.7870        20.77
      1.7880        20.81
      1.7890        20.90
      1.7900        20.85
      1.7910        20.86
      1.7920        20.89
      1.7930        20.91
      1.7940        20.86
      1.7950        20.92
      1.7960        20.92
      1.7970        20.91
      1.7980        20.89
      1.7990        20.92
      1.8000        20.84
      1.8010        20.76
      1.8020        20.80
      1.8030        20.80
      1.8040        20.81
      1.8050        20.81
      1.8060        20.78
      1.8070        20.82
      1.8080        20.80
      1.8090        20.73
      1.8100        20.74
      1.8110        20.72
      1.8120        20.71
      1.8130        20.68
      1.8140        20.68
      1.8150        20.56
      1.8160        20.56
      1.8170        20.61
      1.8180        20.53
      1.8190        20.56
      1.8200        20.59
      1.8210        20.55
      1.8220        20.54
      1.8230        20.43
      1.8240        20.43
      1.8250        20.44
      1.8260        20.47
      1.8270        20.40
      1.8280        20.29
      1.8290        20.28
      1.8300        20.22
      1.8310        20.18
      1.8320        20.17
      1.8330        20.14
      1.8340        20.10
      1.8350        20.16
      1.8360        20.14
      1.8370        20.09
      1.8380        20.19
      1.8390        20.17
      1.8400        20.05
      1.8410        20.05
      1.8420        20.04
      1.8430        19.98
      1.8440        19.99
      1.8450        19.90
      1.8460        19.89
      1.8470        19.89
      1.8480        19.98
      1.8490        19.91
      1.8500        19.91
      1.8510        20.14
      1.8520        20.11
      1.8530        20.16
      1.8540        20.14
      1.8550        20.24
      1.8560        20.28
      1.8570        20.36
      1.8580        20.32
      1.8590        20.28
      1.8600        20.31
      1.8610        20.42
      1.8620        20.46
      1.8630        20.54
      1.8640        20.53
      1.8650        20.59
      1.8660        20.57
      1.8670        20.61
      1.8680        20.55
      1.8690        20.64
      1.8700        20.72
      1.8710        20.60
      1.8720        20.53
      1.8730        20.40
      1.8740        20.46
      1.8750        20.29
      1.8760        20.22
      1.8770        20.17
      1.8780        20.21
      1.8790        20.26
      1.8800        20.39
      1.8810        20.31
      1.8820        20.34
      1.8830        20.34
      1.8840        20.40
      1.8850        20.41
      1.8860        20.43
      1.8870        20.32
      1.8880        20.37
      1.8890        20.35
      1.8900        20.33
      1.8910        20.35
      1.8920        20.45
      1.8930        20.43
      1.8940        20.37
      1.8950        20.34
      1.8960        20.32
      1.8970        20.32
      1.8980        20.35
      1.8990        20.25
      1.9000        20.15
      1.9010        20.16
      1.9020        20.06
      1.9030        20.01
      1.9040        19.94
      1.9050        20.04
      1.9060        20.09
      1.9070        20.17
      1.9080        20.24
      1.9090        20.22
      1.9100        20.17
      1.9110        20.18
      1.9120        20.13
      1.9130        20.21
      1.9140        20.27
      1.9150        20.39
      1.9160        20.42
      1.9170        20.37
      1.9180        20.39
      1.9190        20.49
      1.9200        20.65
      1.9210        20.65
      1.9220        20.67
      1.9230        20.77
      1.9240        20.89
      1.9250        20.78
      1.9260        20.71
      1.9270        20.72
      1.9280        20.70
      1.9290        20.72
      1.9300        20.71
      1.9310        20.63
      1.9320        20.74
      1.9330        20.78
      1.9340        20.73
      1.9350        20.71
      1.9360        20.73
      1.9370        20.75
      1.9380        20.67
      1.9390        20.53
      1.9400        20.43
      1.9410        20.40
      1.9420        20.42
      1.9430        20.37
      1.9440        20.29
      1.9450        20.30
      1.9460        20.34
      1.9470        20.33
      1.9480        20.40
      1.9490        20.34
      1.9500        20.34
      1.9510        20.36
      1.9520        20.29
      1.9530        20.24
      1.9540        20.24
      1.9550        20.22
      1.9560        20.24
      1.9570        20.24
      1.9580        20.28
      1.9590        20.28
      1.9600        20.29
      1.9610        20.27
      1.9620        20.32
      1.9630        20.29
      1.9640        20.36
      1.9650        20.45
      1.9660        20.47
      1.9670        20.46
      1.9680        20.25
      1.9690        20.26
      1.9700        20.28
      1.9710        20.28
      1.9720        20.28
      1.9730        20.28
      1.9740        20.34
      1.9750        20.34
      1.9760        20.34
      1.9770        20.42
      1.9780        20.38
      1.9790        20.49
      1.9800        20.44
      1.9810        20.46
      1.9820        20.30
      1.9830        20.29
      1.9840        20.30
      1.9850        20.22
      1.9860        20.18
      1.9870        20.17
      1.9880        20.24
      1.9890        20.28
      1.9900        20.34
      1.9910        20.44
      1.9920        20.48
      1.9930        20.47
      1.9940        20.47
      1.9950        20.52
      1.9960        20.57
      1.9970        20.57
      1.9980        20.68
      1.9990        20.76
      2.0000        20.73
      2.0010        20.68
      2.0020        20.89
      2.0030        20.96
      2.0040        20.86
      2.0050        20.92
      2.0060        20.93
      2.0070        20.97
      2.0080        20.97
      2.0090        21.00
      2.0100        21.00
      2.0110        20.91
      2.0120        20.83
      2.0130        20.81
      2.0140        20.72
      2.0150        20.71
      2.0160        20.67
      2.0170        20.59
      2.0180        20.43
      2.0190        20.36
      2.0200        20.38
      2.0210        20.43
      2.0220        20.34
      2.0230        20.28
      2.0240        20.32
      2.0250        20.33
      2.0260        20.28
      2.0270        20.25
      2.0280        20.33
      2.0290        20.24
      2.0300        20.16
      2.0310        20.18
      2.0320        20.24
      2.0330        20.28
      2.0340        20.29
      2.0350        20.24
      2.0360        20.25
      2.0370        20.26
      2.0380        20.37
      2.0390        20.32
      2.0400        20.42
      2.0410        20.46
      2.0420        20.52
      2.0430        20.54
      2.0440        20.60
      2.0450        20.56
      2.0460        20.52
      2.0470        20.60
      2.0480        20.64
      2.0490        20.80
      2.0500        20.84
      2.0510        20.88
      2.0520        20.85
      2.0530        20.93
      2.0540        21.00
      2.0550        21.01
      2.0560        21.09
      2.0570        21.15
      2.0580        21.20
      2.0590        21.16
      2.0600        21.15
      2.0610        21.16
      2.0620        21.21
      2.0630        21.23
      2.0640        21.19
      2.0650        21.25
      2.0660        21.36
      2.0670        21.28
      2.0680        21.16
      2.0690        21.01
      2.0700        21.05
      2.0710        20.96
      2.0720        21.04
      2.0730        20.89
      2.0740        20.83
      2.0750        20.77
      2.0760        20.61
      2.0770        20.59
      2.0780        20.52
      2.0790        20.61
      2.0800        20.51
      2.0810        20.53
      2.0820        20.46
      2.0830        20.45
      2.0840        20.53
      2.0850        20.46
      2.0860        20.49
      2.0870        20.53
      2.0880        20.63
      2.0890        20.70
      2.0900        20.70
      2.0910        20.82
      2.0920        20.81
      2.0930        20.85
      2.0940        20.85
      2.0950        20.94
      2.0960        20.99
      2.0970        21.05
      2.0980        21.04
      2.0990        21.04
      2.1000        21.09
      2.1010        21.00
      2.1020        20.99
      2.1030        20.96
      2.1040        20.85
      2.1050        20.84
      2.1060        20.87
      2.1070        20.70
      2.1080        20.59
      2.1090        20.56
      2.1100        20.44
      2.1110        20.40
      2.1120        20.31
      2.1130        20.36
      2.1140        20.33
      2.1150        20.33
      2.1160        20.43
      2.1170        20.37
      2.1180        20.36
      2.1190        20.31
      2.1200        20.33
      2.1210        20.34
      2.1220        20.25
      2.1230        20.27
      2.1240        20.19
      2.1250        20.22
      2.1260        20.13
      2.1270        20.31
      2.1280        20.32
      2.1290        20.34
      2.1300        20.40
      2.1310        20.32
      2.1320        20.33
      2.1330        20.24
      2.1340        20.26
      2.1350        20.24
      2.1360        20.13
      2.1370        20.14
      2.1380        20.16
      2.1390        20.22
      2.1400        20.16
      2.1410        20.24
      2.1420        20.24
      2.1430        20.24
      2.1440        20.36
      2.1450        20.35
      2.1460        20.42
      2.1470        20.46
      2.1480        20.55
      2.1490        20.59
      2.1500        20.58
      2.1510        20.63
      2.1520        20.68
      2.1530        20.78
      2.1540        20.89
      2.1550        20.88
      2.1560        20.93
      2.1570        20.88
      2.1580        20.89
      2.1590        20.89
      2.1600        20.97
      2.1610        20.96
      2.1620        21.04
      2.1630        21.09
      2.1640        21.03
      2.1650        20.96
      2.1660        20.83
      2.1670        20.80
      2.1680        20.77
      2.1690        20.72
      2.1700        20.81
      2.1710        20.79
      2.1720        20.85
      2.1730        20.84
      2.1740        20.78
      2.1750        20.71
      2.1760        20.69
      2.1770        20.66
      2.1780        20.58
      2.1790        20.51
      2.1800        20.47
      2.1810        20.46
      2.1820        20.42
      2.1830        20.34
      2.1840        20.34
      2.1850        20.41
      2.1860        20.45
      2.1870        20.45
      2.1880        20.38
      2.1890        20.35
      2.1900        20.22
      2.1910        20.29
      2.1920        20.26
      2.1930        20.22
      2.1940        20.20
      2.1950        20.24
      2.1960        20.29
      2.1970        20.33
      2.1980        20.40
      2.1990        20.42
      2.2000        20.44
      2.2010        20.46
      2.2020        20.45
      2.2030        20.54
      2.2040        20.54
      2.2050        20.53
      2.2060        20.57
      2.2070        20.51
      2.2080        20.61
      2.2090        20.54
      2.2100        20.58
      2.2110        20.59
      2.2120        20.58
      2.2130        20.61
      2.2140        20.61
      2.2150        20.58
      2.2160        20.48
      2.2170        20.41
      2.2180        20.33
      2.2190        20.25
      2.2200        20.24
      2.2210        20.19
      2.2220        20.21
      2.2230        20.10
      2.2240        20.10
      2.2250        20.13
      2.2260        20.12
      2.2270        20.13
      2.2280        20.02
      2.2290        20.13
      2.2300        20.16
      2.2310        20.05
      2.2320        19.98
      2.2330        19.95
      2.2340        19.95
      2.2350        20.06
      2.2360        20.06
      2.2370        20.13
      2.2380        20.16
      2.2390        20.19
      2.2400        20.24
      2.2410        20.27
      2.2420        20.25
      2.2430        20.22
      2.2440        20.33
      2.2450        20.29
      2.2460        20.25
      2.2470        20.21
      2.2480        20.29
      2.2490        20.30
      2.2500        20.29
      2.2510        20.32
      2.2520        20.33
      2.2530        20.33
      2.2540        20.34
      2.2550        20.29
      2.2560        20.37
      2.2570        20.46
      2.2580        20.55
      2.2590        20.61
      2.2600        20.62
      2.2610        20.58
      2.2620        20.67
      2.2630        20.67
      2.2640        20.62
      2.2650        20.73
      2.2660        20.75
      2.2670        20.78
      2.2680        20.73
      2.2690        20.67
      2.2700        20.82
      2.2710        20.88
      2.2720        20.89
      2.2730        20.89
      2.2740        20.88
      2.2750        20.87
      2.2760        20.80
      2.2770        20.71
      2.2780        20.63
      2.2790        20.60
      2.2800        20.47
      2.2810        20.39
      2.2820        20.36
      2.2830        20.32
      2.2840        20.27
      2.2850        20.17
      2.2860        20.23
      2.2870        20.32
      2.2880        20.36
      2.2890        20.36
      2.2900        20.25
      2.2910        20.23
      2.2920        20.27
      2.2930        20.26
      2.2940        20.23
      2.2950        20.30
      2.2960        20.27
      2.2970        20.29
      2.2980        20.30
      2.2990        20.24
      2.3000        20.33
      2.3010        20.46
      2.3020        20.47
      2.3030        20.55
      2.3040        20.53
      2.3050        20.54
      2.3060        20.50
      2.3070        20.42
      2.3080        20.47
      2.3090        20.49
      2.3100        20.49
      2.3110        20.49
      2.3120        20.44
      2.3130        20.46
      2.3140        20.53
      2.3150        20.45
      2.3160        20.52
      2.3170        20.53
      2.3180        20.41
      2.3190        20.50
      2.3200        20.57
      2.3210        20.51
      2.3220        20.48
      2.3230        20.49
      2.3240        20.64
      2.3250        20.61
      2.3260        20.57
      2.3270        20.58
      2.3280        20.47
      2.3290        20.43
      2.3300        20.46
      2.3310        20.47
      2.3320        20.49
      2.3330        20.49
      2.3340        20.41
      2.3350        20.38
      2.3360        20.35
      2.3370        20.26
      2.3380        20.26
      2.3390        20.26
      2.3400        20.13
      2.3410        20.17
      2.3420        20.18
      2.3430        20.20
      2.3440        20.14
      2.3450        20.17
      2.3460        20.21
      2.3470        20.22
      2.3480        20.23
      2.3490        20.29
      2.3500        20.19
      2.3510        20.23
      2.3520        20.23
      2.3530        20.23
      2.3540        20.28
      2.3550        20.26
      2.3560        20.28
      2.3570        20.35
      2.3580        20.49
      2.3590        20.49
      2.3600        20.50
      2.3610        20.53
      2.3620        20.65
      2.3630        20.60
      2.3640        20.52
      2.3650        20.44
      2.3660        20.34
      2.3670        20.28
      2.3680        20.29
      2.3690        20.23
      2.3700        20.30
      2.3710        20.23
      2.3720        20.20
      2.3730        20.15
      2.3740        20.05
      2.3750        20.11
      2.3760        20.02
      2.3770        20.04
      2.3780        20.00
      2.3790        19.93
      2.3800        19.99
      2.3810        20.00
      2.3820        19.92
      2.3830        19.94
      2.3840        20.02
      2.3850        20.10
      2.3860        20.15
      2.3870        20.16
      2.3880        20.12
      2.3890        20.10
      2.3900        20.07
      2.3910        20.02
      2.3920        20.00
      2.3930        20.04
      2.3940        20.02
      2.3950        20.01
      2.3960        20.05
      2.3970        20.05
      2.3980        20.04
      2.3990        20.05
      2.4000        20.04
      2.4010        19.94
      2.4020        19.88
      2.4030        19.86
      2.4040        19.83
      2.4050        19.82
      2.4060        19.81
      2.4070        19.89
      2.4080        19.91
      2.4090        20.05
      2.4100        20.07
      2.4110        20.11
      2.4120        20.10
      2.4130        20.04
      2.4140        20.10
      2.4150        20.15
      2.4160        20.22
      2.4170        20.23
      2.4180        20.23
      2.4190        20.19
      2.4200        20.16
      2.4210        20.10
      2.4220        20.03
      2.4230        20.06
      2.4240        20.02
      2.4250        20.05
      2.4260        20.06
      2.4270        20.02
      2.4280        20.00
      2.4290        19.94
      2.4300        19.89
      2.4310        19.90
      2.4320        19.93
      2.4330        19.94
      2.4340        20.02
      2.4350        19.98
      2.4360        19.90
      2.4370        19.90
      2.4380        19.94
      2.4390        19.90
      2.4400        19.85
      2.4410        19.94
      2.4420        20.02
      2.4430        20.10
      2.4440        20.06
      2.4450        20.03
      2.4460        20.01
      2.4470        19.93
      2.4480        19.99
      2.4490        19.95
      2.4500        19.89
      2.4510        19.86
      2.4520        19.86
      2.4530        19.83
      2.4540        19.82
      2.4550        19.81
      2.4560        19.90
      2.4570        19.86
      2.4580        19.77
      2.4590        19.82
      2.4600        19.78
      2.4610        19.70
      2.4620        19.60
      2.4630        19.57
      2.4640        19.58
      2.4650        19.61
      2.4660        19.70
      2.4670        19.71
      2.4680        19.77
      2.4690        19.82
      2.4700        19.90
      2.4710        19.94
      2.4720        19.96
      2.4730        20.04
      2.4740        20.04
      2.4750        20.11
      2.4760        19.99
      2.4770        20.00
      2.4780        20.14
      2.4790        20.15
      2.4800        20.18
      2.4810        20.21
      2.4820        20.26
      2.4830        20.09
      2.4840        20.12
      2.4850        20.14
      2.4860        20.02
      2.4870        20.03
      2.4880        19.95
      2.4890        19.90
      2.4900        19.82
      2.4910        19.79
      2.4920        19.67
      2.4930        19.67
      2.4940        19.68
      2.4950        19.63
      2.4960        19.71
      2.4970        19.74
      2.4980        19.67
      2.4990        19.59
      2.5000        19.69
      2.5010        19.72
      2.5020        19.75
      2.5030        19.77
      2.5040        19.75
      2.5050        19.60
      2.5060        19.61
      2.5070        19.71
      2.5080        19.71
      2.5090        19.72
      2.5100        19.76
      2.5110        19.80
      2.5120        19.91
      2.5130        19.85
      2.5140        19.80
      2.5150        19.82
      2.5160        19.79
      2.5170        19.71
      2.5180        19.70
      2.5190        19.74
      2.5200        19.68
      2.5210        19.67
      2.5220        19.62
      2.5230        19.71
      2.5240        19.67
      2.5250        19.74
      2.5260        19.83
      2.5270        19.66
      2.5280        19.58
      2.5290        19.60
      2.5300        19.63
      2.5310        19.43
      2.5320        19.41
      2.5330        19.45
      2.5340        19.50
      2.5350        19.47
      2.5360        19.48
      2.5370        19.48
      2.5380        19.51
      2.5390        19.50
      2.5400        19.41
      2.5410        19.38
      2.5420        19.41
      2.5430        19.35
      2.5440        19.33
      2.5450        19.33
      2.5460        19.26
      2.5470        19.31
      2.5480        19.31
      2.5490        19.23
      2.5500        19.17
      2.5510        19.33
      2.5520        19.31
      2.5530        19.26
      2.5540        19.19
      2.5550        19.22
      2.5560        19.22
      2.5570        19.22
      2.5580        19.16
      2.5590        19.18
      2.5600        19.24
      2.5610        19.16
      2.5620        19.15
      2.5630        19.14
      2.5640        19.27
      2.5650        19.24
      2.5660        19.16
      2.5670        19.12
      2.5680        19.13
      2.5690        19.20
      2.5700        19.14
      2.5710        19.14
      2.5720        19.05
      2.5730        19.06
      2.5740        18.98
      2.5750        18.88
      2.5760        18.82
      2.5770        18.85
      2.5780        18.81
      2.5790        18.75
      2.5800        18.75
      2.5810        18.77
      2.5820        18.75
      2.5830        18.75
      2.5840        18.63
      2.5850        18.55
      2.5860        18.61
      2.5870        18.62
      2.5880        18.55
      2.5890        18.54
      2.5900        18.62
      2.5910        18.59
      2.5920        18.65
      2.5930        18.57
      2.5940        18.63
      2.5950        18.69
      2.5960        18.65
      2.5970        18.63
      2.5980        18.63
      2.5990        18.66
      2.6000        18.63
      2.6010        18.59
      2.6020        18.60
      2.6030        18.68
      2.6040        18.72
      2.6050        18.74
      2.6060        18.73
      2.6070        18.72
      2.6080        18.81
      2.6090        18.73
      2.6100        18.76
      2.6110        18.70
      2.6120        18.61
      2.6130        18.73
      2.6140        18.69
      2.6150        18.69
      2.6160        18.74
      2.6170        18.71
      2.6180        18.67
      2.6190        18.59
      2.6200        18.58
      2.6210        18.66
      2.6220        18.68
      2.6230        18.62
      2.6240        18.54
      2.6250        18.62
      2.6260        18.54
      2.6270        18.53
      2.6280        18.46
      2.6290        18.45
      2.6300        18.38
      2.6310        18.33
      2.6320        18.37
      2.6330        18.23
      2.6340        18.19
      2.6350        18.17
      2.6360        18.09
      2.6370        18.15
      2.6380        18.11
      2.6390        18.25
      2.6400        18.29
      2.6410        18.25
      2.6420        18.26
      2.6430        18.18
      2.6440        18.21
      2.6450        18.16
      2.6460        18.20
      2.6470        18.19
      2.6480        18.19
      2.6490        18.18
      2.6500        18.15
      2.6510        18.18
      2.6520        18.19
      2.6530        18.25
      2.6540        18.34
      2.6550        18.27
      2.6560        18.29
      2.6570        18.22
      2.6580        18.33
      2.6590        18.20
      2.6600        18.18
      2.6610        18.14
      2.6620        18.20
      2.6630        18.22
      2.6640        18.24
      2.6650        18.20
      2.6660        18.16
      2.6670        18.25
      2.6680        18.29
      2.6690        18.27
      2.6700        18.31
      2.6710        18.32
      2.6720        18.40
      2.6730        18.39
      2.6740        18.27
      2.6750        18.31
      2.6760        18.43
      2.6770        18.35
      2.6780        18.28
      2.6790        18.38
      2.6800        18.35
      2.6810        18.42
      2.6820        18.26
      2.6830        18.18
      2.6840        18.15
      2.6850        18.10
      2.6860        18.22
      2.6870        18.21
      2.6880        18.14
      2.6890        18.21
      2.6900        18.19
      2.6910        18.21
      2.6920        18.03
      2.6930        18.02
      2.6940        18.14
      2.6950        18.11
      2.6960        17.96
      2.6970        18.03
      2.6980        18.08
      2.6990        18.09
      2.7000        18.03
      2.7010        18.06
      2.7020        18.11
      2.7030        18.17
      2.7040        18.24
      2.7050        18.28
      2.7060        18.19
      2.7070        18.12
      2.7080        18.20
      2.7090        18.16
      2.7100        18.15
      2.7110        18.17
      2.7120        18.21
      2.7130        18.26
      2.7140        18.26
      2.7150        18.31
      2.7160        18.44
      2.7170        18.42
      2.7180        18.28
      2.7190        18.25
      2.7200        18.34
      2.7210        18.29
      2.7220        18.23
      2.7230        18.27
      2.7240        18.17
      2.7250        18.21
      2.7260        18.27
      2.7270        18.34
      2.7280        18.30
      2.7290        18.31
      2.7300        18.35
      2.7310        18.39
      2.7320        18.51
      2.7330        18.54
      2.7340        18.51
      2.7350        18.54
      2.7360        18.53
      2.7370        18.50
      2.7380        18.64
      2.7390        18.70
      2.7400        18.66
      2.7410        18.70
      2.7420        18.70
      2.7430        18.70
      2.7440        18.70
      2.7450        18.71
      2.7460        18.71
      2.7470        18.69
      2.7480        18.67
      2.7490        18.73
      2.7500        18.66
      2.7510        18.58
      2.7520        18.52
      2.7530        18.39
      2.7540        18.30
      2.7550        18.31
      2.7560        18.30
      2.7570        18.27
      2.7580        18.26
      2.7590        18.21
      2.7600        18.11
      2.7610        18.10
      2.7620        18.14
      2.7630        18.17
      2.7640        18.19
      2.7650        18.21
      2.7660        18.17
      2.7670        18.15
      2.7680        18.18
      2.7690        18.13
      2.7700        18.23
      2.7710        18.26
      2.7720        18.25
      2.7730        18.36
      2.7740        18.45
      2.7750        18.37
      2.7760        18.25
      2.7770        18.37
      2.7780        18.22
      2.7790        18.16
      2.7800        18.17
      2.7810        18.02
      2.7820        17.98
      2.7830        17.93
      2.7840        17.92
      2.7850        17.97
      2.7860        17.91
      2.7870        17.94
      2.7880        17.90
      2.7890        17.88
      2.7900        17.87
      2.7910        17.82
      2.7920        17.78
      2.7930        17.75
      2.7940        17.71
      2.7950        17.75
      2.7960        17.81
      2.7970        17.68
      2.7980        17.81
      2.7990        17.94
      2.8000        18.08
      2.8010        18.14
      2.8020        18.14
      2.8030        18.06
      2.8040        18.03
      2.8050        17.91
      2.8060        17.87
      2.8070        17.80
      2.8080        17.78
      2.8090        17.80
      2.8100        17.78
      2.8110        17.86
      2.8120        17.86
      2.8130        17.91
      2.8140        17.94
      2.8150        17.93
      2.8160        18.02
      2.8170        18.09
      2.8180        18.11
      2.8190        18.05
      2.8200        18.01
      2.8210        18.12
      2.8220        18.10
      2.8230        18.26
      2.8240        18.31
      2.8250        18.35
      2.8260        18.42
      2.8270        18.47
      2.8280        18.58
      2.8290        18.65
      2.8300        18.53
      2.8310        18.55
      2.8320        18.61
      2.8330        18.56
      2.8340        18.46
      2.8350        18.49
      2.8360        18.48
      2.8370        18.46
      2.8380        18.44
      2.8390        18.41
      2.8400        18.36
      2.8410        18.30
      2.8420        18.38
      2.8430        18.38
      2.8440        18.45
      2.8450        18.41
      2.8460        18.51
      2.8470        18.53
      2.8480        18.47
      2.8490        18.43
      2.8500        18.56
      2.8510        18.43
      2.8520        18.45
      2.8530        18.43
      2.8540        18.45
      2.8550        18.39
      2.8560        18.24
      2.8570        18.28
      2.8580        18.25
      2.8590        18.24
      2.8600        18.25
      2.8610        18.28
      2.8620        18.26
      2.8630        18.30
      2.8640        18.29
      2.8650        18.41
      2.8660        18.37
      2.8670        18.30
      2.8680        18.24
      2.8690        18.24
      2.8700        18.18
      2.8710        18.25
      2.8720        18.20
      2.8730        18.18
      2.8740        18.17
      2.8750        18.14
      2.8760        18.24
      2.8770        18.22
      2.8780        18.33
      2.8790        18.30
      2.8800        18.34
      2.8810        18.38
      2.8820        18.39
      2.8830        18.34
      2.8840        18.30
      2.8850        18.22
      2.8860        18.15
      2.8870        18.11
      2.8880        18.20
      2.8890        18.18
      2.8900        18.18
      2.8910        18.15
      2.8920        18.14
      2.8930        18.18
      2.8940        18.22
      2.8950        18.22
      2.8960        18.18
      2.8970        18.18
      2.8980        18.13
      2.8990        18.21
      2.9000        18.11
      2.9010        18.02
      2.9020        17.98
      2.9030        17.94
      2.9040        17.90
      2.9050        17.82
      2.9060        17.76
      2.9070        17.87
      2.9080        17.84
      2.9090        17.89
      2.9100        17.83
      2.9110        17.86
      2.9120        17.94
      2.9130        17.92
      2.9140        17.95
      2.9150        17.95
      2.9160        17.99
      2.9170        17.97
      2.9180        18.01
      2.9190        18.02
      2.9200        18.05
      2.9210        18.05
      2.9220        18.01
      2.9230        18.02
      2.9240        18.04
      2.9250        18.08
      2.9260        18.23
      2.9270        18.13
      2.9280        18.17
      2.9290        18.09
      2.9300        18.18
      2.9310        18.13
      2.9320        18.15
      2.9330        18.19
      2.9340        18.16
      2.9350        18.20
      2.9360        18.24
      2.9370        18.24
      2.9380        18.15
      2.9390        18.09
      2.9400        18.19
      2.9410        18.28
      2.9420        18.40
      2.9430        18.45
      2.9440        18.47
      2.9450        18.53
      2.9460        18.49
      2.9470        18.57
      2.9480        18.54
      2.9490        18.59
      2.9500        18.52
      2.9510        18.71
      2.9520        18.63
      2.9530        18.53
      2.9540        18.57
      2.9550        18.59
      2.9560        18.58
      2.9570        18.60
      2.9580        18.67
      2.9590        18.73
      2.9600        18.72
      2.9610        18.64
      2.9620        18.60
      2.9630        18.52
      2.9640        18.54
      2.9650        18.50
      2.9660        18.49
      2.9670        18.50
      2.9680        18.54
      2.9690        18.57
      2.9700        18.58
      2.9710        18.46
      2.9720        18.50
      2.9730        18.58
      2.9740        18.51
      2.9750        18.43
      2.9760        18.34
      2.9770        18.31
      2.9780        18.30
      2.9790        18.26
      2.9800        18.18
      2.9810        18.19
      2.9820        18.23
      2.9830        18.22
      2.9840        18.20
      2.9850        18.14
      2.9860        18.15
      2.9870        18.15
      2.9880        18.12
      2.9890        18.07
      2.9900        18.11
      2.9910        17.98
      2.9920        17.87
      2.9930        17.92
      2.9940        17.97
      2.9950        18.03
      2.9960        18.08
      2.9970        18.07
      2.9980        18.03
      2.9990        18.04
