        Time   Palpation Force
      0.0000         1.00
      0.0010         1.00
      0.0020         1.00
      0.0030         1.00
      0.0040         1.00
      0.0050         1.28
      0.0060         1.46
      0.0070         1.63
      0.0080         1.83
      0.0090         2.03
      0.0100         2.25
      0.0110         2.41
      0.0120         2.63
      0.0130         2.88
      0.0140         3.57
      0.0150         3.72
      0.0160         3.91
      0.0170         4.18
      0.0180         4.38
      0.0190         4.61
      0.0200         4.60
      0.0210         4.54
      0.0220         4.48
      0.0230         4.95
      0.0240         4.90
      0.0250         4.24
      0.0260         3.72
      0.0270         3.77
      0.0280         4.30
      0.0290         3.81
      0.0300         3.83
      0.0310         3.84
      0.0320         3.81
      0.0330         3.77
      0.0340         3.77
      0.0350         3.79
      0.0360         3.79
      0.0370         3.73
      0.0380         3.68
      0.0390         3.66
      0.0400         3.68
      0.0410         4.17
      0.0420         4.16
      0.0430         4.20
      0.0440         4.16
      0.0450         4.24
      0.0460         4.30
      0.0470         4.36
      0.0480         4.36
      0.0490         4.42
      0.0500         4.36
      0.0510         4.37
      0.0520         4.38
      0.0530         4.39
      0.0540         4.35
      0.0550         4.91
      0.0560         4.90
      0.0570         4.95
      0.0580         5.05
      0.0590         5.02
      0.0600         4.98
      0.0610         4.93
      0.0620         5.13
      0.0630         5.09
      0.0640         4.59
      0.0650         4.04
      0.0660         4.06
      0.0670         4.00
      0.0680         3.95
      0.0690         3.91
      0.0700         3.92
      0.0710         3.92
      0.0720         4.44
      0.0730         4.43
      0.0740         4.46
      0.0750         4.44
      0.0760         4.46
      0.0770         4.38
      0.0780         4.25
      0.0790         4.30
      0.0800         4.34
      0.0810         4.32
      0.0820         4.21
      0.0830         4.27
      0.0840         4.24
      0.0850         4.31
      0.0860         4.75
      0.0870         4.75
      0.0880         4.86
      0.0890         4.86
      0.0900         4.81
      0.0910         4.82
      0.0920         4.73
      0.0930         4.71
      0.0940         4.19
      0.0950         4.14
      0.0960         4.19
      0.0970         4.28
      0.0980         4.29
      0.0990         4.28
      0.1000         4.28
      0.1010         4.33
      0.1020         4.32
      0.1030         4.36
      0.1040         4.41
      0.1050         4.40
      0.1060         4.41
      0.1070         4.41
      0.1080         4.27
      0.1090         4.23
      0.1100         4.27
      0.1110         4.26
      0.1120         4.31
      0.1130         4.26
      0.1140         4.26
      0.1150         3.80
      0.1160         3.79
      0.1170         3.80
      0.1180         3.86
      0.1190         3.88
      0.1200         3.86
      0.1210         3.79
      0.1220         3.80
      0.1230         3.77
      0.1240         3.83
      0.1250         3.84
      0.1260         3.83
      0.1270         3.84
      0.1280         3.88
      0.1290         3.87
      0.1300         3.81
      0.1310         3.80
      0.1320         3.77
      0.1330         4.29
      0.1340         4.29
      0.1350         4.37
      0.1360         4.36
      0.1370         4.40
      0.1380         4.37
      0.1390         4.36
      0.1400         4.33
      0.1410         4.44
      0.1420         4.46
      0.1430         4.47
      0.1440         4.44
      0.1450         4.39
      0.1460         4.30
      0.1470         4.35
      0.1480         4.35
      0.1490         4.36
      0.1500         4.35
      0.1510         4.35
      0.1520         4.31
      0.1530         3.86
      0.1540         4.41
      0.1550         4.39
      0.1560         4.46
      0.1570         4.39
      0.1580         4.39
      0.1590         3.92
      0.1600         4.48
      0.1610         4.44
      0.1620         4.40
      0.1630         4.36
      0.1640         4.35
      0.1650         4.35
      0.1660         4.35
      0.1670         4.31
      0.1680         4.38
      0.1690         4.47
      0.1700         4.51
      0.1710         4.44
      0.1720         5.06
      0.1730         4.98
      0.1740         4.38
      0.1750         3.82
      0.1760         3.80
      0.1770         3.83
      0.1780         3.79
      0.1790         3.75
      0.1800         3.71
      0.1810         3.75
      0.1820         3.71
      0.1830         4.23
      0.1840         4.28
      0.1850         4.32
      0.1860         4.40
      0.1870         4.51
      0.1880         4.44
      0.1890         4.36
      0.1900         4.41
      0.1910         4.51
      0.1920         4.43
      0.1930         4.47
      0.1940         4.47
      0.1950         4.53
      0.1960         4.52
      0.1970         4.48
      0.1980         4.55
      0.1990         4.59
      0.2000         4.50
      0.2010         4.43
      0.2020         4.40
      0.2030         4.46
      0.2040         4.35
      0.2050         4.84
      0.2060         4.78
      0.2070         4.69
      0.2080         4.65
      0.2090         4.17
      0.2100         4.08
      0.2110         4.03
      0.2120         4.18
      0.2130         4.16
      0.2140         4.22
      0.2150         4.22
      0.2160         4.22
      0.2170         4.22
      0.2180         4.18
      0.2190         4.23
      0.2200         4.27
      0.2210         4.35
      0.2220         4.46
      0.2230         4.35
      0.2240         4.35
      0.2250         4.36
      0.2260         4.39
      0.2270         4.44
      0.2280         4.42
      0.2290         3.88
      0.2300         3.95
      0.2310         4.02
      0.2320         3.90
      0.2330         3.88
      0.2340         4.43
      0.2350         4.46
      0.2360         4.46
      0.2370         4.50
      0.2380         4.49
      0.2390         4.54
      0.2400         4.53
      0.2410         3.86
      0.2420         4.35
      0.2430         4.34
      0.2440         4.91
      0.2450         4.48
      0.2460         4.48
      0.2470         5.02
      0.2480         5.06
      0.2490         5.11
      0.2500         5.15
      0.2510         5.16
      0.2520         5.14
      0.2530         5.10
      0.2540         4.53
      0.2550         4.45
      0.2560         4.47
      0.2570         4.38
      0.2580         4.43
      0.2590         4.34
      0.2600         4.36
      0.2610         4.39
      0.2620         4.36
      0.2630         4.92
      0.2640         4.84
      0.2650         4.80
      0.2660         4.86
      0.2670         4.30
      0.2680         3.79
      0.2690         3.85
      0.2700         3.93
      0.2710         3.97
      0.2720         4.52
      0.2730         5.05
      0.2740         4.04
      0.2750         4.59
      0.2760         4.59
      0.2770         5.19
      0.2780         5.11
      0.2790         5.21
      0.2800         5.21
      0.2810         5.22
      0.2820         5.34
      0.2830         5.37
      0.2840         5.38
      0.2850         5.33
      0.2860         5.30
      0.2870         5.40
      0.2880         5.41
      0.2890         4.85
      0.2900         4.86
      0.2910         5.01
      0.2920         4.98
      0.2930         4.93
      0.2940         5.12
      0.2950         5.14
      0.2960         5.21
      0.2970         5.20
      0.2980         5.25
      0.2990         5.16
      0.3000         5.14
      0.3010         5.16
      0.3020         5.10
      0.3030         5.13
      0.3040         5.10
      0.3050         5.07
      0.3060         5.58
      0.3070         5.60
      0.3080         5.53
      0.3090         5.53
      0.3100         5.46
      0.3110         5.38
      0.3120         5.43
      0.3130         5.45
      0.3140         4.94
      0.3150         4.94
      0.3160         4.93
      0.3170         4.94
      0.3180         5.38
      0.3190         4.89
      0.3200         5.00
      0.3210         4.41
      0.3220         4.39
      0.3230         4.41
      0.3240         4.43
      0.3250         4.46
      0.3260         4.46
      0.3270         4.49
      0.3280         4.55
      0.3290         4.62
      0.3300         5.17
      0.3310         4.58
      0.3320         4.54
      0.3330         5.09
      0.3340         4.98
      0.3350         4.98
      0.3360         4.97
      0.3370         4.89
      0.3380         4.34
      0.3390         4.32
      0.3400         4.75
      0.3410         4.78
      0.3420         5.30
      0.3430         4.81
      0.3440         4.81
      0.3450         4.78
      0.3460         4.77
      0.3470         4.70
      0.3480         4.74
      0.3490         4.26
      0.3500         4.16
      0.3510         4.26
      0.3520         4.30
      0.3530         4.29
      0.3540         4.33
      0.3550         4.31
      0.3560         4.26
      0.3570         4.30
      0.3580         4.79
      0.3590         4.22
      0.3600         4.15
      0.3610         4.12
      0.3620         4.07
      0.3630         4.00
      0.3640         3.95
      0.3650         3.99
      0.3660         4.01
      0.3670         4.09
      0.3680         4.04
      0.3690         3.95
      0.3700         3.95
      0.3710         3.96
      0.3720         3.93
      0.3730         3.95
      0.3740         4.48
      0.3750         4.58
      0.3760         4.62
      0.3770         4.63
      0.3780         4.69
      0.3790         4.77
      0.3800         4.80
      0.3810         4.84
      0.3820         4.89
      0.3830         4.88
      0.3840         4.98
      0.3850         4.94
      0.3860         4.90
      0.3870         4.34
      0.3880         4.85
      0.3890         4.90
      0.3900         5.45
      0.3910         5.52
      0.3920         5.56
      0.3930         5.58
      0.3940         5.65
      0.3950         5.69
      0.3960         5.72
      0.3970         5.72
      0.3980         5.64
      0.3990         5.72
      0.4000         5.74
      0.4010         5.63
      0.4020         5.67
      0.4030         5.74
      0.4040         5.72
      0.4050         5.78
      0.4060         5.85
      0.4070         5.88
      0.4080         5.85
      0.4090         5.88
      0.4100         5.94
      0.4110         5.81
      0.4120         5.77
      0.4130         5.32
      0.4140         5.27
      0.4150         5.21
      0.4160         4.65
      0.4170         5.20
      0.4180         5.78
      0.4190         5.24
      0.4200         5.25
      0.4210         5.80
      0.4220         5.82
      0.4230         5.29
      0.4240         5.17
      0.4250         5.17
      0.4260         5.23
      0.4270         5.31
      0.4280         5.22
      0.4290         5.21
      0.4300         5.12
      0.4310         5.12
      0.4320         5.65
      0.4330         5.75
      0.4340         5.77
      0.4350         5.76
      0.4360         5.31
      0.4370         5.27
      0.4380         5.24
      0.4390         5.20
      0.4400         5.26
      0.4410         5.25
      0.4420         5.27
      0.4430         5.76
      0.4440         5.91
      0.4450         5.98
      0.4460         5.88
      0.4470         5.79
      0.4480         5.80
      0.4490         5.80
      0.4500         5.85
      0.4510         5.93
      0.4520         5.91
      0.4530         5.81
      0.4540         5.85
      0.4550         5.91
      0.4560         5.92
      0.4570         5.92
      0.4580         5.93
      0.4590         6.00
      0.4600         5.93
      0.4610         5.93
      0.4620         5.92
      0.4630         5.93
      0.4640         5.81
      0.4650         5.76
      0.4660         5.76
      0.4670         5.73
      0.4680         5.23
      0.4690         5.21
      0.4700         5.64
      0.4710         5.60
      0.4720         5.06
      0.4730         5.05
      0.4740         4.96
      0.4750         5.01
      0.4760         5.01
      0.4770         5.05
      0.4780         5.53
      0.4790         4.98
      0.4800         5.53
      0.4810         5.60
      0.4820         5.62
      0.4830         5.66
      0.4840         5.70
      0.4850         5.71
      0.4860         5.81
      0.4870         5.74
      0.4880         5.73
      0.4890         5.74
      0.4900         5.80
      0.4910         5.86
      0.4920         5.94
      0.4930         6.04
      0.4940         6.12
      0.4950         6.01
      0.4960         5.92
      0.4970         5.95
      0.4980         5.90
      0.4990         5.99
      0.5000         5.44
      0.5010         5.41
      0.5020         5.39
      0.5030         5.95
      0.5040         6.02
      0.5050         6.06
      0.5060         5.98
      0.5070         6.04
      0.5080         6.18
      0.5090         6.27
      0.5100         6.26
      0.5110         6.20
      0.5120         6.19
      0.5130         6.17
      0.5140         6.21
      0.5150         6.20
      0.5160         6.19
      0.5170         6.20
      0.5180         6.34
      0.5190         6.39
      0.5200         6.36
      0.5210         6.36
      0.5220         6.38
      0.5230         6.39
      0.5240         6.39
      0.5250         6.41
      0.5260         6.51
      0.5270         6.45
      0.5280         6.41
      0.5290         6.39
      0.5300         6.42
      0.5310         6.40
      0.5320         6.45
      0.5330         6.37
      0.5340         6.43
      0.5350         6.49
      0.5360         6.46
      0.5370         6.47
      0.5380         6.50
      0.5390         6.45
      0.5400         6.54
      0.5410         6.55
      0.5420         6.59
      0.5430         6.63
      0.5440         6.64
      0.5450         6.63
      0.5460         6.60
      0.5470         6.82
      0.5480         6.83
      0.5490         6.77
      0.5500         6.83
      0.5510         6.91
      0.5520         6.89
      0.5530         6.94
      0.5540         6.90
      0.5550         6.89
      0.5560         6.97
      0.5570         6.92
      0.5580         6.84
      0.5590         6.81
      0.5600         6.80
      0.5610         6.84
      0.5620         6.32
      0.5630         6.26
      0.5640         6.28
      0.5650         6.85
      0.5660         6.79
      0.5670         6.69
      0.5680         6.73
      0.5690         6.82
      0.5700         6.80
      0.5710         6.80
      0.5720         6.77
      0.5730         6.86
      0.5740         6.86
      0.5750         6.90
      0.5760         6.98
      0.5770         7.02
      0.5780         7.02
      0.5790         7.12
      0.5800         7.13
      0.5810         7.16
      0.5820         7.16
      0.5830         7.09
      0.5840         7.03
      0.5850         7.06
      0.5860         7.15
      0.5870         7.23
      0.5880         7.26
      0.5890         7.26
      0.5900         7.22
      0.5910         7.30
      0.5920         7.31
      0.5930         7.23
      0.5940         7.23
      0.5950         7.27
      0.5960         6.83
      0.5970         7.39
      0.5980         7.46
      0.5990         7.42
      0.6000         7.47
      0.6010         7.38
      0.6020         7.44
      0.6030         7.47
      0.6040         7.52
      0.6050         7.45
      0.6060         7.41
      0.6070         7.39
      0.6080         7.31
      0.6090         7.40
      0.6100         7.46
      0.6110         7.38
      0.6120         7.35
      0.6130         7.46
      0.6140         7.10
      0.6150         7.10
      0.6160         7.19
      0.6170         7.30
      0.6180         7.31
      0.6190         7.42
      0.6200         7.42
      0.6210         7.53
      0.6220         7.53
      0.6230         7.64
      0.6240         7.77
      0.6250         7.88
      0.6260         7.89
      0.6270         7.92
      0.6280         7.96
      0.6290         7.92
      0.6300         7.97
      0.6310         8.07
      0.6320         8.77
      0.6330         8.85
      0.6340         8.80
      0.6350         9.01
      0.6360         9.07
      0.6370         9.15
      0.6380         9.20
      0.6390         9.24
      0.6400         9.24
      0.6410         9.33
      0.6420         9.55
      0.6430         9.58
      0.6440         9.71
      0.6450         9.72
      0.6460         9.74
      0.6470         9.87
      0.6480        10.01
      0.6490        10.22
      0.6500        10.40
      0.6510        10.45
      0.6520        10.53
      0.6530        10.67
      0.6540        10.80
      0.6550        10.84
      0.6560        10.93
      0.6570        11.07
      0.6580        11.31
      0.6590        11.51
      0.6600        11.89
      0.6610        12.02
      0.6620        12.10
      0.6630        12.37
      0.6640        12.45
      0.6650        12.63
      0.6660        12.88
      0.6670        13.08
      0.6680        13.26
      0.6690        13.38
      0.6700        13.45
      0.6710        13.68
      0.6720        13.83
      0.6730        13.91
      0.6740        14.13
      0.6750        14.28
      0.6760        14.45
      0.6770        14.61
      0.6780        14.75
      0.6790        14.89
      0.6800        15.00
      0.6810        15.15
      0.6820        15.32
      0.6830        15.40
      0.6840        15.52
      0.6850        15.75
      0.6860        15.86
      0.6870        16.05
      0.6880        16.18
      0.6890        16.33
      0.6900        16.51
      0.6910        16.61
      0.6920        16.85
      0.6930        17.03
      0.6940        17.10
      0.6950        17.33
      0.6960        17.42
      0.6970        17.42
      0.6980        17.44
      0.6990        17.47
      0.7000        17.51
      0.7010        17.66
      0.7020        17.78
      0.7030        17.85
      0.7040        17.97
      0.7050        17.99
      0.7060        18.05
      0.7070        18.16
      0.7080        18.30
      0.7090        18.33
      0.7100        18.38
      0.7110        18.46
      0.7120        18.42
      0.7130        18.45
      0.7140        18.50
      0.7150        18.57
      0.7160        18.69
      0.7170        18.85
      0.7180        18.97
      0.7190        19.08
      0.7200        19.16
      0.7210        19.23
      0.7220        19.35
      0.7230        19.50
      0.7240        19.59
      0.7250        19.60
      0.7260        19.73
      0.7270        19.73
      0.7280        19.78
      0.7290        19.98
      0.7300        20.06
      0.7310        20.16
      0.7320        20.28
      0.7330        20.45
      0.7340        20.66
      0.7350        20.74
      0.7360        20.83
      0.7370        20.88
      0.7380        21.01
      0.7390        21.15
      0.7400        21.31
      0.7410        21.42
      0.7420        21.54
      0.7430        21.63
      0.7440        21.78
      0.7450        21.98
      0.7460        22.13
      0.7470        22.35
      0.7480        22.52
      0.7490        22.63
      0.7500        22.78
      0.7510        22.93
      0.7520        23.01
      0.7530        23.06
      0.7540        23.13
      0.7550        23.20
      0.7560        23.39
      0.7570        23.57
      0.7580        23.72
      0.7590        23.82
      0.7600        23.89
      0.7610        24.05
      0.7620        24.13
      0.7630        24.22
      0.7640        24.26
      0.7650        24.37
      0.7660        24.44
      0.7670        24.48
      0.7680        24.52
      0.7690        24.64
      0.7700        24.85
      0.7710        24.93
      0.7720        25.01
      0.7730        25.19
      0.7740        25.34
      0.7750        25.54
      0.7760        25.58
      0.7770        25.67
      0.7780        25.82
      0.7790        25.94
      0.7800        26.08
      0.7810        26.14
      0.7820        26.26
      0.7830        26.41
      0.7840        26.59
      0.7850        26.59
      0.7860        26.71
      0.7870        26.81
      0.7880        26.87
      0.7890        26.92
      0.7900        27.03
      0.7910        27.15
      0.7920        27.38
      0.7930        27.43
      0.7940        27.51
      0.7950        27.57
      0.7960        27.69
      0.7970        27.78
      0.7980        27.80
      0.7990        27.88
      0.8000        27.88
      0.8010        27.97
      0.8020        28.03
      0.8030        28.03
      0.8040        28.07
      0.8050        28.21
      0.8060        28.35
      0.8070        28.39
      0.8080        28.44
      0.8090        28.53
      0.8100        28.44
      0.8110        28.36
      0.8120        28.37
      0.8130        28.52
      0.8140        28.63
      0.8150        28.62
      0.8160        28.71
      0.8170        28.67
      0.8180        28.74
      0.8190        28.80
      0.8200        28.88
      0.8210        28.84
      0.8220        28.88
      0.8230        28.97
      0.8240        28.99
      0.8250        28.97
      0.8260        28.92
      0.8270        29.00
      0.8280        29.12
      0.8290        29.12
      0.8300        29.22
      0.8310        29.42
      0.8320        29.45
      0.8330        29.46
      0.8340        29.48
      0.8350        29.48
      0.8360        29.39
      0.8370        29.60
      0.8380        29.65
      0.8390        29.61
      0.8400        29.59
      0.8410        29.76
      0.8420        29.71
      0.8430        29.70
      0.8440        29.66
      0.8450        29.77
      0.8460        29.86
      0.8470        29.78
      0.8480        29.71
      0.8490        29.73
      0.8500        29.66
      0.8510        29.58
      0.8520        29.50
      0.8530        29.34
      0.8540        29.26
      0.8550        29.23
      0.8560        29.25
      0.8570        29.06
      0.8580        28.99
      0.8590        29.00
      0.8600        29.06
      0.8610        28.95
      0.8620        28.89
      0.8630        28.85
      0.8640        28.89
      0.8650        28.77
      0.8660        28.77
      0.8670        28.74
      0.8680        28.71
      0.8690        28.65
      0.8700        28.67
      0.8710        28.65
      0.8720        28.63
      0.8730        28.61
      0.8740        28.47
      0.8750        28.40
      0.8760        28.29
      0.8770        28.25
      0.8780        28.20
      0.8790        28.10
      0.8800        28.03
      0.8810        27.97
      0.8820        28.05
      0.8830        27.93
      0.8840        27.94
      0.8850        27.98
      0.8860        27.89
      0.8870        27.83
      0.8880        27.87
      0.8890        27.82
      0.8900        27.74
      0.8910        27.70
      0.8920        27.71
      0.8930        27.74
      0.8940        27.79
      0.8950        27.90
      0.8960        27.98
      0.8970        27.99
      0.8980        28.00
      0.8990        28.15
      0.9000        28.18
      0.9010        28.21
      0.9020        28.15
      0.9030        28.21
      0.9040        28.19
      0.9050        28.08
      0.9060        28.09
      0.9070        28.08
      0.9080        28.09
      0.9090        28.06
      0.9100        28.00
      0.9110        27.98
      0.9120        28.01
      0.9130        28.05
      0.9140        28.09
      0.9150        28.09
      0.9160        28.10
      0.9170        28.26
      0.9180        28.27
      0.9190        28.27
      0.9200        28.25
      0.9210        28.22
      0.9220        28.29
      0.9230        28.27
      0.9240        28.18
      0.9250        28.34
      0.9260        28.34
      0.9270        28.38
      0.9280        28.34
      0.9290        28.43
      0.9300        28.63
      0.9310        28.71
      0.9320        28.65
      0.9330        28.73
      0.9340        28.70
      0.9350        28.66
      0.9360        28.61
      0.9370        28.50
      0.9380        28.50
      0.9390        28.47
      0.9400        28.53
      0.9410        28.54
      0.9420        28.55
      0.9430        28.66
      0.9440        28.77
      0.9450        28.67
      0.9460        28.75
      0.9470        28.81
      0.9480        28.81
      0.9490        28.81
      0.9500        28.81
      0.9510        28.77
      0.9520        28.90
      0.9530        28.89
      0.9540        28.98
      0.9550        28.96
      0.9560        29.01
      0.9570        28.96
      0.9580        28.93
      0.9590        28.94
      0.9600        28.87
      0.9610        28.90
      0.9620        28.93
      0.9630        28.90
      0.9640        28.93
      0.9650        28.94
      0.9660        28.84
      0.9670        28.85
      0.9680        28.85
      0.9690        28.78
      0.9700        28.78
      0.9710        28.81
      0.9720        28.64
      0.9730        28.58
      0.9740        28.45
      0.9750        28.54
      0.9760        28.52
      0.9770        28.56
      0.9780        28.62
      0.9790        28.54
      0.9800        28.53
      0.9810        28.54
      0.9820        28.52
      0.9830        28.54
      0.9840        28.49
      0.9850        28.55
      0.9860        28.57
      0.9870        28.47
      0.9880        28.45
      0.9890        28.47
      0.9900        28.36
      0.9910        28.35
      0.9920        28.43
      0.9930        28.32
      0.9940        28.32
      0.9950        28.19
      0.9960        28.15
      0.9970        28.09
      0.9980        27.97
      0.9990        27.97
      1.0000        28.00
      1.0010        27.86
      1.0020        27.81
      1.0030        27.70
      1.0040        27.62
      1.0050        27.55
      1.0060        27.49
      1.0070        27.51
      1.0080        27.46
      1.0090        27.38
      1.0100        27.39
      1.0110        27.41
      1.0120        27.36
      1.0130        27.37
      1.0140        27.45
      1.0150        27.48
      1.0160        27.47
      1.0170        27.49
      1.0180        27.51
      1.0190        27.51
      1.0200        27.43
      1.0210        27.50
      1.0220        27.43
      1.0230        27.43
      1.0240        27.45
      1.0250        27.51
      1.0260        27.54
      1.0270        27.60
      1.0280        27.64
      1.0290        27.69
      1.0300        27.74
      1.0310        27.68
      1.0320        27.75
      1.0330        27.87
      1.0340        27.85
      1.0350        27.88
      1.0360        27.92
      1.0370        28.01
      1.0380        28.11
      1.0390        28.12
      1.0400        28.31
      1.0410        28.30
      1.0420        28.33
      1.0430        28.33
      1.0440        28.41
      1.0450        28.34
      1.0460        28.36
      1.0470        28.33
      1.0480        28.46
      1.0490        28.56
      1.0500        28.52
      1.0510        28.56
      1.0520        28.52
      1.0530        28.53
      1.0540        28.56
      1.0550        28.53
      1.0560        28.48
      1.0570        28.37
      1.0580        28.36
      1.0590        28.33
      1.0600        28.13
      1.0610        28.19
      1.0620        28.23
      1.0630        28.27
      1.0640        28.22
      1.0650        28.30
      1.0660        28.22
      1.0670        28.12
      1.0680        27.92
      1.0690        27.83
      1.0700        27.80
      1.0710        27.73
      1.0720        27.69
      1.0730        27.50
      1.0740        27.44
      1.0750        27.40
      1.0760        27.31
      1.0770        27.27
      1.0780        27.19
      1.0790        27.13
      1.0800        27.13
      1.0810        27.00
      1.0820        26.89
      1.0830        26.83
      1.0840        26.81
      1.0850        26.67
      1.0860        26.69
      1.0870        26.62
      1.0880        26.58
      1.0890        26.52
      1.0900        26.50
      1.0910        26.49
      1.0920        26.46
      1.0930        26.42
      1.0940        26.38
      1.0950        26.38
      1.0960        26.43
      1.0970        26.39
      1.0980        26.35
      1.0990        26.37
      1.1000        26.41
      1.1010        26.52
      1.1020        26.55
      1.1030        26.52
      1.1040        26.51
      1.1050        26.47
      1.1060        26.35
      1.1070        26.46
      1.1080        26.50
      1.1090        26.58
      1.1100        26.50
      1.1110        26.46
      1.1120        26.54
      1.1130        26.55
      1.1140        26.48
      1.1150        26.53
      1.1160        26.54
      1.1170        26.54
      1.1180        26.57
      1.1190        26.62
      1.1200        26.64
      1.1210        26.45
      1.1220        26.46
      1.1230        26.50
      1.1240        26.43
      1.1250        26.49
      1.1260        26.67
      1.1270        26.67
      1.1280        26.68
      1.1290        26.60
      1.1300        26.66
      1.1310        26.75
      1.1320        26.71
      1.1330        26.76
      1.1340        26.86
      1.1350        26.78
      1.1360        26.86
      1.1370        26.89
      1.1380        26.87
      1.1390        26.78
      1.1400        26.88
      1.1410        27.04
      1.1420        26.89
      1.1430        26.89
      1.1440        27.00
      1.1450        27.01
      1.1460        26.92
      1.1470        26.89
      1.1480        26.94
      1.1490        27.10
      1.1500        27.08
      1.1510        27.05
      1.1520        27.01
      1.1530        27.09
      1.1540        27.06
      1.1550        27.14
      1.1560        27.07
      1.1570        27.09
      1.1580        27.05
      1.1590        27.09
      1.1600        26.94
      1.1610        26.84
      1.1620        26.91
      1.1630        26.94
      1.1640        26.86
      1.1650        26.90
      1.1660        26.95
      1.1670        27.06
      1.1680        27.04
      1.1690        26.93
      1.1700        27.00
      1.1710        27.01
      1.1720        27.01
      1.1730        26.92
      1.1740        26.93
      1.1750        26.88
      1.1760        26.88
      1.1770        26.88
      1.1780        26.97
      1.1790        26.85
      1.1800        26.84
      1.1810        26.81
      1.1820        26.94
      1.1830        26.85
      1.1840        26.85
      1.1850        26.78
      1.1860        26.69
      1.1870        26.58
      1.1880        26.54
      1.1890        26.42
      1.1900        26.42
      1.1910        26.35
      1.1920        26.30
      1.1930        26.34
      1.1940        26.31
      1.1950        26.28
      1.1960        26.28
      1.1970        26.30
      1.1980        26.16
      1.1990        26.18
      1.2000        26.11
      1.2010        26.17
      1.2020        26.02
      1.2030        25.94
      1.2040        25.85
      1.2050        25.70
      1.2060        25.71
      1.2070        25.75
      1.2080        25.71
      1.2090        25.74
      1.2100        25.62
      1.2110        25.56
      1.2120        25.59
      1.2130        25.51
      1.2140        25.55
      1.2150        25.49
      1.2160        25.44
      1.2170        25.40
      1.2180        25.54
      1.2190        25.57
      1.2200        25.64
      1.2210        25.55
      1.2220        25.52
      1.2230        25.64
      1.2240        25.64
      1.2250        25.69
      1.2260        25.72
      1.2270        25.65
      1.2280        25.56
      1.2290        25.54
      1.2300        25.56
      1.2310        25.53
      1.2320        25.52
      1.2330        25.60
      1.2340        25.54
      1.2350        25.66
      1.2360        25.62
      1.2370        25.62
      1.2380        25.49
      1.2390        25.49
      1.2400        25.52
      1.2410        25.57
      1.2420        25.74
      1.2430        25.70
      1.2440        25.85
      1.2450        25.89
      1.2460        25.89
      1.2470        25.87
      1.2480        25.99
      1.2490        26.01
      1.2500        26.03
      1.2510        26.13
      1.2520        26.17
      1.2530        26.11
      1.2540        26.19
      1.2550        26.07
      1.2560        26.20
      1.2570        26.22
      1.2580        26.25
      1.2590        26.21
      1.2600        26.09
      1.2610        26.04
      1.2620        25.84
      1.2630        25.80
      1.2640        25.74
      1.2650        25.73
      1.2660        25.76
      1.2670        25.82
      1.2680        25.80
      1.2690        25.82
      1.2700        25.90
      1.2710        25.85
      1.2720        25.88
      1.2730        25.86
      1.2740        25.75
      1.2750        25.75
      1.2760        25.65
      1.2770        25.62
      1.2780        25.56
      1.2790        25.62
      1.2800        25.59
      1.2810        25.68
      1.2820        25.62
      1.2830        25.65
      1.2840        25.54
      1.2850        25.54
      1.2860        25.45
      1.2870        25.31
      1.2880        25.27
      1.2890        25.26
      1.2900        25.19
      1.2910        25.14
      1.2920        25.05
      1.2930        24.99
      1.2940        24.99
      1.2950        25.09
      1.2960        25.10
      1.2970        25.05
      1.2980        25.05
      1.2990        24.98
      1.3000        25.12
      1.3010        25.06
      1.3020        25.24
      1.3030        25.23
      1.3040        25.19
      1.3050        25.15
      1.3060        25.19
      1.3070        25.30
      1.3080        25.35
      1.3090        25.32
      1.3100        25.35
      1.3110        25.39
      1.3120        25.45
      1.3130        25.61
      1.3140        25.62
      1.3150        25.63
      1.3160        25.57
      1.3170        25.61
      1.3180        25.61
      1.3190        25.64
      1.3200        25.57
      1.3210        25.57
      1.3220        25.61
      1.3230        25.61
      1.3240        25.68
      1.3250        25.77
      1.3260        25.70
      1.3270        25.70
      1.3280        25.67
      1.3290        25.74
      1.3300        25.65
      1.3310        25.75
      1.3320        25.70
      1.3330        25.58
      1.3340        25.62
      1.3350        25.53
      1.3360        25.55
      1.3370        25.56
      1.3380        25.57
      1.3390        25.63
      1.3400        25.62
      1.3410        25.51
      1.3420        25.42
      1.3430        25.46
      1.3440        25.50
      1.3450        25.41
      1.3460        25.43
      1.3470        25.39
      1.3480        25.38
      1.3490        25.38
      1.3500        25.34
      1.3510        25.22
      1.3520        25.25
      1.3530        25.31
      1.3540        25.27
      1.3550        25.25
      1.3560        25.31
      1.3570        25.25
      1.3580        25.30
      1.3590        25.29
      1.3600        25.31
      1.3610        25.42
      1.3620        25.35
      1.3630        25.32
      1.3640        25.25
      1.3650        25.34
      1.3660        25.34
      1.3670        25.30
      1.3680        25.32
      1.3690        25.26
      1.3700        25.30
      1.3710        25.23
      1.3720        25.26
      1.3730        25.13
      1.3740        25.03
      1.3750        24.95
      1.3760        24.86
      1.3770        24.83
      1.3780        24.77
      1.3790        24.67
      1.3800        24.59
      1.3810        24.55
      1.3820        24.63
      1.3830        24.61
      1.3840        24.58
      1.3850        24.51
      1.3860        24.45
      1.3870        24.46
      1.3880        24.44
      1.3890        24.48
      1.3900        24.48
      1.3910        24.63
      1.3920        24.52
      1.3930        24.58
      1.3940        24.70
      1.3950        24.82
      1.3960        24.91
      1.3970        24.99
      1.3980        25.08
      1.3990        25.03
      1.4000        25.06
      1.4010        25.05
      1.4020        25.02
      1.4030        25.09
      1.4040        25.15
      1.4050        25.10
      1.4060        25.13
      1.4070        25.18
      1.4080        25.17
      1.4090        25.16
      1.4100        25.14
      1.4110        25.06
      1.4120        25.09
      1.4130        25.03
      1.4140        24.98
      1.4150        24.95
      1.4160        24.91
      1.4170        24.87
      1.4180        24.84
      1.4190        24.89
      1.4200        24.97
      1.4210        24.96
      1.4220        24.91
      1.4230        24.81
      1.4240        24.71
      1.4250        24.75
      1.4260        24.79
      1.4270        24.77
      1.4280        24.71
      1.4290        24.73
      1.4300        24.77
      1.4310        24.75
      1.4320        24.74
      1.4330        24.68
      1.4340        24.52
      1.4350        24.44
      1.4360        24.42
      1.4370        24.35
      1.4380        24.23
      1.4390        24.19
      1.4400        24.12
      1.4410        24.21
      1.4420        24.21
      1.4430        24.25
      1.4440        24.27
      1.4450        24.23
      1.4460        24.18
      1.4470        24.17
      1.4480        24.14
      1.4490        24.11
      1.4500        24.02
      1.4510        24.02
      1.4520        24.02
      1.4530        24.02
      1.4540        24.10
      1.4550        24.14
      1.4560        24.02
      1.4570        24.02
      1.4580        24.05
      1.4590        24.01
      1.4600        23.95
      1.4610        23.89
      1.4620        23.83
      1.4630        23.75
      1.4640        23.82
      1.4650        23.81
      1.4660        23.73
      1.4670        23.66
      1.4680        23.64
      1.4690        23.49
      1.4700        23.54
      1.4710        23.47
      1.4720        23.29
      1.4730        23.35
      1.4740        23.33
      1.4750        23.34
      1.4760        23.43
      1.4770        23.39
      1.4780        23.30
      1.4790        23.40
      1.4800        23.43
      1.4810        23.29
      1.4820        23.33
      1.4830        23.25
      1.4840        23.19
      1.4850        23.17
      1.4860        23.28
      1.4870        23.24
      1.4880        23.24
      1.4890        23.26
      1.4900        23.17
      1.4910        23.16
      1.4920        23.32
      1.4930        23.19
      1.4940        23.28
      1.4950        23.24
      1.4960        23.16
      1.4970        23.23
      1.4980        23.28
      1.4990        23.20
      1.5000        23.12
      1.5010        23.19
      1.5020        23.14
      1.5030        23.26
      1.5040        23.24
      1.5050        23.35
      1.5060        23.32
      1.5070        23.39
      1.5080        23.44
      1.5090        23.48
      1.5100        23.57
      1.5110        23.66
      1.5120        23.61
      1.5130        23.63
      1.5140        23.59
      1.5150        23.55
      1.5160        23.52
      1.5170        23.45
      1.5180        23.46
      1.5190        23.35
      1.5200        23.41
      1.5210        23.36
      1.5220        23.38
      1.5230        23.35
      1.5240        23.34
      1.5250        23.29
      1.5260        23.23
      1.5270        23.19
      1.5280        23.16
      1.5290        23.16
      1.5300        23.14
      1.5310        23.07
      1.5320        23.14
      1.5330        23.20
      1.5340        23.17
      1.5350        23.19
      1.5360        23.19
      1.5370        23.27
      1.5380        23.22
      1.5390        23.33
      1.5400        23.28
      1.5410        23.32
      1.5420        23.26
      1.5430        23.30
      1.5440        23.33
      1.5450        23.27
      1.5460        23.21
      1.5470        23.13
      1.5480        23.11
      1.5490        23.04
      1.5500        22.97
      1.5510        22.90
      1.5520        22.82
      1.5530        22.77
      1.5540        22.73
      1.5550        22.80
      1.5560        22.86
      1.5570        22.81
      1.5580        22.85
      1.5590        22.81
      1.5600        22.84
      1.5610        22.72
      1.5620        22.77
      1.5630        22.69
      1.5640        22.73
      1.5650        22.61
      1.5660        22.66
      1.5670        22.66
      1.5680        22.65
      1.5690        22.63
      1.5700        22.69
      1.5710        22.66
      1.5720        22.70
      1.5730        22.81
      1.5740        22.82
      1.5750        22.73
      1.5760        22.72
      1.5770        22.71
      1.5780        22.68
      1.5790        22.69
      1.5800        22.68
      1.5810        22.79
      1.5820        22.80
      1.5830        22.86
      1.5840        22.91
      1.5850        23.02
      1.5860        22.96
      1.5870        23.01
      1.5880        23.08
      1.5890        23.13
      1.5900        23.12
      1.5910        23.24
      1.5920        23.17
      1.5930        23.14
      1.5940        23.13
      1.5950        23.10
      1.5960        23.10
      1.5970        23.12
      1.5980        23.16
      1.5990        23.24
      1.6000        23.26
      1.6010        23.26
      1.6020        23.20
      1.6030        23.04
      1.6040        22.93
      1.6050        22.94
      1.6060        22.96
      1.6070        22.96
      1.6080        22.90
      1.6090        22.89
      1.6100        22.92
      1.6110        22.84
      1.6120        22.89
      1.6130        22.90
      1.6140        22.92
      1.6150        23.00
      1.6160        22.90
      1.6170        22.83
      1.6180        22.76
      1.6190        22.71
      1.6200        22.66
      1.6210        22.59
      1.6220        22.67
      1.6230        22.74
      1.6240        22.72
      1.6250        22.72
      1.6260        22.76
      1.6270        22.65
      1.6280        22.65
      1.6290        22.65
      1.6300        22.64
      1.6310        22.67
      1.6320        22.63
      1.6330        22.51
      1.6340        22.44
      1.6350        22.31
      1.6360        22.39
      1.6370        22.31
      1.6380        22.30
      1.6390        22.22
      1.6400        22.22
      1.6410        22.26
      1.6420        22.17
      1.6430        22.19
      1.6440        22.15
      1.6450        22.14
      1.6460        22.18
      1.6470        22.24
      1.6480        22.24
      1.6490        22.25
      1.6500        22.15
      1.6510        22.15
      1.6520        22.16
      1.6530        22.15
      1.6540        22.16
      1.6550        22.22
      1.6560        22.20
      1.6570        22.34
      1.6580        22.29
      1.6590        22.32
      1.6600        22.39
      1.6610        22.41
      1.6620        22.32
      1.6630        22.28
      1.6640        22.31
      1.6650        22.22
      1.6660        22.07
      1.6670        22.03
      1.6680        22.02
      1.6690        21.97
      1.6700        21.85
      1.6710        21.81
      1.6720        21.84
      1.6730        21.86
      1.6740        21.83
      1.6750        21.88
      1.6760        21.90
      1.6770        21.84
      1.6780        21.94
      1.6790        21.96
      1.6800        21.91
      1.6810        21.83
      1.6820        21.96
      1.6830        22.03
      1.6840        21.99
      1.6850        22.12
      1.6860        22.24
      1.6870        22.28
      1.6880        22.23
      1.6890        22.29
      1.6900        22.44
      1.6910        22.47
      1.6920        22.48
      1.6930        22.52
      1.6940        22.65
      1.6950        22.66
      1.6960        22.65
      1.6970        22.68
      1.6980        22.64
      1.6990        22.66
      1.7000        22.64
      1.7010        22.72
      1.7020        22.69
      1.7030        22.68
      1.7040        22.74
      1.7050        22.70
      1.7060        22.63
      1.7070        22.66
      1.7080        22.74
      1.7090        22.77
      1.7100        22.79
      1.7110        22.83
      1.7120        22.75
      1.7130        22.79
      1.7140        22.75
      1.7150        22.72
      1.7160        22.78
      1.7170        22.67
      1.7180        22.67
      1.7190        22.66
      1.7200        22.67
      1.7210        22.56
      1.7220        22.53
      1.7230        22.59
      1.7240        22.47
      1.7250        22.43
      1.7260        22.43
      1.7270        22.35
      1.7280        22.22
      1.7290        22.13
      1.7300        22.13
      1.7310        22.05
      1.7320        22.09
      1.7330        22.06
      1.7340        21.97
      1.7350        21.94
      1.7360        21.86
      1.7370        21.91
      1.7380        21.91
      1.7390        21.86
      1.7400        21.84
      1.7410        21.88
      1.7420        21.99
      1.7430        21.86
      1.7440        21.96
      1.7450        22.02
      1.7460        22.09
      1.7470        22.14
      1.7480        22.21
      1.7490        22.12
      1.7500        22.05
      1.7510        22.10
      1.7520        22.08
      1.7530        22.06
      1.7540        22.05
      1.7550        22.01
      1.7560        21.97
      1.7570        22.03
      1.7580        22.01
      1.7590        22.11
      1.7600        22.03
      1.7610        22.07
      1.7620        22.04
      1.7630        22.05
      1.7640        22.08
      1.7650        22.09
      1.7660        22.12
      1.7670        22.11
      1.7680        22.12
      1.7690        22.24
      1.7700        22.33
      1.7710        22.33
      1.7720        22.32
      1.7730        22.32
      1.7740        22.40
      1.7750        22.41
      1.7760        22.47
      1.7770        22.40
      1.7780        22.43
      1.7790        22.38
      1.7800        22.47
      1.7810        22.54
      1.7820        22.50
      1.7830        22.52
      1.7840        22.50
      1.7850        22.50
      1.7860        22.46
      1.7870        22.52
      1.7880        22.54
      1.7890        22.51
      1.7900        22.45
      1.7910        22.45
      1.7920        22.47
      1.7930        22.50
      1.7940        22.54
      1.7950        22.58
      1.7960        22.58
      1.7970        22.60
      1.7980        22.57
      1.7990        22.60
      1.8000        22.63
      1.8010        22.63
      1.8020        22.55
      1.8030        22.52
      1.8040        22.47
      1.8050        22.44
      1.8060        22.41
      1.8070        22.38
      1.8080        22.34
      1.8090        22.36
      1.8100        22.36
      1.8110        22.32
      1.8120        22.28
      1.8130        22.13
      1.8140        22.04
      1.8150        22.02
      1.8160        22.02
      1.8170        21.98
      1.8180        22.02
      1.8190        21.99
      1.8200        21.91
      1.8210        21.84
      1.8220        21.90
      1.8230        21.91
      1.8240        21.96
      1.8250        21.99
      1.8260        21.99
      1.8270        21.87
      1.8280        21.90
      1.8290        21.88
      1.8300        21.91
      1.8310        21.99
      1.8320        22.02
      1.8330        22.12
      1.8340        22.08
      1.8350        22.06
      1.8360        22.04
      1.8370        22.00
      1.8380        21.94
      1.8390        21.87
      1.8400        21.85
      1.8410        21.87
      1.8420        21.91
      1.8430        21.80
      1.8440        21.72
      1.8450        21.71
      1.8460        21.66
      1.8470        21.79
      1.8480        21.74
      1.8490        21.71
      1.8500        21.82
      1.8510        21.71
      1.8520        21.63
      1.8530        21.69
      1.8540        21.81
      1.8550        21.90
      1.8560        21.92
      1.8570        22.01
      1.8580        22.02
      1.8590        22.09
      1.8600        22.17
      1.8610        22.15
      1.8620        22.20
      1.8630        22.33
      1.8640        22.41
      1.8650        22.41
      1.8660        22.37
      1.8670        22.37
      1.8680        22.44
      1.8690        22.48
      1.8700        22.33
      1.8710        22.43
      1.8720        22.55
      1.8730        22.64
      1.8740        22.67
      1.8750        22.59
      1.8760        22.67
      1.8770        22.84
      1.8780        22.90
      1.8790        22.86
      1.8800        22.92
      1.8810        22.91
      1.8820        22.88
      1.8830        22.87
      1.8840        22.83
      1.8850        22.84
      1.8860        22.83
      1.8870        22.87
      1.8880        22.94
      1.8890        22.99
      1.8900        23.04
      1.8910        23.02
      1.8920        22.90
      1.8930        22.72
      1.8940        22.64
      1.8950        22.65
      1.8960        22.62
      1.8970        22.46
      1.8980        22.46
      1.8990        22.53
      1.9000        22.43
      1.9010        22.47
      1.9020        22.41
      1.9030        22.52
      1.9040        22.58
      1.9050        22.53
      1.9060        22.72
      1.9070        22.65
      1.9080        22.60
      1.9090        22.56
      1.9100        22.46
      1.9110        22.50
      1.9120        22.61
      1.9130        22.61
      1.9140        22.62
      1.9150        22.75
      1.9160        22.67
      1.9170        22.59
      1.9180        22.59
      1.9190        22.52
      1.9200        22.51
      1.9210        22.47
      1.9220        22.49
      1.9230        22.34
      1.9240        22.24
      1.9250        22.28
      1.9260        22.21
      1.9270        22.21
      1.9280        22.13
      1.9290        22.11
      1.9300        22.16
      1.9310        22.00
      1.9320        22.06
      1.9330        22.00
      1.9340        21.99
      1.9350        21.86
      1.9360        21.87
      1.9370        21.86
      1.9380        21.87
      1.9390        21.87
      1.9400        21.94
      1.9410        21.86
      1.9420        21.88
      1.9430        21.96
      1.9440        22.06
      1.9450        21.94
      1.9460        21.96
      1.9470        21.89
      1.9480        21.93
      1.9490        22.01
      1.9500        21.95
      1.9510        21.91
      1.9520        21.81
      1.9530        21.87
      1.9540        21.86
      1.9550        21.83
      1.9560        21.91
      1.9570        21.98
      1.9580        21.87
      1.9590        21.87
      1.9600        21.78
      1.9610        21.83
      1.9620        21.77
      1.9630        21.75
      1.9640        21.70
      1.9650        21.78
      1.9660        21.78
      1.9670        21.81
      1.9680        21.85
      1.9690        21.79
      1.9700        21.91
      1.9710        22.06
      1.9720        22.11
      1.9730        22.18
      1.9740        22.24
      1.9750        22.32
      1.9760        22.27
      1.9770        22.25
      1.9780        22.33
      1.9790        22.32
      1.9800        22.38
      1.9810        22.40
      1.9820        22.44
      1.9830        22.46
      1.9840        22.50
      1.9850        22.42
      1.9860        22.30
      1.9870        22.39
      1.9880        22.29
      1.9890        22.21
      1.9900        22.15
      1.9910        22.01
      1.9920        21.98
      1.9930        21.91
      1.9940        21.81
      1.9950        21.74
      1.9960        21.68
      1.9970        21.65
      1.9980        21.69
      1.9990        21.67
      2.0000        21.68
      2.0010        21.77
      2.0020        21.80
      2.0030        21.70
      2.0040        21.69
      2.0050        21.85
      2.0060        21.96
      2.0070        21.90
      2.0080        21.90
      2.0090        21.96
      2.0100        22.05
      2.0110        22.11
      2.0120        22.11
      2.0130        22.21
      2.0140        22.23
      2.0150        22.23
      2.0160        22.28
      2.0170        22.30
      2.0180        22.32
      2.0190        22.42
      2.0200        22.37
      2.0210        22.25
      2.0220        22.25
      2.0230        22.30
      2.0240        22.30
      2.0250        22.25
      2.0260        22.14
      2.0270        22.19
      2.0280        22.31
      2.0290        22.30
      2.0300        22.16
      2.0310        22.18
      2.0320        22.18
      2.0330        22.08
      2.0340        22.12
      2.0350        22.17
      2.0360        22.09
      2.0370        22.08
      2.0380        21.97
      2.0390        21.88
      2.0400        21.89
      2.0410        22.02
      2.0420        21.89
      2.0430        21.76
      2.0440        21.76
      2.0450        21.72
      2.0460        21.75
      2.0470        21.67
      2.0480        21.63
      2.0490        21.64
      2.0500        21.64
      2.0510        21.60
      2.0520        21.63
      2.0530        21.64
      2.0540        21.63
      2.0550        21.57
      2.0560        21.64
      2.0570        21.72
      2.0580        21.71
      2.0590        21.75
      2.0600        21.77
      2.0610        21.74
      2.0620        21.76
      2.0630        21.86
      2.0640        21.81
      2.0650        21.84
      2.0660        21.90
      2.0670        21.93
      2.0680        21.93
      2.0690        21.92
      2.0700        22.00
      2.0710        22.07
      2.0720        22.01
      2.0730        22.00
      2.0740        22.00
      2.0750        21.96
      2.0760        21.95
      2.0770        21.82
      2.0780        21.78
      2.0790        21.75
      2.0800        21.74
      2.0810        21.66
      2.0820        21.74
      2.0830        21.66
      2.0840        21.67
      2.0850        21.70
      2.0860        21.63
      2.0870        21.70
      2.0880        21.68
      2.0890        21.64
      2.0900        21.64
      2.0910        21.71
      2.0920        21.72
      2.0930        21.71
      2.0940        21.68
      2.0950        21.76
      2.0960        21.73
      2.0970        21.80
      2.0980        21.92
      2.0990        21.97
      2.1000        21.96
      2.1010        21.97
      2.1020        21.97
      2.1030        22.03
      2.1040        22.04
      2.1050        22.10
      2.1060        22.15
      2.1070        22.10
      2.1080        22.12
      2.1090        22.21
      2.1100        22.15
      2.1110        22.06
      2.1120        22.05
      2.1130        22.10
      2.1140        22.11
      2.1150        22.08
      2.1160        22.16
      2.1170        22.14
      2.1180        22.04
      2.1190        22.03
      2.1200        22.04
      2.1210        22.11
      2.1220        22.15
      2.1230        22.18
      2.1240        22.19
      2.1250        22.14
      2.1260        22.16
      2.1270        22.10
      2.1280        22.00
      2.1290        21.91
      2.1300        21.95
      2.1310        21.90
      2.1320        21.90
      2.1330        21.88
      2.1340        21.86
      2.1350        21.83
      2.1360        21.84
      2.1370        21.91
      2.1380        21.96
      2.1390        21.81
      2.1400        21.77
      2.1410        21.80
      2.1420        21.81
      2.1430        21.81
      2.1440        21.85
      2.1450        21.83
      2.1460        21.75
      2.1470        21.85
      2.1480        21.95
      2.1490        22.08
      2.1500        22.04
      2.1510        22.16
      2.1520        22.20
      2.1530        22.21
      2.1540        22.37
      2.1550        22.51
      2.1560        22.56
      2.1570        22.56
      2.1580        22.56
      2.1590        22.75
      2.1600        22.67
      2.1610        22.55
      2.1620        22.44
      2.1630        22.35
      2.1640        22.27
      2.1650        22.30
      2.1660        22.26
      2.1670        22.18
      2.1680        22.11
      2.1690        22.02
      2.1700        22.07
      2.1710        21.96
      2.1720        21.87
      2.1730        21.84
      2.1740        21.78
      2.1750        21.69
      2.1760        21.59
      2.1770        21.55
      2.1780        21.53
      2.1790        21.52
      2.1800        21.58
      2.1810        21.68
      2.1820        21.74
      2.1830        21.84
      2.1840        21.89
      2.1850        21.84
      2.1860        21.85
      2.1870        21.84
      2.1880        21.82
      2.1890        21.92
      2.1900        21.89
      2.1910        22.01
      2.1920        22.06
      2.1930        22.04
      2.1940        21.95
      2.1950        21.90
      2.1960        22.00
      2.1970        22.00
      2.1980        21.91
      2.1990        21.93
      2.2000        21.91
      2.2010        21.86
      2.2020        21.87
      2.2030        21.95
      2.2040        22.04
      2.2050        22.06
      2.2060        22.08
      2.2070        22.16
      2.2080        22.22
      2.2090        22.22
      2.2100        22.22
      2.2110        22.30
      2.2120        22.33
      2.2130        22.28
      2.2140        22.28
      2.2150        22.32
      2.2160        22.20
      2.2170        22.20
      2.2180        22.32
      2.2190        22.23
      2.2200        22.22
      2.2210        22.15
      2.2220        22.16
      2.2230        21.98
      2.2240        21.88
      2.2250        21.92
      2.2260        21.91
      2.2270        21.84
      2.2280        21.83
      2.2290        21.83
      2.2300        21.83
      2.2310        21.78
      2.2320        21.75
      2.2330        21.88
      2.2340        21.91
      2.2350        21.91
      2.2360        21.96
      2.2370        22.00
      2.2380        21.96
      2.2390        22.01
      2.2400        22.01
      2.2410        22.08
      2.2420        22.03
      2.2430        22.06
      2.2440        22.07
      2.2450        22.03
      2.2460        22.13
      2.2470        22.10
      2.2480        22.06
      2.2490        21.93
      2.2500        21.94
      2.2510        21.85
      2.2520        21.80
      2.2530        21.76
      2.2540        21.80
      2.2550        21.82
      2.2560        21.75
      2.2570        21.57
      2.2580        21.52
      2.2590        21.51
      2.2600        21.60
      2.2610        21.59
      2.2620        21.61
      2.2630        21.76
      2.2640        21.80
      2.2650        21.77
      2.2660        21.81
      2.2670        21.94
      2.2680        21.96
      2.2690        22.08
      2.2700        22.12
      2.2710        22.14
      2.2720        22.24
      2.2730        22.24
      2.2740        22.19
      2.2750        22.27
      2.2760        22.29
      2.2770        22.32
      2.2780        22.26
      2.2790        22.31
      2.2800        22.27
      2.2810        22.24
      2.2820        22.23
      2.2830        22.17
      2.2840        22.04
      2.2850        22.01
      2.2860        21.85
      2.2870        21.79
      2.2880        21.87
      2.2890        21.83
      2.2900        21.79
      2.2910        21.78
      2.2920        21.71
      2.2930        21.75
      2.2940        21.79
      2.2950        21.72
      2.2960        21.73
      2.2970        21.85
      2.2980        22.03
      2.2990        22.01
      2.3000        21.99
      2.3010        22.06
      2.3020        22.00
      2.3030        21.94
      2.3040        22.08
      2.3050        22.13
      2.3060        22.17
      2.3070        22.05
      2.3080        22.00
      2.3090        21.97
      2.3100        21.86
      2.3110        21.92
      2.3120        21.92
      2.3130        21.81
      2.3140        21.76
      2.3150        21.61
      2.3160        21.60
      2.3170        21.51
      2.3180        21.41
      2.3190        21.34
      2.3200        21.34
      2.3210        21.25
      2.3220        21.26
      2.3230        21.24
      2.3240        21.17
      2.3250        21.18
      2.3260        21.19
      2.3270        21.19
      2.3280        21.15
      2.3290        21.14
      2.3300        21.17
      2.3310        21.01
      2.3320        21.01
      2.3330        20.93
      2.3340        20.95
      2.3350        20.93
      2.3360        20.90
      2.3370        20.92
      2.3380        20.91
      2.3390        20.94
      2.3400        20.97
      2.3410        20.95
      2.3420        20.92
      2.3430        20.86
      2.3440        20.81
      2.3450        20.74
      2.3460        20.69
      2.3470        20.67
      2.3480        20.63
      2.3490        20.63
      2.3500        20.54
      2.3510        20.64
      2.3520        20.61
      2.3530        20.60
      2.3540        20.49
      2.3550        20.60
      2.3560        20.60
      2.3570        20.59
      2.3580        20.56
      2.3590        20.52
      2.3600        20.49
      2.3610        20.53
      2.3620        20.56
      2.3630        20.62
      2.3640        20.52
      2.3650        20.53
      2.3660        20.53
      2.3670        20.55
      2.3680        20.60
      2.3690        20.52
      2.3700        20.55
      2.3710        20.44
      2.3720        20.44
      2.3730        20.55
      2.3740        20.66
      2.3750        20.62
      2.3760        20.56
      2.3770        20.60
      2.3780        20.66
      2.3790        20.67
      2.3800        20.60
      2.3810        20.60
      2.3820        20.75
      2.3830        20.73
      2.3840        20.77
      2.3850        20.77
      2.3860        20.79
      2.3870        20.84
      2.3880        20.79
      2.3890        20.74
      2.3900        20.76
      2.3910        20.80
      2.3920        20.73
      2.3930        20.81
      2.3940        20.83
      2.3950        20.81
      2.3960        20.84
      2.3970        20.83
      2.3980        20.84
      2.3990        20.79
      2.4000        20.84
      2.4010        20.84
      2.4020        20.74
      2.4030        20.74
      2.4040        20.82
      2.4050        20.75
      2.4060        20.76
      2.4070        20.76
      2.4080        20.75
      2.4090        20.82
      2.4100        20.86
      2.4110        20.83
      2.4120        20.92
      2.4130        20.89
      2.4140        20.81
      2.4150        20.81
      2.4160        20.79
      2.4170        20.80
      2.4180        20.85
      2.4190        21.00
      2.4200        21.03
      2.4210        21.00
      2.4220        20.95
      2.4230        20.94
      2.4240        20.87
      2.4250        20.91
      2.4260        20.87
      2.4270        20.87
      2.4280        20.95
      2.4290        20.95
      2.4300        21.00
      2.4310        21.13
      2.4320        21.01
      2.4330        20.89
      2.4340        20.89
      2.4350        21.05
      2.4360        21.05
      2.4370        20.90
      2.4380        20.85
      2.4390        20.75
      2.4400        20.69
      2.4410        20.67
      2.4420        20.75
      2.4430        20.78
      2.4440        20.83
      2.4450        20.78
      2.4460        20.80
      2.4470        20.79
      2.4480        20.76
      2.4490        20.76
      2.4500        20.72
      2.4510        20.57
      2.4520        20.63
      2.4530        20.61
      2.4540        20.60
      2.4550        20.44
      2.4560        20.43
      2.4570        20.60
      2.4580        20.51
      2.4590        20.40
      2.4600        20.36
      2.4610        20.35
      2.4620        20.31
      2.4630        20.24
      2.4640        20.24
      2.4650        20.28
      2.4660        20.24
      2.4670        20.20
      2.4680        20.23
      2.4690        20.24
      2.4700        20.18
      2.4710        20.17
      2.4720        20.25
      2.4730        20.29
      2.4740        20.33
      2.4750        20.29
      2.4760        20.34
      2.4770        20.37
      2.4780        20.43
      2.4790        20.48
      2.4800        20.47
      2.4810        20.48
      2.4820        20.37
      2.4830        20.45
      2.4840        20.43
      2.4850        20.41
      2.4860        20.33
      2.4870        20.39
      2.4880        20.29
      2.4890        20.39
      2.4900        20.47
      2.4910        20.59
      2.4920        20.53
      2.4930        20.52
      2.4940        20.56
      2.4950        20.60
      2.4960        20.60
      2.4970        20.57
      2.4980        20.57
      2.4990        20.53
      2.5000        20.58
      2.5010        20.56
      2.5020        20.68
      2.5030        20.61
      2.5040        20.53
      2.5050        20.58
      2.5060        20.76
      2.5070        20.72
      2.5080        20.79
      2.5090        20.73
      2.5100        20.76
      2.5110        20.72
      2.5120        20.70
      2.5130        20.77
      2.5140        20.71
      2.5150        20.76
      2.5160        20.75
      2.5170        20.74
      2.5180        20.75
      2.5190        20.83
      2.5200        20.96
      2.5210        21.02
      2.5220        20.99
      2.5230        21.08
      2.5240        21.19
      2.5250        21.14
      2.5260        21.06
      2.5270        21.12
      2.5280        21.15
      2.5290        21.05
      2.5300        20.99
      2.5310        20.96
      2.5320        21.03
      2.5330        20.92
      2.5340        20.89
      2.5350        20.81
      2.5360        20.77
      2.5370        20.66
      2.5380        20.69
      2.5390        20.66
      2.5400        20.49
      2.5410        20.42
      2.5420        20.36
      2.5430        20.26
      2.5440        20.25
      2.5450        20.24
      2.5460        20.25
      2.5470        20.13
      2.5480        20.12
      2.5490        20.22
      2.5500        20.24
      2.5510        20.24
      2.5520        20.14
      2.5530        20.17
      2.5540        20.17
      2.5550        20.33
      2.5560        20.39
      2.5570        20.50
      2.5580        20.46
      2.5590        20.45
      2.5600        20.49
      2.5610        20.54
      2.5620        20.61
      2.5630        20.66
      2.5640        20.57
      2.5650        20.59
      2.5660        20.59
      2.5670        20.65
      2.5680        20.61
      2.5690        20.58
      2.5700        20.51
      2.5710        20.43
      2.5720        20.39
      2.5730        20.38
      2.5740        20.31
      2.5750        20.15
      2.5760        20.13
      2.5770        20.10
      2.5780        20.01
      2.5790        19.90
      2.5800        19.91
      2.5810        19.89
      2.5820        19.84
      2.5830        19.82
      2.5840        19.88
      2.5850        19.89
      2.5860        19.83
      2.5870        19.89
      2.5880        19.89
      2.5890        19.80
      2.5900        19.93
      2.5910        20.03
      2.5920        20.03
      2.5930        20.05
      2.5940        20.16
      2.5950        20.19
      2.5960        20.21
      2.5970        20.17
      2.5980        20.24
      2.5990        20.31
      2.6000        20.36
      2.6010        20.31
      2.6020        20.31
      2.6030        20.23
      2.6040        20.20
      2.6050        20.23
      2.6060        20.22
      2.6070        20.18
      2.6080        20.25
      2.6090        20.33
      2.6100        20.33
      2.6110        20.34
      2.6120        20.33
      2.6130        20.33
      2.6140        20.30
      2.6150        20.27
      2.6160        20.26
      2.6170        20.19
      2.6180        20.17
      2.6190        20.23
      2.6200        20.19
      2.6210        20.21
      2.6220        20.22
      2.6230        20.31
      2.6240        20.29
      2.6250        20.21
      2.6260        20.25
      2.6270        20.22
      2.6280        20.15
      2.6290        20.14
      2.6300        20.07
      2.6310        20.02
      2.6320        20.20
      2.6330        20.14
      2.6340        20.13
      2.6350        20.21
      2.6360        20.28
      2.6370        20.34
      2.6380        20.40
      2.6390        20.37
      2.6400        20.42
      2.6410        20.49
      2.6420        20.56
      2.6430        20.59
      2.6440        20.66
      2.6450        20.84
      2.6460        20.87
      2.6470        20.87
      2.6480        20.86
      2.6490        20.89
      2.6500        20.95
      2.6510        20.98
      2.6520        20.86
      2.6530        20.86
      2.6540        20.85
      2.6550        20.79
      2.6560        20.66
      2.6570        20.63
      2.6580        20.58
      2.6590        20.66
      2.6600        20.49
      2.6610        20.42
      2.6620        20.38
      2.6630        20.29
      2.6640        20.23
      2.6650        19.95
      2.6660        19.86
      2.6670        19.90
      2.6680        19.94
      2.6690        19.94
      2.6700        19.79
      2.6710        19.79
      2.6720        19.80
      2.6730        19.79
      2.6740        19.82
      2.6750        19.82
      2.6760        19.79
      2.6770        19.73
      2.6780        19.73
      2.6790        19.66
      2.6800        19.75
      2.6810        19.82
      2.6820        19.75
      2.6830        19.74
      2.6840        19.76
      2.6850        19.87
      2.6860        19.91
      2.6870        19.81
      2.6880        19.70
      2.6890        19.71
      2.6900        19.79
      2.6910        19.82
      2.6920        19.85
      2.6930        19.93
      2.6940        19.93
      2.6950        19.96
      2.6960        19.92
      2.6970        19.93
      2.6980        20.05
      2.6990        20.10
      2.7000        20.13
      2.7010        20.09
      2.7020        20.19
      2.7030        20.26
      2.7040        20.37
      2.7050        20.43
      2.7060        20.50
      2.7070        20.51
      2.7080        20.57
      2.7090        20.57
      2.7100        20.57
      2.7110        20.54
      2.7120        20.41
      2.7130        20.39
      2.7140        20.47
      2.7150        20.41
      2.7160        20.52
      2.7170        20.56
      2.7180        20.40
      2.7190        20.37
      2.7200        20.33
      2.7210        20.32
      2.7220        20.30
      2.7230        20.24
      2.7240        20.15
      2.7250        20.14
      2.7260        20.13
      2.7270        20.26
      2.7280        20.36
      2.7290        20.44
      2.7300        20.51
      2.7310        20.55
      2.7320        20.79
      2.7330        20.84
      2.7340        20.77
      2.7350        20.84
      2.7360        20.93
      2.7370        20.98
      2.7380        21.05
      2.7390        21.00
      2.7400        21.02
      2.7410        21.16
      2.7420        21.16
      2.7430        21.17
      2.7440        21.17
      2.7450        21.12
      2.7460        21.12
      2.7470        21.02
      2.7480        20.92
      2.7490        20.80
      2.7500        20.76
      2.7510        20.77
      2.7520        20.71
      2.7530        20.64
      2.7540        20.66
      2.7550        20.65
      2.7560        20.51
      2.7570        20.56
      2.7580        20.56
      2.7590        20.61
      2.7600        20.63
      2.7610        20.55
      2.7620        20.55
      2.7630        20.52
      2.7640        20.56
      2.7650        20.56
      2.7660        20.65
      2.7670        20.68
      2.7680        20.66
      2.7690        20.58
      2.7700        20.60
      2.7710        20.53
      2.7720        20.54
      2.7730        20.50
      2.7740        20.42
      2.7750        20.36
      2.7760        20.38
      2.7770        20.33
      2.7780        20.37
      2.7790        20.35
      2.7800        20.24
      2.7810        20.21
      2.7820        20.16
      2.7830        20.24
      2.7840        20.17
      2.7850        20.21
      2.7860        20.05
      2.7870        20.04
      2.7880        20.05
      2.7890        20.23
      2.7900        20.23
      2.7910        20.20
      2.7920        20.27
      2.7930        20.37
      2.7940        20.41
      2.7950        20.40
      2.7960        20.42
      2.7970        20.44
      2.7980        20.46
      2.7990        20.48
      2.8000        20.64
      2.8010        20.61
      2.8020        20.68
      2.8030        20.72
      2.8040        20.79
      2.8050        20.68
      2.8060        20.71
      2.8070        20.65
      2.8080        20.68
      2.8090        20.59
      2.8100        20.57
      2.8110        20.66
      2.8120        20.43
      2.8130        20.39
      2.8140        20.41
      2.8150        20.52
      2.8160        20.49
      2.8170        20.43
      2.8180        20.36
      2.8190        20.41
      2.8200        20.41
      2.8210        20.44
      2.8220        20.40
      2.8230        20.34
      2.8240        20.36
      2.8250        20.46
      2.8260        20.56
      2.8270        20.58
      2.8280        20.60
      2.8290        20.68
      2.8300        20.63
      2.8310        20.49
      2.8320        20.59
      2.8330        20.53
      2.8340        20.48
      2.8350        20.32
      2.8360        20.47
      2.8370        20.47
      2.8380        20.43
      2.8390        20.28
      2.8400        20.20
      2.8410        20.16
      2.8420        20.13
      2.8430        20.08
      2.8440        20.04
      2.8450        20.04
      2.8460        19.95
      2.8470        19.99
      2.8480        19.97
      2.8490        19.86
      2.8500        19.85
      2.8510        19.94
      2.8520        20.00
      2.8530        20.04
      2.8540        20.08
      2.8550        20.18
      2.8560        20.03
      2.8570        20.02
      2.8580        20.09
      2.8590        20.13
      2.8600        20.14
      2.8610        20.20
      2.8620        20.20
      2.8630        20.16
      2.8640        20.08
      2.8650        20.02
      2.8660        20.08
      2.8670        20.02
      2.8680        20.01
      2.8690        19.95
      2.8700        19.98
      2.8710        19.96
      2.8720        19.86
      2.8730        19.91
      2.8740        19.81
      2.8750        19.82
      2.8760        19.83
      2.8770        19.99
      2.8780        19.90
      2.8790        19.96
      2.8800        20.03
      2.8810        20.06
      2.8820        20.10
      2.8830        20.24
      2.8840        20.31
      2.8850        20.35
      2.8860        20.30
      2.8870        20.39
      2.8880        20.31
      2.8890        20.44
      2.8900        20.46
      2.8910        20.47
      2.8920        20.54
      2.8930        20.48
      2.8940        20.63
      2.8950        20.61
      2.8960        20.63
      2.8970        20.49
      2.8980        20.53
      2.8990        20.44
      2.9000        20.36
      2.9010        20.34
      2.9020        20.33
      2.9030        20.21
      2.9040        20.10
      2.9050        20.20
      2.9060        20.17
      2.9070        20.17
      2.9080        20.26
      2.9090        20.21
      2.9100        20.21
      2.9110        20.24
      2.9120        20.24
      2.9130        20.24
      2.9140        20.14
      2.9150        20.17
      2.9160        20.13
      2.9170        20.14
      2.9180        20.20
      2.9190        20.30
      2.9200        20.20
      2.9210        20.22
      2.9220        20.21
      2.9230        20.20
      2.9240        20.31
      2.9250        20.20
      2.9260        20.27
      2.9270        20.10
      2.9280        20.01
      2.9290        20.02
      2.9300        19.98
      2.9310        19.94
      2.9320        19.90
      2.9330        19.90
      2.9340        19.94
      2.9350        19.91
      2.9360        19.94
      2.9370        19.96
      2.9380        19.87
      2.9390        19.84
      2.9400        20.02
      2.9410        19.93
      2.9420        20.00
      2.9430        19.96
      2.9440        19.97
      2.9450        19.94
      2.9460        19.89
      2.9470        20.00
      2.9480        20.12
      2.9490        20.02
      2.9500        19.99
      2.9510        19.98
      2.9520        19.88
      2.9530        19.83
      2.9540        19.75
      2.9550        19.70
      2.9560        19.62
      2.9570        19.47
      2.9580        19.48
      2.9590        19.42
      2.9600        19.37
      2.9610        19.29
      2.9620        19.17
      2.9630        19.25
      2.9640        19.17
      2.9650        19.23
      2.9660        19.22
      2.9670        19.19
      2.9680        19.20
      2.9690        19.20
      2.9700        19.25
      2.9710        19.25
      2.9720        19.37
      2.9730        19.40
      2.9740        19.49
      2.9750        19.55
      2.9760        19.56
      2.9770        19.73
      2.9780        19.76
      2.9790        19.78
      2.9800        19.76
      2.9810        19.79
      2.9820        19.83
      2.9830        19.80
      2.9840        19.95
      2.9850        20.03
      2.9860        20.01
      2.9870        19.95
      2.9880        19.85
      2.9890        20.02
      2.9900        20.03
      2.9910        20.08
      2.9920        20.06
      2.9930        20.11
      2.9940        20.18
      2.9950        20.20
      2.9960        20.35
      2.9970        20.38
      2.9980        20.43
      2.9990        20.55
