        Time   Palpation Force
      0.0000         1.00
      0.0010         1.00
      0.0020         1.00
      0.0030         1.00
      0.0040         1.00
      0.0050         1.00
      0.0060         1.00
      0.0070         1.00
      0.0080         1.00
      0.0090         1.00
      0.0100         1.00
      0.0110         1.00
      0.0120         1.00
      0.0130         1.00
      0.0140         1.00
      0.0150         1.00
      0.0160         1.00
      0.0170         1.00
      0.0180         1.00
      0.0190         1.00
      0.0200         1.00
      0.0210         1.00
      0.0220         1.00
      0.0230         1.00
      0.0240         1.00
      0.0250         1.00
      0.0260         1.00
      0.0270         1.00
      0.0280         1.00
      0.0290         1.00
      0.0300         1.00
      0.0310         1.00
      0.0320         1.00
      0.0330         1.00
      0.0340         1.00
      0.0350         1.00
      0.0360         1.00
      0.0370         1.00
      0.0380         1.00
      0.0390         1.00
      0.0400         1.00
      0.0410         1.00
      0.0420         1.00
      0.0430         1.00
      0.0440         1.00
      0.0450         1.00
      0.0460         1.00
      0.0470         1.00
      0.0480         1.00
      0.0490         1.00
      0.0500         1.00
      0.0510         1.00
      0.0520         1.00
      0.0530         1.00
      0.0540         1.00
      0.0550         1.00
      0.0560         1.00
      0.0570         1.00
      0.0580         1.00
      0.0590         1.00
      0.0600         1.00
      0.0610         1.00
      0.0620         1.00
      0.0630         1.00
      0.0640         1.00
      0.0650         1.00
      0.0660         1.00
      0.0670         1.00
      0.0680         1.00
      0.0690         1.00
      0.0700         1.00
      0.0710         1.00
      0.0720         1.00
      0.0730         1.00
      0.0740         1.00
      0.0750         1.00
      0.0760         1.00
      0.0770         1.00
      0.0780         1.00
      0.0790         1.00
      0.0800         1.00
      0.0810         1.00
      0.0820         1.00
      0.0830         1.00
      0.0840         1.00
      0.0850         1.00
      0.0860         1.00
      0.0870         1.00
      0.0880         1.00
      0.0890         1.00
      0.0900         1.00
      0.0910         1.00
      0.0920         1.00
      0.0930         1.00
      0.0940         1.00
      0.0950         1.00
      0.0960         1.00
      0.0970         1.00
      0.0980         1.00
      0.0990         1.00
      0.1000         1.00
      0.1010         1.00
      0.1020         1.00
      0.1030         1.00
      0.1040         1.00
      0.1050         1.00
      0.1060         1.00
      0.1070         1.00
      0.1080         1.00
      0.1090         1.00
      0.1100         1.00
      0.1110         1.00
      0.1120         1.00
      0.1130         1.00
      0.1140         1.00
      0.1150         1.00
      0.1160         1.00
      0.1170         1.00
      0.1180         1.00
      0.1190         1.00
      0.1200         1.00
      0.1210         1.00
      0.1220         1.00
      0.1230         1.00
      0.1240         1.00
      0.1250         1.00
      0.1260         1.00
      0.1270         1.00
      0.1280         1.00
      0.1290         1.00
      0.1300         1.00
      0.1310         1.00
      0.1320         1.00
      0.1330         1.00
      0.1340         1.00
      0.1350         1.00
      0.1360         1.00
      0.1370         1.00
      0.1380         1.00
      0.1390         1.00
      0.1400         1.00
      0.1410         1.00
      0.1420         1.00
      0.1430         1.00
      0.1440         1.00
      0.1450         1.00
      0.1460         1.00
      0.1470         1.00
      0.1480         1.00
      0.1490         1.00
      0.1500         1.00
      0.1510         1.00
      0.1520         1.00
      0.1530         1.00
      0.1540         1.00
      0.1550         1.00
      0.1560         1.00
      0.1570         1.00
      0.1580         1.00
      0.1590         1.00
      0.1600         1.00
      0.1610         1.00
      0.1620         1.00
      0.1630         1.00
      0.1640         1.00
      0.1650         1.00
      0.1660         1.00
      0.1670         1.00
      0.1680         1.00
      0.1690         1.00
      0.1700         1.00
      0.1710         1.00
      0.1720         1.00
      0.1730         1.00
      0.1740         1.00
      0.1750         1.00
      0.1760         1.00
      0.1770         1.00
      0.1780         1.00
      0.1790         1.00
      0.1800         1.00
      0.1810         1.00
      0.1820         1.00
      0.1830         1.00
      0.1840         1.00
      0.1850         1.00
      0.1860         1.00
      0.1870         1.00
      0.1880         1.00
      0.1890         1.00
      0.1900         1.00
      0.1910         1.00
      0.1920         1.00
      0.1930         1.00
      0.1940         1.00
      0.1950         1.00
      0.1960         1.00
      0.1970         1.00
      0.1980         1.00
      0.1990         1.00
      0.2000         1.00
      0.2010         1.00
      0.2020         1.00
      0.2030         1.00
      0.2040         1.00
      0.2050         1.00
      0.2060         1.00
      0.2070         1.00
      0.2080         1.00
      0.2090         1.00
      0.2100         1.00
      0.2110         1.00
      0.2120         1.00
      0.2130         1.00
      0.2140         1.00
      0.2150         1.00
      0.2160         1.00
      0.2170         1.00
      0.2180         1.00
      0.2190         1.00
      0.2200         1.00
      0.2210         1.00
      0.2220         1.00
      0.2230         1.00
      0.2240         1.00
      0.2250         1.00
      0.2260         1.00
      0.2270         1.00
      0.2280         1.00
      0.2290         1.00
      0.2300         1.00
      0.2310         1.00
      0.2320         1.00
      0.2330         1.00
      0.2340         1.00
      0.2350         1.00
      0.2360         1.00
      0.2370         1.00
      0.2380         1.00
      0.2390         1.00
      0.2400         1.00
      0.2410         1.00
      0.2420         1.00
      0.2430         1.00
      0.2440         1.00
      0.2450         1.00
      0.2460         1.00
      0.2470         1.00
      0.2480         1.00
      0.2490         1.00
      0.2500         1.00
      0.2510         1.00
      0.2520         1.00
      0.2530         1.00
      0.2540         1.00
      0.2550         1.00
      0.2560         1.00
      0.2570         1.00
      0.2580         1.00
      0.2590         1.00
      0.2600         1.00
      0.2610         1.00
      0.2620         1.00
      0.2630         1.00
      0.2640         1.00
      0.2650         1.00
      0.2660         1.00
      0.2670         1.00
      0.2680         1.00
      0.2690         1.00
      0.2700         1.00
      0.2710         1.00
      0.2720         1.00
      0.2730         1.00
      0.2740         1.00
      0.2750         1.00
      0.2760         1.00
      0.2770         1.00
      0.2780         1.00
      0.2790         1.00
      0.2800         1.00
      0.2810         1.00
      0.2820         1.00
      0.2830         1.00
      0.2840         1.00
      0.2850         1.00
      0.2860         1.00
      0.2870         1.00
      0.2880         1.00
      0.2890         1.00
      0.2900         1.00
      0.2910         1.00
      0.2920         1.00
      0.2930         1.00
      0.2940         1.00
      0.2950         1.00
      0.2960         1.00
      0.2970         1.00
      0.2980         1.00
      0.2990         1.00
      0.3000         1.00
      0.3010         1.00
      0.3020         1.00
      0.3030         1.00
      0.3040         1.00
      0.3050         1.00
      0.3060         1.00
      0.3070         1.00
      0.3080         1.00
      0.3090         1.00
      0.3100         1.00
      0.3110         1.00
      0.3120         1.00
      0.3130         1.00
      0.3140         1.00
      0.3150         1.00
      0.3160         1.00
      0.3170         1.00
      0.3180         1.00
      0.3190         1.00
      0.3200         1.00
      0.3210         1.00
      0.3220         1.00
      0.3230         1.00
      0.3240         1.00
      0.3250         1.00
      0.3260         1.00
      0.3270         1.00
      0.3280         1.00
      0.3290         1.00
      0.3300         1.00
      0.3310         1.00
      0.3320         1.00
      0.3330         1.00
      0.3340         1.00
      0.3350         1.00
      0.3360         1.00
      0.3370         1.00
      0.3380         1.00
      0.3390         1.00
      0.3400         1.00
      0.3410         1.00
      0.3420         1.00
      0.3430         1.00
      0.3440         1.00
      0.3450         1.00
      0.3460         1.00
      0.3470         1.00
      0.3480         1.00
      0.3490         1.00
      0.3500         1.00
      0.3510         1.00
      0.3520         1.00
      0.3530         1.00
      0.3540         1.00
      0.3550         1.00
      0.3560         1.00
      0.3570         1.00
      0.3580         1.00
      0.3590         1.00
      0.3600         1.00
      0.3610         1.00
      0.3620         1.00
      0.3630         1.00
      0.3640         1.00
      0.3650         1.00
      0.3660         1.00
      0.3670         1.00
      0.3680         1.00
      0.3690         1.00
      0.3700         1.00
      0.3710         1.00
      0.3720         1.00
      0.3730         1.00
      0.3740         1.00
      0.3750         1.00
      0.3760         1.00
      0.3770         1.00
      0.3780         1.00
      0.3790         1.00
      0.3800         1.00
      0.3810         1.00
      0.3820         1.00
      0.3830         1.00
      0.3840         1.00
      0.3850         1.00
      0.3860         1.00
      0.3870         1.00
      0.3880         1.00
      0.3890         1.00
      0.3900         1.00
      0.3910         1.00
      0.3920         1.00
      0.3930         1.00
      0.3940         1.00
      0.3950         1.00
      0.3960         1.00
      0.3970         1.00
      0.3980         1.00
      0.3990         1.00
      0.4000         1.00
      0.4010         1.00
      0.4020         1.00
      0.4030         1.00
      0.4040         1.00
      0.4050         1.00
      0.4060         1.00
      0.4070         1.00
      0.4080         1.00
      0.4090         1.00
      0.4100         1.00
      0.4110         1.00
      0.4120         1.00
      0.4130         1.00
      0.4140         1.00
      0.4150         1.00
      0.4160         1.00
      0.4170         1.00
      0.4180         1.00
      0.4190         1.00
      0.4200         1.00
      0.4210         1.00
      0.4220         1.00
      0.4230         1.00
      0.4240         1.00
      0.4250         1.00
      0.4260         1.00
      0.4270         1.00
      0.4280         1.00
      0.4290         1.00
      0.4300         1.00
      0.4310         1.00
      0.4320         1.00
      0.4330         1.00
      0.4340         1.00
      0.4350         1.00
      0.4360         1.00
      0.4370         1.00
      0.4380         1.00
      0.4390         1.00
      0.4400         1.00
      0.4410         1.00
      0.4420         1.00
      0.4430         1.00
      0.4440         1.00
      0.4450         1.00
      0.4460         1.00
      0.4470         1.00
      0.4480         1.00
      0.4490         1.00
      0.4500         1.00
      0.4510         1.00
      0.4520         1.00
      0.4530         1.00
      0.4540         1.00
      0.4550         1.00
      0.4560         1.00
      0.4570         1.00
      0.4580         1.00
      0.4590         1.00
      0.4600         1.00
      0.4610         1.00
      0.4620         1.00
      0.4630         1.00
      0.4640         1.00
      0.4650         1.00
      0.4660         1.00
      0.4670         1.00
      0.4680         1.00
      0.4690         1.00
      0.4700         1.00
      0.4710         1.00
      0.4720         1.00
      0.4730         1.00
      0.4740         1.00
      0.4750         1.00
      0.4760         1.00
      0.4770         1.00
      0.4780         1.00
      0.4790         1.00
      0.4800         1.00
      0.4810         1.00
      0.4820         1.00
      0.4830         1.00
      0.4840         1.00
      0.4850         1.00
      0.4860         1.00
      0.4870         1.00
      0.4880         1.00
      0.4890         1.00
      0.4900         1.00
      0.4910         1.00
      0.4920         1.00
      0.4930         1.00
      0.4940         1.00
      0.4950         1.00
      0.4960         1.00
      0.4970         1.00
      0.4980         1.00
      0.4990         1.00
      0.5000         1.00
      0.5010         1.00
      0.5020         1.00
      0.5030         1.00
      0.5040         1.00
      0.5050         1.00
      0.5060         1.00
      0.5070         1.00
      0.5080         1.00
      0.5090         1.00
      0.5100         1.00
      0.5110         1.00
      0.5120         1.00
      0.5130         1.00
      0.5140         1.00
      0.5150         1.00
      0.5160         1.00
      0.5170         1.00
      0.5180         1.00
      0.5190         1.00
      0.5200         1.00
      0.5210         1.00
      0.5220         1.00
      0.5230         1.00
      0.5240         1.00
      0.5250         1.00
      0.5260         1.00
      0.5270         1.00
      0.5280         1.00
      0.5290         1.00
      0.5300         1.00
      0.5310         1.00
      0.5320         1.00
      0.5330         1.00
      0.5340         1.00
      0.5350         1.00
      0.5360         1.00
      0.5370         1.00
      0.5380         1.00
      0.5390         1.00
      0.5400         1.00
      0.5410         1.00
      0.5420         1.00
      0.5430         1.00
      0.5440         1.00
      0.5450         1.00
      0.5460         1.00
      0.5470         1.00
      0.5480         1.00
      0.5490         1.00
      0.5500         1.00
      0.5510         1.00
      0.5520         1.00
      0.5530         1.00
      0.5540         1.00
      0.5550         1.00
      0.5560         1.00
      0.5570         1.00
      0.5580         1.00
      0.5590         1.00
      0.5600         1.00
      0.5610         1.00
      0.5620         1.00
      0.5630         1.00
      0.5640         1.00
      0.5650         1.00
      0.5660         1.00
      0.5670         1.00
      0.5680         1.00
      0.5690         1.00
      0.5700         1.00
      0.5710         1.00
      0.5720         1.00
      0.5730         1.00
      0.5740         1.00
      0.5750         1.00
      0.5760         1.00
      0.5770         1.00
      0.5780         1.00
      0.5790         1.00
      0.5800         1.00
      0.5810         1.00
      0.5820         1.00
      0.5830         1.00
      0.5840         1.00
      0.5850         1.00
      0.5860         1.00
      0.5870         1.00
      0.5880         1.00
      0.5890         1.00
      0.5900         1.00
      0.5910         1.00
      0.5920         1.00
      0.5930         1.00
      0.5940         1.00
      0.5950         1.00
      0.5960         1.00
      0.5970         1.00
      0.5980         1.00
      0.5990         1.00
      0.6000         1.00
      0.6010         1.00
      0.6020         1.00
      0.6030         1.00
      0.6040         1.00
      0.6050         1.00
      0.6060         1.00
      0.6070         1.00
      0.6080         1.00
      0.6090         1.00
      0.6100         1.00
      0.6110         1.00
      0.6120         1.00
      0.6130         1.00
      0.6140         1.00
      0.6150         1.00
      0.6160         1.00
      0.6170         1.00
      0.6180         1.00
      0.6190         1.00
      0.6200         1.00
      0.6210         1.00
      0.6220         1.00
      0.6230         1.00
      0.6240         1.00
      0.6250         1.00
      0.6260         1.00
      0.6270         1.00
      0.6280         1.00
      0.6290         1.00
      0.6300         1.00
      0.6310         1.00
      0.6320         1.00
      0.6330         1.00
      0.6340         1.00
      0.6350         1.00
      0.6360         1.00
      0.6370         1.00
      0.6380         1.00
      0.6390         1.00
      0.6400         1.00
      0.6410         1.00
      0.6420         1.00
      0.6430         1.00
      0.6440         1.00
      0.6450         1.00
      0.6460         1.00
      0.6470         1.00
      0.6480         1.00
      0.6490         1.00
      0.6500         1.00
      0.6510         1.00
      0.6520         1.00
      0.6530         1.00
      0.6540         1.00
      0.6550         1.00
      0.6560         1.00
      0.6570         1.00
      0.6580         1.00
      0.6590         1.00
      0.6600         1.00
      0.6610         1.00
      0.6620         1.00
      0.6630         1.00
      0.6640         1.00
      0.6650         1.00
      0.6660         1.00
      0.6670         1.00
      0.6680         1.00
      0.6690         1.00
      0.6700         1.00
      0.6710         1.00
      0.6720         1.00
      0.6730         1.00
      0.6740         1.01
      0.6750         1.07
      0.6760         1.14
      0.6770         1.15
      0.6780         1.10
      0.6790         1.17
      0.6800         1.18
      0.6810         1.22
      0.6820         1.21
      0.6830         1.23
      0.6840         1.29
      0.6850         1.29
      0.6860         1.28
      0.6870         1.30
      0.6880         1.30
      0.6890         1.32
      0.6900         1.33
      0.6910         1.33
      0.6920         1.37
      0.6930         1.38
      0.6940         1.46
      0.6950         1.45
      0.6960         1.50
      0.6970         1.58
      0.6980         1.68
      0.6990         2.19
      0.7000         2.27
      0.7010         2.99
      0.7020         3.22
      0.7030         3.30
      0.7040         3.41
      0.7050         3.45
      0.7060         3.65
      0.7070         3.84
      0.7080         3.88
      0.7090         3.98
      0.7100         4.10
      0.7110         4.30
      0.7120         4.35
      0.7130         4.42
      0.7140         4.50
      0.7150         4.58
      0.7160         4.63
      0.7170         4.71
      0.7180         4.83
      0.7190         4.97
      0.7200         5.08
      0.7210         5.10
      0.7220         5.20
      0.7230         5.47
      0.7240         5.48
      0.7250         5.67
      0.7260         5.83
      0.7270         5.88
      0.7280         6.07
      0.7290         6.07
      0.7300         6.21
      0.7310         6.26
      0.7320         6.35
      0.7330         6.51
      0.7340         6.62
      0.7350         6.78
      0.7360         6.82
      0.7370         6.99
      0.7380         7.04
      0.7390         7.06
      0.7400         7.13
      0.7410         7.24
      0.7420         7.33
      0.7430         7.33
      0.7440         7.50
      0.7450         7.61
      0.7460         7.67
      0.7470         7.84
      0.7480         7.97
      0.7490         8.24
      0.7500         8.50
      0.7510         8.66
      0.7520         8.89
      0.7530         9.55
      0.7540         9.81
      0.7550         9.89
      0.7560        10.09
      0.7570        10.26
      0.7580        10.45
      0.7590        10.82
      0.7600        11.09
      0.7610        11.25
      0.7620        11.32
      0.7630        11.57
      0.7640        11.76
      0.7650        11.90
      0.7660        12.02
      0.7670        12.15
      0.7680        12.29
      0.7690        12.51
      0.7700        12.63
      0.7710        12.71
      0.7720        12.75
      0.7730        12.95
      0.7740        13.07
      0.7750        13.34
      0.7760        13.52
      0.7770        13.25
      0.7780        13.38
      0.7790        14.00
      0.7800        14.07
      0.7810        14.19
      0.7820        14.45
      0.7830        14.12
      0.7840        14.39
      0.7850        14.63
      0.7860        14.92
      0.7870        15.01
      0.7880        15.17
      0.7890        15.32
      0.7900        15.47
      0.7910        15.74
      0.7920        15.95
      0.7930        15.97
      0.7940        16.05
      0.7950        16.13
      0.7960        16.18
      0.7970        16.22
      0.7980        16.40
      0.7990        16.41
      0.8000        16.53
      0.8010        16.68
      0.8020        17.35
      0.8030        17.43
      0.8040        17.53
      0.8050        17.63
      0.8060        17.79
      0.8070        18.02
      0.8080        18.15
      0.8090        18.25
      0.8100        18.46
      0.8110        18.61
      0.8120        18.73
      0.8130        18.93
      0.8140        18.99
      0.8150        19.16
      0.8160        19.43
      0.8170        19.51
      0.8180        19.59
      0.8190        19.82
      0.8200        19.84
      0.8210        19.93
      0.8220        19.92
      0.8230        19.93
      0.8240        19.98
      0.8250        20.05
      0.8260        20.09
      0.8270        20.30
      0.8280        20.43
      0.8290        20.51
      0.8300        20.55
      0.8310        20.55
      0.8320        20.58
      0.8330        20.70
      0.8340        20.86
      0.8350        20.91
      0.8360        20.98
      0.8370        21.12
      0.8380        21.31
      0.8390        21.34
      0.8400        21.47
      0.8410        21.70
      0.8420        21.93
      0.8430        22.10
      0.8440        22.25
      0.8450        22.48
      0.8460        22.73
      0.8470        22.78
      0.8480        22.84
      0.8490        23.11
      0.8500        23.34
      0.8510        23.51
      0.8520        23.66
      0.8530        23.85
      0.8540        24.04
      0.8550        24.18
      0.8560        24.28
      0.8570        24.48
      0.8580        24.55
      0.8590        24.72
      0.8600        24.91
      0.8610        24.96
      0.8620        25.05
      0.8630        25.21
      0.8640        25.40
      0.8650        25.56
      0.8660        25.64
      0.8670        25.82
      0.8680        26.05
      0.8690        26.09
      0.8700        26.06
      0.8710        26.07
      0.8720        26.22
      0.8730        26.30
      0.8740        26.41
      0.8750        26.53
      0.8760        26.68
      0.8770        26.73
      0.8780        26.80
      0.8790        26.74
      0.8800        26.71
      0.8810        26.70
      0.8820        26.72
      0.8830        26.79
      0.8840        26.88
      0.8850        26.86
      0.8860        26.82
      0.8870        26.82
      0.8880        26.75
      0.8890        26.75
      0.8900        26.83
      0.8910        26.91
      0.8920        26.88
      0.8930        26.96
      0.8940        27.00
      0.8950        27.00
      0.8960        27.00
      0.8970        26.96
      0.8980        27.00
      0.8990        27.18
      0.9000        27.31
      0.9010        27.34
      0.9020        27.33
      0.9030        27.39
      0.9040        27.28
      0.9050        27.26
      0.9060        27.26
      0.9070        27.25
      0.9080        27.30
      0.9090        27.36
      0.9100        27.28
      0.9110        27.26
      0.9120        27.20
      0.9130        27.17
      0.9140        27.26
      0.9150        27.33
      0.9160        27.40
      0.9170        27.38
      0.9180        27.44
      0.9190        27.45
      0.9200        27.45
      0.9210        27.50
      0.9220        27.66
      0.9230        27.62
      0.9240        27.76
      0.9250        27.77
      0.9260        27.89
      0.9270        27.95
      0.9280        28.09
      0.9290        28.25
      0.9300        28.40
      0.9310        28.56
      0.9320        28.87
      0.9330        28.95
      0.9340        28.95
      0.9350        29.06
      0.9360        29.17
      0.9370        29.37
      0.9380        29.52
      0.9390        29.68
      0.9400        29.77
      0.9410        29.91
      0.9420        30.00
      0.9430        30.11
      0.9440        30.25
      0.9450        30.39
      0.9460        30.50
      0.9470        30.60
      0.9480        30.68
      0.9490        30.78
      0.9500        30.87
      0.9510        30.90
      0.9520        30.88
      0.9530        31.02
      0.9540        31.14
      0.9550        31.14
      0.9560        31.21
      0.9570        31.23
      0.9580        31.31
      0.9590        31.35
      0.9600        31.39
      0.9610        31.39
      0.9620        31.35
      0.9630        31.43
      0.9640        31.41
      0.9650        31.53
      0.9660        31.52
      0.9670        31.48
      0.9680        31.49
      0.9690        31.41
      0.9700        31.40
      0.9710        31.34
      0.9720        31.41
      0.9730        31.30
      0.9740        31.18
      0.9750        31.14
      0.9760        31.10
      0.9770        31.00
      0.9780        30.84
      0.9790        30.78
      0.9800        30.76
      0.9810        30.68
      0.9820        30.68
      0.9830        30.63
      0.9840        30.63
      0.9850        30.50
      0.9860        30.36
      0.9870        30.36
      0.9880        30.33
      0.9890        30.43
      0.9900        30.36
      0.9910        30.30
      0.9920        30.11
      0.9930        30.04
      0.9940        30.02
      0.9950        30.04
      0.9960        29.96
      0.9970        29.96
      0.9980        30.03
      0.9990        30.02
      1.0000        29.94
      1.0010        29.96
      1.0020        29.96
      1.0030        29.91
      1.0040        29.84
      1.0050        29.87
      1.0060        30.00
      1.0070        30.02
      1.0080        29.96
      1.0090        29.92
      1.0100        29.99
      1.0110        30.10
      1.0120        30.20
      1.0130        30.20
      1.0140        30.23
      1.0150        30.27
      1.0160        30.36
      1.0170        30.34
      1.0180        30.39
      1.0190        30.36
      1.0200        30.35
      1.0210        30.43
      1.0220        30.44
      1.0230        30.43
      1.0240        30.50
      1.0250        30.51
      1.0260        30.50
      1.0270        30.54
      1.0280        30.58
      1.0290        30.55
      1.0300        30.64
      1.0310        30.64
      1.0320        30.59
      1.0330        30.71
      1.0340        30.78
      1.0350        30.80
      1.0360        30.83
      1.0370        30.97
      1.0380        30.91
      1.0390        30.95
      1.0400        30.99
      1.0410        31.03
      1.0420        31.06
      1.0430        31.12
      1.0440        31.07
      1.0450        31.12
      1.0460        31.09
      1.0470        31.05
      1.0480        31.09
      1.0490        31.02
      1.0500        30.89
      1.0510        30.86
      1.0520        30.89
      1.0530        30.76
      1.0540        30.61
      1.0550        30.56
      1.0560        30.56
      1.0570        30.48
      1.0580        30.45
      1.0590        30.53
      1.0600        30.56
      1.0610        30.53
      1.0620        30.35
      1.0630        30.42
      1.0640        30.45
      1.0650        30.43
      1.0660        30.40
      1.0670        30.42
      1.0680        30.32
      1.0690        30.32
      1.0700        30.32
      1.0710        30.27
      1.0720        30.26
      1.0730        30.23
      1.0740        30.24
      1.0750        30.12
      1.0760        29.93
      1.0770        29.92
      1.0780        29.84
      1.0790        29.61
      1.0800        29.55
      1.0810        29.34
      1.0820        29.40
      1.0830        29.23
      1.0840        29.05
      1.0850        28.89
      1.0860        28.78
      1.0870        28.60
      1.0880        28.57
      1.0890        28.41
      1.0900        28.35
      1.0910        28.45
      1.0920        28.45
      1.0930        28.47
      1.0940        28.39
      1.0950        28.28
      1.0960        28.31
      1.0970        28.24
      1.0980        28.17
      1.0990        28.23
      1.1000        28.10
      1.1010        28.05
      1.1020        28.00
      1.1030        27.97
      1.1040        27.98
      1.1050        27.96
      1.1060        28.00
      1.1070        28.05
      1.1080        27.98
      1.1090        28.00
      1.1100        28.03
      1.1110        27.88
      1.1120        27.85
      1.1130        27.81
      1.1140        27.82
      1.1150        27.90
      1.1160        27.86
      1.1170        27.86
      1.1180        27.93
      1.1190        27.88
      1.1200        27.87
      1.1210        28.01
      1.1220        28.08
      1.1230        28.09
      1.1240        28.07
      1.1250        28.11
      1.1260        28.22
      1.1270        28.28
      1.1280        28.36
      1.1290        28.46
      1.1300        28.49
      1.1310        28.57
      1.1320        28.62
      1.1330        28.62
      1.1340        28.79
      1.1350        28.86
      1.1360        28.94
      1.1370        28.97
      1.1380        29.04
      1.1390        29.11
      1.1400        29.31
      1.1410        29.32
      1.1420        29.33
      1.1430        29.47
      1.1440        29.60
      1.1450        29.63
      1.1460        29.60
      1.1470        29.63
      1.1480        29.65
      1.1490        29.70
      1.1500        29.70
      1.1510        29.66
      1.1520        29.65
      1.1530        29.65
      1.1540        29.57
      1.1550        29.62
      1.1560        29.74
      1.1570        29.82
      1.1580        29.79
      1.1590        29.89
      1.1600        29.83
      1.1610        29.86
      1.1620        29.83
      1.1630        29.69
      1.1640        29.70
      1.1650        29.66
      1.1660        29.56
      1.1670        29.46
      1.1680        29.46
      1.1690        29.30
      1.1700        29.21
      1.1710        29.13
      1.1720        29.00
      1.1730        29.00
      1.1740        28.93
      1.1750        28.77
      1.1760        28.58
      1.1770        28.47
      1.1780        28.39
      1.1790        28.20
      1.1800        28.18
      1.1810        28.05
      1.1820        28.01
      1.1830        27.93
      1.1840        27.76
      1.1850        27.74
      1.1860        27.78
      1.1870        27.81
      1.1880        27.66
      1.1890        27.73
      1.1900        27.67
      1.1910        27.70
      1.1920        27.63
      1.1930        27.57
      1.1940        27.50
      1.1950        27.45
      1.1960        27.42
      1.1970        27.33
      1.1980        27.25
      1.1990        27.25
      1.2000        27.21
      1.2010        27.17
      1.2020        27.03
      1.2030        26.98
      1.2040        26.98
      1.2050        26.94
      1.2060        26.86
      1.2070        26.83
      1.2080        26.88
      1.2090        26.79
      1.2100        26.86
      1.2110        26.88
      1.2120        27.03
      1.2130        26.98
      1.2140        27.17
      1.2150        27.21
      1.2160        27.25
      1.2170        27.29
      1.2180        27.37
      1.2190        27.40
      1.2200        27.44
      1.2210        27.47
      1.2220        27.60
      1.2230        27.72
      1.2240        27.82
      1.2250        27.77
      1.2260        27.81
      1.2270        27.81
      1.2280        27.82
      1.2290        28.03
      1.2300        28.03
      1.2310        28.01
      1.2320        28.03
      1.2330        28.19
      1.2340        28.09
      1.2350        28.21
      1.2360        28.25
      1.2370        28.33
      1.2380        28.34
      1.2390        28.45
      1.2400        28.45
      1.2410        28.59
      1.2420        28.70
      1.2430        28.70
      1.2440        28.63
      1.2450        28.71
      1.2460        28.69
      1.2470        28.71
      1.2480        28.67
      1.2490        28.59
      1.2500        28.66
      1.2510        28.70
      1.2520        28.59
      1.2530        28.51
      1.2540        28.51
      1.2550        28.41
      1.2560        28.29
      1.2570        28.21
      1.2580        28.16
      1.2590        28.00
      1.2600        27.93
      1.2610        27.84
      1.2620        27.65
      1.2630        27.64
      1.2640        27.60
      1.2650        27.64
      1.2660        27.61
      1.2670        27.56
      1.2680        27.57
      1.2690        27.47
      1.2700        27.36
      1.2710        27.29
      1.2720        27.17
      1.2730        27.23
      1.2740        27.17
      1.2750        27.21
      1.2760        27.25
      1.2770        27.21
      1.2780        27.23
      1.2790        27.25
      1.2800        27.22
      1.2810        27.13
      1.2820        27.14
      1.2830        27.11
      1.2840        27.11
      1.2850        26.95
      1.2860        27.01
      1.2870        27.02
      1.2880        27.02
      1.2890        27.09
      1.2900        27.07
      1.2910        27.01
      1.2920        27.18
      1.2930        27.11
      1.2940        27.18
      1.2950        27.21
      1.2960        27.17
      1.2970        27.21
      1.2980        27.19
      1.2990        27.21
      1.3000        27.23
      1.3010        27.23
      1.3020        27.28
      1.3030        27.16
      1.3040        27.14
      1.3050        27.20
      1.3060        27.22
      1.3070        27.15
      1.3080        27.12
      1.3090        27.08
      1.3100        27.07
      1.3110        27.18
      1.3120        27.14
      1.3130        27.09
      1.3140        27.01
      1.3150        26.98
      1.3160        26.90
      1.3170        26.83
      1.3180        26.81
      1.3190        26.75
      1.3200        26.74
      1.3210        26.79
      1.3220        26.74
      1.3230        26.83
      1.3240        26.87
      1.3250        26.90
      1.3260        26.81
      1.3270        26.95
      1.3280        26.93
      1.3290        26.90
      1.3300        26.94
      1.3310        26.92
      1.3320        26.83
      1.3330        26.85
      1.3340        26.87
      1.3350        26.75
      1.3360        26.83
      1.3370        26.88
      1.3380        26.84
      1.3390        26.88
      1.3400        26.80
      1.3410        26.71
      1.3420        26.66
      1.3430        26.67
      1.3440        26.66
      1.3450        26.66
      1.3460        26.56
      1.3470        26.48
      1.3480        26.43
      1.3490        26.43
      1.3500        26.42
      1.3510        26.38
      1.3520        26.48
      1.3530        26.50
      1.3540        26.52
      1.3550        26.58
      1.3560        26.49
      1.3570        26.44
      1.3580        26.56
      1.3590        26.53
      1.3600        26.60
      1.3610        26.60
      1.3620        26.60
      1.3630        26.56
      1.3640        26.61
      1.3650        26.54
      1.3660        26.66
      1.3670        26.54
      1.3680        26.62
      1.3690        26.56
      1.3700        26.44
      1.3710        26.48
      1.3720        26.47
      1.3730        26.47
      1.3740        26.54
      1.3750        26.59
      1.3760        26.67
      1.3770        26.62
      1.3780        26.51
      1.3790        26.53
      1.3800        26.58
      1.3810        26.65
      1.3820        26.77
      1.3830        26.79
      1.3840        26.78
      1.3850        26.87
      1.3860        26.86
      1.3870        26.95
      1.3880        26.92
      1.3890        27.03
      1.3900        27.23
      1.3910        27.26
      1.3920        27.16
      1.3930        27.17
      1.3940        27.12
      1.3950        27.13
      1.3960        27.07
      1.3970        27.22
      1.3980        27.32
      1.3990        27.27
      1.4000        27.19
      1.4010        27.10
      1.4020        26.92
      1.4030        26.82
      1.4040        26.78
      1.4050        26.71
      1.4060        26.68
      1.4070        26.71
      1.4080        26.68
      1.4090        26.57
      1.4100        26.39
      1.4110        26.23
      1.4120        26.17
      1.4130        26.08
      1.4140        26.04
      1.4150        25.97
      1.4160        26.06
      1.4170        26.07
      1.4180        25.86
      1.4190        25.83
      1.4200        25.78
      1.4210        25.72
      1.4220        25.79
      1.4230        25.83
      1.4240        25.63
      1.4250        25.64
      1.4260        25.58
      1.4270        25.43
      1.4280        25.32
      1.4290        25.18
      1.4300        25.08
      1.4310        25.16
      1.4320        25.07
      1.4330        25.02
      1.4340        25.00
      1.4350        24.88
      1.4360        24.79
      1.4370        24.58
      1.4380        24.69
      1.4390        24.61
      1.4400        24.66
      1.4410        24.82
      1.4420        24.70
      1.4430        24.66
      1.4440        24.76
      1.4450        24.80
      1.4460        24.80
      1.4470        24.85
      1.4480        24.99
      1.4490        25.11
      1.4500        25.23
      1.4510        25.19
      1.4520        25.32
      1.4530        25.37
      1.4540        25.35
      1.4550        25.40
      1.4560        25.44
      1.4570        25.51
      1.4580        25.52
      1.4590        25.64
      1.4600        25.66
      1.4610        25.63
      1.4620        25.65
      1.4630        25.71
      1.4640        25.74
      1.4650        25.73
      1.4660        25.85
      1.4670        25.90
      1.4680        25.87
      1.4690        25.98
      1.4700        25.99
      1.4710        25.97
      1.4720        26.07
      1.4730        26.10
      1.4740        26.15
      1.4750        26.11
      1.4760        26.07
      1.4770        26.11
      1.4780        26.03
      1.4790        26.07
      1.4800        26.06
      1.4810        26.00
      1.4820        25.96
      1.4830        26.07
      1.4840        26.07
      1.4850        26.04
      1.4860        26.00
      1.4870        25.87
      1.4880        25.78
      1.4890        25.66
      1.4900        25.59
      1.4910        25.61
      1.4920        25.49
      1.4930        25.54
      1.4940        25.31
      1.4950        25.30
      1.4960        25.37
      1.4970        25.28
      1.4980        25.37
      1.4990        25.32
      1.5000        25.25
      1.5010        25.23
      1.5020        25.26
      1.5030        25.07
      1.5040        25.00
      1.5050        24.94
      1.5060        24.86
      1.5070        24.91
      1.5080        25.04
      1.5090        25.04
      1.5100        25.11
      1.5110        25.05
      1.5120        25.10
      1.5130        24.98
      1.5140        24.99
      1.5150        24.97
      1.5160        24.83
      1.5170        24.88
      1.5180        24.81
      1.5190        24.73
      1.5200        24.70
      1.5210        24.59
      1.5220        24.70
      1.5230        24.74
      1.5240        24.68
      1.5250        24.68
      1.5260        24.60
      1.5270        24.60
      1.5280        24.52
      1.5290        24.55
      1.5300        24.52
      1.5310        24.46
      1.5320        24.34
      1.5330        24.34
      1.5340        24.42
      1.5350        24.53
      1.5360        24.71
      1.5370        24.70
      1.5380        24.70
      1.5390        24.75
      1.5400        24.74
      1.5410        24.74
      1.5420        24.63
      1.5430        24.68
      1.5440        24.70
      1.5450        24.69
      1.5460        24.73
      1.5470        24.82
      1.5480        24.85
      1.5490        24.74
      1.5500        24.76
      1.5510        24.83
      1.5520        24.86
      1.5530        24.88
      1.5540        24.94
      1.5550        24.94
      1.5560        24.82
      1.5570        24.76
      1.5580        24.73
      1.5590        24.80
      1.5600        24.86
      1.5610        24.87
      1.5620        24.91
      1.5630        24.77
      1.5640        24.85
      1.5650        24.84
      1.5660        24.85
      1.5670        24.73
      1.5680        24.65
      1.5690        24.68
      1.5700        24.67
      1.5710        24.72
      1.5720        24.81
      1.5730        24.75
      1.5740        24.64
      1.5750        24.57
      1.5760        24.56
      1.5770        24.52
      1.5780        24.42
      1.5790        24.37
      1.5800        24.33
      1.5810        24.26
      1.5820        24.33
      1.5830        24.40
      1.5840        24.36
      1.5850        24.38
      1.5860        24.35
      1.5870        24.34
      1.5880        24.38
      1.5890        24.37
      1.5900        24.45
      1.5910        24.32
      1.5920        24.31
      1.5930        24.23
      1.5940        24.34
      1.5950        24.26
      1.5960        24.15
      1.5970        24.23
      1.5980        24.29
      1.5990        24.10
      1.6000        23.98
      1.6010        23.99
      1.6020        23.93
      1.6030        23.86
      1.6040        23.82
      1.6050        23.80
      1.6060        23.85
      1.6070        23.76
      1.6080        23.72
      1.6090        23.80
      1.6100        23.64
      1.6110        23.71
      1.6120        23.69
      1.6130        23.85
      1.6140        23.81
      1.6150        23.80
      1.6160        23.95
      1.6170        23.89
      1.6180        23.89
      1.6190        24.12
      1.6200        24.38
      1.6210        24.50
      1.6220        24.50
      1.6230        24.57
      1.6240        24.57
      1.6250        24.56
      1.6260        24.56
      1.6270        24.68
      1.6280        24.65
      1.6290        24.64
      1.6300        24.69
      1.6310        24.61
      1.6320        24.49
      1.6330        24.32
      1.6340        24.33
      1.6350        24.41
      1.6360        24.35
      1.6370        24.36
      1.6380        24.36
      1.6390        24.28
      1.6400        24.09
      1.6410        23.91
      1.6420        23.86
      1.6430        23.85
      1.6440        23.96
      1.6450        23.89
      1.6460        23.93
      1.6470        23.93
      1.6480        23.98
      1.6490        23.90
      1.6500        23.86
      1.6510        23.87
      1.6520        23.97
      1.6530        24.07
      1.6540        24.03
      1.6550        24.01
      1.6560        24.01
      1.6570        23.91
      1.6580        23.84
      1.6590        23.70
      1.6600        23.74
      1.6610        23.88
      1.6620        23.90
      1.6630        23.89
      1.6640        23.85
      1.6650        23.86
      1.6660        23.83
      1.6670        23.79
      1.6680        23.73
      1.6690        23.73
      1.6700        23.70
      1.6710        23.67
      1.6720        23.70
      1.6730        23.63
      1.6740        23.62
      1.6750        23.62
      1.6760        23.64
      1.6770        23.75
      1.6780        23.91
      1.6790        24.03
      1.6800        24.04
      1.6810        24.04
      1.6820        24.02
      1.6830        24.06
      1.6840        24.07
      1.6850        24.15
      1.6860        24.04
      1.6870        23.91
      1.6880        23.86
      1.6890        23.90
      1.6900        23.90
      1.6910        23.94
      1.6920        23.98
      1.6930        24.00
      1.6940        24.06
      1.6950        24.06
      1.6960        23.98
      1.6970        23.95
      1.6980        23.77
      1.6990        23.74
      1.7000        23.78
      1.7010        23.73
      1.7020        23.80
      1.7030        23.78
      1.7040        23.73
      1.7050        23.70
      1.7060        23.81
      1.7070        23.90
      1.7080        24.02
      1.7090        24.07
      1.7100        24.10
      1.7110        24.21
      1.7120        24.06
      1.7130        24.13
      1.7140        24.11
      1.7150        24.08
      1.7160        24.16
      1.7170        24.17
      1.7180        24.14
      1.7190        24.14
      1.7200        24.04
      1.7210        24.20
      1.7220        24.21
      1.7230        24.22
      1.7240        24.25
      1.7250        24.24
      1.7260        24.18
      1.7270        24.13
      1.7280        24.06
      1.7290        24.01
      1.7300        23.96
      1.7310        23.81
      1.7320        23.88
      1.7330        23.82
      1.7340        23.73
      1.7350        23.67
      1.7360        23.60
      1.7370        23.62
      1.7380        23.71
      1.7390        23.72
      1.7400        23.71
      1.7410        23.52
      1.7420        23.46
      1.7430        23.35
      1.7440        23.27
      1.7450        23.22
      1.7460        23.19
      1.7470        23.27
      1.7480        23.21
      1.7490        23.04
      1.7500        23.04
      1.7510        23.13
      1.7520        23.06
      1.7530        23.05
      1.7540        23.06
      1.7550        23.07
      1.7560        22.97
      1.7570        22.95
      1.7580        22.91
      1.7590        22.87
      1.7600        22.91
      1.7610        22.87
      1.7620        22.94
      1.7630        22.95
      1.7640        22.99
      1.7650        23.12
      1.7660        23.16
      1.7670        23.16
      1.7680        23.21
      1.7690        23.40
      1.7700        23.43
      1.7710        23.33
      1.7720        23.36
      1.7730        23.37
      1.7740        23.29
      1.7750        23.29
      1.7760        23.40
      1.7770        23.44
      1.7780        23.48
      1.7790        23.47
      1.7800        23.55
      1.7810        23.72
      1.7820        23.66
      1.7830        23.74
      1.7840        23.73
      1.7850        23.65
      1.7860        23.62
      1.7870        23.62
      1.7880        23.72
      1.7890        23.73
      1.7900        23.68
      1.7910        23.63
      1.7920        23.61
      1.7930        23.59
      1.7940        23.78
      1.7950        23.82
      1.7960        23.78
      1.7970        23.64
      1.7980        23.67
      1.7990        23.80
      1.8000        23.73
      1.8010        23.56
      1.8020        23.53
      1.8030        23.55
      1.8040        23.63
      1.8050        23.72
      1.8060        23.65
      1.8070        23.64
      1.8080        23.54
      1.8090        23.41
      1.8100        23.37
      1.8110        23.44
      1.8120        23.38
      1.8130        23.36
      1.8140        23.24
      1.8150        23.19
      1.8160        23.23
      1.8170        23.29
      1.8180        23.21
      1.8190        23.12
      1.8200        23.12
      1.8210        23.20
      1.8220        23.16
      1.8230        23.11
      1.8240        22.97
      1.8250        22.84
      1.8260        22.92
      1.8270        22.87
      1.8280        22.85
      1.8290        22.95
      1.8300        22.92
      1.8310        22.85
      1.8320        22.84
      1.8330        22.89
      1.8340        22.94
      1.8350        22.94
      1.8360        22.85
      1.8370        22.81
      1.8380        22.82
      1.8390        22.86
      1.8400        22.81
      1.8410        22.82
      1.8420        22.95
      1.8430        22.81
      1.8440        22.88
      1.8450        22.93
      1.8460        22.84
      1.8470        22.88
      1.8480        22.85
      1.8490        22.78
      1.8500        22.90
      1.8510        23.04
      1.8520        23.09
      1.8530        23.08
      1.8540        23.16
      1.8550        23.27
      1.8560        23.31
      1.8570        23.28
      1.8580        23.25
      1.8590        23.19
      1.8600        23.15
      1.8610        23.13
      1.8620        23.06
      1.8630        23.17
      1.8640        23.20
      1.8650        23.17
      1.8660        23.22
      1.8670        23.20
      1.8680        23.23
      1.8690        23.20
      1.8700        23.13
      1.8710        23.07
      1.8720        22.97
      1.8730        22.92
      1.8740        22.70
      1.8750        22.57
      1.8760        22.64
      1.8770        22.59
      1.8780        22.56
      1.8790        22.52
      1.8800        22.52
      1.8810        22.41
      1.8820        22.27
      1.8830        22.17
      1.8840        22.01
      1.8850        21.92
      1.8860        21.86
      1.8870        21.80
      1.8880        21.75
      1.8890        21.72
      1.8900        21.59
      1.8910        21.52
      1.8920        21.56
      1.8930        21.40
      1.8940        21.55
      1.8950        21.54
      1.8960        21.30
      1.8970        21.26
      1.8980        21.32
      1.8990        21.27
      1.9000        21.24
      1.9010        21.26
      1.9020        21.22
      1.9030        21.18
      1.9040        21.30
      1.9050        21.27
      1.9060        21.28
      1.9070        21.31
      1.9080        21.27
      1.9090        21.27
      1.9100        21.39
      1.9110        21.36
      1.9120        21.32
      1.9130        21.37
      1.9140        21.32
      1.9150        21.29
      1.9160        21.51
      1.9170        21.53
      1.9180        21.45
      1.9190        21.48
      1.9200        21.51
      1.9210        21.56
      1.9220        21.66
      1.9230        21.67
      1.9240        21.54
      1.9250        21.54
      1.9260        21.54
      1.9270        21.51
      1.9280        21.39
      1.9290        21.35
      1.9300        21.35
      1.9310        21.39
      1.9320        21.38
      1.9330        21.43
      1.9340        21.38
      1.9350        21.44
      1.9360        21.38
      1.9370        21.43
      1.9380        21.44
      1.9390        21.54
      1.9400        21.53
      1.9410        21.51
      1.9420        21.45
      1.9430        21.37
      1.9440        21.45
      1.9450        21.43
      1.9460        21.47
      1.9470        21.37
      1.9480        21.48
      1.9490        21.49
      1.9500        21.44
      1.9510        21.45
      1.9520        21.55
      1.9530        21.41
      1.9540        21.37
      1.9550        21.29
      1.9560        21.27
      1.9570        21.21
      1.9580        21.09
      1.9590        20.95
      1.9600        20.88
      1.9610        20.76
      1.9620        20.68
      1.9630        20.76
      1.9640        20.65
      1.9650        20.66
      1.9660        20.49
      1.9670        20.49
      1.9680        20.37
      1.9690        20.36
      1.9700        20.27
      1.9710        20.09
      1.9720        19.96
      1.9730        20.02
      1.9740        20.11
      1.9750        20.00
      1.9760        19.88
      1.9770        19.85
      1.9780        19.88
      1.9790        19.92
      1.9800        19.80
      1.9810        19.79
      1.9820        19.84
      1.9830        19.82
      1.9840        19.80
      1.9850        19.80
      1.9860        19.86
      1.9870        19.87
      1.9880        19.90
      1.9890        19.92
      1.9900        19.91
      1.9910        19.97
      1.9920        19.98
      1.9930        19.99
      1.9940        19.85
      1.9950        19.87
      1.9960        19.89
      1.9970        19.87
      1.9980        19.93
      1.9990        19.90
      2.0000        20.02
      2.0010        20.02
      2.0020        19.93
      2.0030        19.90
      2.0040        19.93
      2.0050        19.91
      2.0060        19.87
      2.0070        19.87
      2.0080        19.91
      2.0090        19.79
      2.0100        19.93
      2.0110        19.90
      2.0120        19.83
      2.0130        19.83
      2.0140        19.86
      2.0150        19.82
      2.0160        19.89
      2.0170        19.82
      2.0180        19.81
      2.0190        19.70
      2.0200        19.73
      2.0210        19.72
      2.0220        19.78
      2.0230        19.78
      2.0240        19.70
      2.0250        19.73
      2.0260        19.70
      2.0270        19.74
      2.0280        19.70
      2.0290        19.71
      2.0300        19.69
      2.0310        19.72
      2.0320        19.71
      2.0330        19.56
      2.0340        19.53
      2.0350        19.51
      2.0360        19.44
      2.0370        19.45
      2.0380        19.42
      2.0390        19.42
      2.0400        19.30
      2.0410        19.21
      2.0420        19.17
      2.0430        19.09
      2.0440        19.09
      2.0450        18.94
      2.0460        18.97
      2.0470        18.80
      2.0480        18.84
      2.0490        18.78
      2.0500        18.62
      2.0510        18.57
      2.0520        18.61
      2.0530        18.65
      2.0540        18.58
      2.0550        18.62
      2.0560        18.63
      2.0570        18.61
      2.0580        18.48
      2.0590        18.52
      2.0600        18.54
      2.0610        18.70
      2.0620        18.70
      2.0630        18.72
      2.0640        18.67
      2.0650        18.62
      2.0660        18.54
      2.0670        18.55
      2.0680        18.43
      2.0690        18.42
      2.0700        18.39
      2.0710        18.41
      2.0720        18.37
      2.0730        18.23
      2.0740        18.13
      2.0750        18.06
      2.0760        17.93
      2.0770        17.84
      2.0780        17.92
      2.0790        17.82
      2.0800        17.32
      2.0810        17.16
      2.0820        17.13
      2.0830        17.09
      2.0840        17.63
      2.0850        17.18
      2.0860        17.15
      2.0870        17.69
      2.0880        17.69
      2.0890        17.67
      2.0900        17.78
      2.0910        17.70
      2.0920        17.55
      2.0930        17.70
      2.0940        17.76
      2.0950        17.82
      2.0960        17.83
      2.0970        17.90
      2.0980        17.70
      2.0990        17.71
      2.1000        17.68
      2.1010        17.67
      2.1020        17.64
      2.1030        17.68
      2.1040        17.52
      2.1050        17.54
      2.1060        17.54
      2.1070        17.54
      2.1080        17.55
      2.1090        17.58
      2.1100        17.57
      2.1110        17.59
      2.1120        17.73
      2.1130        17.69
      2.1140        17.71
      2.1150        17.74
      2.1160        17.84
      2.1170        17.83
      2.1180        17.88
      2.1190        17.95
      2.1200        17.84
      2.1210        17.85
      2.1220        17.77
      2.1230        17.67
      2.1240        17.73
      2.1250        17.69
      2.1260        17.67
      2.1270        17.57
      2.1280        17.55
      2.1290        17.45
      2.1300        17.18
      2.1310        17.12
      2.1320        17.15
      2.1330        17.08
      2.1340        17.04
      2.1350        16.97
      2.1360        16.96
      2.1370        16.88
      2.1380        16.84
      2.1390        16.75
      2.1400        16.81
      2.1410        16.85
      2.1420        16.80
      2.1430        16.79
      2.1440        16.77
      2.1450        16.71
      2.1460        16.73
      2.1470        16.72
      2.1480        16.70
      2.1490        16.72
      2.1500        16.85
      2.1510        16.90
      2.1520        16.81
      2.1530        16.81
      2.1540        16.74
      2.1550        16.78
      2.1560        16.70
      2.1570        16.75
      2.1580        16.82
      2.1590        16.82
      2.1600        16.77
      2.1610        16.70
      2.1620        16.80
      2.1630        16.82
      2.1640        16.89
      2.1650        16.85
      2.1660        16.88
      2.1670        16.99
      2.1680        17.07
      2.1690        17.04
      2.1700        17.12
      2.1710        17.13
      2.1720        17.17
      2.1730        17.25
      2.1740        17.33
      2.1750        17.21
      2.1760        17.21
      2.1770        17.17
      2.1780        17.20
      2.1790        17.16
      2.1800        17.25
      2.1810        17.20
      2.1820        17.17
      2.1830        17.09
      2.1840        16.97
      2.1850        17.06
      2.1860        16.90
      2.1870        16.78
      2.1880        16.64
      2.1890        16.59
      2.1900        16.46
      2.1910        16.46
      2.1920        16.37
      2.1930        16.29
      2.1940        16.25
      2.1950        16.15
      2.1960        16.08
      2.1970        16.06
      2.1980        16.00
      2.1990        16.07
      2.2000        15.98
      2.2010        15.96
      2.2020        15.88
      2.2030        15.96
      2.2040        15.95
      2.2050        15.90
      2.2060        16.03
      2.2070        16.04
      2.2080        16.02
      2.2090        16.12
      2.2100        16.12
      2.2110        15.96
      2.2120        15.91
      2.2130        15.92
      2.2140        15.85
      2.2150        15.92
      2.2160        15.92
      2.2170        15.92
      2.2180        15.87
      2.2190        15.78
      2.2200        15.66
      2.2210        15.54
      2.2220        15.52
      2.2230        15.28
      2.2240        15.21
      2.2250        15.08
      2.2260        15.00
      2.2270        14.88
      2.2280        14.78
      2.2290        14.65
      2.2300        14.57
      2.2310        14.61
      2.2320        14.57
      2.2330        13.91
      2.2340        13.85
      2.2350        14.36
      2.2360        14.31
      2.2370        14.32
      2.2380        14.24
      2.2390        14.16
      2.2400        14.17
      2.2410        14.28
      2.2420        14.28
      2.2430        14.33
      2.2440        14.32
      2.2450        14.39
      2.2460        14.40
      2.2470        14.40
      2.2480        14.52
      2.2490        14.47
      2.2500        14.42
      2.2510        14.38
      2.2520        14.35
      2.2530        14.42
      2.2540        14.39
      2.2550        14.35
      2.2560        14.19
      2.2570        14.18
      2.2580        14.20
      2.2590        14.27
      2.2600        14.23
      2.2610        14.18
      2.2620        14.30
      2.2630        14.36
      2.2640        14.39
      2.2650        14.30
      2.2660        14.27
      2.2670        14.24
      2.2680        14.15
      2.2690        14.12
      2.2700        14.11
      2.2710        14.11
      2.2720        14.16
      2.2730        14.12
      2.2740        14.18
      2.2750        14.03
      2.2760        14.16
      2.2770        13.99
      2.2780        13.95
      2.2790        13.79
      2.2800        13.75
      2.2810        13.71
      2.2820        13.54
      2.2830        13.46
      2.2840        13.31
      2.2850        13.20
      2.2860        12.64
      2.2870        13.16
      2.2880        13.18
      2.2890        13.11
      2.2900        13.09
      2.2910        12.97
      2.2920        12.31
      2.2930        12.70
      2.2940        12.60
      2.2950        12.58
      2.2960        12.51
      2.2970        12.41
      2.2980        12.32
      2.2990        12.28
      2.3000        12.23
      2.3010        12.19
      2.3020        12.14
      2.3030        12.02
      2.3040        12.04
      2.3050        12.06
      2.3060        11.96
      2.3070        11.79
      2.3080        11.22
      2.3090        11.21
      2.3100        11.21
      2.3110        11.20
      2.3120        11.11
      2.3130        10.94
      2.3140        10.95
      2.3150        10.95
      2.3160        10.82
      2.3170        10.75
      2.3180        10.66
      2.3190        10.63
      2.3200        10.60
      2.3210        10.56
      2.3220        10.41
      2.3230        10.86
      2.3240        10.64
      2.3250        10.51
      2.3260        10.44
      2.3270        10.43
      2.3280        10.36
      2.3290        10.21
      2.3300        10.01
      2.3310         9.88
      2.3320         9.34
      2.3330         9.38
      2.3340         9.15
      2.3350         9.04
      2.3360         9.04
      2.3370         8.94
      2.3380         8.94
      2.3390         8.75
      2.3400         8.60
      2.3410         8.44
      2.3420         8.38
      2.3430         8.29
      2.3440         8.26
      2.3450         8.24
      2.3460         8.18
      2.3470         8.03
      2.3480         7.99
      2.3490         7.98
      2.3500         7.94
      2.3510         7.88
      2.3520         7.86
      2.3530         7.82
      2.3540         7.83
      2.3550         7.75
      2.3560         7.67
      2.3570         7.70
      2.3580         7.67
      2.3590         7.75
      2.3600         8.37
      2.3610         8.52
      2.3620         8.53
      2.3630         8.64
      2.3640         8.68
      2.3650         8.09
      2.3660         8.08
      2.3670         8.14
      2.3680         8.26
      2.3690         8.35
      2.3700         8.44
      2.3710         8.56
      2.3720         8.57
      2.3730         8.68
      2.3740         8.71
      2.3750         8.83
      2.3760         8.98
      2.3770         9.07
      2.3780         9.18
      2.3790         9.32
      2.3800         9.31
      2.3810         9.27
      2.3820         9.88
      2.3830         9.96
      2.3840        10.06
      2.3850        10.30
      2.3860        10.55
      2.3870        10.64
      2.3880        10.67
      2.3890        10.79
      2.3900        10.80
      2.3910        10.82
      2.3920        10.90
      2.3930        10.85
      2.3940        10.90
      2.3950        10.97
      2.3960        11.05
      2.3970        10.54
      2.3980        10.51
      2.3990        10.47
      2.4000        10.49
      2.4010        10.53
      2.4020        10.50
      2.4030        10.44
      2.4040        10.52
      2.4050        10.47
      2.4060        10.39
      2.4070        10.40
      2.4080        10.46
      2.4090        10.44
      2.4100        10.44
      2.4110        10.40
      2.4120        10.39
      2.4130        10.41
      2.4140        10.36
      2.4150        10.33
      2.4160        10.30
      2.4170        10.32
      2.4180        10.38
      2.4190        10.42
      2.4200        10.94
      2.4210        10.44
      2.4220        10.48
      2.4230        10.45
      2.4240        10.51
      2.4250        10.57
      2.4260        10.55
      2.4270        10.49
      2.4280        10.40
      2.4290        10.35
      2.4300        10.41
      2.4310        10.41
      2.4320        10.40
      2.4330        10.36
      2.4340        10.43
      2.4350        10.32
      2.4360        10.29
      2.4370        10.21
      2.4380        10.14
      2.4390        10.61
      2.4400        10.67
      2.4410        10.80
      2.4420        10.83
      2.4430        11.00
      2.4440        10.99
      2.4450        10.99
      2.4460        11.17
      2.4470        11.27
      2.4480        11.34
      2.4490        11.36
      2.4500        11.43
      2.4510        11.59
      2.4520        11.71
      2.4530        11.85
      2.4540        12.05
      2.4550        12.17
      2.4560        12.33
      2.4570        12.58
      2.4580        12.76
      2.4590        12.91
      2.4600        13.06
      2.4610        13.22
      2.4620        13.38
      2.4630        13.45
      2.4640        13.62
      2.4650        13.73
      2.4660        13.74
      2.4670        13.90
      2.4680        14.00
      2.4690        14.18
      2.4700        14.35
      2.4710        14.44
      2.4720        14.55
      2.4730        14.63
      2.4740        14.57
      2.4750        14.68
      2.4760        14.75
      2.4770        14.78
      2.4780        14.79
      2.4790        14.86
      2.4800        14.85
      2.4810        14.85
      2.4820        14.84
      2.4830        14.97
      2.4840        15.01
      2.4850        15.05
      2.4860        15.11
      2.4870        15.09
      2.4880        15.16
      2.4890        15.08
      2.4900        14.50
      2.4910        14.51
      2.4920        14.50
      2.4930        14.47
      2.4940        15.00
      2.4950        14.92
      2.4960        14.42
      2.4970        14.85
      2.4980        14.81
      2.4990        14.73
      2.5000        14.74
      2.5010        14.78
      2.5020        14.81
      2.5030        14.70
      2.5040        14.66
      2.5050        14.66
      2.5060        14.62
      2.5070        14.60
      2.5080        14.57
      2.5090        14.61
      2.5100        14.58
      2.5110        14.48
      2.5120        14.50
      2.5130        13.84
      2.5140        13.84
      2.5150        13.87
      2.5160        13.79
      2.5170        13.80
      2.5180        13.77
      2.5190        14.26
      2.5200        13.79
      2.5210        14.21
      2.5220        13.68
      2.5230        14.30
      2.5240        14.35
      2.5250        14.46
      2.5260        14.46
      2.5270        14.41
      2.5280        14.43
      2.5290        14.45
      2.5300        14.53
      2.5310        14.72
      2.5320        14.71
      2.5330        14.86
      2.5340        14.92
      2.5350        15.00
      2.5360        15.07
      2.5370        15.09
      2.5380        15.09
      2.5390        15.13
      2.5400        15.17
      2.5410        15.18
      2.5420        15.28
      2.5430        15.21
      2.5440        15.12
      2.5450        14.92
      2.5460        15.05
      2.5470        15.14
      2.5480        15.10
      2.5490        15.15
      2.5500        15.14
      2.5510        15.01
      2.5520        15.17
      2.5530        15.16
      2.5540        15.18
      2.5550        15.17
      2.5560        15.21
      2.5570        15.21
      2.5580        15.25
      2.5590        15.35
      2.5600        15.30
      2.5610        15.30
      2.5620        15.30
      2.5630        15.35
      2.5640        15.44
      2.5650        15.54
      2.5660        15.43
      2.5670        15.39
      2.5680        15.43
      2.5690        15.35
      2.5700        15.33
      2.5710        15.42
      2.5720        15.32
      2.5730        15.25
      2.5740        15.24
      2.5750        15.10
      2.5760        14.62
      2.5770        14.60
      2.5780        14.65
      2.5790        14.66
      2.5800        14.62
      2.5810        15.14
      2.5820        15.17
      2.5830        15.17
      2.5840        15.12
      2.5850        15.24
      2.5860        15.18
      2.5870        15.21
      2.5880        15.23
      2.5890        15.30
      2.5900        15.37
      2.5910        15.39
      2.5920        15.38
      2.5930        15.51
      2.5940        15.55
      2.5950        15.64
      2.5960        15.58
      2.5970        15.64
      2.5980        15.68
      2.5990        15.75
      2.6000        15.71
      2.6010        15.76
      2.6020        15.76
      2.6030        15.75
      2.6040        15.79
      2.6050        15.78
      2.6060        15.92
      2.6070        16.03
      2.6080        16.10
      2.6090        16.18
      2.6100        16.19
      2.6110        16.18
      2.6120        16.24
      2.6130        16.20
      2.6140        16.16
      2.6150        16.32
      2.6160        16.43
      2.6170        16.43
      2.6180        16.36
      2.6190        16.35
      2.6200        16.40
      2.6210        16.40
      2.6220        16.35
      2.6230        16.44
      2.6240        16.55
      2.6250        16.55
      2.6260        16.52
      2.6270        16.48
      2.6280        16.45
      2.6290        16.33
      2.6300        16.28
      2.6310        16.25
      2.6320        16.13
      2.6330        16.21
      2.6340        16.23
      2.6350        16.17
      2.6360        15.96
      2.6370        15.87
      2.6380        15.91
      2.6390        15.82
      2.6400        15.80
      2.6410        15.70
      2.6420        15.74
      2.6430        15.66
      2.6440        15.53
      2.6450        15.47
      2.6460        15.43
      2.6470        15.31
      2.6480        15.22
      2.6490        15.22
      2.6500        15.23
      2.6510        15.22
      2.6520        15.33
      2.6530        15.18
      2.6540        15.13
      2.6550        15.05
      2.6560        15.25
      2.6570        15.27
      2.6580        15.20
      2.6590        15.10
      2.6600        15.12
      2.6610        15.06
      2.6620        15.03
      2.6630        14.91
      2.6640        14.86
      2.6650        14.83
      2.6660        14.67
      2.6670        14.72
      2.6680        14.80
      2.6690        14.83
      2.6700        14.86
      2.6710        14.88
      2.6720        14.83
      2.6730        14.99
      2.6740        14.96
      2.6750        14.99
      2.6760        14.95
      2.6770        14.99
      2.6780        15.18
      2.6790        15.22
      2.6800        15.28
      2.6810        15.38
      2.6820        15.41
      2.6830        15.50
      2.6840        15.48
      2.6850        15.49
      2.6860        15.69
      2.6870        15.59
      2.6880        15.53
      2.6890        15.55
      2.6900        15.47
      2.6910        15.47
      2.6920        15.48
      2.6930        14.86
      2.6940        15.41
      2.6950        15.45
      2.6960        15.52
      2.6970        15.55
      2.6980        15.44
      2.6990        15.52
      2.7000        15.41
      2.7010        15.43
      2.7020        15.37
      2.7030        15.46
      2.7040        15.62
      2.7050        15.68
      2.7060        15.67
      2.7070        15.86
      2.7080        15.97
      2.7090        15.97
      2.7100        16.21
      2.7110        16.15
      2.7120        16.15
      2.7130        16.29
      2.7140        16.36
      2.7150        16.27
      2.7160        16.17
      2.7170        16.19
      2.7180        16.24
      2.7190        16.32
      2.7200        16.38
      2.7210        16.32
      2.7220        16.42
      2.7230        16.32
      2.7240        16.23
      2.7250        16.24
      2.7260        16.17
      2.7270        16.12
      2.7280        16.12
      2.7290        16.16
      2.7300        16.00
      2.7310        16.02
      2.7320        16.00
      2.7330        16.01
      2.7340        15.90
      2.7350        16.05
      2.7360        16.04
      2.7370        16.07
      2.7380        16.05
      2.7390        15.97
      2.7400        15.95
      2.7410        15.96
      2.7420        15.92
      2.7430        16.07
      2.7440        16.09
      2.7450        16.11
      2.7460        16.22
      2.7470        16.19
      2.7480        16.16
      2.7490        16.06
      2.7500        16.11
      2.7510        16.25
      2.7520        16.26
      2.7530        16.24
      2.7540        16.34
      2.7550        16.28
      2.7560        16.28
      2.7570        16.26
      2.7580        16.27
      2.7590        16.30
      2.7600        16.40
      2.7610        16.48
      2.7620        16.63
      2.7630        16.58
      2.7640        16.68
      2.7650        16.71
      2.7660        16.71
      2.7670        16.77
      2.7680        16.79
      2.7690        16.88
      2.7700        16.84
      2.7710        16.79
      2.7720        16.85
      2.7730        16.81
      2.7740        16.81
      2.7750        16.86
      2.7760        17.00
      2.7770        16.94
      2.7780        16.95
      2.7790        16.91
      2.7800        16.88
      2.7810        16.83
      2.7820        16.79
      2.7830        16.72
      2.7840        16.65
      2.7850        16.64
      2.7860        16.67
      2.7870        16.64
      2.7880        16.64
      2.7890        16.66
      2.7900        16.73
      2.7910        16.92
      2.7920        16.87
      2.7930        16.88
      2.7940        16.96
      2.7950        17.00
      2.7960        16.92
      2.7970        16.97
      2.7980        16.93
      2.7990        17.00
      2.8000        17.08
      2.8010        17.14
      2.8020        17.09
      2.8030        17.08
      2.8040        17.14
      2.8050        17.09
      2.8060        17.10
      2.8070        17.05
      2.8080        17.04
      2.8090        17.07
      2.8100        17.12
      2.8110        16.88
      2.8120        16.96
      2.8130        16.97
      2.8140        16.96
      2.8150        16.89
      2.8160        17.03
      2.8170        17.02
      2.8180        17.15
      2.8190        17.22
      2.8200        17.15
      2.8210        17.12
      2.8220        17.15
      2.8230        17.22
      2.8240        17.20
      2.8250        17.33
      2.8260        17.31
      2.8270        17.46
      2.8280        17.44
      2.8290        17.44
      2.8300        17.34
      2.8310        17.44
      2.8320        17.37
      2.8330        17.44
      2.8340        17.39
      2.8350        17.40
      2.8360        17.32
      2.8370        17.37
      2.8380        17.24
      2.8390        17.13
      2.8400        17.21
      2.8410        17.23
      2.8420        17.28
      2.8430        17.40
      2.8440        17.28
      2.8450        17.21
      2.8460        17.29
      2.8470        17.32
      2.8480        17.42
      2.8490        17.41
      2.8500        17.38
      2.8510        17.35
      2.8520        17.46
      2.8530        17.42
      2.8540        17.45
      2.8550        17.52
      2.8560        17.56
      2.8570        17.58
      2.8580        17.63
      2.8590        17.76
      2.8600        17.69
      2.8610        17.68
      2.8620        17.61
      2.8630        17.49
      2.8640        17.68
      2.8650        17.62
      2.8660        17.58
      2.8670        17.50
      2.8680        17.42
      2.8690        17.43
      2.8700        17.44
      2.8710        17.55
      2.8720        17.46
      2.8730        17.50
      2.8740        17.52
      2.8750        16.98
      2.8760        17.44
      2.8770        17.51
      2.8780        17.52
      2.8790        17.43
      2.8800        17.47
      2.8810        17.53
      2.8820        17.52
      2.8830        17.58
      2.8840        17.60
      2.8850        17.64
      2.8860        17.60
      2.8870        17.66
      2.8880        17.74
      2.8890        17.80
      2.8900        17.82
      2.8910        17.71
      2.8920        17.83
      2.8930        17.82
      2.8940        17.84
      2.8950        17.92
      2.8960        17.91
      2.8970        17.77
      2.8980        17.75
      2.8990        17.75
      2.9000        17.78
      2.9010        17.68
      2.9020        17.78
      2.9030        17.71
      2.9040        17.64
      2.9050        17.67
      2.9060        17.75
      2.9070        17.64
      2.9080        17.65
      2.9090        17.57
      2.9100        17.67
      2.9110        17.73
      2.9120        17.67
      2.9130        17.60
      2.9140        17.67
      2.9150        17.60
      2.9160        17.64
      2.9170        17.73
      2.9180        17.72
      2.9190        17.69
      2.9200        17.64
      2.9210        17.67
      2.9220        17.59
      2.9230        17.59
      2.9240        17.58
      2.9250        17.55
      2.9260        17.55
      2.9270        17.66
      2.9280        17.65
      2.9290        17.65
      2.9300        17.67
      2.9310        17.63
      2.9320        17.59
      2.9330        17.68
      2.9340        17.55
      2.9350        17.64
      2.9360        17.63
      2.9370        17.73
      2.9380        17.80
      2.9390        17.86
      2.9400        17.81
      2.9410        17.92
      2.9420        17.95
      2.9430        17.94
      2.9440        17.98
      2.9450        18.02
      2.9460        17.86
      2.9470        17.81
      2.9480        17.78
      2.9490        17.91
      2.9500        17.81
      2.9510        17.84
      2.9520        17.94
      2.9530        17.86
      2.9540        17.79
      2.9550        17.76
      2.9560        17.80
      2.9570        17.66
      2.9580        17.71
      2.9590        17.72
      2.9600        17.76
      2.9610        17.74
      2.9620        17.66
      2.9630        17.71
      2.9640        17.59
      2.9650        17.60
      2.9660        17.79
      2.9670        17.87
      2.9680        17.83
      2.9690        17.75
      2.9700        17.77
      2.9710        17.77
      2.9720        17.72
      2.9730        17.76
      2.9740        17.92
      2.9750        17.90
      2.9760        17.81
      2.9770        17.90
      2.9780        17.80
      2.9790        17.76
      2.9800        17.73
      2.9810        17.70
      2.9820        17.82
      2.9830        17.83
      2.9840        17.90
      2.9850        17.96
      2.9860        17.94
      2.9870        17.96
      2.9880        18.04
      2.9890        17.99
      2.9900        18.09
      2.9910        18.01
      2.9920        17.97
      2.9930        17.90
      2.9940        17.75
      2.9950        17.80
      2.9960        17.91
      2.9970        17.90
      2.9980        17.97
      2.9990        17.98
