        Time   Palpation Force
      0.0000         1.00
      0.0010         1.00
      0.0020         1.00
      0.0030         1.00
      0.0040         1.00
      0.0050         1.00
      0.0060         1.00
      0.0070         1.00
      0.0080         1.00
      0.0090         1.00
      0.0100         1.00
      0.0110         1.00
      0.0120         1.00
      0.0130         1.00
      0.0140         1.00
      0.0150         1.00
      0.0160         1.00
      0.0170         1.00
      0.0180         1.00
      0.0190         1.00
      0.0200         1.00
      0.0210         1.00
      0.0220         1.00
      0.0230         1.00
      0.0240         1.00
      0.0250         1.00
      0.0260         1.00
      0.0270         1.00
      0.0280         1.00
      0.0290         1.00
      0.0300         1.00
      0.0310         1.00
      0.0320         1.00
      0.0330         1.00
      0.0340         1.00
      0.0350         1.00
      0.0360         1.00
      0.0370         1.00
      0.0380         1.00
      0.0390         1.00
      0.0400         1.00
      0.0410         1.00
      0.0420         1.00
      0.0430         1.00
      0.0440         1.00
      0.0450         1.00
      0.0460         1.00
      0.0470         1.00
      0.0480         1.00
      0.0490         1.00
      0.0500         1.00
      0.0510         1.00
      0.0520         1.00
      0.0530         1.00
      0.0540         1.00
      0.0550         1.00
      0.0560         1.00
      0.0570         1.00
      0.0580         1.00
      0.0590         1.00
      0.0600         1.00
      0.0610         1.00
      0.0620         1.00
      0.0630         1.00
      0.0640         1.00
      0.0650         1.00
      0.0660         1.00
      0.0670         1.00
      0.0680         1.00
      0.0690         1.00
      0.0700         1.00
      0.0710         1.00
      0.0720         1.00
      0.0730         1.00
      0.0740         1.00
      0.0750         1.00
      0.0760         1.00
      0.0770         1.00
      0.0780         1.00
      0.0790         1.00
      0.0800         1.00
      0.0810         1.00
      0.0820         1.00
      0.0830         1.00
      0.0840         1.00
      0.0850         1.00
      0.0860         1.00
      0.0870         1.00
      0.0880         1.00
      0.0890         1.00
      0.0900         1.00
      0.0910         1.00
      0.0920         1.00
      0.0930         1.00
      0.0940         1.00
      0.0950         1.00
      0.0960         1.00
      0.0970         1.00
      0.0980         1.00
      0.0990         1.00
      0.1000         1.00
      0.1010         1.00
      0.1020         1.00
      0.1030         1.00
      0.1040         1.00
      0.1050         1.00
      0.1060         1.00
      0.1070         1.00
      0.1080         1.00
      0.1090         1.00
      0.1100         1.00
      0.1110         1.00
      0.1120         1.00
      0.1130         1.00
      0.1140         1.00
      0.1150         1.00
      0.1160         1.00
      0.1170         1.00
      0.1180         1.00
      0.1190         1.00
      0.1200         1.00
      0.1210         1.00
      0.1220         1.00
      0.1230         1.00
      0.1240         1.00
      0.1250         1.00
      0.1260         1.00
      0.1270         1.00
      0.1280         1.00
      0.1290         1.00
      0.1300         1.00
      0.1310         1.00
      0.1320         1.00
      0.1330         1.00
      0.1340         1.00
      0.1350         1.00
      0.1360         1.00
      0.1370         1.00
      0.1380         1.00
      0.1390         1.00
      0.1400         1.00
      0.1410         1.00
      0.1420         1.00
      0.1430         1.00
      0.1440         1.00
      0.1450         1.00
      0.1460         1.00
      0.1470         1.00
      0.1480         1.00
      0.1490         1.00
      0.1500         1.00
      0.1510         1.00
      0.1520         1.00
      0.1530         1.00
      0.1540         1.00
      0.1550         1.00
      0.1560         1.00
      0.1570         1.00
      0.1580         1.00
      0.1590         1.00
      0.1600         1.00
      0.1610         1.00
      0.1620         1.00
      0.1630         1.00
      0.1640         1.00
      0.1650         1.00
      0.1660         1.00
      0.1670         1.00
      0.1680         1.00
      0.1690         1.00
      0.1700         1.00
      0.1710         1.00
      0.1720         1.00
      0.1730         1.00
      0.1740         1.00
      0.1750         1.00
      0.1760         1.00
      0.1770         1.00
      0.1780         1.00
      0.1790         1.00
      0.1800         1.00
      0.1810         1.00
      0.1820         1.00
      0.1830         1.00
      0.1840         1.00
      0.1850         1.00
      0.1860         1.00
      0.1870         1.00
      0.1880         1.00
      0.1890         1.00
      0.1900         1.00
      0.1910         1.00
      0.1920         1.00
      0.1930         1.00
      0.1940         1.00
      0.1950         1.00
      0.1960         1.00
      0.1970         1.00
      0.1980         1.00
      0.1990         1.00
      0.2000         1.00
      0.2010         1.00
      0.2020         1.00
      0.2030         1.00
      0.2040         1.00
      0.2050         1.00
      0.2060         1.00
      0.2070         1.00
      0.2080         1.00
      0.2090         1.00
      0.2100         1.00
      0.2110         1.00
      0.2120         1.00
      0.2130         1.00
      0.2140         1.00
      0.2150         1.00
      0.2160         1.00
      0.2170         1.00
      0.2180         1.00
      0.2190         1.00
      0.2200         1.00
      0.2210         1.00
      0.2220         1.00
      0.2230         1.00
      0.2240         1.00
      0.2250         1.00
      0.2260         1.00
      0.2270         1.00
      0.2280         1.00
      0.2290         1.00
      0.2300         1.00
      0.2310         1.00
      0.2320         1.00
      0.2330         1.00
      0.2340         1.00
      0.2350         1.00
      0.2360         1.00
      0.2370         1.00
      0.2380         1.00
      0.2390         1.00
      0.2400         1.00
      0.2410         1.00
      0.2420         1.00
      0.2430         1.00
      0.2440         1.00
      0.2450         1.00
      0.2460         1.00
      0.2470         1.00
      0.2480         1.00
      0.2490         1.00
      0.2500         1.00
      0.2510         1.00
      0.2520         1.00
      0.2530         1.00
      0.2540         1.00
      0.2550         1.00
      0.2560         1.00
      0.2570         1.00
      0.2580         1.00
      0.2590         1.00
      0.2600         1.00
      0.2610         1.00
      0.2620         1.00
      0.2630         1.00
      0.2640         1.00
      0.2650         1.00
      0.2660         1.00
      0.2670         1.00
      0.2680         1.00
      0.2690         1.00
      0.2700         1.00
      0.2710         1.00
      0.2720         1.00
      0.2730         1.00
      0.2740         1.00
      0.2750         1.00
      0.2760         1.00
      0.2770         1.00
      0.2780         1.00
      0.2790         1.00
      0.2800         1.00
      0.2810         1.00
      0.2820         1.00
      0.2830         1.00
      0.2840         1.00
      0.2850         1.00
      0.2860         1.00
      0.2870         1.00
      0.2880         1.00
      0.2890         1.00
      0.2900         1.00
      0.2910         1.00
      0.2920         1.00
      0.2930         1.00
      0.2940         1.00
      0.2950         1.00
      0.2960         1.00
      0.2970         1.00
      0.2980         1.00
      0.2990         1.00
      0.3000         1.00
      0.3010         1.00
      0.3020         1.00
      0.3030         1.00
      0.3040         1.00
      0.3050         1.00
      0.3060         1.00
      0.3070         1.00
      0.3080         1.00
      0.3090         1.00
      0.3100         1.00
      0.3110         1.00
      0.3120         1.00
      0.3130         1.00
      0.3140         1.00
      0.3150         1.00
      0.3160         1.00
      0.3170         1.00
      0.3180         1.00
      0.3190         1.00
      0.3200         1.00
      0.3210         1.00
      0.3220         1.00
      0.3230         1.00
      0.3240         1.00
      0.3250         1.00
      0.3260         1.00
      0.3270         1.00
      0.3280         1.00
      0.3290         1.00
      0.3300         1.00
      0.3310         1.00
      0.3320         1.00
      0.3330         1.00
      0.3340         1.00
      0.3350         1.00
      0.3360         1.00
      0.3370         1.00
      0.3380         1.00
      0.3390         1.00
      0.3400         1.00
      0.3410         1.00
      0.3420         1.00
      0.3430         1.00
      0.3440         1.00
      0.3450         1.00
      0.3460         1.00
      0.3470         1.00
      0.3480         1.00
      0.3490         1.00
      0.3500         1.00
      0.3510         1.00
      0.3520         1.00
      0.3530         1.00
      0.3540         1.00
      0.3550         1.00
      0.3560         1.00
      0.3570         1.00
      0.3580         1.00
      0.3590         1.00
      0.3600         1.00
      0.3610         1.00
      0.3620         1.00
      0.3630         1.00
      0.3640         1.00
      0.3650         1.00
      0.3660         1.00
      0.3670         1.00
      0.3680         1.00
      0.3690         1.00
      0.3700         1.00
      0.3710         1.00
      0.3720         1.00
      0.3730         1.00
      0.3740         1.00
      0.3750         1.00
      0.3760         1.00
      0.3770         1.00
      0.3780         1.00
      0.3790         1.00
      0.3800         1.00
      0.3810         1.00
      0.3820         1.00
      0.3830         1.00
      0.3840         1.00
      0.3850         1.00
      0.3860         1.00
      0.3870         1.00
      0.3880         1.00
      0.3890         1.00
      0.3900         1.00
      0.3910         1.00
      0.3920         1.00
      0.3930         1.00
      0.3940         1.00
      0.3950         1.00
      0.3960         1.00
      0.3970         1.00
      0.3980         1.00
      0.3990         1.00
      0.4000         1.00
      0.4010         1.00
      0.4020         1.00
      0.4030         1.00
      0.4040         1.00
      0.4050         1.00
      0.4060         1.00
      0.4070         1.00
      0.4080         1.00
      0.4090         1.00
      0.4100         1.00
      0.4110         1.00
      0.4120         1.00
      0.4130         1.00
      0.4140         1.00
      0.4150         1.00
      0.4160         1.00
      0.4170         1.00
      0.4180         1.00
      0.4190         1.00
      0.4200         1.00
      0.4210         1.00
      0.4220         1.00
      0.4230         1.00
      0.4240         1.00
      0.4250         1.00
      0.4260         1.00
      0.4270         1.00
      0.4280         1.00
      0.4290         1.00
      0.4300         1.00
      0.4310         1.00
      0.4320         1.00
      0.4330         1.00
      0.4340         1.00
      0.4350         1.00
      0.4360         1.00
      0.4370         1.00
      0.4380         1.00
      0.4390         1.00
      0.4400         1.00
      0.4410         1.00
      0.4420         1.00
      0.4430         1.00
      0.4440         1.00
      0.4450         1.00
      0.4460         1.00
      0.4470         1.00
      0.4480         1.00
      0.4490         1.00
      0.4500         1.00
      0.4510         1.00
      0.4520         1.00
      0.4530         1.00
      0.4540         1.00
      0.4550         1.00
      0.4560         1.00
      0.4570         1.00
      0.4580         1.00
      0.4590         1.00
      0.4600         1.00
      0.4610         1.00
      0.4620         1.00
      0.4630         1.00
      0.4640         1.00
      0.4650         1.00
      0.4660         1.00
      0.4670         1.00
      0.4680         1.00
      0.4690         1.00
      0.4700         1.00
      0.4710         1.00
      0.4720         1.00
      0.4730         1.00
      0.4740         1.00
      0.4750         1.00
      0.4760         1.00
      0.4770         1.00
      0.4780         1.00
      0.4790         1.00
      0.4800         1.00
      0.4810         1.00
      0.4820         1.00
      0.4830         1.00
      0.4840         1.00
      0.4850         1.00
      0.4860         1.00
      0.4870         1.00
      0.4880         1.00
      0.4890         1.00
      0.4900         1.00
      0.4910         1.00
      0.4920         1.00
      0.4930         1.00
      0.4940         1.00
      0.4950         1.00
      0.4960         1.00
      0.4970         1.00
      0.4980         1.00
      0.4990         1.00
      0.5000         1.00
      0.5010         1.00
      0.5020         1.00
      0.5030         1.00
      0.5040         1.00
      0.5050         1.00
      0.5060         1.00
      0.5070         1.00
      0.5080         1.00
      0.5090         1.00
      0.5100         1.00
      0.5110         1.00
      0.5120         1.00
      0.5130         1.00
      0.5140         1.00
      0.5150         1.00
      0.5160         1.00
      0.5170         1.00
      0.5180         1.00
      0.5190         1.00
      0.5200         1.00
      0.5210         1.00
      0.5220         1.00
      0.5230         1.00
      0.5240         1.00
      0.5250         1.00
      0.5260         1.00
      0.5270         1.00
      0.5280         1.00
      0.5290         1.00
      0.5300         1.00
      0.5310         1.00
      0.5320         1.00
      0.5330         1.00
      0.5340         1.00
      0.5350         1.00
      0.5360         1.00
      0.5370         1.00
      0.5380         1.00
      0.5390         1.00
      0.5400         1.00
      0.5410         1.00
      0.5420         1.00
      0.5430         1.00
      0.5440         1.00
      0.5450         1.00
      0.5460         1.00
      0.5470         1.00
      0.5480         1.00
      0.5490         1.00
      0.5500         1.00
      0.5510         1.00
      0.5520         1.00
      0.5530         1.00
      0.5540         1.00
      0.5550         1.00
      0.5560         1.00
      0.5570         1.00
      0.5580         1.00
      0.5590         1.00
      0.5600         1.00
      0.5610         1.00
      0.5620         1.00
      0.5630         1.00
      0.5640         1.00
      0.5650         1.00
      0.5660         1.00
      0.5670         1.00
      0.5680         1.00
      0.5690         1.00
      0.5700         1.00
      0.5710         1.00
      0.5720         1.00
      0.5730         1.00
      0.5740         1.00
      0.5750         1.00
      0.5760         1.00
      0.5770         1.00
      0.5780         1.00
      0.5790         1.00
      0.5800         1.00
      0.5810         1.00
      0.5820         1.00
      0.5830         1.00
      0.5840         1.00
      0.5850         1.00
      0.5860         1.00
      0.5870         1.00
      0.5880         1.00
      0.5890         1.00
      0.5900         1.00
      0.5910         1.00
      0.5920         1.00
      0.5930         1.00
      0.5940         1.00
      0.5950         1.00
      0.5960         1.00
      0.5970         1.00
      0.5980         1.00
      0.5990         1.00
      0.6000         1.00
      0.6010         1.00
      0.6020         1.00
      0.6030         1.00
      0.6040         1.00
      0.6050         1.00
      0.6060         1.00
      0.6070         1.00
      0.6080         1.00
      0.6090         1.00
      0.6100         1.00
      0.6110         1.00
      0.6120         1.00
      0.6130         1.00
      0.6140         1.00
      0.6150         1.00
      0.6160         1.00
      0.6170         1.00
      0.6180         1.00
      0.6190         1.00
      0.6200         1.00
      0.6210         1.00
      0.6220         1.00
      0.6230         1.00
      0.6240         1.00
      0.6250         1.00
      0.6260         1.00
      0.6270         1.00
      0.6280         1.00
      0.6290         1.00
      0.6300         1.00
      0.6310         1.00
      0.6320         1.00
      0.6330         1.00
      0.6340         1.00
      0.6350         1.00
      0.6360         1.00
      0.6370         1.00
      0.6380         1.00
      0.6390         1.00
      0.6400         1.00
      0.6410         1.00
      0.6420         1.00
      0.6430         1.00
      0.6440         1.00
      0.6450         1.00
      0.6460         1.00
      0.6470         1.00
      0.6480         1.00
      0.6490         1.00
      0.6500         1.00
      0.6510         1.00
      0.6520         1.00
      0.6530         1.00
      0.6540         1.00
      0.6550         1.00
      0.6560         1.00
      0.6570         1.00
      0.6580         1.00
      0.6590         1.00
      0.6600         1.00
      0.6610         1.00
      0.6620         1.00
      0.6630         1.00
      0.6640         1.00
      0.6650         1.00
      0.6660         1.00
      0.6670         1.00
      0.6680         1.00
      0.6690         1.00
      0.6700         1.00
      0.6710         1.00
      0.6720         1.00
      0.6730         1.00
      0.6740         1.00
      0.6750         1.00
      0.6760         1.00
      0.6770         1.00
      0.6780         1.00
      0.6790         1.00
      0.6800         1.00
      0.6810         1.00
      0.6820         1.00
      0.6830         1.00
      0.6840         1.00
      0.6850         1.00
      0.6860         1.00
      0.6870         1.00
      0.6880         1.00
      0.6890         1.00
      0.6900         1.00
      0.6910         1.00
      0.6920         1.00
      0.6930         1.00
      0.6940         1.00
      0.6950         1.00
      0.6960         1.00
      0.6970         1.00
      0.6980         1.00
      0.6990         1.00
      0.7000         1.00
      0.7010         1.00
      0.7020         1.00
      0.7030         1.00
      0.7040         1.00
      0.7050         1.00
      0.7060         1.00
      0.7070         1.00
      0.7080         1.00
      0.7090         1.00
      0.7100         1.00
      0.7110         1.00
      0.7120         1.00
      0.7130         1.00
      0.7140         1.00
      0.7150         1.00
      0.7160         1.00
      0.7170         1.00
      0.7180         1.00
      0.7190         1.00
      0.7200         1.00
      0.7210         1.00
      0.7220         1.00
      0.7230         1.00
      0.7240         1.00
      0.7250         1.00
      0.7260         1.00
      0.7270         1.00
      0.7280         1.00
      0.7290         1.00
      0.7300         1.00
      0.7310         1.00
      0.7320         1.00
      0.7330         1.00
      0.7340         1.00
      0.7350         1.00
      0.7360         1.00
      0.7370         1.00
      0.7380         1.00
      0.7390         1.00
      0.7400         1.00
      0.7410         1.00
      0.7420         1.00
      0.7430         1.00
      0.7440         1.00
      0.7450         1.00
      0.7460         1.00
      0.7470         1.00
      0.7480         1.00
      0.7490         1.00
      0.7500         1.00
      0.7510         1.00
      0.7520         1.00
      0.7530         1.00
      0.7540         1.00
      0.7550         1.00
      0.7560         1.00
      0.7570         1.00
      0.7580         1.00
      0.7590         1.00
      0.7600         1.00
      0.7610         1.00
      0.7620         1.00
      0.7630         1.00
      0.7640         1.00
      0.7650         1.00
      0.7660         1.00
      0.7670         1.00
      0.7680         1.00
      0.7690         1.00
      0.7700         1.00
      0.7710         1.00
      0.7720         1.00
      0.7730         1.00
      0.7740         1.00
      0.7750         1.00
      0.7760         1.00
      0.7770         1.00
      0.7780         1.00
      0.7790         1.00
      0.7800         1.00
      0.7810         1.00
      0.7820         1.00
      0.7830         1.00
      0.7840         1.00
      0.7850         1.00
      0.7860         1.00
      0.7870         1.00
      0.7880         1.00
      0.7890         1.00
      0.7900         1.00
      0.7910         1.00
      0.7920         1.00
      0.7930         1.00
      0.7940         1.00
      0.7950         1.00
      0.7960         1.00
      0.7970         1.00
      0.7980         1.00
      0.7990         1.57
      0.8000         1.63
      0.8010         2.30
      0.8020         2.46
      0.8030         2.54
      0.8040         2.05
      0.8050         2.59
      0.8060         2.09
      0.8070         2.20
      0.8080         2.83
      0.8090         2.83
      0.8100         2.86
      0.8110         2.91
      0.8120         2.41
      0.8130         2.45
      0.8140         3.01
      0.8150         3.05
      0.8160         3.03
      0.8170         3.18
      0.8180         3.15
      0.8190         3.21
      0.8200         3.45
      0.8210         3.53
      0.8220         3.60
      0.8230         3.64
      0.8240         3.84
      0.8250         3.95
      0.8260         4.14
      0.8270         4.22
      0.8280         4.30
      0.8290         4.43
      0.8300         4.66
      0.8310         4.85
      0.8320         4.98
      0.8330         5.14
      0.8340         5.33
      0.8350         5.48
      0.8360         5.74
      0.8370         5.79
      0.8380         5.91
      0.8390         6.02
      0.8400         6.12
      0.8410         6.19
      0.8420         6.31
      0.8430         6.57
      0.8440         6.74
      0.8450         6.86
      0.8460         7.00
      0.8470         7.15
      0.8480         7.25
      0.8490         7.42
      0.8500         7.56
      0.8510         7.74
      0.8520         7.95
      0.8530         8.12
      0.8540         8.26
      0.8550         8.47
      0.8560         8.58
      0.8570         8.79
      0.8580         9.06
      0.8590         9.22
      0.8600         9.38
      0.8610         9.58
      0.8620         9.78
      0.8630        10.00
      0.8640        10.19
      0.8650        10.35
      0.8660        10.49
      0.8670        10.75
      0.8680        11.01
      0.8690        11.22
      0.8700        11.35
      0.8710        11.53
      0.8720        12.32
      0.8730        12.50
      0.8740        12.66
      0.8750        12.79
      0.8760        13.04
      0.8770        13.24
      0.8780        13.34
      0.8790        13.63
      0.8800        13.75
      0.8810        13.96
      0.8820        13.63
      0.8830        13.72
      0.8840        13.80
      0.8850        14.14
      0.8860        14.42
      0.8870        14.54
      0.8880        14.74
      0.8890        14.95
      0.8900        15.16
      0.8910        15.38
      0.8920        15.48
      0.8930        15.76
      0.8940        16.52
      0.8950        16.73
      0.8960        16.93
      0.8970        17.21
      0.8980        17.51
      0.8990        17.62
      0.9000        17.98
      0.9010        18.31
      0.9020        18.65
      0.9030        18.92
      0.9040        19.23
      0.9050        19.44
      0.9060        19.72
      0.9070        19.95
      0.9080        20.21
      0.9090        20.45
      0.9100        20.71
      0.9110        20.92
      0.9120        21.14
      0.9130        21.33
      0.9140        21.51
      0.9150        21.69
      0.9160        21.89
      0.9170        22.03
      0.9180        22.23
      0.9190        22.52
      0.9200        22.66
      0.9210        22.73
      0.9220        22.93
      0.9230        23.22
      0.9240        23.48
      0.9250        23.65
      0.9260        23.78
      0.9270        23.97
      0.9280        24.15
      0.9290        24.27
      0.9300        24.43
      0.9310        24.56
      0.9320        24.86
      0.9330        25.08
      0.9340        25.29
      0.9350        25.46
      0.9360        25.70
      0.9370        25.96
      0.9380        26.23
      0.9390        26.34
      0.9400        26.51
      0.9410        26.78
      0.9420        26.82
      0.9430        26.97
      0.9440        27.04
      0.9450        27.16
      0.9460        27.27
      0.9470        27.43
      0.9480        27.47
      0.9490        27.70
      0.9500        27.90
      0.9510        28.05
      0.9520        28.05
      0.9530        28.17
      0.9540        28.35
      0.9550        28.53
      0.9560        28.58
      0.9570        28.72
      0.9580        28.84
      0.9590        28.98
      0.9600        29.10
      0.9610        29.23
      0.9620        29.41
      0.9630        29.43
      0.9640        29.51
      0.9650        29.67
      0.9660        29.80
      0.9670        29.86
      0.9680        29.89
      0.9690        29.85
      0.9700        29.93
      0.9710        30.08
      0.9720        30.20
      0.9730        30.33
      0.9740        30.35
      0.9750        30.39
      0.9760        30.45
      0.9770        30.45
      0.9780        30.48
      0.9790        30.56
      0.9800        30.60
      0.9810        30.55
      0.9820        30.64
      0.9830        30.75
      0.9840        30.86
      0.9850        30.87
      0.9860        30.98
      0.9870        31.02
      0.9880        31.22
      0.9890        31.31
      0.9900        31.38
      0.9910        31.50
      0.9920        31.57
      0.9930        31.60
      0.9940        31.65
      0.9950        31.74
      0.9960        31.87
      0.9970        31.97
      0.9980        32.00
      0.9990        32.14
      1.0000        32.23
      1.0010        32.39
      1.0020        32.50
      1.0030        32.55
      1.0040        32.66
      1.0050        32.74
      1.0060        32.86
      1.0070        32.98
      1.0080        32.98
      1.0090        33.02
      1.0100        33.06
      1.0110        33.09
      1.0120        33.26
      1.0130        33.28
      1.0140        33.41
      1.0150        33.37
      1.0160        33.38
      1.0170        33.38
      1.0180        33.46
      1.0190        33.41
      1.0200        33.46
      1.0210        33.52
      1.0220        33.53
      1.0230        33.51
      1.0240        33.44
      1.0250        33.52
      1.0260        33.37
      1.0270        33.29
      1.0280        33.24
      1.0290        33.23
      1.0300        33.15
      1.0310        33.16
      1.0320        33.01
      1.0330        32.99
      1.0340        32.91
      1.0350        33.05
      1.0360        33.00
      1.0370        32.99
      1.0380        32.97
      1.0390        33.00
      1.0400        32.82
      1.0410        32.73
      1.0420        32.57
      1.0430        32.55
      1.0440        32.58
      1.0450        32.41
      1.0460        32.46
      1.0470        32.42
      1.0480        32.38
      1.0490        32.35
      1.0500        32.31
      1.0510        32.26
      1.0520        32.19
      1.0530        32.11
      1.0540        32.10
      1.0550        31.90
      1.0560        31.90
      1.0570        31.83
      1.0580        31.74
      1.0590        31.67
      1.0600        31.70
      1.0610        31.64
      1.0620        31.67
      1.0630        31.66
      1.0640        31.59
      1.0650        31.58
      1.0660        31.46
      1.0670        31.55
      1.0680        31.58
      1.0690        31.62
      1.0700        31.65
      1.0710        31.67
      1.0720        31.71
      1.0730        31.80
      1.0740        31.88
      1.0750        31.99
      1.0760        32.07
      1.0770        32.14
      1.0780        32.35
      1.0790        32.34
      1.0800        32.45
      1.0810        32.63
      1.0820        32.73
      1.0830        32.86
      1.0840        33.05
      1.0850        33.15
      1.0860        33.35
      1.0870        33.51
      1.0880        33.66
      1.0890        33.76
      1.0900        33.96
      1.0910        34.03
      1.0920        34.19
      1.0930        34.35
      1.0940        34.37
      1.0950        34.49
      1.0960        34.61
      1.0970        34.73
      1.0980        34.70
      1.0990        34.92
      1.1000        35.13
      1.1010        35.09
      1.1020        35.25
      1.1030        35.32
      1.1040        35.28
      1.1050        35.42
      1.1060        35.43
      1.1070        35.33
      1.1080        35.47
      1.1090        35.59
      1.1100        35.59
      1.1110        35.64
      1.1120        35.66
      1.1130        35.60
      1.1140        35.62
      1.1150        35.64
      1.1160        35.70
      1.1170        35.68
      1.1180        35.67
      1.1190        35.52
      1.1200        35.35
      1.1210        35.42
      1.1220        35.30
      1.1230        35.38
      1.1240        35.41
      1.1250        35.37
      1.1260        35.42
      1.1270        35.50
      1.1280        35.45
      1.1290        35.30
      1.1300        35.30
      1.1310        35.16
      1.1320        35.04
      1.1330        35.05
      1.1340        35.03
      1.1350        35.01
      1.1360        34.92
      1.1370        34.91
      1.1380        34.94
      1.1390        34.97
      1.1400        34.89
      1.1410        34.87
      1.1420        34.92
      1.1430        34.76
      1.1440        34.75
      1.1450        34.69
      1.1460        34.52
      1.1470        34.48
      1.1480        34.43
      1.1490        34.43
      1.1500        34.36
      1.1510        34.36
      1.1520        34.36
      1.1530        34.27
      1.1540        34.27
      1.1550        34.16
      1.1560        34.04
      1.1570        34.01
      1.1580        33.96
      1.1590        33.89
      1.1600        33.90
      1.1610        33.78
      1.1620        33.72
      1.1630        33.70
      1.1640        33.66
      1.1650        33.75
      1.1660        33.83
      1.1670        33.78
      1.1680        33.78
      1.1690        33.83
      1.1700        33.90
      1.1710        33.86
      1.1720        33.94
      1.1730        33.99
      1.1740        34.11
      1.1750        34.18
      1.1760        34.25
      1.1770        34.25
      1.1780        34.36
      1.1790        34.41
      1.1800        34.55
      1.1810        34.68
      1.1820        34.76
      1.1830        34.84
      1.1840        34.95
      1.1850        34.99
      1.1860        35.04
      1.1870        35.03
      1.1880        35.04
      1.1890        35.11
      1.1900        35.02
      1.1910        35.12
      1.1920        35.30
      1.1930        35.36
      1.1940        35.34
      1.1950        35.42
      1.1960        35.54
      1.1970        35.67
      1.1980        35.60
      1.1990        35.70
      1.2000        35.65
      1.2010        35.76
      1.2020        35.76
      1.2030        35.77
      1.2040        35.72
      1.2050        35.70
      1.2060        35.74
      1.2070        35.82
      1.2080        35.88
      1.2090        35.89
      1.2100        36.02
      1.2110        36.13
      1.2120        36.03
      1.2130        35.99
      1.2140        35.96
      1.2150        36.03
      1.2160        35.98
      1.2170        36.03
      1.2180        36.10
      1.2190        36.05
      1.2200        36.09
      1.2210        36.04
      1.2220        36.08
      1.2230        36.05
      1.2240        36.04
      1.2250        36.00
      1.2260        35.93
      1.2270        35.77
      1.2280        35.64
      1.2290        35.50
      1.2300        35.30
      1.2310        35.20
      1.2320        35.06
      1.2330        35.01
      1.2340        34.89
      1.2350        34.61
      1.2360        34.42
      1.2370        34.18
      1.2380        33.99
      1.2390        33.75
      1.2400        33.64
      1.2410        33.43
      1.2420        33.23
      1.2430        33.13
      1.2440        33.02
      1.2450        32.98
      1.2460        32.97
      1.2470        32.95
      1.2480        32.97
      1.2490        32.94
      1.2500        33.11
      1.2510        33.06
      1.2520        33.07
      1.2530        33.04
      1.2540        32.99
      1.2550        33.02
      1.2560        33.18
      1.2570        33.16
      1.2580        33.24
      1.2590        33.39
      1.2600        33.34
      1.2610        33.39
      1.2620        33.42
      1.2630        33.42
      1.2640        33.50
      1.2650        33.41
      1.2660        33.41
      1.2670        33.50
      1.2680        33.49
      1.2690        33.54
      1.2700        33.35
      1.2710        33.39
      1.2720        33.41
      1.2730        33.38
      1.2740        33.46
      1.2750        33.51
      1.2760        33.53
      1.2770        33.61
      1.2780        33.71
      1.2790        33.79
      1.2800        33.87
      1.2810        34.03
      1.2820        34.14
      1.2830        34.17
      1.2840        34.11
      1.2850        34.27
      1.2860        34.19
      1.2870        34.23
      1.2880        34.29
      1.2890        34.38
      1.2900        34.46
      1.2910        34.54
      1.2920        34.64
      1.2930        34.68
      1.2940        34.81
      1.2950        34.91
      1.2960        34.91
      1.2970        34.96
      1.2980        34.92
      1.2990        34.95
      1.3000        35.01
      1.3010        35.05
      1.3020        35.03
      1.3030        35.07
      1.3040        35.13
      1.3050        35.14
      1.3060        35.26
      1.3070        35.22
      1.3080        35.19
      1.3090        35.15
      1.3100        35.07
      1.3110        35.00
      1.3120        34.91
      1.3130        34.98
      1.3140        34.84
      1.3150        34.77
      1.3160        34.69
      1.3170        34.61
      1.3180        34.42
      1.3190        34.30
      1.3200        34.21
      1.3210        33.97
      1.3220        33.82
      1.3230        33.73
      1.3240        33.59
      1.3250        33.42
      1.3260        33.38
      1.3270        33.27
      1.3280        33.14
      1.3290        32.92
      1.3300        33.04
      1.3310        32.81
      1.3320        32.72
      1.3330        32.50
      1.3340        32.48
      1.3350        32.29
      1.3360        32.22
      1.3370        32.07
      1.3380        32.10
      1.3390        32.00
      1.3400        32.00
      1.3410        31.92
      1.3420        31.86
      1.3430        31.77
      1.3440        31.81
      1.3450        31.72
      1.3460        31.58
      1.3470        31.49
      1.3480        31.50
      1.3490        31.41
      1.3500        31.21
      1.3510        31.29
      1.3520        31.21
      1.3530        31.29
      1.3540        31.10
      1.3550        31.12
      1.3560        31.13
      1.3570        31.08
      1.3580        31.00
      1.3590        30.97
      1.3600        30.80
      1.3610        30.76
      1.3620        30.80
      1.3630        30.78
      1.3640        30.74
      1.3650        30.84
      1.3660        30.89
      1.3670        30.98
      1.3680        30.98
      1.3690        31.00
      1.3700        31.02
      1.3710        31.08
      1.3720        31.13
      1.3730        31.00
      1.3740        30.99
      1.3750        31.11
      1.3760        31.05
      1.3770        31.05
      1.3780        31.05
      1.3790        31.15
      1.3800        31.20
      1.3810        31.23
      1.3820        31.27
      1.3830        31.23
      1.3840        31.26
      1.3850        31.26
      1.3860        31.22
      1.3870        31.14
      1.3880        31.17
      1.3890        31.29
      1.3900        31.33
      1.3910        31.23
      1.3920        31.18
      1.3930        31.28
      1.3940        31.38
      1.3950        31.35
      1.3960        31.28
      1.3970        31.45
      1.3980        31.45
      1.3990        31.43
      1.4000        31.55
      1.4010        31.58
      1.4020        31.48
      1.4030        31.59
      1.4040        31.55
      1.4050        31.48
      1.4060        31.40
      1.4070        31.47
      1.4080        31.40
      1.4090        31.38
      1.4100        31.31
      1.4110        31.34
      1.4120        31.35
      1.4130        31.33
      1.4140        31.35
      1.4150        31.23
      1.4160        31.27
      1.4170        31.18
      1.4180        31.13
      1.4190        31.15
      1.4200        31.07
      1.4210        31.08
      1.4220        31.20
      1.4230        31.15
      1.4240        31.04
      1.4250        31.05
      1.4260        31.06
      1.4270        31.05
      1.4280        30.99
      1.4290        31.01
      1.4300        31.05
      1.4310        30.98
      1.4320        31.02
      1.4330        30.92
      1.4340        30.89
      1.4350        30.98
      1.4360        30.96
      1.4370        30.82
      1.4380        30.84
      1.4390        30.66
      1.4400        30.59
      1.4410        30.51
      1.4420        30.39
      1.4430        30.39
      1.4440        30.46
      1.4450        30.43
      1.4460        30.39
      1.4470        30.36
      1.4480        30.31
      1.4490        30.28
      1.4500        30.23
      1.4510        30.32
      1.4520        30.20
      1.4530        30.15
      1.4540        30.13
      1.4550        30.04
      1.4560        29.94
      1.4570        30.05
      1.4580        30.01
      1.4590        29.96
      1.4600        29.94
      1.4610        29.93
      1.4620        29.85
      1.4630        29.81
      1.4640        29.69
      1.4650        29.63
      1.4660        29.63
      1.4670        29.58
      1.4680        29.63
      1.4690        29.52
      1.4700        29.40
      1.4710        29.27
      1.4720        29.30
      1.4730        29.34
      1.4740        29.28
      1.4750        29.28
      1.4760        29.34
      1.4770        29.32
      1.4780        29.33
      1.4790        29.40
      1.4800        29.44
      1.4810        29.44
      1.4820        29.41
      1.4830        29.38
      1.4840        29.45
      1.4850        29.46
      1.4860        29.50
      1.4870        29.53
      1.4880        29.58
      1.4890        29.65
      1.4900        29.81
      1.4910        29.89
      1.4920        29.85
      1.4930        29.85
      1.4940        29.79
      1.4950        29.80
      1.4960        29.72
      1.4970        29.79
      1.4980        29.78
      1.4990        29.87
      1.5000        29.79
      1.5010        29.77
      1.5020        29.93
      1.5030        29.97
      1.5040        30.06
      1.5050        30.12
      1.5060        30.28
      1.5070        30.18
      1.5080        30.24
      1.5090        30.29
      1.5100        30.29
      1.5110        30.26
      1.5120        30.32
      1.5130        30.39
      1.5140        30.58
      1.5150        30.59
      1.5160        30.90
      1.5170        30.93
      1.5180        30.99
      1.5190        30.98
      1.5200        31.10
      1.5210        31.26
      1.5220        31.16
      1.5230        31.18
      1.5240        31.21
      1.5250        31.21
      1.5260        30.95
      1.5270        31.09
      1.5280        30.94
      1.5290        30.89
      1.5300        30.84
      1.5310        30.74
      1.5320        30.66
      1.5330        30.61
      1.5340        30.62
      1.5350        30.64
      1.5360        30.29
      1.5370        30.30
      1.5380        30.15
      1.5390        30.10
      1.5400        30.05
      1.5410        29.83
      1.5420        29.84
      1.5430        29.75
      1.5440        29.68
      1.5450        29.72
      1.5460        29.72
      1.5470        29.61
      1.5480        29.60
      1.5490        29.53
      1.5500        29.46
      1.5510        29.46
      1.5520        29.53
      1.5530        29.62
      1.5540        29.41
      1.5550        29.30
      1.5560        29.36
      1.5570        29.25
      1.5580        29.32
      1.5590        29.22
      1.5600        29.09
      1.5610        29.16
      1.5620        29.07
      1.5630        29.05
      1.5640        28.96
      1.5650        28.85
      1.5660        28.90
      1.5670        28.88
      1.5680        28.94
      1.5690        28.97
      1.5700        28.95
      1.5710        28.97
      1.5720        28.95
      1.5730        28.83
      1.5740        28.94
      1.5750        29.03
      1.5760        29.02
      1.5770        28.97
      1.5780        28.90
      1.5790        29.00
      1.5800        29.04
      1.5810        29.06
      1.5820        29.13
      1.5830        29.09
      1.5840        29.06
      1.5850        29.13
      1.5860        29.06
      1.5870        29.02
      1.5880        28.99
      1.5890        29.08
      1.5900        29.19
      1.5910        29.12
      1.5920        29.08
      1.5930        29.09
      1.5940        29.03
      1.5950        29.00
      1.5960        29.01
      1.5970        29.01
      1.5980        29.13
      1.5990        29.14
      1.6000        29.24
      1.6010        29.21
      1.6020        29.24
      1.6030        29.26
      1.6040        29.40
      1.6050        29.26
      1.6060        29.38
      1.6070        29.42
      1.6080        29.50
      1.6090        29.32
      1.6100        29.21
      1.6110        29.25
      1.6120        29.28
      1.6130        29.28
      1.6140        29.36
      1.6150        29.39
      1.6160        29.45
      1.6170        29.47
      1.6180        29.37
      1.6190        29.33
      1.6200        29.22
      1.6210        29.22
      1.6220        29.22
      1.6230        29.35
      1.6240        29.36
      1.6250        29.39
      1.6260        29.43
      1.6270        29.51
      1.6280        29.48
      1.6290        29.57
      1.6300        29.79
      1.6310        29.91
      1.6320        29.95
      1.6330        29.92
      1.6340        29.96
      1.6350        30.03
      1.6360        30.16
      1.6370        30.23
      1.6380        30.34
      1.6390        30.29
      1.6400        30.31
      1.6410        30.31
      1.6420        30.27
      1.6430        30.22
      1.6440        30.17
      1.6450        30.29
      1.6460        30.19
      1.6470        30.15
      1.6480        30.22
      1.6490        30.18
      1.6500        29.98
      1.6510        29.87
      1.6520        29.90
      1.6530        29.92
      1.6540        29.87
      1.6550        29.72
      1.6560        29.53
      1.6570        29.47
      1.6580        29.39
      1.6590        29.35
      1.6600        29.41
      1.6610        29.34
      1.6620        29.34
      1.6630        29.37
      1.6640        29.38
      1.6650        29.30
      1.6660        29.22
      1.6670        29.20
      1.6680        29.09
      1.6690        29.14
      1.6700        29.20
      1.6710        29.20
      1.6720        29.16
      1.6730        29.19
      1.6740        29.15
      1.6750        29.12
      1.6760        29.05
      1.6770        29.01
      1.6780        29.03
      1.6790        29.12
      1.6800        29.17
      1.6810        29.31
      1.6820        29.24
      1.6830        29.11
      1.6840        29.02
      1.6850        28.94
      1.6860        29.01
      1.6870        29.02
      1.6880        29.07
      1.6890        28.98
      1.6900        28.92
      1.6910        29.00
      1.6920        28.99
      1.6930        28.92
      1.6940        28.87
      1.6950        28.87
      1.6960        28.87
      1.6970        28.78
      1.6980        28.74
      1.6990        28.67
      1.7000        28.60
      1.7010        28.43
      1.7020        28.47
      1.7030        28.43
      1.7040        28.36
      1.7050        28.42
      1.7060        28.38
      1.7070        28.24
      1.7080        28.24
      1.7090        28.35
      1.7100        28.36
      1.7110        28.28
      1.7120        28.23
      1.7130        28.26
      1.7140        28.31
      1.7150        28.35
      1.7160        28.36
      1.7170        28.57
      1.7180        28.52
      1.7190        28.55
      1.7200        28.52
      1.7210        28.62
      1.7220        28.59
      1.7230        28.63
      1.7240        28.75
      1.7250        28.71
      1.7260        28.67
      1.7270        28.75
      1.7280        28.71
      1.7290        28.77
      1.7300        28.72
      1.7310        28.74
      1.7320        28.74
      1.7330        28.81
      1.7340        28.89
      1.7350        28.87
      1.7360        28.99
      1.7370        28.84
      1.7380        28.96
      1.7390        29.00
      1.7400        29.08
      1.7410        29.16
      1.7420        29.21
      1.7430        29.29
      1.7440        29.24
      1.7450        29.32
      1.7460        29.41
      1.7470        29.54
      1.7480        29.50
      1.7490        29.41
      1.7500        29.45
      1.7510        29.43
      1.7520        29.39
      1.7530        29.41
      1.7540        29.31
      1.7550        29.31
      1.7560        29.19
      1.7570        29.21
      1.7580        29.14
      1.7590        29.14
      1.7600        28.99
      1.7610        28.95
      1.7620        28.89
      1.7630        28.79
      1.7640        28.77
      1.7650        28.71
      1.7660        28.67
      1.7670        28.60
      1.7680        28.56
      1.7690        28.55
      1.7700        28.52
      1.7710        28.52
      1.7720        28.59
      1.7730        28.41
      1.7740        28.38
      1.7750        28.45
      1.7760        28.48
      1.7770        28.50
      1.7780        28.49
      1.7790        28.46
      1.7800        28.37
      1.7810        28.25
      1.7820        28.22
      1.7830        28.25
      1.7840        28.29
      1.7850        28.23
      1.7860        28.19
      1.7870        28.15
      1.7880        28.09
      1.7890        28.07
      1.7900        28.15
      1.7910        28.16
      1.7920        28.04
      1.7930        28.10
      1.7940        28.13
      1.7950        27.95
      1.7960        27.88
      1.7970        27.78
      1.7980        27.74
      1.7990        27.79
      1.8000        27.91
      1.8010        27.90
      1.8020        27.92
      1.8030        27.91
      1.8040        27.81
      1.8050        27.83
      1.8060        27.81
      1.8070        27.72
      1.8080        27.81
      1.8090        27.80
      1.8100        27.72
      1.8110        27.69
      1.8120        27.73
      1.8130        27.68
      1.8140        27.61
      1.8150        27.65
      1.8160        27.69
      1.8170        27.80
      1.8180        27.75
      1.8190        27.54
      1.8200        27.53
      1.8210        27.54
      1.8220        27.53
      1.8230        27.54
      1.8240        27.58
      1.8250        27.60
      1.8260        27.69
      1.8270        27.85
      1.8280        27.80
      1.8290        27.81
      1.8300        27.74
      1.8310        27.64
      1.8320        27.65
      1.8330        27.68
      1.8340        27.68
      1.8350        27.64
      1.8360        27.68
      1.8370        27.60
      1.8380        27.65
      1.8390        27.76
      1.8400        27.87
      1.8410        27.92
      1.8420        27.89
      1.8430        27.84
      1.8440        27.83
      1.8450        27.83
      1.8460        27.81
      1.8470        27.68
      1.8480        27.80
      1.8490        27.89
      1.8500        27.97
      1.8510        28.08
      1.8520        28.19
      1.8530        28.28
      1.8540        28.34
      1.8550        28.52
      1.8560        28.48
      1.8570        28.58
      1.8580        28.70
      1.8590        28.75
      1.8600        28.65
      1.8610        28.77
      1.8620        28.70
      1.8630        28.69
      1.8640        28.79
      1.8650        28.79
      1.8660        28.83
      1.8670        28.79
      1.8680        28.63
      1.8690        28.62
      1.8700        28.62
      1.8710        28.60
      1.8720        28.47
      1.8730        28.35
      1.8740        28.39
      1.8750        28.28
      1.8760        28.39
      1.8770        28.23
      1.8780        28.12
      1.8790        28.06
      1.8800        28.04
      1.8810        27.91
      1.8820        27.99
      1.8830        28.05
      1.8840        28.04
      1.8850        28.08
      1.8860        28.01
      1.8870        28.11
      1.8880        28.16
      1.8890        28.07
      1.8900        28.02
      1.8910        28.01
      1.8920        28.05
      1.8930        28.01
      1.8940        27.98
      1.8950        27.93
      1.8960        27.78
      1.8970        27.86
      1.8980        27.89
      1.8990        27.85
      1.9000        27.87
      1.9010        27.83
      1.9020        27.75
      1.9030        27.66
      1.9040        27.53
      1.9050        27.39
      1.9060        27.33
      1.9070        27.30
      1.9080        27.19
      1.9090        27.14
      1.9100        27.02
      1.9110        26.86
      1.9120        26.75
      1.9130        26.79
      1.9140        26.71
      1.9150        26.70
      1.9160        26.73
      1.9170        26.64
      1.9180        26.55
      1.9190        26.55
      1.9200        26.53
      1.9210        26.47
      1.9220        26.52
      1.9230        26.56
      1.9240        26.61
      1.9250        26.72
      1.9260        26.73
      1.9270        26.71
      1.9280        26.75
      1.9290        26.73
      1.9300        26.83
      1.9310        26.97
      1.9320        27.14
      1.9330        27.04
      1.9340        27.10
      1.9350        27.12
      1.9360        27.11
      1.9370        27.15
      1.9380        27.24
      1.9390        27.28
      1.9400        27.24
      1.9410        27.30
      1.9420        27.32
      1.9430        27.30
      1.9440        27.30
      1.9450        27.25
      1.9460        27.21
      1.9470        27.19
      1.9480        27.25
      1.9490        27.27
      1.9500        27.30
      1.9510        27.23
      1.9520        27.12
      1.9530        27.22
      1.9540        27.15
      1.9550        27.09
      1.9560        27.05
      1.9570        27.07
      1.9580        27.04
      1.9590        27.04
      1.9600        27.08
      1.9610        27.02
      1.9620        26.90
      1.9630        26.86
      1.9640        26.80
      1.9650        26.82
      1.9660        26.83
      1.9670        26.83
      1.9680        26.76
      1.9690        26.73
      1.9700        26.70
      1.9710        26.77
      1.9720        26.78
      1.9730        26.66
      1.9740        26.62
      1.9750        26.66
      1.9760        26.51
      1.9770        26.59
      1.9780        26.55
      1.9790        26.60
      1.9800        26.55
      1.9810        26.60
      1.9820        26.73
      1.9830        26.77
      1.9840        26.83
      1.9850        26.84
      1.9860        26.76
      1.9870        26.75
      1.9880        26.83
      1.9890        26.87
      1.9900        26.81
      1.9910        26.61
      1.9920        26.56
      1.9930        26.59
      1.9940        26.56
      1.9950        26.52
      1.9960        26.55
      1.9970        26.42
      1.9980        26.34
      1.9990        26.17
      2.0000        26.14
      2.0010        26.09
      2.0020        26.06
      2.0030        26.04
      2.0040        25.95
      2.0050        25.96
      2.0060        26.07
      2.0070        26.00
      2.0080        25.95
      2.0090        25.95
      2.0100        25.90
      2.0110        26.06
      2.0120        26.09
      2.0130        26.08
      2.0140        26.13
      2.0150        26.13
      2.0160        26.21
      2.0170        26.32
      2.0180        26.36
      2.0190        26.41
      2.0200        26.44
      2.0210        26.44
      2.0220        26.40
      2.0230        26.38
      2.0240        26.36
      2.0250        26.28
      2.0260        26.20
      2.0270        26.30
      2.0280        26.24
      2.0290        26.30
      2.0300        26.34
      2.0310        26.34
      2.0320        26.32
      2.0330        26.32
      2.0340        26.23
      2.0350        26.27
      2.0360        26.30
      2.0370        26.25
      2.0380        26.28
      2.0390        26.21
      2.0400        26.13
      2.0410        26.25
      2.0420        26.25
      2.0430        26.18
      2.0440        26.21
      2.0450        26.26
      2.0460        26.22
      2.0470        26.12
      2.0480        26.12
      2.0490        26.01
      2.0500        25.98
      2.0510        25.93
      2.0520        25.95
      2.0530        25.84
      2.0540        25.91
      2.0550        25.87
      2.0560        25.79
      2.0570        25.65
      2.0580        25.64
      2.0590        25.72
      2.0600        25.76
      2.0610        25.73
      2.0620        25.79
      2.0630        25.83
      2.0640        25.76
      2.0650        25.73
      2.0660        25.74
      2.0670        25.75
      2.0680        25.73
      2.0690        25.72
      2.0700        25.76
      2.0710        25.73
      2.0720        25.61
      2.0730        25.67
      2.0740        25.62
      2.0750        25.55
      2.0760        25.58
      2.0770        25.66
      2.0780        25.70
      2.0790        25.58
      2.0800        25.57
      2.0810        25.44
      2.0820        25.36
      2.0830        25.29
      2.0840        25.25
      2.0850        25.16
      2.0860        25.13
      2.0870        25.22
      2.0880        25.18
      2.0890        25.13
      2.0900        25.13
      2.0910        25.05
      2.0920        25.14
      2.0930        25.18
      2.0940        25.16
      2.0950        25.26
      2.0960        25.32
      2.0970        25.25
      2.0980        25.25
      2.0990        25.33
      2.1000        25.41
      2.1010        25.49
      2.1020        25.45
      2.1030        25.53
      2.1040        25.61
      2.1050        25.63
      2.1060        25.60
      2.1070        25.51
      2.1080        25.48
      2.1090        25.55
      2.1100        25.54
      2.1110        25.71
      2.1120        25.64
      2.1130        25.69
      2.1140        25.79
      2.1150        25.72
      2.1160        25.68
      2.1170        25.67
      2.1180        25.72
      2.1190        25.63
      2.1200        25.55
      2.1210        25.46
      2.1220        25.56
      2.1230        25.48
      2.1240        25.47
      2.1250        25.53
      2.1260        25.65
      2.1270        25.58
      2.1280        25.61
      2.1290        25.53
      2.1300        25.49
      2.1310        25.40
      2.1320        25.37
      2.1330        25.27
      2.1340        25.18
      2.1350        25.15
      2.1360        25.14
      2.1370        25.10
      2.1380        24.90
      2.1390        24.91
      2.1400        24.86
      2.1410        24.82
      2.1420        24.69
      2.1430        24.74
      2.1440        24.70
      2.1450        24.61
      2.1460        24.47
      2.1470        24.53
      2.1480        24.54
      2.1490        24.62
      2.1500        24.62
      2.1510        24.59
      2.1520        24.60
      2.1530        24.62
      2.1540        24.53
      2.1550        24.47
      2.1560        24.50
      2.1570        24.55
      2.1580        24.62
      2.1590        24.70
      2.1600        24.63
      2.1610        24.59
      2.1620        24.74
      2.1630        24.64
      2.1640        24.59
      2.1650        24.58
      2.1660        24.59
      2.1670        24.61
      2.1680        24.69
      2.1690        24.58
      2.1700        24.53
      2.1710        24.41
      2.1720        24.33
      2.1730        24.26
      2.1740        24.27
      2.1750        24.27
      2.1760        24.32
      2.1770        24.38
      2.1780        24.35
      2.1790        24.28
      2.1800        24.35
      2.1810        24.46
      2.1820        24.33
      2.1830        24.44
      2.1840        24.51
      2.1850        24.53
      2.1860        24.57
      2.1870        24.57
      2.1880        24.43
      2.1890        24.40
      2.1900        24.41
      2.1910        24.56
      2.1920        24.75
      2.1930        24.83
      2.1940        24.90
      2.1950        24.99
      2.1960        24.86
      2.1970        24.82
      2.1980        24.85
      2.1990        24.75
      2.2000        24.77
      2.2010        24.71
      2.2020        24.67
      2.2030        24.67
      2.2040        24.64
      2.2050        24.59
      2.2060        24.58
      2.2070        24.58
      2.2080        24.67
      2.2090        24.71
      2.2100        24.71
      2.2110        24.59
      2.2120        24.52
      2.2130        24.53
      2.2140        24.55
      2.2150        24.49
      2.2160        24.53
      2.2170        24.51
      2.2180        24.49
      2.2190        24.60
      2.2200        24.56
      2.2210        24.56
      2.2220        24.56
      2.2230        24.48
      2.2240        24.52
      2.2250        24.55
      2.2260        24.63
      2.2270        24.62
      2.2280        24.63
      2.2290        24.65
      2.2300        24.62
      2.2310        24.66
      2.2320        24.58
      2.2330        24.54
      2.2340        24.54
      2.2350        24.47
      2.2360        24.50
      2.2370        24.55
      2.2380        24.48
      2.2390        24.44
      2.2400        24.47
      2.2410        24.44
      2.2420        24.44
      2.2430        24.44
      2.2440        24.40
      2.2450        24.36
      2.2460        24.31
      2.2470        24.28
      2.2480        24.18
      2.2490        24.17
      2.2500        24.19
      2.2510        24.23
      2.2520        24.27
      2.2530        24.31
      2.2540        24.24
      2.2550        24.25
      2.2560        24.13
      2.2570        24.09
      2.2580        24.10
      2.2590        24.06
      2.2600        24.06
      2.2610        24.02
      2.2620        24.07
      2.2630        24.08
      2.2640        24.07
      2.2650        24.12
      2.2660        24.08
      2.2670        24.12
      2.2680        24.11
      2.2690        24.03
      2.2700        24.07
      2.2710        24.08
      2.2720        24.09
      2.2730        24.08
      2.2740        24.08
      2.2750        24.08
      2.2760        24.12
      2.2770        24.02
      2.2780        24.01
      2.2790        24.01
      2.2800        23.89
      2.2810        23.86
      2.2820        23.75
      2.2830        23.71
      2.2840        23.62
      2.2850        23.66
      2.2860        23.64
      2.2870        23.57
      2.2880        23.55
      2.2890        23.51
      2.2900        23.42
      2.2910        23.37
      2.2920        23.30
      2.2930        23.29
      2.2940        23.22
      2.2950        23.13
      2.2960        23.09
      2.2970        23.16
      2.2980        23.16
      2.2990        23.18
      2.3000        23.22
      2.3010        23.37
      2.3020        23.47
      2.3030        23.50
      2.3040        23.55
      2.3050        23.43
      2.3060        23.42
      2.3070        23.35
      2.3080        23.39
      2.3090        23.46
      2.3100        23.48
      2.3110        23.51
      2.3120        23.47
      2.3130        23.42
      2.3140        23.61
      2.3150        23.72
      2.3160        23.70
      2.3170        23.68
      2.3180        23.73
      2.3190        23.62
      2.3200        23.69
      2.3210        23.72
      2.3220        23.60
      2.3230        23.63
      2.3240        23.63
      2.3250        23.71
      2.3260        23.63
      2.3270        23.67
      2.3280        23.71
      2.3290        23.83
      2.3300        23.84
      2.3310        23.85
      2.3320        24.07
      2.3330        24.09
      2.3340        24.08
      2.3350        24.20
      2.3360        24.33
      2.3370        24.37
      2.3380        24.39
      2.3390        24.41
      2.3400        24.33
      2.3410        24.17
      2.3420        24.28
      2.3430        24.14
      2.3440        24.21
      2.3450        24.21
      2.3460        24.35
      2.3470        24.36
      2.3480        24.36
      2.3490        24.21
      2.3500        24.21
      2.3510        24.13
      2.3520        24.00
      2.3530        24.13
      2.3540        24.02
      2.3550        23.89
      2.3560        23.78
      2.3570        23.80
      2.3580        23.74
      2.3590        23.89
      2.3600        23.88
      2.3610        23.85
      2.3620        23.83
      2.3630        23.98
      2.3640        23.92
      2.3650        23.85
      2.3660        23.81
      2.3670        23.82
      2.3680        23.83
      2.3690        23.85
      2.3700        23.75
      2.3710        23.70
      2.3720        23.58
      2.3730        23.39
      2.3740        23.31
      2.3750        23.22
      2.3760        23.18
      2.3770        23.03
      2.3780        22.94
      2.3790        22.79
      2.3800        22.80
      2.3810        22.83
      2.3820        22.75
      2.3830        22.66
      2.3840        22.68
      2.3850        22.70
      2.3860        22.67
      2.3870        22.59
      2.3880        22.60
      2.3890        22.61
      2.3900        22.65
      2.3910        22.72
      2.3920        22.88
      2.3930        22.91
      2.3940        22.89
      2.3950        23.01
      2.3960        23.04
      2.3970        23.07
      2.3980        23.17
      2.3990        23.26
      2.4000        23.28
      2.4010        23.27
      2.4020        23.34
      2.4030        23.37
      2.4040        23.32
      2.4050        23.36
      2.4060        23.46
      2.4070        23.59
      2.4080        23.43
      2.4090        23.49
      2.4100        23.50
      2.4110        23.42
      2.4120        23.34
      2.4130        23.37
      2.4140        23.49
      2.4150        23.47
      2.4160        23.50
      2.4170        23.53
      2.4180        23.61
      2.4190        23.62
      2.4200        23.65
      2.4210        23.75
      2.4220        23.65
      2.4230        23.68
      2.4240        23.81
      2.4250        23.71
      2.4260        23.69
      2.4270        23.58
      2.4280        23.58
      2.4290        23.53
      2.4300        23.62
      2.4310        23.70
      2.4320        23.73
      2.4330        23.69
      2.4340        23.64
      2.4350        23.67
      2.4360        23.57
      2.4370        23.53
      2.4380        23.42
      2.4390        23.34
      2.4400        23.30
      2.4410        23.24
      2.4420        23.22
      2.4430        23.16
      2.4440        23.06
      2.4450        23.22
      2.4460        23.17
      2.4470        23.21
      2.4480        23.28
      2.4490        23.24
      2.4500        23.12
      2.4510        23.12
      2.4520        23.11
      2.4530        22.92
      2.4540        22.92
      2.4550        22.77
      2.4560        22.85
      2.4570        22.83
      2.4580        22.80
      2.4590        22.73
      2.4600        22.73
      2.4610        22.66
      2.4620        22.73
      2.4630        22.73
      2.4640        22.69
      2.4650        22.47
      2.4660        22.40
      2.4670        22.36
      2.4680        22.32
      2.4690        22.31
      2.4700        22.24
      2.4710        22.14
      2.4720        22.12
      2.4730        22.29
      2.4740        22.18
      2.4750        22.25
      2.4760        22.17
      2.4770        22.20
      2.4780        22.25
      2.4790        22.35
      2.4800        22.30
      2.4810        22.31
      2.4820        22.27
      2.4830        22.22
      2.4840        22.31
      2.4850        22.37
      2.4860        22.39
      2.4870        22.40
      2.4880        22.44
      2.4890        22.46
      2.4900        22.52
      2.4910        22.49
      2.4920        22.41
      2.4930        22.34
      2.4940        22.40
      2.4950        22.31
      2.4960        22.25
      2.4970        22.25
      2.4980        22.26
      2.4990        22.24
      2.5000        22.21
      2.5010        22.18
      2.5020        22.26
      2.5030        22.33
      2.5040        22.32
      2.5050        22.37
      2.5060        22.26
      2.5070        22.27
      2.5080        22.15
      2.5090        22.17
      2.5100        22.27
      2.5110        22.37
      2.5120        22.41
      2.5130        22.46
      2.5140        22.55
      2.5150        22.59
      2.5160        22.57
      2.5170        22.52
      2.5180        22.38
      2.5190        22.29
      2.5200        22.29
      2.5210        22.40
      2.5220        22.37
      2.5230        22.27
      2.5240        21.96
      2.5250        21.88
      2.5260        21.96
      2.5270        21.92
      2.5280        21.97
      2.5290        21.96
      2.5300        21.80
      2.5310        21.73
      2.5320        21.81
      2.5330        21.65
      2.5340        21.50
      2.5350        21.49
      2.5360        21.50
      2.5370        21.61
      2.5380        21.65
      2.5390        21.69
      2.5400        21.70
      2.5410        21.58
      2.5420        21.43
      2.5430        21.44
      2.5440        21.55
      2.5450        21.62
      2.5460        21.52
      2.5470        21.36
      2.5480        21.23
      2.5490        21.19
      2.5500        21.16
      2.5510        21.05
      2.5520        20.92
      2.5530        21.08
      2.5540        21.07
      2.5550        21.00
      2.5560        21.04
      2.5570        20.96
      2.5580        20.89
      2.5590        20.88
      2.5600        20.92
      2.5610        20.92
      2.5620        20.97
      2.5630        21.02
      2.5640        21.05
      2.5650        20.93
      2.5660        20.97
      2.5670        21.12
      2.5680        21.19
      2.5690        21.20
      2.5700        21.17
      2.5710        21.28
      2.5720        21.21
      2.5730        21.15
      2.5740        21.19
      2.5750        21.29
      2.5760        21.28
      2.5770        21.27
      2.5780        21.29
      2.5790        21.26
      2.5800        21.17
      2.5810        21.25
      2.5820        21.25
      2.5830        21.21
      2.5840        21.16
      2.5850        21.25
      2.5860        21.19
      2.5870        21.10
      2.5880        21.08
      2.5890        21.09
      2.5900        21.23
      2.5910        21.22
      2.5920        21.38
      2.5930        21.39
      2.5940        21.35
      2.5950        21.36
      2.5960        21.31
      2.5970        21.27
      2.5980        21.32
      2.5990        21.35
      2.6000        21.32
      2.6010        21.32
      2.6020        21.29
      2.6030        21.24
      2.6040        21.24
      2.6050        21.16
      2.6060        21.14
      2.6070        21.30
      2.6080        21.27
      2.6090        21.24
      2.6100        21.11
      2.6110        21.12
      2.6120        21.06
      2.6130        21.02
      2.6140        21.08
      2.6150        20.95
      2.6160        21.07
      2.6170        21.07
      2.6180        21.00
      2.6190        21.06
      2.6200        21.08
      2.6210        21.03
      2.6220        21.08
      2.6230        21.13
      2.6240        21.20
      2.6250        21.08
      2.6260        21.16
      2.6270        21.00
      2.6280        21.03
      2.6290        21.08
      2.6300        21.01
      2.6310        20.84
      2.6320        20.72
      2.6330        20.67
      2.6340        20.53
      2.6350        20.60
      2.6360        20.51
      2.6370        20.51
      2.6380        20.55
      2.6390        20.47
      2.6400        20.33
      2.6410        20.27
      2.6420        20.17
      2.6430        20.10
      2.6440        20.09
      2.6450        20.21
      2.6460        20.17
      2.6470        20.25
      2.6480        20.17
      2.6490        20.06
      2.6500        20.14
      2.6510        20.19
      2.6520        20.26
      2.6530        20.32
      2.6540        20.36
      2.6550        20.38
      2.6560        20.35
      2.6570        20.30
      2.6580        20.26
      2.6590        20.30
      2.6600        20.43
      2.6610        20.47
      2.6620        20.50
      2.6630        20.42
      2.6640        20.37
      2.6650        20.38
      2.6660        20.41
      2.6670        20.23
      2.6680        20.27
      2.6690        20.29
      2.6700        20.25
      2.6710        20.27
      2.6720        20.29
      2.6730        20.20
      2.6740        20.30
      2.6750        20.26
      2.6760        20.31
      2.6770        20.45
      2.6780        20.43
      2.6790        20.39
      2.6800        20.36
      2.6810        20.28
      2.6820        20.30
      2.6830        20.30
      2.6840        20.28
      2.6850        20.23
      2.6860        20.12
      2.6870        20.21
      2.6880        20.20
      2.6890        20.16
      2.6900        20.12
      2.6910        20.15
      2.6920        20.04
      2.6930        20.12
      2.6940        19.95
      2.6950        19.93
      2.6960        19.91
      2.6970        19.78
      2.6980        19.68
      2.6990        19.64
      2.7000        19.60
      2.7010        19.50
      2.7020        19.52
      2.7030        19.54
      2.7040        19.54
      2.7050        19.55
      2.7060        19.60
      2.7070        19.63
      2.7080        19.64
      2.7090        19.65
      2.7100        19.69
      2.7110        19.57
      2.7120        19.61
      2.7130        19.57
      2.7140        19.60
      2.7150        19.54
      2.7160        19.45
      2.7170        19.50
      2.7180        19.53
      2.7190        19.45
      2.7200        19.40
      2.7210        19.43
      2.7220        19.45
      2.7230        19.47
      2.7240        19.37
      2.7250        19.33
      2.7260        19.23
      2.7270        19.07
      2.7280        18.99
      2.7290        18.92
      2.7300        18.95
      2.7310        19.10
      2.7320        19.06
      2.7330        19.02
      2.7340        19.04
      2.7350        19.04
      2.7360        19.08
      2.7370        19.03
      2.7380        19.07
      2.7390        19.11
      2.7400        19.13
      2.7410        19.32
      2.7420        19.16
      2.7430        19.21
      2.7440        19.30
      2.7450        19.34
      2.7460        19.51
      2.7470        19.61
      2.7480        19.67
      2.7490        19.71
      2.7500        19.72
      2.7510        19.63
      2.7520        19.61
      2.7530        19.67
      2.7540        19.64
      2.7550        19.62
      2.7560        19.65
      2.7570        19.73
      2.7580        19.59
      2.7590        19.66
      2.7600        19.65
      2.7610        19.55
      2.7620        19.49
      2.7630        19.46
      2.7640        19.54
      2.7650        19.60
      2.7660        19.53
      2.7670        19.49
      2.7680        19.49
      2.7690        19.45
      2.7700        19.28
      2.7710        19.30
      2.7720        19.36
      2.7730        19.35
      2.7740        19.34
      2.7750        19.32
      2.7760        19.26
      2.7770        19.08
      2.7780        19.15
      2.7790        19.11
      2.7800        19.13
      2.7810        19.15
      2.7820        19.15
      2.7830        19.05
      2.7840        18.85
      2.7850        18.80
      2.7860        18.70
      2.7870        18.64
      2.7880        18.50
      2.7890        18.40
      2.7900        18.41
      2.7910        18.45
      2.7920        18.46
      2.7930        18.38
      2.7940        18.41
      2.7950        18.38
      2.7960        18.45
      2.7970        18.39
      2.7980        18.34
      2.7990        18.27
      2.8000        18.20
      2.8010        18.11
      2.8020        18.12
      2.8030        18.14
      2.8040        18.24
      2.8050        18.11
      2.8060        18.11
      2.8070        18.14
      2.8080        18.12
      2.8090        18.20
      2.8100        18.16
      2.8110        18.06
      2.8120        17.95
      2.8130        17.87
      2.8140        17.78
      2.8150        17.74
      2.8160        17.50
      2.8170        17.60
      2.8180        17.55
      2.8190        17.58
      2.8200        17.60
      2.8210        17.56
      2.8220        17.54
      2.8230        17.55
      2.8240        17.50
      2.8250        17.58
      2.8260        17.55
      2.8270        17.46
      2.8280        17.51
      2.8290        17.61
      2.8300        17.74
      2.8310        17.80
      2.8320        17.79
      2.8330        17.83
      2.8340        17.91
      2.8350        17.98
      2.8360        18.08
      2.8370        18.09
      2.8380        18.18
      2.8390        18.10
      2.8400        18.06
      2.8410        18.04
      2.8420        18.14
      2.8430        18.22
      2.8440        18.17
      2.8450        18.19
      2.8460        18.28
      2.8470        18.39
      2.8480        18.43
      2.8490        18.33
      2.8500        18.24
      2.8510        18.20
      2.8520        18.18
      2.8530        18.23
      2.8540        18.14
      2.8550        18.13
      2.8560        18.10
      2.8570        17.97
      2.8580        17.92
      2.8590        17.98
      2.8600        17.95
      2.8610        17.99
      2.8620        17.91
      2.8630        17.80
      2.8640        17.83
      2.8650        17.76
      2.8660        17.76
      2.8670        17.79
      2.8680        17.76
      2.8690        17.68
      2.8700        17.67
      2.8710        17.56
      2.8720        17.59
      2.8730        17.48
      2.8740        17.51
      2.8750        17.39
      2.8760        17.36
      2.8770        17.38
      2.8780        17.46
      2.8790        17.39
      2.8800        17.42
      2.8810        17.50
      2.8820        17.55
      2.8830        17.51
      2.8840        17.44
      2.8850        17.45
      2.8860        17.33
      2.8870        17.29
      2.8880        17.32
      2.8890        17.33
      2.8900        17.33
      2.8910        17.33
      2.8920        17.37
      2.8930        17.30
      2.8940        17.33
      2.8950        17.38
      2.8960        17.41
      2.8970        17.46
      2.8980        17.36
      2.8990        17.30
      2.9000        17.26
      2.9010        17.19
      2.9020        17.13
      2.9030        17.12
      2.9040        17.09
      2.9050        17.02
      2.9060        17.05
      2.9070        16.98
      2.9080        16.81
      2.9090        16.78
      2.9100        16.73
      2.9110        16.76
      2.9120        16.62
      2.9130        16.63
      2.9140        16.65
      2.9150        16.65
      2.9160        16.63
      2.9170        16.61
      2.9180        16.55
      2.9190        16.57
      2.9200        16.63
      2.9210        16.55
      2.9220        16.66
      2.9230        16.65
      2.9240        16.76
      2.9250        16.90
      2.9260        16.96
      2.9270        16.97
      2.9280        17.13
      2.9290        17.20
      2.9300        17.33
      2.9310        17.29
      2.9320        17.39
      2.9330        17.48
      2.9340        17.37
      2.9350        17.37
      2.9360        17.43
      2.9370        17.41
      2.9380        17.45
      2.9390        17.49
      2.9400        17.53
      2.9410        17.54
      2.9420        17.47
      2.9430        17.54
      2.9440        17.55
      2.9450        17.55
      2.9460        17.52
      2.9470        17.58
      2.9480        17.61
      2.9490        17.64
      2.9500        17.56
      2.9510        17.57
      2.9520        17.60
      2.9530        17.61
      2.9540        17.60
      2.9550        17.59
      2.9560        17.56
      2.9570        17.67
      2.9580        17.77
      2.9590        17.77
      2.9600        17.65
      2.9610        17.62
      2.9620        17.61
      2.9630        17.49
      2.9640        17.43
      2.9650        17.38
      2.9660        17.35
      2.9670        17.33
      2.9680        17.31
      2.9690        17.24
      2.9700        17.28
      2.9710        17.40
      2.9720        17.36
      2.9730        17.31
      2.9740        17.41
      2.9750        17.49
      2.9760        17.56
      2.9770        17.49
      2.9780        17.41
      2.9790        17.49
      2.9800        17.53
      2.9810        17.50
      2.9820        17.48
      2.9830        17.52
      2.9840        17.52
      2.9850        17.44
      2.9860        17.48
      2.9870        17.44
      2.9880        17.36
      2.9890        17.23
      2.9900        17.08
      2.9910        16.99
      2.9920        16.91
      2.9930        16.91
      2.9940        16.80
      2.9950        16.68
      2.9960        16.59
      2.9970        16.65
      2.9980        16.64
      2.9990        16.46
