        Time   Palpation Force
      0.0000         1.00
      0.0010         1.00
      0.0020         1.00
      0.0030         1.00
      0.0040         1.00
      0.0050         1.00
      0.0060         1.00
      0.0070         1.00
      0.0080         1.00
      0.0090         1.00
      0.0100         1.00
      0.0110         1.00
      0.0120         1.00
      0.0130         1.00
      0.0140         1.00
      0.0150         1.00
      0.0160         1.00
      0.0170         1.00
      0.0180         1.00
      0.0190         1.00
      0.0200         1.00
      0.0210         1.00
      0.0220         1.00
      0.0230         1.00
      0.0240         1.00
      0.0250         1.00
      0.0260         1.00
      0.0270         1.00
      0.0280         1.00
      0.0290         1.00
      0.0300         1.00
      0.0310         1.00
      0.0320         1.00
      0.0330         1.00
      0.0340         1.00
      0.0350         1.00
      0.0360         1.00
      0.0370         1.00
      0.0380         1.00
      0.0390         1.00
      0.0400         1.00
      0.0410         1.00
      0.0420         1.00
      0.0430         1.00
      0.0440         1.00
      0.0450         1.00
      0.0460         1.00
      0.0470         1.00
      0.0480         1.00
      0.0490         1.00
      0.0500         1.00
      0.0510         1.00
      0.0520         1.00
      0.0530         1.00
      0.0540         1.00
      0.0550         1.00
      0.0560         1.00
      0.0570         1.00
      0.0580         1.00
      0.0590         1.00
      0.0600         1.00
      0.0610         1.00
      0.0620         1.00
      0.0630         1.00
      0.0640         1.00
      0.0650         1.00
      0.0660         1.00
      0.0670         1.00
      0.0680         1.00
      0.0690         1.00
      0.0700         1.00
      0.0710         1.00
      0.0720         1.00
      0.0730         1.00
      0.0740         1.00
      0.0750         1.00
      0.0760         1.00
      0.0770         1.00
      0.0780         1.00
      0.0790         1.00
      0.0800         1.00
      0.0810         1.00
      0.0820         1.00
      0.0830         1.00
      0.0840         1.00
      0.0850         1.00
      0.0860         1.00
      0.0870         1.00
      0.0880         1.00
      0.0890         1.00
      0.0900         1.00
      0.0910         1.00
      0.0920         1.00
      0.0930         1.00
      0.0940         1.00
      0.0950         1.00
      0.0960         1.00
      0.0970         1.00
      0.0980         1.00
      0.0990         1.00
      0.1000         1.00
      0.1010         1.00
      0.1020         1.00
      0.1030         1.00
      0.1040         1.00
      0.1050         1.00
      0.1060         1.00
      0.1070         1.00
      0.1080         1.00
      0.1090         1.00
      0.1100         1.00
      0.1110         1.00
      0.1120         1.00
      0.1130         1.00
      0.1140         1.00
      0.1150         1.00
      0.1160         1.00
      0.1170         1.00
      0.1180         1.00
      0.1190         1.00
      0.1200         1.00
      0.1210         1.00
      0.1220         1.00
      0.1230         1.00
      0.1240         1.00
      0.1250         1.00
      0.1260         1.00
      0.1270         1.00
      0.1280         1.00
      0.1290         1.00
      0.1300         1.00
      0.1310         1.00
      0.1320         1.00
      0.1330         1.00
      0.1340         1.00
      0.1350         1.00
      0.1360         1.00
      0.1370         1.00
      0.1380         1.00
      0.1390         1.00
      0.1400         1.00
      0.1410         1.00
      0.1420         1.00
      0.1430         1.00
      0.1440         1.00
      0.1450         1.00
      0.1460         1.00
      0.1470         1.00
      0.1480         1.00
      0.1490         1.00
      0.1500         1.00
      0.1510         1.00
      0.1520         1.00
      0.1530         1.00
      0.1540         1.00
      0.1550         1.00
      0.1560         1.00
      0.1570         1.00
      0.1580         1.00
      0.1590         1.00
      0.1600         1.00
      0.1610         1.00
      0.1620         1.00
      0.1630         1.00
      0.1640         1.00
      0.1650         1.00
      0.1660         1.00
      0.1670         1.00
      0.1680         1.00
      0.1690         1.00
      0.1700         1.00
      0.1710         1.00
      0.1720         1.00
      0.1730         1.00
      0.1740         1.00
      0.1750         1.00
      0.1760         1.00
      0.1770         1.00
      0.1780         1.00
      0.1790         1.00
      0.1800         1.00
      0.1810         1.00
      0.1820         1.00
      0.1830         1.00
      0.1840         1.00
      0.1850         1.00
      0.1860         1.00
      0.1870         1.00
      0.1880         1.00
      0.1890         1.00
      0.1900         1.00
      0.1910         1.00
      0.1920         1.00
      0.1930         1.00
      0.1940         1.00
      0.1950         1.00
      0.1960         1.00
      0.1970         1.00
      0.1980         1.00
      0.1990         1.00
      0.2000         1.00
      0.2010         1.00
      0.2020         1.00
      0.2030         1.00
      0.2040         1.00
      0.2050         1.00
      0.2060         1.00
      0.2070         1.00
      0.2080         1.00
      0.2090         1.00
      0.2100         1.00
      0.2110         1.00
      0.2120         1.00
      0.2130         1.00
      0.2140         1.00
      0.2150         1.00
      0.2160         1.00
      0.2170         1.00
      0.2180         1.00
      0.2190         1.00
      0.2200         1.00
      0.2210         1.00
      0.2220         1.00
      0.2230         1.00
      0.2240         1.00
      0.2250         1.00
      0.2260         1.00
      0.2270         1.00
      0.2280         1.00
      0.2290         1.00
      0.2300         1.00
      0.2310         1.00
      0.2320         1.00
      0.2330         1.00
      0.2340         1.00
      0.2350         1.00
      0.2360         1.00
      0.2370         1.00
      0.2380         1.00
      0.2390         1.00
      0.2400         1.00
      0.2410         1.00
      0.2420         1.00
      0.2430         1.00
      0.2440         1.00
      0.2450         1.00
      0.2460         1.00
      0.2470         1.00
      0.2480         1.00
      0.2490         1.00
      0.2500         1.00
      0.2510         1.00
      0.2520         1.00
      0.2530         1.00
      0.2540         1.00
      0.2550         1.00
      0.2560         1.00
      0.2570         1.00
      0.2580         1.00
      0.2590         1.00
      0.2600         1.00
      0.2610         1.00
      0.2620         1.00
      0.2630         1.00
      0.2640         1.00
      0.2650         1.00
      0.2660         1.00
      0.2670         1.00
      0.2680         1.00
      0.2690         1.00
      0.2700         1.00
      0.2710         1.00
      0.2720         1.00
      0.2730         1.00
      0.2740         1.00
      0.2750         1.00
      0.2760         1.00
      0.2770         1.00
      0.2780         1.00
      0.2790         1.00
      0.2800         1.00
      0.2810         1.00
      0.2820         1.00
      0.2830         1.00
      0.2840         1.00
      0.2850         1.00
      0.2860         1.00
      0.2870         1.00
      0.2880         1.00
      0.2890         1.00
      0.2900         1.00
      0.2910         1.00
      0.2920         1.00
      0.2930         1.00
      0.2940         1.00
      0.2950         1.00
      0.2960         1.00
      0.2970         1.00
      0.2980         1.00
      0.2990         1.00
      0.3000         1.00
      0.3010         1.00
      0.3020         1.00
      0.3030         1.00
      0.3040         1.00
      0.3050         1.00
      0.3060         1.00
      0.3070         1.00
      0.3080         1.00
      0.3090         1.00
      0.3100         1.00
      0.3110         1.00
      0.3120         1.00
      0.3130         1.00
      0.3140         1.00
      0.3150         1.00
      0.3160         1.00
      0.3170         1.00
      0.3180         1.00
      0.3190         1.00
      0.3200         1.00
      0.3210         1.00
      0.3220         1.00
      0.3230         1.00
      0.3240         1.00
      0.3250         1.00
      0.3260         1.00
      0.3270         1.00
      0.3280         1.00
      0.3290         1.00
      0.3300         1.00
      0.3310         1.00
      0.3320         1.00
      0.3330         1.00
      0.3340         1.00
      0.3350         1.00
      0.3360         1.00
      0.3370         1.00
      0.3380         1.00
      0.3390         1.00
      0.3400         1.00
      0.3410         1.00
      0.3420         1.00
      0.3430         1.00
      0.3440         1.00
      0.3450         1.00
      0.3460         1.00
      0.3470         1.00
      0.3480         1.00
      0.3490         1.00
      0.3500         1.00
      0.3510         1.00
      0.3520         1.00
      0.3530         1.00
      0.3540         1.00
      0.3550         1.00
      0.3560         1.00
      0.3570         1.00
      0.3580         1.00
      0.3590         1.00
      0.3600         1.00
      0.3610         1.00
      0.3620         1.00
      0.3630         1.00
      0.3640         1.00
      0.3650         1.00
      0.3660         1.00
      0.3670         1.00
      0.3680         1.00
      0.3690         1.00
      0.3700         1.00
      0.3710         1.00
      0.3720         1.00
      0.3730         1.00
      0.3740         1.00
      0.3750         1.00
      0.3760         1.00
      0.3770         1.00
      0.3780         1.00
      0.3790         1.00
      0.3800         1.00
      0.3810         1.00
      0.3820         1.00
      0.3830         1.00
      0.3840         1.00
      0.3850         1.00
      0.3860         1.00
      0.3870         1.00
      0.3880         1.00
      0.3890         1.00
      0.3900         1.00
      0.3910         1.00
      0.3920         1.00
      0.3930         1.00
      0.3940         1.00
      0.3950         1.00
      0.3960         1.00
      0.3970         1.00
      0.3980         1.00
      0.3990         1.00
      0.4000         1.00
      0.4010         1.00
      0.4020         1.00
      0.4030         1.00
      0.4040         1.00
      0.4050         1.00
      0.4060         1.00
      0.4070         1.00
      0.4080         1.00
      0.4090         1.00
      0.4100         1.00
      0.4110         1.00
      0.4120         1.00
      0.4130         1.00
      0.4140         1.00
      0.4150         1.00
      0.4160         1.00
      0.4170         1.00
      0.4180         1.00
      0.4190         1.00
      0.4200         1.00
      0.4210         1.00
      0.4220         1.00
      0.4230         1.00
      0.4240         1.00
      0.4250         1.00
      0.4260         1.00
      0.4270         1.00
      0.4280         1.00
      0.4290         1.00
      0.4300         1.00
      0.4310         1.00
      0.4320         1.00
      0.4330         1.00
      0.4340         1.00
      0.4350         1.00
      0.4360         1.00
      0.4370         1.00
      0.4380         1.00
      0.4390         1.00
      0.4400         1.00
      0.4410         1.00
      0.4420         1.00
      0.4430         1.00
      0.4440         1.00
      0.4450         1.00
      0.4460         1.00
      0.4470         1.00
      0.4480         1.00
      0.4490         1.00
      0.4500         1.00
      0.4510         1.00
      0.4520         1.00
      0.4530         1.00
      0.4540         1.00
      0.4550         1.00
      0.4560         1.00
      0.4570         1.00
      0.4580         1.00
      0.4590         1.00
      0.4600         1.00
      0.4610         1.00
      0.4620         1.00
      0.4630         1.00
      0.4640         1.00
      0.4650         1.00
      0.4660         1.00
      0.4670         1.00
      0.4680         1.00
      0.4690         1.00
      0.4700         1.00
      0.4710         1.00
      0.4720         1.00
      0.4730         1.00
      0.4740         1.00
      0.4750         1.00
      0.4760         1.00
      0.4770         1.00
      0.4780         1.00
      0.4790         1.00
      0.4800         1.00
      0.4810         1.00
      0.4820         1.00
      0.4830         1.00
      0.4840         1.00
      0.4850         1.00
      0.4860         1.00
      0.4870         1.00
      0.4880         1.00
      0.4890         1.00
      0.4900         1.00
      0.4910         1.00
      0.4920         1.00
      0.4930         1.00
      0.4940         1.00
      0.4950         1.00
      0.4960         1.00
      0.4970         1.00
      0.4980         1.00
      0.4990         1.00
      0.5000         1.00
      0.5010         1.00
      0.5020         1.00
      0.5030         1.00
      0.5040         1.00
      0.5050         1.00
      0.5060         1.00
      0.5070         1.00
      0.5080         1.00
      0.5090         1.00
      0.5100         1.00
      0.5110         1.00
      0.5120         1.00
      0.5130         1.00
      0.5140         1.00
      0.5150         1.00
      0.5160         1.00
      0.5170         1.00
      0.5180         1.00
      0.5190         1.00
      0.5200         1.00
      0.5210         1.00
      0.5220         1.00
      0.5230         1.00
      0.5240         1.00
      0.5250         1.00
      0.5260         1.00
      0.5270         1.00
      0.5280         1.00
      0.5290         1.00
      0.5300         1.00
      0.5310         1.00
      0.5320         1.00
      0.5330         1.00
      0.5340         1.00
      0.5350         1.00
      0.5360         1.00
      0.5370         1.00
      0.5380         1.00
      0.5390         1.00
      0.5400         1.00
      0.5410         1.00
      0.5420         1.00
      0.5430         1.00
      0.5440         1.00
      0.5450         1.00
      0.5460         1.00
      0.5470         1.00
      0.5480         1.00
      0.5490         1.00
      0.5500         1.00
      0.5510         1.00
      0.5520         1.00
      0.5530         1.00
      0.5540         1.00
      0.5550         1.00
      0.5560         1.00
      0.5570         1.00
      0.5580         1.00
      0.5590         1.00
      0.5600         1.00
      0.5610         1.00
      0.5620         1.00
      0.5630         1.00
      0.5640         1.00
      0.5650         1.00
      0.5660         1.00
      0.5670         1.00
      0.5680         1.00
      0.5690         1.00
      0.5700         1.00
      0.5710         1.00
      0.5720         1.00
      0.5730         1.00
      0.5740         1.00
      0.5750         1.00
      0.5760         1.00
      0.5770         1.00
      0.5780         1.00
      0.5790         1.00
      0.5800         1.00
      0.5810         1.00
      0.5820         1.00
      0.5830         1.00
      0.5840         1.00
      0.5850         1.00
      0.5860         1.00
      0.5870         1.00
      0.5880         1.00
      0.5890         1.00
      0.5900         1.00
      0.5910         1.00
      0.5920         1.00
      0.5930         1.00
      0.5940         1.00
      0.5950         1.00
      0.5960         1.00
      0.5970         1.00
      0.5980         1.00
      0.5990         1.00
      0.6000         1.00
      0.6010         1.00
      0.6020         1.00
      0.6030         1.00
      0.6040         1.00
      0.6050         1.00
      0.6060         1.00
      0.6070         1.00
      0.6080         1.00
      0.6090         1.00
      0.6100         1.00
      0.6110         1.00
      0.6120         1.00
      0.6130         1.00
      0.6140         1.00
      0.6150         1.00
      0.6160         1.00
      0.6170         1.00
      0.6180         1.00
      0.6190         1.00
      0.6200         1.00
      0.6210         1.00
      0.6220         1.00
      0.6230         1.00
      0.6240         1.00
      0.6250         1.00
      0.6260         1.00
      0.6270         1.00
      0.6280         1.00
      0.6290         1.00
      0.6300         1.00
      0.6310         1.00
      0.6320         1.00
      0.6330         1.00
      0.6340         1.00
      0.6350         1.00
      0.6360         1.00
      0.6370         1.00
      0.6380         1.00
      0.6390         1.00
      0.6400         1.00
      0.6410         1.00
      0.6420         1.00
      0.6430         1.00
      0.6440         1.00
      0.6450         1.00
      0.6460         1.00
      0.6470         1.00
      0.6480         1.00
      0.6490         1.00
      0.6500         1.00
      0.6510         1.00
      0.6520         1.00
      0.6530         1.00
      0.6540         1.00
      0.6550         1.00
      0.6560         1.00
      0.6570         1.00
      0.6580         1.00
      0.6590         1.00
      0.6600         1.00
      0.6610         1.00
      0.6620         1.00
      0.6630         1.00
      0.6640         1.00
      0.6650         1.00
      0.6660         1.00
      0.6670         1.00
      0.6680         1.00
      0.6690         1.00
      0.6700         1.00
      0.6710         1.00
      0.6720         1.00
      0.6730         1.00
      0.6740         1.00
      0.6750         1.00
      0.6760         1.00
      0.6770         1.00
      0.6780         1.00
      0.6790         1.00
      0.6800         1.00
      0.6810         1.00
      0.6820         1.00
      0.6830         1.00
      0.6840         1.00
      0.6850         1.00
      0.6860         1.00
      0.6870         1.00
      0.6880         1.00
      0.6890         1.00
      0.6900         1.00
      0.6910         1.00
      0.6920         1.00
      0.6930         1.00
      0.6940         1.00
      0.6950         1.00
      0.6960         1.00
      0.6970         1.00
      0.6980         1.00
      0.6990         1.00
      0.7000         1.00
      0.7010         1.00
      0.7020         1.00
      0.7030         1.00
      0.7040         1.00
      0.7050         1.00
      0.7060         1.00
      0.7070         1.00
      0.7080         1.00
      0.7090         1.00
      0.7100         1.00
      0.7110         1.00
      0.7120         1.00
      0.7130         1.00
      0.7140         1.00
      0.7150         1.00
      0.7160         1.00
      0.7170         1.00
      0.7180         1.00
      0.7190         1.00
      0.7200         1.00
      0.7210         1.00
      0.7220         1.00
      0.7230         1.00
      0.7240         1.00
      0.7250         1.00
      0.7260         1.00
      0.7270         1.00
      0.7280         1.00
      0.7290         1.00
      0.7300         1.00
      0.7310         1.00
      0.7320         1.00
      0.7330         1.00
      0.7340         1.00
      0.7350         1.00
      0.7360         1.00
      0.7370         1.00
      0.7380         1.00
      0.7390         1.00
      0.7400         1.00
      0.7410         1.00
      0.7420         1.00
      0.7430         1.00
      0.7440         1.00
      0.7450         1.00
      0.7460         1.00
      0.7470         1.00
      0.7480         1.00
      0.7490         1.00
      0.7500         1.00
      0.7510         1.00
      0.7520         1.00
      0.7530         1.00
      0.7540         1.00
      0.7550         1.00
      0.7560         1.00
      0.7570         1.00
      0.7580         1.00
      0.7590         1.00
      0.7600         1.00
      0.7610         1.00
      0.7620         1.00
      0.7630         1.00
      0.7640         1.00
      0.7650         1.00
      0.7660         1.00
      0.7670         1.00
      0.7680         1.00
      0.7690         1.00
      0.7700         1.00
      0.7710         1.00
      0.7720         1.00
      0.7730         1.00
      0.7740         1.00
      0.7750         1.00
      0.7760         1.00
      0.7770         1.00
      0.7780         1.00
      0.7790         1.00
      0.7800         1.00
      0.7810         1.00
      0.7820         1.00
      0.7830         1.00
      0.7840         1.00
      0.7850         1.00
      0.7860         1.00
      0.7870         1.00
      0.7880         1.00
      0.7890         1.00
      0.7900         1.00
      0.7910         1.00
      0.7920         1.00
      0.7930         1.00
      0.7940         1.00
      0.7950         1.00
      0.7960         1.00
      0.7970         1.00
      0.7980         1.00
      0.7990         1.00
      0.8000         1.00
      0.8010         1.00
      0.8020         1.00
      0.8030         1.00
      0.8040         1.00
      0.8050         1.00
      0.8060         1.00
      0.8070         1.00
      0.8080         1.00
      0.8090         1.00
      0.8100         1.00
      0.8110         1.00
      0.8120         1.00
      0.8130         1.00
      0.8140         1.00
      0.8150         1.00
      0.8160         1.00
      0.8170         1.00
      0.8180         1.00
      0.8190         1.00
      0.8200         1.00
      0.8210         1.00
      0.8220         1.00
      0.8230         1.00
      0.8240         1.00
      0.8250         1.00
      0.8260         1.00
      0.8270         1.00
      0.8280         1.00
      0.8290         1.00
      0.8300         1.00
      0.8310         1.00
      0.8320         1.00
      0.8330         1.00
      0.8340         1.00
      0.8350         1.00
      0.8360         1.00
      0.8370         1.00
      0.8380         1.00
      0.8390         1.00
      0.8400         1.00
      0.8410         1.00
      0.8420         1.00
      0.8430         1.00
      0.8440         1.00
      0.8450         1.00
      0.8460         1.00
      0.8470         1.00
      0.8480         1.00
      0.8490         1.00
      0.8500         1.00
      0.8510         1.00
      0.8520         1.00
      0.8530         1.00
      0.8540         1.00
      0.8550         1.00
      0.8560         1.00
      0.8570         1.00
      0.8580         1.00
      0.8590         1.00
      0.8600         1.00
      0.8610         1.00
      0.8620         1.00
      0.8630         1.00
      0.8640         1.00
      0.8650         1.00
      0.8660         1.00
      0.8670         1.00
      0.8680         1.00
      0.8690         1.00
      0.8700         1.00
      0.8710         1.00
      0.8720         1.00
      0.8730         1.00
      0.8740         1.00
      0.8750         1.00
      0.8760         1.00
      0.8770         1.00
      0.8780         1.00
      0.8790         1.00
      0.8800         1.00
      0.8810         1.00
      0.8820         1.00
      0.8830         1.00
      0.8840         1.00
      0.8850         1.00
      0.8860         1.00
      0.8870         1.00
      0.8880         1.00
      0.8890         1.00
      0.8900         1.00
      0.8910         1.00
      0.8920         1.00
      0.8930         1.00
      0.8940         1.00
      0.8950         1.00
      0.8960         1.00
      0.8970         1.00
      0.8980         1.00
      0.8990         1.00
      0.9000         1.00
      0.9010         1.00
      0.9020         1.00
      0.9030         1.00
      0.9040         1.00
      0.9050         1.00
      0.9060         1.00
      0.9070         1.00
      0.9080         1.00
      0.9090         1.00
      0.9100         1.00
      0.9110         1.00
      0.9120         1.00
      0.9130         1.00
      0.9140         1.00
      0.9150         1.00
      0.9160         1.00
      0.9170         1.00
      0.9180         1.00
      0.9190         1.00
      0.9200         1.00
      0.9210         1.00
      0.9220         1.00
      0.9230         1.00
      0.9240         1.00
      0.9250         1.00
      0.9260         1.00
      0.9270         1.00
      0.9280         1.00
      0.9290         1.00
      0.9300         1.00
      0.9310         1.00
      0.9320         1.00
      0.9330         1.00
      0.9340         1.00
      0.9350         1.00
      0.9360         1.00
      0.9370         1.00
      0.9380         1.00
      0.9390         1.00
      0.9400         1.00
      0.9410         1.00
      0.9420         1.00
      0.9430         1.00
      0.9440         1.00
      0.9450         1.00
      0.9460         1.00
      0.9470         1.00
      0.9480         1.00
      0.9490         1.00
      0.9500         1.00
      0.9510         1.00
      0.9520         1.00
      0.9530         1.00
      0.9540         1.00
      0.9550         1.00
      0.9560         1.00
      0.9570         1.00
      0.9580         1.00
      0.9590         1.00
      0.9600         1.00
      0.9610         1.00
      0.9620         1.00
      0.9630         1.00
      0.9640         1.00
      0.9650         1.00
      0.9660         1.00
      0.9670         1.00
      0.9680         1.00
      0.9690         1.00
      0.9700         1.00
      0.9710         1.00
      0.9720         1.00
      0.9730         1.00
      0.9740         1.00
      0.9750         1.00
      0.9760         1.00
      0.9770         1.00
      0.9780         1.00
      0.9790         1.00
      0.9800         1.00
      0.9810         1.00
      0.9820         1.00
      0.9830         1.00
      0.9840         1.00
      0.9850         1.00
      0.9860         1.00
      0.9870         1.00
      0.9880         1.00
      0.9890         1.00
      0.9900         1.00
      0.9910         1.00
      0.9920         1.00
      0.9930         1.00
      0.9940         1.00
      0.9950         1.00
      0.9960         1.00
      0.9970         1.00
      0.9980         1.00
      0.9990         1.00
      1.0000         1.00
      1.0010         1.00
      1.0020         1.00
      1.0030         1.00
      1.0040         1.00
      1.0050         1.00
      1.0060         1.00
      1.0070         1.00
      1.0080         1.00
      1.0090         1.00
      1.0100         1.00
      1.0110         1.00
      1.0120         1.00
      1.0130         1.00
      1.0140         1.00
      1.0150         1.00
      1.0160         1.00
      1.0170         1.00
      1.0180         1.00
      1.0190         1.00
      1.0200         1.00
      1.0210         1.00
      1.0220         1.00
      1.0230         1.00
      1.0240         1.00
      1.0250         1.00
      1.0260         1.00
      1.0270         1.00
      1.0280         1.00
      1.0290         1.00
      1.0300         1.00
      1.0310         1.00
      1.0320         1.00
      1.0330         1.00
      1.0340         1.00
      1.0350         1.00
      1.0360         1.00
      1.0370         1.00
      1.0380         1.00
      1.0390         1.00
      1.0400         1.00
      1.0410         1.00
      1.0420         1.00
      1.0430         1.00
      1.0440         1.00
      1.0450         1.00
      1.0460         1.00
      1.0470         1.00
      1.0480         1.00
      1.0490         1.00
      1.0500         1.00
      1.0510         1.00
      1.0520         1.00
      1.0530         1.00
      1.0540         1.00
      1.0550         1.00
      1.0560         1.00
      1.0570         1.00
      1.0580         1.00
      1.0590         1.00
      1.0600         1.00
      1.0610         1.00
      1.0620         1.00
      1.0630         1.00
      1.0640         1.00
      1.0650         1.00
      1.0660         1.00
      1.0670         1.00
      1.0680         1.00
      1.0690         1.00
      1.0700         1.00
      1.0710         1.00
      1.0720         1.00
      1.0730         1.00
      1.0740         1.00
      1.0750         1.00
      1.0760         1.00
      1.0770         1.00
      1.0780         1.00
      1.0790         1.00
      1.0800         1.00
      1.0810         1.00
      1.0820         1.00
      1.0830         1.00
      1.0840         1.00
      1.0850         1.00
      1.0860         1.00
      1.0870         1.00
      1.0880         1.00
      1.0890         1.00
      1.0900         1.00
      1.0910         1.00
      1.0920         1.00
      1.0930         1.00
      1.0940         1.00
      1.0950         1.00
      1.0960         1.00
      1.0970         1.00
      1.0980         1.00
      1.0990         1.00
      1.1000         1.00
      1.1010         1.00
      1.1020         1.00
      1.1030         1.00
      1.1040         1.00
      1.1050         1.00
      1.1060         1.00
      1.1070         1.00
      1.1080         1.00
      1.1090         1.00
      1.1100         1.00
      1.1110         1.00
      1.1120         1.00
      1.1130         1.00
      1.1140         1.00
      1.1150         1.00
      1.1160         1.00
      1.1170         1.00
      1.1180         1.00
      1.1190         1.00
      1.1200         1.00
      1.1210         1.00
      1.1220         1.00
      1.1230         1.00
      1.1240         1.00
      1.1250         1.00
      1.1260         1.00
      1.1270         1.00
      1.1280         1.00
      1.1290         1.00
      1.1300         1.00
      1.1310         1.00
      1.1320         1.00
      1.1330         1.00
      1.1340         1.00
      1.1350         1.00
      1.1360         1.00
      1.1370         1.00
      1.1380         1.00
      1.1390         1.00
      1.1400         1.00
      1.1410         1.00
      1.1420         1.00
      1.1430         1.00
      1.1440         1.00
      1.1450         1.00
      1.1460         1.00
      1.1470         1.00
      1.1480         1.00
      1.1490         1.00
      1.1500         1.00
      1.1510         1.00
      1.1520         1.00
      1.1530         1.00
      1.1540         1.00
      1.1550         1.00
      1.1560         1.00
      1.1570         1.00
      1.1580         1.00
      1.1590         1.00
      1.1600         1.00
      1.1610         1.00
      1.1620         1.00
      1.1630         1.00
      1.1640         1.00
      1.1650         1.00
      1.1660         1.00
      1.1670         1.00
      1.1680         1.00
      1.1690         1.00
      1.1700         1.00
      1.1710         1.00
      1.1720         1.00
      1.1730         1.00
      1.1740         1.00
      1.1750         1.00
      1.1760         1.00
      1.1770         1.00
      1.1780         1.00
      1.1790         1.00
      1.1800         1.00
      1.1810         1.00
      1.1820         1.00
      1.1830         1.00
      1.1840         1.00
      1.1850         1.00
      1.1860         1.00
      1.1870         1.00
      1.1880         1.00
      1.1890         1.00
      1.1900         1.00
      1.1910         1.00
      1.1920         1.00
      1.1930         1.00
      1.1940         1.00
      1.1950         1.00
      1.1960         1.00
      1.1970         1.00
      1.1980         1.00
      1.1990         1.00
      1.2000         1.00
      1.2010         1.00
      1.2020         1.00
      1.2030         1.00
      1.2040         1.00
      1.2050         1.00
      1.2060         1.00
      1.2070         1.00
      1.2080         1.00
      1.2090         1.00
      1.2100         1.00
      1.2110         1.00
      1.2120         1.00
      1.2130         1.00
      1.2140         1.00
      1.2150         1.00
      1.2160         1.00
      1.2170         1.00
      1.2180         1.00
      1.2190         1.00
      1.2200         1.00
      1.2210         1.00
      1.2220         1.00
      1.2230         1.00
      1.2240         1.00
      1.2250         1.00
      1.2260         1.00
      1.2270         1.00
      1.2280         1.00
      1.2290         1.00
      1.2300         1.00
      1.2310         1.00
      1.2320         1.00
      1.2330         1.22
      1.2340         1.23
      1.2350         1.84
      1.2360         2.47
      1.2370         2.56
      1.2380         2.72
      1.2390         2.91
      1.2400         3.07
      1.2410         3.18
      1.2420         3.40
      1.2430         3.58
      1.2440         3.78
      1.2450         3.95
      1.2460         4.05
      1.2470         4.18
      1.2480         4.18
      1.2490         4.19
      1.2500         4.14
      1.2510         4.08
      1.2520         3.97
      1.2530         3.97
      1.2540         4.05
      1.2550         4.08
      1.2560         4.10
      1.2570         4.15
      1.2580         4.08
      1.2590         4.01
      1.2600         3.95
      1.2610         3.99
      1.2620         3.95
      1.2630         3.94
      1.2640         4.00
      1.2650         3.98
      1.2660         3.96
      1.2670         3.98
      1.2680         3.91
      1.2690         4.03
      1.2700         4.14
      1.2710         4.24
      1.2720         4.38
      1.2730         4.45
      1.2740         4.49
      1.2750         4.61
      1.2760         4.80
      1.2770         4.91
      1.2780         5.12
      1.2790         5.37
      1.2800         5.55
      1.2810         5.68
      1.2820         5.80
      1.2830         5.92
      1.2840         6.09
      1.2850         6.33
      1.2860         6.52
      1.2870         6.70
      1.2880         6.90
      1.2890         7.07
      1.2900         7.25
      1.2910         7.39
      1.2920         7.53
      1.2930         7.66
      1.2940         7.84
      1.2950         7.94
      1.2960         7.86
      1.2970         7.91
      1.2980         8.07
      1.2990         8.07
      1.3000         8.19
      1.3010         8.32
      1.3020         8.46
      1.3030         8.57
      1.3040         8.58
      1.3050         8.72
      1.3060         8.81
      1.3070         8.86
      1.3080         9.05
      1.3090         9.09
      1.3100         9.13
      1.3110         9.25
      1.3120         9.28
      1.3130         9.48
      1.3140         9.50
      1.3150         9.58
      1.3160         9.82
      1.3170        10.08
      1.3180        10.07
      1.3190        10.19
      1.3200        10.33
      1.3210        10.44
      1.3220        10.59
      1.3230        10.71
      1.3240        10.85
      1.3250        10.95
      1.3260        11.06
      1.3270        11.18
      1.3280        11.18
      1.3290        11.26
      1.3300        11.46
      1.3310        11.52
      1.3320        11.60
      1.3330        11.57
      1.3340        11.63
      1.3350        11.69
      1.3360        11.77
      1.3370        11.85
      1.3380        12.04
      1.3390        12.09
      1.3400        12.12
      1.3410        12.29
      1.3420        12.37
      1.3430        12.55
      1.3440        12.64
      1.3450        12.67
      1.3460        12.81
      1.3470        12.99
      1.3480        13.09
      1.3490        13.34
      1.3500        13.32
      1.3510        13.50
      1.3520        13.78
      1.3530        13.90
      1.3540        14.07
      1.3550        14.21
      1.3560        14.32
      1.3570        14.42
      1.3580        14.53
      1.3590        14.76
      1.3600        14.89
      1.3610        14.93
      1.3620        15.12
      1.3630        15.24
      1.3640        15.42
      1.3650        15.54
      1.3660        15.70
      1.3670        15.79
      1.3680        15.96
      1.3690        16.08
      1.3700        16.35
      1.3710        16.46
      1.3720        16.48
      1.3730        16.60
      1.3740        16.83
      1.3750        17.02
      1.3760        17.17
      1.3770        17.26
      1.3780        17.24
      1.3790        17.40
      1.3800        17.53
      1.3810        17.65
      1.3820        17.73
      1.3830        17.87
      1.3840        17.94
      1.3850        18.06
      1.3860        18.09
      1.3870        18.21
      1.3880        18.30
      1.3890        18.29
      1.3900        18.37
      1.3910        18.48
      1.3920        18.68
      1.3930        18.85
      1.3940        18.91
      1.3950        19.00
      1.3960        19.15
      1.3970        19.35
      1.3980        19.55
      1.3990        19.64
      1.4000        19.71
      1.4010        19.72
      1.4020        19.80
      1.4030        19.95
      1.4040        20.11
      1.4050        20.26
      1.4060        20.43
      1.4070        20.60
      1.4080        20.82
      1.4090        20.97
      1.4100        21.04
      1.4110        21.08
      1.4120        21.12
      1.4130        21.23
      1.4140        21.28
      1.4150        21.32
      1.4160        21.42
      1.4170        21.37
      1.4180        21.47
      1.4190        21.49
      1.4200        21.69
      1.4210        21.80
      1.4220        21.81
      1.4230        21.74
      1.4240        21.71
      1.4250        21.87
      1.4260        21.93
      1.4270        21.91
      1.4280        21.92
      1.4290        22.06
      1.4300        22.12
      1.4310        22.30
      1.4320        22.34
      1.4330        22.31
      1.4340        22.41
      1.4350        22.53
      1.4360        22.48
      1.4370        22.63
      1.4380        22.71
      1.4390        22.83
      1.4400        22.85
      1.4410        23.02
      1.4420        23.10
      1.4430        23.14
      1.4440        23.28
      1.4450        23.24
      1.4460        23.21
      1.4470        23.25
      1.4480        23.30
      1.4490        23.29
      1.4500        23.34
      1.4510        23.32
      1.4520        23.44
      1.4530        23.56
      1.4540        23.68
      1.4550        23.70
      1.4560        23.82
      1.4570        23.84
      1.4580        23.93
      1.4590        23.98
      1.4600        24.04
      1.4610        24.01
      1.4620        24.16
      1.4630        24.39
      1.4640        24.48
      1.4650        24.51
      1.4660        24.68
      1.4670        24.71
      1.4680        24.75
      1.4690        24.88
      1.4700        24.95
      1.4710        25.11
      1.4720        25.14
      1.4730        25.14
      1.4740        25.07
      1.4750        25.18
      1.4760        25.25
      1.4770        25.42
      1.4780        25.46
      1.4790        25.52
      1.4800        25.64
      1.4810        25.77
      1.4820        25.88
      1.4830        25.91
      1.4840        25.92
      1.4850        26.08
      1.4860        26.20
      1.4870        26.35
      1.4880        26.47
      1.4890        26.57
      1.4900        26.71
      1.4910        26.69
      1.4920        26.79
      1.4930        27.04
      1.4940        27.10
      1.4950        27.19
      1.4960        27.28
      1.4970        27.22
      1.4980        27.28
      1.4990        27.35
      1.5000        27.40
      1.5010        27.50
      1.5020        27.55
      1.5030        27.66
      1.5040        27.70
      1.5050        27.63
      1.5060        27.61
      1.5070        27.73
      1.5080        27.82
      1.5090        27.84
      1.5100        27.87
      1.5110        27.96
      1.5120        28.02
      1.5130        28.00
      1.5140        28.07
      1.5150        28.00
      1.5160        28.01
      1.5170        28.15
      1.5180        28.24
      1.5190        28.32
      1.5200        28.36
      1.5210        28.36
      1.5220        28.31
      1.5230        28.30
      1.5240        28.43
      1.5250        28.45
      1.5260        28.49
      1.5270        28.41
      1.5280        28.37
      1.5290        28.34
      1.5300        28.30
      1.5310        28.36
      1.5320        28.38
      1.5330        28.40
      1.5340        28.48
      1.5350        28.58
      1.5360        28.54
      1.5370        28.56
      1.5380        28.57
      1.5390        28.58
      1.5400        28.65
      1.5410        28.66
      1.5420        28.68
      1.5430        28.69
      1.5440        28.73
      1.5450        28.90
      1.5460        28.94
      1.5470        29.00
      1.5480        29.08
      1.5490        29.31
      1.5500        29.41
      1.5510        29.50
      1.5520        29.63
      1.5530        29.78
      1.5540        29.83
      1.5550        29.85
      1.5560        30.09
      1.5570        30.25
      1.5580        30.40
      1.5590        30.56
      1.5600        30.68
      1.5610        30.79
      1.5620        31.06
      1.5630        31.23
      1.5640        31.32
      1.5650        31.46
      1.5660        31.62
      1.5670        31.83
      1.5680        31.90
      1.5690        31.86
      1.5700        32.05
      1.5710        32.11
      1.5720        32.11
      1.5730        32.15
      1.5740        32.27
      1.5750        32.47
      1.5760        32.51
      1.5770        32.45
      1.5780        32.58
      1.5790        32.58
      1.5800        32.68
      1.5810        32.74
      1.5820        32.69
      1.5830        32.65
      1.5840        32.71
      1.5850        32.67
      1.5860        32.68
      1.5870        32.64
      1.5880        32.60
      1.5890        32.59
      1.5900        32.51
      1.5910        32.43
      1.5920        32.43
      1.5930        32.45
      1.5940        32.50
      1.5950        32.50
      1.5960        32.49
      1.5970        32.49
      1.5980        32.30
      1.5990        32.30
      1.6000        32.20
      1.6010        32.22
      1.6020        32.23
      1.6030        32.30
      1.6040        32.19
      1.6050        32.28
      1.6060        32.23
      1.6070        32.27
      1.6080        32.35
      1.6090        32.40
      1.6100        32.44
      1.6110        32.44
      1.6120        32.53
      1.6130        32.48
      1.6140        32.45
      1.6150        32.40
      1.6160        32.39
      1.6170        32.38
      1.6180        32.44
      1.6190        32.48
      1.6200        32.50
      1.6210        32.60
      1.6220        32.57
      1.6230        32.65
      1.6240        32.67
      1.6250        32.56
      1.6260        32.65
      1.6270        32.76
      1.6280        32.80
      1.6290        32.89
      1.6300        32.96
      1.6310        33.07
      1.6320        33.16
      1.6330        33.20
      1.6340        33.25
      1.6350        33.40
      1.6360        33.59
      1.6370        33.75
      1.6380        33.89
      1.6390        34.00
      1.6400        34.08
      1.6410        34.04
      1.6420        34.16
      1.6430        34.11
      1.6440        34.31
      1.6450        34.53
      1.6460        34.61
      1.6470        34.60
      1.6480        34.72
      1.6490        34.74
      1.6500        34.85
      1.6510        34.95
      1.6520        34.88
      1.6530        34.96
      1.6540        35.05
      1.6550        35.10
      1.6560        35.06
      1.6570        35.16
      1.6580        35.14
      1.6590        35.12
      1.6600        35.17
      1.6610        35.22
      1.6620        35.25
      1.6630        35.45
      1.6640        35.52
      1.6650        35.50
      1.6660        35.50
      1.6670        35.45
      1.6680        35.48
      1.6690        35.52
      1.6700        35.49
      1.6710        35.48
      1.6720        35.56
      1.6730        35.59
      1.6740        35.55
      1.6750        35.46
      1.6760        35.50
      1.6770        35.46
      1.6780        35.45
      1.6790        35.46
      1.6800        35.48
      1.6810        35.50
      1.6820        35.56
      1.6830        35.40
      1.6840        35.37
      1.6850        35.30
      1.6860        35.33
      1.6870        35.45
      1.6880        35.46
      1.6890        35.50
      1.6900        35.52
      1.6910        35.52
      1.6920        35.61
      1.6930        35.68
      1.6940        35.72
      1.6950        35.81
      1.6960        35.78
      1.6970        35.78
      1.6980        35.75
      1.6990        35.82
      1.7000        35.81
      1.7010        35.83
      1.7020        35.83
      1.7030        35.92
      1.7040        35.90
      1.7050        35.96
      1.7060        35.98
      1.7070        36.00
      1.7080        36.00
      1.7090        36.07
      1.7100        36.02
      1.7110        36.13
      1.7120        36.05
      1.7130        36.01
      1.7140        36.06
      1.7150        36.09
      1.7160        36.20
      1.7170        36.30
      1.7180        36.44
      1.7190        36.50
      1.7200        36.60
      1.7210        36.67
      1.7220        36.65
      1.7230        36.82
      1.7240        36.85
      1.7250        36.92
      1.7260        36.86
      1.7270        36.93
      1.7280        37.05
      1.7290        36.97
      1.7300        37.11
      1.7310        37.09
      1.7320        37.19
      1.7330        37.21
      1.7340        37.27
      1.7350        37.34
      1.7360        37.29
      1.7370        37.27
      1.7380        37.30
      1.7390        37.22
      1.7400        37.31
      1.7410        37.25
      1.7420        37.34
      1.7430        37.16
      1.7440        37.20
      1.7450        37.19
      1.7460        37.23
      1.7470        37.08
      1.7480        36.95
      1.7490        37.04
      1.7500        37.00
      1.7510        37.08
      1.7520        37.01
      1.7530        37.08
      1.7540        36.96
      1.7550        36.89
      1.7560        36.85
      1.7570        36.79
      1.7580        36.69
      1.7590        36.73
      1.7600        36.53
      1.7610        36.57
      1.7620        36.56
      1.7630        36.66
      1.7640        36.70
      1.7650        36.72
      1.7660        36.72
      1.7670        36.76
      1.7680        36.80
      1.7690        36.83
      1.7700        36.94
      1.7710        36.83
      1.7720        36.87
      1.7730        36.83
      1.7740        36.91
      1.7750        36.87
      1.7760        36.90
      1.7770        36.93
      1.7780        36.98
      1.7790        36.94
      1.7800        37.06
      1.7810        37.04
      1.7820        37.00
      1.7830        36.90
      1.7840        36.89
      1.7850        36.82
      1.7860        36.88
      1.7870        36.84
      1.7880        36.84
      1.7890        36.66
      1.7900        36.58
      1.7910        36.61
      1.7920        36.58
      1.7930        36.48
      1.7940        36.48
      1.7950        36.45
      1.7960        36.36
      1.7970        36.36
      1.7980        36.34
      1.7990        36.47
      1.8000        36.27
      1.8010        36.25
      1.8020        36.15
      1.8030        36.11
      1.8040        36.03
      1.8050        36.05
      1.8060        35.96
      1.8070        35.97
      1.8080        36.01
      1.8090        35.98
      1.8100        35.97
      1.8110        35.87
      1.8120        35.81
      1.8130        35.93
      1.8140        35.97
      1.8150        36.02
      1.8160        36.05
      1.8170        36.08
      1.8180        36.05
      1.8190        35.93
      1.8200        36.02
      1.8210        36.01
      1.8220        36.04
      1.8230        36.09
      1.8240        36.07
      1.8250        36.08
      1.8260        36.16
      1.8270        36.16
      1.8280        36.13
      1.8290        36.17
      1.8300        36.09
      1.8310        36.12
      1.8320        36.16
      1.8330        36.09
      1.8340        36.02
      1.8350        35.89
      1.8360        35.99
      1.8370        35.94
      1.8380        35.93
      1.8390        35.95
      1.8400        36.01
      1.8410        36.05
      1.8420        36.15
      1.8430        36.13
      1.8440        36.15
      1.8450        36.06
      1.8460        35.95
      1.8470        35.97
      1.8480        35.91
      1.8490        35.94
      1.8500        35.87
      1.8510        35.94
      1.8520        35.93
      1.8530        35.96
      1.8540        35.93
      1.8550        36.04
      1.8560        35.94
      1.8570        35.90
      1.8580        35.85
      1.8590        35.74
      1.8600        35.65
      1.8610        35.59
      1.8620        35.48
      1.8630        35.54
      1.8640        35.55
      1.8650        35.64
      1.8660        35.67
      1.8670        35.74
      1.8680        35.72
      1.8690        35.68
      1.8700        35.80
      1.8710        35.68
      1.8720        35.64
      1.8730        35.56
      1.8740        35.50
      1.8750        35.39
      1.8760        35.40
      1.8770        35.45
      1.8780        35.50
      1.8790        35.62
      1.8800        35.66
      1.8810        35.54
      1.8820        35.54
      1.8830        35.39
      1.8840        35.29
      1.8850        35.16
      1.8860        35.22
      1.8870        35.09
      1.8880        35.01
      1.8890        35.04
      1.8900        35.00
      1.8910        35.06
      1.8920        35.04
      1.8930        35.08
      1.8940        35.13
      1.8950        35.14
      1.8960        35.09
      1.8970        35.14
      1.8980        35.17
      1.8990        35.17
      1.9000        35.06
      1.9010        35.21
      1.9020        35.13
      1.9030        35.18
      1.9040        35.23
      1.9050        35.26
      1.9060        35.19
      1.9070        35.22
      1.9080        35.25
      1.9090        35.26
      1.9100        35.17
      1.9110        35.19
      1.9120        35.18
      1.9130        35.22
      1.9140        35.21
      1.9150        35.31
      1.9160        35.27
      1.9170        35.19
      1.9180        35.15
      1.9190        35.03
      1.9200        35.14
      1.9210        35.07
      1.9220        35.11
      1.9230        35.16
      1.9240        35.13
      1.9250        35.11
      1.9260        35.12
      1.9270        35.13
      1.9280        35.16
      1.9290        35.16
      1.9300        35.16
      1.9310        35.08
      1.9320        35.12
      1.9330        35.15
      1.9340        35.15
      1.9350        35.03
      1.9360        35.07
      1.9370        35.03
      1.9380        35.05
      1.9390        35.10
      1.9400        35.04
      1.9410        35.06
      1.9420        35.09
      1.9430        35.01
      1.9440        34.93
      1.9450        34.99
      1.9460        34.94
      1.9470        34.84
      1.9480        34.87
      1.9490        34.83
      1.9500        34.90
      1.9510        34.99
      1.9520        34.86
      1.9530        34.75
      1.9540        34.71
      1.9550        34.68
      1.9560        34.62
      1.9570        34.62
      1.9580        34.53
      1.9590        34.47
      1.9600        34.43
      1.9610        34.42
      1.9620        34.46
      1.9630        34.50
      1.9640        34.52
      1.9650        34.34
      1.9660        34.31
      1.9670        34.34
      1.9680        34.29
      1.9690        34.22
      1.9700        34.11
      1.9710        34.01
      1.9720        33.99
      1.9730        34.04
      1.9740        34.06
      1.9750        34.06
      1.9760        34.07
      1.9770        34.08
      1.9780        34.06
      1.9790        34.01
      1.9800        34.16
      1.9810        34.22
      1.9820        34.14
      1.9830        34.15
      1.9840        34.19
      1.9850        34.27
      1.9860        34.41
      1.9870        34.38
      1.9880        34.30
      1.9890        34.35
      1.9900        34.46
      1.9910        34.47
      1.9920        34.63
      1.9930        34.54
      1.9940        34.53
      1.9950        34.53
      1.9960        34.50
      1.9970        34.53
      1.9980        34.55
      1.9990        34.56
      2.0000        34.43
      2.0010        34.25
      2.0020        34.25
      2.0030        34.32
      2.0040        34.21
      2.0050        34.27
      2.0060        34.12
      2.0070        34.23
      2.0080        34.29
      2.0090        34.36
      2.0100        34.32
      2.0110        34.24
      2.0120        34.20
      2.0130        34.25
      2.0140        34.31
      2.0150        34.37
      2.0160        34.49
      2.0170        34.45
      2.0180        34.45
      2.0190        34.49
      2.0200        34.51
      2.0210        34.52
      2.0220        34.52
      2.0230        34.43
      2.0240        34.47
      2.0250        34.54
      2.0260        34.50
      2.0270        34.39
      2.0280        34.34
      2.0290        34.28
      2.0300        34.30
      2.0310        34.29
      2.0320        34.29
      2.0330        34.31
      2.0340        34.19
      2.0350        34.23
      2.0360        34.13
      2.0370        34.18
      2.0380        34.22
      2.0390        34.17
      2.0400        34.23
      2.0410        34.24
      2.0420        34.24
      2.0430        34.29
      2.0440        34.33
      2.0450        34.29
      2.0460        34.48
      2.0470        34.60
      2.0480        34.57
      2.0490        34.60
      2.0500        34.53
      2.0510        34.62
      2.0520        34.59
      2.0530        34.56
      2.0540        34.60
      2.0550        34.52
      2.0560        34.56
      2.0570        34.60
      2.0580        34.51
      2.0590        34.47
      2.0600        34.39
      2.0610        34.46
      2.0620        34.40
      2.0630        34.34
      2.0640        34.25
      2.0650        34.23
      2.0660        34.19
      2.0670        34.17
      2.0680        34.25
      2.0690        34.14
      2.0700        34.21
      2.0710        34.14
      2.0720        34.12
      2.0730        34.10
      2.0740        34.23
      2.0750        34.26
      2.0760        34.28
      2.0770        34.20
      2.0780        34.28
      2.0790        34.48
      2.0800        34.47
      2.0810        34.45
      2.0820        34.48
      2.0830        34.47
      2.0840        34.44
      2.0850        34.40
      2.0860        34.42
      2.0870        34.36
      2.0880        34.32
      2.0890        34.30
      2.0900        34.26
      2.0910        34.28
      2.0920        34.31
      2.0930        34.30
      2.0940        34.11
      2.0950        34.03
      2.0960        33.95
      2.0970        33.87
      2.0980        33.73
      2.0990        33.49
      2.1000        33.55
      2.1010        33.52
      2.1020        33.49
      2.1030        33.52
      2.1040        33.57
      2.1050        33.64
      2.1060        33.49
      2.1070        33.40
      2.1080        33.40
      2.1090        33.40
      2.1100        33.31
      2.1110        33.29
      2.1120        33.21
      2.1130        33.20
      2.1140        33.24
      2.1150        33.26
      2.1160        33.26
      2.1170        33.31
      2.1180        33.42
      2.1190        33.47
      2.1200        33.44
      2.1210        33.36
      2.1220        33.43
      2.1230        33.47
      2.1240        33.53
      2.1250        33.53
      2.1260        33.60
      2.1270        33.72
      2.1280        33.80
      2.1290        33.84
      2.1300        33.84
      2.1310        33.89
      2.1320        34.04
      2.1330        34.04
      2.1340        34.20
      2.1350        34.22
      2.1360        34.21
      2.1370        34.16
      2.1380        34.15
      2.1390        34.16
      2.1400        34.08
      2.1410        34.20
      2.1420        34.15
      2.1430        34.11
      2.1440        34.12
      2.1450        34.04
      2.1460        34.04
      2.1470        34.03
      2.1480        33.95
      2.1490        34.00
      2.1500        34.18
      2.1510        34.19
      2.1520        34.14
      2.1530        34.08
      2.1540        33.92
      2.1550        33.93
      2.1560        34.04
      2.1570        34.13
      2.1580        34.01
      2.1590        34.07
      2.1600        34.07
      2.1610        34.07
      2.1620        34.01
      2.1630        33.92
      2.1640        33.80
      2.1650        33.85
      2.1660        33.75
      2.1670        33.75
      2.1680        33.69
      2.1690        33.66
      2.1700        33.46
      2.1710        33.36
      2.1720        33.31
      2.1730        33.30
      2.1740        33.19
      2.1750        33.15
      2.1760        33.00
      2.1770        33.01
      2.1780        33.11
      2.1790        33.04
      2.1800        33.11
      2.1810        33.07
      2.1820        33.15
      2.1830        33.24
      2.1840        33.35
      2.1850        33.30
      2.1860        33.46
      2.1870        33.45
      2.1880        33.50
      2.1890        33.46
      2.1900        33.58
      2.1910        33.65
      2.1920        33.77
      2.1930        33.85
      2.1940        34.00
      2.1950        34.04
      2.1960        34.17
      2.1970        34.09
      2.1980        34.13
      2.1990        34.13
      2.2000        34.17
      2.2010        34.19
      2.2020        34.24
      2.2030        34.28
      2.2040        34.28
      2.2050        34.35
      2.2060        34.32
      2.2070        34.35
      2.2080        34.43
      2.2090        34.51
      2.2100        34.48
      2.2110        34.59
      2.2120        34.49
      2.2130        34.55
      2.2140        34.56
      2.2150        34.58
      2.2160        34.67
      2.2170        34.71
      2.2180        34.63
      2.2190        34.71
      2.2200        34.59
      2.2210        34.64
      2.2220        34.72
      2.2230        34.64
      2.2240        34.59
      2.2250        34.42
      2.2260        34.39
      2.2270        34.40
      2.2280        34.20
      2.2290        34.16
      2.2300        34.10
      2.2310        33.97
      2.2320        33.97
      2.2330        33.93
      2.2340        33.80
      2.2350        33.75
      2.2360        33.57
      2.2370        33.55
      2.2380        33.61
      2.2390        33.49
      2.2400        33.61
      2.2410        33.53
      2.2420        33.37
      2.2430        33.33
      2.2440        33.34
      2.2450        33.47
      2.2460        33.42
      2.2470        33.33
      2.2480        33.43
      2.2490        33.43
      2.2500        33.39
      2.2510        33.47
      2.2520        33.37
      2.2530        33.26
      2.2540        33.38
      2.2550        33.38
      2.2560        33.40
      2.2570        33.35
      2.2580        33.42
      2.2590        33.50
      2.2600        33.42
      2.2610        33.42
      2.2620        33.42
      2.2630        33.52
      2.2640        33.52
      2.2650        33.47
      2.2660        33.44
      2.2670        33.47
      2.2680        33.46
      2.2690        33.52
      2.2700        33.66
      2.2710        33.62
      2.2720        33.73
      2.2730        33.89
      2.2740        33.97
      2.2750        34.02
      2.2760        34.13
      2.2770        34.25
      2.2780        34.22
      2.2790        34.26
      2.2800        34.32
      2.2810        34.33
      2.2820        34.37
      2.2830        34.36
      2.2840        34.45
      2.2850        34.52
      2.2860        34.63
      2.2870        34.62
      2.2880        34.71
      2.2890        34.67
      2.2900        34.66
      2.2910        34.54
      2.2920        34.51
      2.2930        34.46
      2.2940        34.41
      2.2950        34.33
      2.2960        34.30
      2.2970        34.27
      2.2980        34.29
      2.2990        34.27
      2.3000        34.24
      2.3010        34.26
      2.3020        34.31
      2.3030        34.26
      2.3040        34.07
      2.3050        34.03
      2.3060        33.90
      2.3070        33.80
      2.3080        33.73
      2.3090        33.66
      2.3100        33.52
      2.3110        33.55
      2.3120        33.51
      2.3130        33.45
      2.3140        33.29
      2.3150        33.26
      2.3160        33.06
      2.3170        33.02
      2.3180        32.96
      2.3190        32.96
      2.3200        32.88
      2.3210        32.82
      2.3220        32.74
      2.3230        32.72
      2.3240        32.76
      2.3250        32.76
      2.3260        32.76
      2.3270        32.84
      2.3280        32.80
      2.3290        32.81
      2.3300        32.80
      2.3310        32.94
      2.3320        32.97
      2.3330        32.93
      2.3340        33.01
      2.3350        32.97
      2.3360        33.16
      2.3370        33.13
      2.3380        33.13
      2.3390        33.12
      2.3400        33.18
      2.3410        33.18
      2.3420        33.13
      2.3430        33.14
      2.3440        33.14
      2.3450        33.13
      2.3460        33.28
      2.3470        33.30
      2.3480        33.25
      2.3490        33.29
      2.3500        33.44
      2.3510        33.32
      2.3520        33.39
      2.3530        33.47
      2.3540        33.48
      2.3550        33.61
      2.3560        33.53
      2.3570        33.63
      2.3580        33.67
      2.3590        33.65
      2.3600        33.68
      2.3610        33.76
      2.3620        33.80
      2.3630        33.84
      2.3640        33.89
      2.3650        33.95
      2.3660        33.83
      2.3670        33.77
      2.3680        33.88
      2.3690        33.85
      2.3700        33.80
      2.3710        33.73
      2.3720        33.71
      2.3730        33.56
      2.3740        33.48
      2.3750        33.43
      2.3760        33.41
      2.3770        33.26
      2.3780        33.15
      2.3790        33.09
      2.3800        33.01
      2.3810        32.95
      2.3820        32.99
      2.3830        32.93
      2.3840        32.86
      2.3850        32.70
      2.3860        32.54
      2.3870        32.49
      2.3880        32.40
      2.3890        32.35
      2.3900        32.26
      2.3910        32.30
      2.3920        32.28
      2.3930        32.26
      2.3940        32.28
      2.3950        32.24
      2.3960        32.17
      2.3970        32.12
      2.3980        32.09
      2.3990        32.00
      2.4000        31.89
      2.4010        31.77
      2.4020        31.69
      2.4030        31.61
      2.4040        31.53
      2.4050        31.57
      2.4060        31.61
      2.4070        31.65
      2.4080        31.64
      2.4090        31.65
      2.4100        31.72
      2.4110        31.73
      2.4120        31.66
      2.4130        31.77
      2.4140        31.66
      2.4150        31.62
      2.4160        31.66
      2.4170        31.66
      2.4180        31.65
      2.4190        31.75
      2.4200        31.95
      2.4210        32.06
      2.4220        32.00
      2.4230        32.03
      2.4240        32.11
      2.4250        32.15
      2.4260        32.23
      2.4270        32.31
      2.4280        32.36
      2.4290        32.36
      2.4300        32.27
      2.4310        32.22
      2.4320        32.25
      2.4330        32.32
      2.4340        32.52
      2.4350        32.64
      2.4360        32.68
      2.4370        32.73
      2.4380        32.77
      2.4390        32.84
      2.4400        32.64
      2.4410        32.61
      2.4420        32.62
      2.4430        32.62
      2.4440        32.58
      2.4450        32.46
      2.4460        32.50
      2.4470        32.33
      2.4480        32.26
      2.4490        32.14
      2.4500        32.13
      2.4510        32.05
      2.4520        31.89
      2.4530        31.65
      2.4540        31.63
      2.4550        31.47
      2.4560        31.39
      2.4570        31.26
      2.4580        31.24
      2.4590        31.04
      2.4600        31.01
      2.4610        30.97
      2.4620        30.85
      2.4630        30.73
      2.4640        30.65
      2.4650        30.62
      2.4660        30.37
      2.4670        30.42
      2.4680        30.45
      2.4690        30.54
      2.4700        30.57
      2.4710        30.68
      2.4720        30.83
      2.4730        30.92
      2.4740        30.76
      2.4750        30.68
      2.4760        30.64
      2.4770        30.79
      2.4780        30.76
      2.4790        30.84
      2.4800        30.88
      2.4810        30.82
      2.4820        30.96
      2.4830        31.01
      2.4840        31.07
      2.4850        31.00
      2.4860        31.19
      2.4870        31.20
      2.4880        31.16
      2.4890        31.16
      2.4900        31.08
      2.4910        31.05
      2.4920        31.00
      2.4930        30.91
      2.4940        30.92
      2.4950        31.05
      2.4960        31.14
      2.4970        31.13
      2.4980        31.17
      2.4990        31.13
      2.5000        31.12
      2.5010        31.24
      2.5020        31.21
      2.5030        31.24
      2.5040        31.21
      2.5050        31.43
      2.5060        31.47
      2.5070        31.36
      2.5080        31.42
      2.5090        31.45
      2.5100        31.49
      2.5110        31.32
      2.5120        31.30
      2.5130        31.45
      2.5140        31.48
      2.5150        31.41
      2.5160        31.33
      2.5170        31.19
      2.5180        31.13
      2.5190        31.09
      2.5200        31.15
      2.5210        30.97
      2.5220        30.92
      2.5230        31.01
      2.5240        31.04
      2.5250        30.85
      2.5260        30.73
      2.5270        30.73
      2.5280        30.56
      2.5290        30.42
      2.5300        30.44
      2.5310        30.49
      2.5320        30.46
      2.5330        30.38
      2.5340        30.37
      2.5350        30.29
      2.5360        30.36
      2.5370        30.38
      2.5380        30.30
      2.5390        30.30
      2.5400        30.19
      2.5410        30.16
      2.5420        30.09
      2.5430        29.87
      2.5440        29.77
      2.5450        29.79
      2.5460        29.82
      2.5470        29.89
      2.5480        29.91
      2.5490        29.88
      2.5500        29.81
      2.5510        29.89
      2.5520        29.81
      2.5530        29.81
      2.5540        29.69
      2.5550        29.72
      2.5560        29.60
      2.5570        29.61
      2.5580        29.62
      2.5590        29.65
      2.5600        29.61
      2.5610        29.63
      2.5620        29.74
      2.5630        29.84
      2.5640        29.90
      2.5650        29.83
      2.5660        29.80
      2.5670        29.76
      2.5680        29.75
      2.5690        29.72
      2.5700        29.76
      2.5710        29.71
      2.5720        29.71
      2.5730        29.63
      2.5740        29.62
      2.5750        29.58
      2.5760        29.54
      2.5770        29.53
      2.5780        29.43
      2.5790        29.38
      2.5800        29.58
      2.5810        29.64
      2.5820        29.53
      2.5830        29.52
      2.5840        29.43
      2.5850        29.51
      2.5860        29.42
      2.5870        29.31
      2.5880        29.37
      2.5890        29.43
      2.5900        29.37
      2.5910        29.38
      2.5920        29.42
      2.5930        29.43
      2.5940        29.39
      2.5950        29.38
      2.5960        29.35
      2.5970        29.27
      2.5980        29.38
      2.5990        29.35
      2.6000        29.19
      2.6010        28.98
      2.6020        29.03
      2.6030        29.01
      2.6040        29.01
      2.6050        28.97
      2.6060        28.97
      2.6070        28.90
      2.6080        28.75
      2.6090        28.69
      2.6100        28.66
      2.6110        28.57
      2.6120        28.51
      2.6130        28.51
      2.6140        28.50
      2.6150        28.50
      2.6160        28.53
      2.6170        28.58
      2.6180        28.47
      2.6190        28.40
      2.6200        28.35
      2.6210        28.48
      2.6220        28.35
      2.6230        28.20
      2.6240        28.24
      2.6250        28.21
      2.6260        28.24
      2.6270        28.31
      2.6280        28.32
      2.6290        28.23
      2.6300        28.24
      2.6310        28.24
      2.6320        28.09
      2.6330        28.07
      2.6340        28.08
      2.6350        28.03
      2.6360        27.93
      2.6370        27.83
      2.6380        27.83
      2.6390        27.88
      2.6400        27.84
      2.6410        27.86
      2.6420        27.92
      2.6430        27.97
      2.6440        27.96
      2.6450        27.91
      2.6460        27.88
      2.6470        27.90
      2.6480        27.97
      2.6490        28.08
      2.6500        28.03
      2.6510        28.02
      2.6520        28.17
      2.6530        28.07
      2.6540        28.13
      2.6550        28.07
      2.6560        28.18
      2.6570        28.14
      2.6580        28.17
      2.6590        28.19
      2.6600        28.26
      2.6610        28.14
      2.6620        28.12
      2.6630        28.14
      2.6640        28.01
      2.6650        28.08
      2.6660        28.00
      2.6670        27.93
      2.6680        27.91
      2.6690        27.81
      2.6700        27.83
      2.6710        27.79
      2.6720        27.76
      2.6730        27.85
      2.6740        27.83
      2.6750        27.89
      2.6760        27.82
      2.6770        27.86
      2.6780        27.81
      2.6790        27.74
      2.6800        27.76
      2.6810        27.82
      2.6820        27.81
      2.6830        27.84
      2.6840        27.90
      2.6850        27.85
      2.6860        27.92
      2.6870        27.90
      2.6880        27.80
      2.6890        27.76
      2.6900        27.65
      2.6910        27.63
      2.6920        27.52
      2.6930        27.47
      2.6940        27.33
      2.6950        27.31
      2.6960        27.35
      2.6970        27.35
      2.6980        27.35
      2.6990        27.27
      2.7000        27.19
      2.7010        27.08
      2.7020        27.00
      2.7030        26.88
      2.7040        26.81
      2.7050        26.82
      2.7060        26.77
      2.7070        26.74
      2.7080        26.68
      2.7090        26.68
      2.7100        26.67
      2.7110        26.63
      2.7120        26.63
      2.7130        26.57
      2.7140        26.68
      2.7150        26.65
      2.7160        26.60
      2.7170        26.53
      2.7180        26.52
      2.7190        26.55
      2.7200        26.47
      2.7210        26.41
      2.7220        26.35
      2.7230        26.24
      2.7240        26.23
      2.7250        26.20
      2.7260        26.21
      2.7270        26.16
      2.7280        26.20
      2.7290        26.16
      2.7300        26.15
      2.7310        26.19
      2.7320        26.17
      2.7330        26.13
      2.7340        26.11
      2.7350        26.04
      2.7360        26.12
      2.7370        26.16
      2.7380        26.21
      2.7390        26.22
      2.7400        26.32
      2.7410        26.39
      2.7420        26.46
      2.7430        26.52
      2.7440        26.46
      2.7450        26.32
      2.7460        26.26
      2.7470        26.20
      2.7480        26.14
      2.7490        26.14
      2.7500        26.04
      2.7510        26.02
      2.7520        26.00
      2.7530        25.96
      2.7540        25.85
      2.7550        25.86
      2.7560        25.66
      2.7570        25.56
      2.7580        25.42
      2.7590        25.33
      2.7600        25.16
      2.7610        25.17
      2.7620        25.09
      2.7630        24.98
      2.7640        24.86
      2.7650        24.79
      2.7660        24.67
      2.7670        24.63
      2.7680        24.58
      2.7690        24.52
      2.7700        24.54
      2.7710        24.34
      2.7720        24.27
      2.7730        24.11
      2.7740        24.01
      2.7750        23.84
      2.7760        23.77
      2.7770        23.73
      2.7780        23.57
      2.7790        23.38
      2.7800        23.33
      2.7810        23.16
      2.7820        23.12
      2.7830        23.06
      2.7840        23.01
      2.7850        23.01
      2.7860        22.96
      2.7870        22.88
      2.7880        22.76
      2.7890        22.68
      2.7900        22.62
      2.7910        22.54
      2.7920        22.46
      2.7930        22.42
      2.7940        22.34
      2.7950        22.34
      2.7960        22.29
      2.7970        22.17
      2.7980        22.16
      2.7990        22.17
      2.8000        22.01
      2.8010        21.97
      2.8020        21.92
      2.8030        21.86
      2.8040        21.85
      2.8050        21.81
      2.8060        21.73
      2.8070        21.65
      2.8080        21.60
      2.8090        21.48
      2.8100        21.49
      2.8110        21.45
      2.8120        21.51
      2.8130        21.53
      2.8140        21.45
      2.8150        21.35
      2.8160        21.29
      2.8170        21.26
      2.8180        21.26
      2.8190        21.24
      2.8200        21.32
      2.8210        21.25
      2.8220        21.10
      2.8230        21.10
      2.8240        20.98
      2.8250        20.94
      2.8260        21.02
      2.8270        21.02
      2.8280        20.98
      2.8290        20.94
      2.8300        20.83
      2.8310        20.76
      2.8320        20.60
      2.8330        20.51
      2.8340        20.54
      2.8350        20.44
      2.8360        20.28
      2.8370        20.22
      2.8380        20.03
      2.8390        19.91
      2.8400        19.82
      2.8410        19.71
      2.8420        19.60
      2.8430        19.48
      2.8440        19.48
      2.8450        19.27
      2.8460        19.12
      2.8470        18.97
      2.8480        18.82
      2.8490        18.74
      2.8500        18.61
      2.8510        18.48
      2.8520        18.34
      2.8530        18.24
      2.8540        18.00
      2.8550        17.91
      2.8560        17.91
      2.8570        17.84
      2.8580        17.80
      2.8590        17.73
      2.8600        17.65
      2.8610        17.53
      2.8620        17.45
      2.8630        17.30
      2.8640        17.19
      2.8650        17.06
      2.8660        16.84
      2.8670        16.70
      2.8680        16.64
      2.8690        16.47
      2.8700        16.27
      2.8710        16.18
      2.8720        16.15
      2.8730        15.97
      2.8740        15.95
      2.8750        15.84
      2.8760        15.62
      2.8770        15.41
      2.8780        15.25
      2.8790        15.07
      2.8800        14.83
      2.8810        14.76
      2.8820        14.63
      2.8830        14.54
      2.8840        14.43
      2.8850        14.32
      2.8860        14.28
      2.8870        14.15
      2.8880        13.97
      2.8890        13.95
      2.8900        13.93
      2.8910        13.81
      2.8920        13.49
      2.8930        13.38
      2.8940        13.26
      2.8950        13.17
      2.8960        12.99
      2.8970        12.94
      2.8980        12.84
      2.8990        12.71
      2.9000        12.66
      2.9010        12.53
      2.9020        12.38
      2.9030        12.22
      2.9040        12.00
      2.9050        11.94
      2.9060        11.80
      2.9070        11.82
      2.9080        11.83
      2.9090        11.68
      2.9100        11.55
      2.9110        11.46
      2.9120        11.58
      2.9130        11.50
      2.9140        11.31
      2.9150        11.21
      2.9160        11.18
      2.9170        10.98
      2.9180        10.96
      2.9190        10.97
      2.9200        10.80
      2.9210        10.67
      2.9220        10.63
      2.9230        10.48
      2.9240        10.50
      2.9250        10.48
      2.9260        10.45
      2.9270        10.35
      2.9280        10.24
      2.9290        10.16
      2.9300        10.02
      2.9310         9.99
      2.9320         9.81
      2.9330         9.79
      2.9340         9.82
      2.9350         9.83
      2.9360         9.87
      2.9370        10.03
      2.9380         9.91
      2.9390         9.89
      2.9400         9.97
      2.9410        10.03
      2.9420        10.02
      2.9430        10.18
      2.9440        10.17
      2.9450        10.15
      2.9460        10.10
      2.9470        10.03
      2.9480         9.93
      2.9490         9.90
      2.9500        10.01
      2.9510         9.90
      2.9520         9.86
      2.9530         9.81
      2.9540         9.77
      2.9550         9.66
      2.9560         9.58
      2.9570         9.35
      2.9580         9.25
      2.9590         9.11
      2.9600         8.95
      2.9610         8.79
      2.9620         8.72
      2.9630         8.58
      2.9640         8.43
      2.9650         8.35
      2.9660         8.30
      2.9670         8.24
      2.9680         8.20
      2.9690         8.17
      2.9700         7.92
      2.9710         7.88
      2.9720         7.88
      2.9730         7.83
      2.9740         7.70
      2.9750         7.55
      2.9760         7.42
      2.9770         7.37
      2.9780         7.34
      2.9790         7.27
      2.9800         7.18
      2.9810         7.17
      2.9820         7.15
      2.9830         6.97
      2.9840         6.91
      2.9850         6.81
      2.9860         6.71
      2.9870         6.59
      2.9880         6.53
      2.9890         6.41
      2.9900         6.38
      2.9910         6.37
      2.9920         6.25
      2.9930         6.18
      2.9940         6.22
      2.9950         6.19
      2.9960         6.22
      2.9970         6.19
      2.9980         6.14
      2.9990         6.12
