        Time   Palpation Force
      0.0000         1.00
      0.0010         1.00
      0.0020         1.00
      0.0030         1.00
      0.0040         1.00
      0.0050         1.00
      0.0060         1.00
      0.0070         1.00
      0.0080         1.00
      0.0090         1.00
      0.0100         1.00
      0.0110         1.00
      0.0120         1.00
      0.0130         1.00
      0.0140         1.00
      0.0150         1.00
      0.0160         1.00
      0.0170         1.00
      0.0180         1.00
      0.0190         1.00
      0.0200         1.00
      0.0210         1.00
      0.0220         1.00
      0.0230         1.00
      0.0240         1.00
      0.0250         1.00
      0.0260         1.00
      0.0270         1.00
      0.0280         1.00
      0.0290         1.00
      0.0300         1.00
      0.0310         1.00
      0.0320         1.00
      0.0330         1.00
      0.0340         1.00
      0.0350         1.00
      0.0360         1.00
      0.0370         1.00
      0.0380         1.00
      0.0390         1.00
      0.0400         1.00
      0.0410         1.00
      0.0420         1.00
      0.0430         1.00
      0.0440         1.00
      0.0450         1.00
      0.0460         1.00
      0.0470         1.00
      0.0480         1.00
      0.0490         1.00
      0.0500         1.00
      0.0510         1.00
      0.0520         1.00
      0.0530         1.00
      0.0540         1.00
      0.0550         1.00
      0.0560         1.00
      0.0570         1.00
      0.0580         1.00
      0.0590         1.00
      0.0600         1.00
      0.0610         1.00
      0.0620         1.00
      0.0630         1.00
      0.0640         1.00
      0.0650         1.00
      0.0660         1.00
      0.0670         1.00
      0.0680         1.00
      0.0690         1.00
      0.0700         1.00
      0.0710         1.00
      0.0720         1.00
      0.0730         1.00
      0.0740         1.00
      0.0750         1.00
      0.0760         1.00
      0.0770         1.00
      0.0780         1.00
      0.0790         1.00
      0.0800         1.00
      0.0810         1.00
      0.0820         1.00
      0.0830         1.00
      0.0840         1.00
      0.0850         1.00
      0.0860         1.00
      0.0870         1.00
      0.0880         1.00
      0.0890         1.00
      0.0900         1.00
      0.0910         1.00
      0.0920         1.00
      0.0930         1.00
      0.0940         1.00
      0.0950         1.00
      0.0960         1.00
      0.0970         1.00
      0.0980         1.00
      0.0990         1.00
      0.1000         1.00
      0.1010         1.00
      0.1020         1.00
      0.1030         1.00
      0.1040         1.00
      0.1050         1.00
      0.1060         1.00
      0.1070         1.00
      0.1080         1.00
      0.1090         1.00
      0.1100         1.00
      0.1110         1.00
      0.1120         1.00
      0.1130         1.00
      0.1140         1.00
      0.1150         1.00
      0.1160         1.00
      0.1170         1.00
      0.1180         1.00
      0.1190         1.00
      0.1200         1.00
      0.1210         1.00
      0.1220         1.00
      0.1230         1.00
      0.1240         1.00
      0.1250         1.00
      0.1260         1.00
      0.1270         1.00
      0.1280         1.00
      0.1290         1.00
      0.1300         1.00
      0.1310         1.00
      0.1320         1.00
      0.1330         1.00
      0.1340         1.00
      0.1350         1.00
      0.1360         1.00
      0.1370         1.00
      0.1380         1.00
      0.1390         1.00
      0.1400         1.00
      0.1410         1.00
      0.1420         1.00
      0.1430         1.00
      0.1440         1.00
      0.1450         1.00
      0.1460         1.00
      0.1470         1.00
      0.1480         1.00
      0.1490         1.00
      0.1500         1.00
      0.1510         1.00
      0.1520         1.00
      0.1530         1.00
      0.1540         1.00
      0.1550         1.00
      0.1560         1.00
      0.1570         1.00
      0.1580         1.00
      0.1590         1.00
      0.1600         1.00
      0.1610         1.00
      0.1620         1.00
      0.1630         1.00
      0.1640         1.00
      0.1650         1.00
      0.1660         1.00
      0.1670         1.00
      0.1680         1.00
      0.1690         1.00
      0.1700         1.00
      0.1710         1.00
      0.1720         1.00
      0.1730         1.00
      0.1740         1.00
      0.1750         1.00
      0.1760         1.00
      0.1770         1.00
      0.1780         1.00
      0.1790         1.00
      0.1800         1.00
      0.1810         1.00
      0.1820         1.00
      0.1830         1.00
      0.1840         1.00
      0.1850         1.00
      0.1860         1.00
      0.1870         1.00
      0.1880         1.00
      0.1890         1.00
      0.1900         1.00
      0.1910         1.00
      0.1920         1.00
      0.1930         1.00
      0.1940         1.00
      0.1950         1.00
      0.1960         1.00
      0.1970         1.00
      0.1980         1.00
      0.1990         1.00
      0.2000         1.00
      0.2010         1.00
      0.2020         1.00
      0.2030         1.00
      0.2040         1.00
      0.2050         1.00
      0.2060         1.00
      0.2070         1.00
      0.2080         1.00
      0.2090         1.00
      0.2100         1.00
      0.2110         1.00
      0.2120         1.00
      0.2130         1.00
      0.2140         1.00
      0.2150         1.00
      0.2160         1.00
      0.2170         1.00
      0.2180         1.00
      0.2190         1.00
      0.2200         1.00
      0.2210         1.00
      0.2220         1.00
      0.2230         1.00
      0.2240         1.00
      0.2250         1.00
      0.2260         1.00
      0.2270         1.00
      0.2280         1.00
      0.2290         1.00
      0.2300         1.00
      0.2310         1.00
      0.2320         1.00
      0.2330         1.00
      0.2340         1.00
      0.2350         1.00
      0.2360         1.00
      0.2370         1.00
      0.2380         1.00
      0.2390         1.00
      0.2400         1.00
      0.2410         1.00
      0.2420         1.00
      0.2430         1.00
      0.2440         1.00
      0.2450         1.00
      0.2460         1.00
      0.2470         1.00
      0.2480         1.00
      0.2490         1.00
      0.2500         1.00
      0.2510         1.00
      0.2520         1.00
      0.2530         1.00
      0.2540         1.00
      0.2550         1.00
      0.2560         1.00
      0.2570         1.00
      0.2580         1.00
      0.2590         1.00
      0.2600         1.00
      0.2610         1.00
      0.2620         1.00
      0.2630         1.00
      0.2640         1.00
      0.2650         1.00
      0.2660         1.00
      0.2670         1.00
      0.2680         1.00
      0.2690         1.00
      0.2700         1.00
      0.2710         1.00
      0.2720         1.00
      0.2730         1.00
      0.2740         1.00
      0.2750         1.00
      0.2760         1.00
      0.2770         1.00
      0.2780         1.00
      0.2790         1.00
      0.2800         1.00
      0.2810         1.00
      0.2820         1.00
      0.2830         1.00
      0.2840         1.00
      0.2850         1.00
      0.2860         1.00
      0.2870         1.00
      0.2880         1.00
      0.2890         1.00
      0.2900         1.00
      0.2910         1.00
      0.2920         1.00
      0.2930         1.00
      0.2940         1.00
      0.2950         1.00
      0.2960         1.00
      0.2970         1.00
      0.2980         1.00
      0.2990         1.00
      0.3000         1.00
      0.3010         1.00
      0.3020         1.00
      0.3030         1.00
      0.3040         1.00
      0.3050         1.00
      0.3060         1.00
      0.3070         1.00
      0.3080         1.00
      0.3090         1.00
      0.3100         1.00
      0.3110         1.00
      0.3120         1.00
      0.3130         1.00
      0.3140         1.00
      0.3150         1.00
      0.3160         1.00
      0.3170         1.00
      0.3180         1.00
      0.3190         1.00
      0.3200         1.00
      0.3210         1.00
      0.3220         1.00
      0.3230         1.00
      0.3240         1.00
      0.3250         1.00
      0.3260         1.00
      0.3270         1.00
      0.3280         1.00
      0.3290         1.00
      0.3300         1.00
      0.3310         1.00
      0.3320         1.00
      0.3330         1.00
      0.3340         1.00
      0.3350         1.00
      0.3360         1.00
      0.3370         1.00
      0.3380         1.00
      0.3390         1.00
      0.3400         1.00
      0.3410         1.00
      0.3420         1.00
      0.3430         1.00
      0.3440         1.00
      0.3450         1.00
      0.3460         1.00
      0.3470         1.00
      0.3480         1.00
      0.3490         1.00
      0.3500         1.00
      0.3510         1.00
      0.3520         1.00
      0.3530         1.00
      0.3540         1.00
      0.3550         1.00
      0.3560         1.00
      0.3570         1.00
      0.3580         1.00
      0.3590         1.00
      0.3600         1.00
      0.3610         1.00
      0.3620         1.00
      0.3630         1.00
      0.3640         1.00
      0.3650         1.00
      0.3660         1.00
      0.3670         1.00
      0.3680         1.00
      0.3690         1.00
      0.3700         1.00
      0.3710         1.00
      0.3720         1.00
      0.3730         1.00
      0.3740         1.00
      0.3750         1.00
      0.3760         1.00
      0.3770         1.00
      0.3780         1.00
      0.3790         1.00
      0.3800         1.00
      0.3810         1.00
      0.3820         1.00
      0.3830         1.00
      0.3840         1.00
      0.3850         1.00
      0.3860         1.00
      0.3870         1.00
      0.3880         1.00
      0.3890         1.00
      0.3900         1.00
      0.3910         1.00
      0.3920         1.00
      0.3930         1.00
      0.3940         1.00
      0.3950         1.00
      0.3960         1.00
      0.3970         1.00
      0.3980         1.00
      0.3990         1.00
      0.4000         1.00
      0.4010         1.00
      0.4020         1.00
      0.4030         1.00
      0.4040         1.00
      0.4050         1.00
      0.4060         1.00
      0.4070         1.00
      0.4080         1.00
      0.4090         1.00
      0.4100         1.00
      0.4110         1.00
      0.4120         1.00
      0.4130         1.00
      0.4140         1.00
      0.4150         1.00
      0.4160         1.00
      0.4170         1.00
      0.4180         1.00
      0.4190         1.00
      0.4200         1.00
      0.4210         1.00
      0.4220         1.00
      0.4230         1.00
      0.4240         1.00
      0.4250         1.00
      0.4260         1.00
      0.4270         1.00
      0.4280         1.00
      0.4290         1.00
      0.4300         1.00
      0.4310         1.00
      0.4320         1.00
      0.4330         1.00
      0.4340         1.00
      0.4350         1.00
      0.4360         1.00
      0.4370         1.00
      0.4380         1.00
      0.4390         1.00
      0.4400         1.00
      0.4410         1.00
      0.4420         1.00
      0.4430         1.00
      0.4440         1.00
      0.4450         1.00
      0.4460         1.00
      0.4470         1.00
      0.4480         1.00
      0.4490         1.00
      0.4500         1.00
      0.4510         1.00
      0.4520         1.00
      0.4530         1.00
      0.4540         1.00
      0.4550         1.00
      0.4560         1.00
      0.4570         1.00
      0.4580         1.00
      0.4590         1.00
      0.4600         1.00
      0.4610         1.00
      0.4620         1.00
      0.4630         1.00
      0.4640         1.00
      0.4650         1.00
      0.4660         1.00
      0.4670         1.00
      0.4680         1.00
      0.4690         1.00
      0.4700         1.00
      0.4710         1.00
      0.4720         1.00
      0.4730         1.00
      0.4740         1.00
      0.4750         1.00
      0.4760         1.00
      0.4770         1.00
      0.4780         1.00
      0.4790         1.00
      0.4800         1.00
      0.4810         1.00
      0.4820         1.00
      0.4830         1.00
      0.4840         1.00
      0.4850         1.00
      0.4860         1.00
      0.4870         1.00
      0.4880         1.00
      0.4890         1.00
      0.4900         1.00
      0.4910         1.00
      0.4920         1.00
      0.4930         1.00
      0.4940         1.00
      0.4950         1.00
      0.4960         1.00
      0.4970         1.00
      0.4980         1.00
      0.4990         1.00
      0.5000         1.00
      0.5010         1.00
      0.5020         1.00
      0.5030         1.00
      0.5040         1.00
      0.5050         1.00
      0.5060         1.00
      0.5070         1.00
      0.5080         1.00
      0.5090         1.00
      0.5100         1.00
      0.5110         1.00
      0.5120         1.00
      0.5130         1.00
      0.5140         1.00
      0.5150         1.00
      0.5160         1.00
      0.5170         1.00
      0.5180         1.00
      0.5190         1.00
      0.5200         1.00
      0.5210         1.00
      0.5220         1.00
      0.5230         1.00
      0.5240         1.00
      0.5250         1.00
      0.5260         1.00
      0.5270         1.00
      0.5280         1.00
      0.5290         1.00
      0.5300         1.00
      0.5310         1.00
      0.5320         1.00
      0.5330         1.00
      0.5340         1.00
      0.5350         1.00
      0.5360         1.00
      0.5370         1.00
      0.5380         1.00
      0.5390         1.00
      0.5400         1.00
      0.5410         1.00
      0.5420         1.00
      0.5430         1.00
      0.5440         1.00
      0.5450         1.00
      0.5460         1.00
      0.5470         1.00
      0.5480         1.00
      0.5490         1.00
      0.5500         1.00
      0.5510         1.00
      0.5520         1.00
      0.5530         1.00
      0.5540         1.00
      0.5550         1.00
      0.5560         1.00
      0.5570         1.00
      0.5580         1.00
      0.5590         1.00
      0.5600         1.00
      0.5610         1.00
      0.5620         1.00
      0.5630         1.00
      0.5640         1.00
      0.5650         1.00
      0.5660         1.00
      0.5670         1.00
      0.5680         1.00
      0.5690         1.00
      0.5700         1.00
      0.5710         1.00
      0.5720         1.00
      0.5730         1.00
      0.5740         1.00
      0.5750         1.00
      0.5760         1.00
      0.5770         1.00
      0.5780         1.00
      0.5790         1.00
      0.5800         1.00
      0.5810         1.00
      0.5820         1.00
      0.5830         1.00
      0.5840         1.00
      0.5850         1.00
      0.5860         1.00
      0.5870         1.00
      0.5880         1.00
      0.5890         1.00
      0.5900         1.00
      0.5910         1.00
      0.5920         1.00
      0.5930         1.00
      0.5940         1.00
      0.5950         1.00
      0.5960         1.00
      0.5970         1.00
      0.5980         1.00
      0.5990         1.00
      0.6000         1.00
      0.6010         1.00
      0.6020         1.00
      0.6030         1.00
      0.6040         1.00
      0.6050         1.00
      0.6060         1.00
      0.6070         1.00
      0.6080         1.00
      0.6090         1.00
      0.6100         1.00
      0.6110         1.00
      0.6120         1.00
      0.6130         1.00
      0.6140         1.00
      0.6150         1.00
      0.6160         1.00
      0.6170         1.00
      0.6180         1.00
      0.6190         1.00
      0.6200         1.00
      0.6210         1.00
      0.6220         1.00
      0.6230         1.00
      0.6240         1.00
      0.6250         1.00
      0.6260         1.00
      0.6270         1.00
      0.6280         1.00
      0.6290         1.00
      0.6300         1.00
      0.6310         1.00
      0.6320         1.00
      0.6330         1.00
      0.6340         1.00
      0.6350         1.00
      0.6360         1.00
      0.6370         1.00
      0.6380         1.00
      0.6390         1.00
      0.6400         1.00
      0.6410         1.00
      0.6420         1.00
      0.6430         1.00
      0.6440         1.00
      0.6450         1.00
      0.6460         1.00
      0.6470         1.00
      0.6480         1.00
      0.6490         1.00
      0.6500         1.00
      0.6510         1.00
      0.6520         1.00
      0.6530         1.00
      0.6540         1.00
      0.6550         1.00
      0.6560         1.00
      0.6570         1.00
      0.6580         1.00
      0.6590         1.00
      0.6600         1.00
      0.6610         1.00
      0.6620         1.00
      0.6630         1.00
      0.6640         1.00
      0.6650         1.00
      0.6660         1.00
      0.6670         1.00
      0.6680         1.00
      0.6690         1.00
      0.6700         1.00
      0.6710         1.00
      0.6720         1.00
      0.6730         1.00
      0.6740         1.00
      0.6750         1.00
      0.6760         1.00
      0.6770         1.00
      0.6780         1.00
      0.6790         1.00
      0.6800         1.00
      0.6810         1.00
      0.6820         1.00
      0.6830         1.00
      0.6840         1.00
      0.6850         1.00
      0.6860         1.00
      0.6870         1.00
      0.6880         1.00
      0.6890         1.00
      0.6900         1.00
      0.6910         1.00
      0.6920         1.00
      0.6930         1.00
      0.6940         1.00
      0.6950         1.00
      0.6960         1.00
      0.6970         1.00
      0.6980         1.00
      0.6990         1.00
      0.7000         1.00
      0.7010         1.00
      0.7020         1.00
      0.7030         1.00
      0.7040         1.00
      0.7050         1.00
      0.7060         1.00
      0.7070         1.00
      0.7080         1.00
      0.7090         1.00
      0.7100         1.00
      0.7110         1.00
      0.7120         1.00
      0.7130         1.00
      0.7140         1.00
      0.7150         1.00
      0.7160         1.00
      0.7170         1.00
      0.7180         1.00
      0.7190         1.00
      0.7200         1.00
      0.7210         1.00
      0.7220         1.00
      0.7230         1.00
      0.7240         1.00
      0.7250         1.00
      0.7260         1.00
      0.7270         1.00
      0.7280         1.00
      0.7290         1.00
      0.7300         1.00
      0.7310         1.00
      0.7320         1.00
      0.7330         1.00
      0.7340         1.00
      0.7350         1.00
      0.7360         1.00
      0.7370         1.00
      0.7380         1.00
      0.7390         1.00
      0.7400         1.00
      0.7410         1.00
      0.7420         1.00
      0.7430         1.00
      0.7440         1.00
      0.7450         1.00
      0.7460         1.00
      0.7470         1.00
      0.7480         1.00
      0.7490         1.00
      0.7500         1.00
      0.7510         1.00
      0.7520         1.00
      0.7530         1.00
      0.7540         1.00
      0.7550         1.00
      0.7560         1.00
      0.7570         1.00
      0.7580         1.00
      0.7590         1.00
      0.7600         1.00
      0.7610         1.00
      0.7620         1.00
      0.7630         1.00
      0.7640         1.00
      0.7650         1.00
      0.7660         1.00
      0.7670         1.00
      0.7680         1.00
      0.7690         1.00
      0.7700         1.00
      0.7710         1.00
      0.7720         1.00
      0.7730         1.00
      0.7740         1.00
      0.7750         1.00
      0.7760         1.00
      0.7770         1.00
      0.7780         1.00
      0.7790         1.00
      0.7800         1.00
      0.7810         1.00
      0.7820         1.00
      0.7830         1.00
      0.7840         1.00
      0.7850         1.00
      0.7860         1.00
      0.7870         1.00
      0.7880         1.00
      0.7890         1.00
      0.7900         1.00
      0.7910         1.00
      0.7920         1.00
      0.7930         1.00
      0.7940         1.00
      0.7950         1.00
      0.7960         1.00
      0.7970         1.00
      0.7980         1.00
      0.7990         1.00
      0.8000         1.00
      0.8010         1.00
      0.8020         1.00
      0.8030         1.00
      0.8040         1.00
      0.8050         1.00
      0.8060         1.00
      0.8070         1.00
      0.8080         1.00
      0.8090         1.00
      0.8100         1.00
      0.8110         1.00
      0.8120         1.00
      0.8130         1.00
      0.8140         1.00
      0.8150         1.00
      0.8160         1.00
      0.8170         1.00
      0.8180         1.00
      0.8190         1.00
      0.8200         1.00
      0.8210         1.00
      0.8220         1.00
      0.8230         1.00
      0.8240         1.00
      0.8250         1.00
      0.8260         1.00
      0.8270         1.00
      0.8280         1.00
      0.8290         1.00
      0.8300         1.00
      0.8310         1.00
      0.8320         1.00
      0.8330         1.00
      0.8340         1.00
      0.8350         1.00
      0.8360         1.00
      0.8370         1.00
      0.8380         1.00
      0.8390         1.00
      0.8400         1.00
      0.8410         1.00
      0.8420         1.00
      0.8430         1.00
      0.8440         1.00
      0.8450         1.00
      0.8460         1.00
      0.8470         1.00
      0.8480         1.00
      0.8490         1.00
      0.8500         1.00
      0.8510         1.00
      0.8520         1.00
      0.8530         1.00
      0.8540         1.00
      0.8550         1.00
      0.8560         1.00
      0.8570         1.00
      0.8580         1.00
      0.8590         1.00
      0.8600         1.00
      0.8610         1.00
      0.8620         1.00
      0.8630         1.00
      0.8640         1.00
      0.8650         1.00
      0.8660         1.00
      0.8670         1.00
      0.8680         1.00
      0.8690         1.00
      0.8700         1.00
      0.8710         1.00
      0.8720         1.00
      0.8730         1.00
      0.8740         1.00
      0.8750         1.00
      0.8760         1.00
      0.8770         1.00
      0.8780         1.00
      0.8790         1.00
      0.8800         1.00
      0.8810         1.00
      0.8820         1.00
      0.8830         1.00
      0.8840         1.00
      0.8850         1.00
      0.8860         1.00
      0.8870         1.00
      0.8880         1.00
      0.8890         1.00
      0.8900         1.00
      0.8910         1.00
      0.8920         1.00
      0.8930         1.00
      0.8940         1.00
      0.8950         1.00
      0.8960         1.00
      0.8970         1.00
      0.8980         1.00
      0.8990         1.00
      0.9000         1.00
      0.9010         1.00
      0.9020         1.00
      0.9030         1.00
      0.9040         1.00
      0.9050         1.00
      0.9060         1.00
      0.9070         1.00
      0.9080         1.00
      0.9090         1.00
      0.9100         1.00
      0.9110         1.00
      0.9120         1.00
      0.9130         1.00
      0.9140         1.00
      0.9150         1.00
      0.9160         1.00
      0.9170         1.00
      0.9180         1.00
      0.9190         1.00
      0.9200         1.00
      0.9210         1.00
      0.9220         1.00
      0.9230         1.00
      0.9240         1.00
      0.9250         1.00
      0.9260         1.00
      0.9270         1.00
      0.9280         1.00
      0.9290         1.00
      0.9300         1.00
      0.9310         1.00
      0.9320         1.00
      0.9330         1.00
      0.9340         1.00
      0.9350         1.00
      0.9360         1.00
      0.9370         1.00
      0.9380         1.00
      0.9390         1.00
      0.9400         1.00
      0.9410         1.00
      0.9420         1.00
      0.9430         1.00
      0.9440         1.00
      0.9450         1.00
      0.9460         1.00
      0.9470         1.00
      0.9480         1.00
      0.9490         1.00
      0.9500         1.00
      0.9510         1.00
      0.9520         1.00
      0.9530         1.00
      0.9540         1.00
      0.9550         1.00
      0.9560         1.00
      0.9570         1.00
      0.9580         1.00
      0.9590         1.00
      0.9600         1.00
      0.9610         1.00
      0.9620         1.00
      0.9630         1.00
      0.9640         1.00
      0.9650         1.00
      0.9660         1.00
      0.9670         1.00
      0.9680         1.00
      0.9690         1.00
      0.9700         1.00
      0.9710         1.00
      0.9720         1.00
      0.9730         1.00
      0.9740         1.00
      0.9750         1.00
      0.9760         1.00
      0.9770         1.00
      0.9780         1.00
      0.9790         1.00
      0.9800         1.00
      0.9810         1.00
      0.9820         1.00
      0.9830         1.00
      0.9840         1.00
      0.9850         1.00
      0.9860         1.00
      0.9870         1.00
      0.9880         1.00
      0.9890         1.00
      0.9900         1.00
      0.9910         1.00
      0.9920         1.00
      0.9930         1.00
      0.9940         1.00
      0.9950         1.00
      0.9960         1.00
      0.9970         1.00
      0.9980         1.00
      0.9990         1.00
      1.0000         1.00
      1.0010         1.00
      1.0020         1.00
      1.0030         1.00
      1.0040         1.00
      1.0050         1.00
      1.0060         1.00
      1.0070         1.00
      1.0080         1.00
      1.0090         1.00
      1.0100         1.00
      1.0110         1.00
      1.0120         1.00
      1.0130         1.00
      1.0140         1.00
      1.0150         1.00
      1.0160         1.00
      1.0170         1.00
      1.0180         1.00
      1.0190         1.00
      1.0200         1.00
      1.0210         1.00
      1.0220         1.00
      1.0230         1.00
      1.0240         1.00
      1.0250         1.00
      1.0260         1.00
      1.0270         1.00
      1.0280         1.00
      1.0290         1.00
      1.0300         1.00
      1.0310         1.00
      1.0320         1.00
      1.0330         1.00
      1.0340         1.00
      1.0350         1.00
      1.0360         1.00
      1.0370         1.00
      1.0380         1.00
      1.0390         1.00
      1.0400         1.00
      1.0410         1.00
      1.0420         1.00
      1.0430         1.00
      1.0440         1.00
      1.0450         1.00
      1.0460         1.00
      1.0470         1.00
      1.0480         1.00
      1.0490         1.00
      1.0500         1.00
      1.0510         1.00
      1.0520         1.00
      1.0530         1.00
      1.0540         1.00
      1.0550         1.00
      1.0560         1.00
      1.0570         1.00
      1.0580         1.00
      1.0590         1.00
      1.0600         1.00
      1.0610         1.00
      1.0620         1.00
      1.0630         1.00
      1.0640         1.00
      1.0650         1.00
      1.0660         1.00
      1.0670         1.00
      1.0680         1.00
      1.0690         1.00
      1.0700         1.00
      1.0710         1.00
      1.0720         1.00
      1.0730         1.00
      1.0740         1.00
      1.0750         1.00
      1.0760         1.00
      1.0770         1.00
      1.0780         1.00
      1.0790         1.00
      1.0800         1.00
      1.0810         1.00
      1.0820         1.00
      1.0830         1.00
      1.0840         1.00
      1.0850         1.00
      1.0860         1.00
      1.0870         1.00
      1.0880         1.00
      1.0890         1.00
      1.0900         1.00
      1.0910         1.00
      1.0920         1.00
      1.0930         1.00
      1.0940         1.00
      1.0950         1.00
      1.0960         1.00
      1.0970         1.00
      1.0980         1.00
      1.0990         1.00
      1.1000         1.00
      1.1010         1.00
      1.1020         1.00
      1.1030         1.00
      1.1040         1.00
      1.1050         1.00
      1.1060         1.00
      1.1070         1.00
      1.1080         1.00
      1.1090         1.00
      1.1100         1.00
      1.1110         1.00
      1.1120         1.00
      1.1130         1.00
      1.1140         1.00
      1.1150         1.00
      1.1160         1.00
      1.1170         1.00
      1.1180         1.00
      1.1190         1.00
      1.1200         1.00
      1.1210         1.00
      1.1220         1.00
      1.1230         1.00
      1.1240         1.00
      1.1250         1.00
      1.1260         1.00
      1.1270         1.00
      1.1280         1.00
      1.1290         1.00
      1.1300         1.00
      1.1310         1.00
      1.1320         1.00
      1.1330         1.00
      1.1340         1.00
      1.1350         1.00
      1.1360         1.00
      1.1370         1.00
      1.1380         1.00
      1.1390         1.00
      1.1400         1.00
      1.1410         1.00
      1.1420         1.00
      1.1430         1.00
      1.1440         1.00
      1.1450         1.00
      1.1460         1.00
      1.1470         1.00
      1.1480         1.00
      1.1490         1.00
      1.1500         1.00
      1.1510         1.00
      1.1520         1.00
      1.1530         1.00
      1.1540         1.00
      1.1550         1.00
      1.1560         1.00
      1.1570         1.00
      1.1580         1.00
      1.1590         1.00
      1.1600         1.00
      1.1610         1.00
      1.1620         1.00
      1.1630         1.00
      1.1640         1.00
      1.1650         1.00
      1.1660         1.00
      1.1670         1.00
      1.1680         1.00
      1.1690         1.00
      1.1700         1.00
      1.1710         1.00
      1.1720         1.00
      1.1730         1.00
      1.1740         1.00
      1.1750         1.00
      1.1760         1.00
      1.1770         1.00
      1.1780         1.00
      1.1790         1.00
      1.1800         1.00
      1.1810         1.00
      1.1820         1.00
      1.1830         1.00
      1.1840         1.00
      1.1850         1.00
      1.1860         1.00
      1.1870         1.00
      1.1880         1.00
      1.1890         1.00
      1.1900         1.00
      1.1910         1.00
      1.1920         1.00
      1.1930         1.00
      1.1940         1.00
      1.1950         1.00
      1.1960         1.00
      1.1970         1.00
      1.1980         1.00
      1.1990         1.00
      1.2000         1.00
      1.2010         1.00
      1.2020         1.00
      1.2030         1.00
      1.2040         1.00
      1.2050         1.00
      1.2060         1.00
      1.2070         1.00
      1.2080         1.00
      1.2090         1.00
      1.2100         1.00
      1.2110         1.00
      1.2120         1.00
      1.2130         1.00
      1.2140         1.00
      1.2150         1.00
      1.2160         1.00
      1.2170         1.00
      1.2180         1.00
      1.2190         1.00
      1.2200         1.00
      1.2210         1.00
      1.2220         1.00
      1.2230         1.00
      1.2240         1.00
      1.2250         1.00
      1.2260         1.00
      1.2270         1.00
      1.2280         1.00
      1.2290         1.00
      1.2300         1.00
      1.2310         1.00
      1.2320         1.00
      1.2330         1.00
      1.2340         1.00
      1.2350         1.00
      1.2360         1.00
      1.2370         1.00
      1.2380         1.00
      1.2390         1.00
      1.2400         1.00
      1.2410         1.00
      1.2420         1.00
      1.2430         1.00
      1.2440         1.00
      1.2450         1.00
      1.2460         1.00
      1.2470         1.00
      1.2480         1.00
      1.2490         1.00
      1.2500         1.00
      1.2510         1.00
      1.2520         1.00
      1.2530         1.00
      1.2540         1.00
      1.2550         1.00
      1.2560         1.00
      1.2570         1.00
      1.2580         1.00
      1.2590         1.00
      1.2600         1.00
      1.2610         1.00
      1.2620         1.00
      1.2630         1.00
      1.2640         1.00
      1.2650         1.00
      1.2660         1.00
      1.2670         1.00
      1.2680         1.00
      1.2690         1.00
      1.2700         1.00
      1.2710         1.00
      1.2720         1.00
      1.2730         1.00
      1.2740         1.00
      1.2750         1.00
      1.2760         1.00
      1.2770         1.00
      1.2780         1.00
      1.2790         1.00
      1.2800         1.00
      1.2810         1.00
      1.2820         1.00
      1.2830         1.00
      1.2840         1.00
      1.2850         1.00
      1.2860         1.00
      1.2870         1.00
      1.2880         1.00
      1.2890         1.00
      1.2900         1.00
      1.2910         1.00
      1.2920         1.00
      1.2930         1.00
      1.2940         1.00
      1.2950         1.00
      1.2960         1.00
      1.2970         1.00
      1.2980         1.00
      1.2990         1.00
      1.3000         1.00
      1.3010         1.00
      1.3020         1.00
      1.3030         1.00
      1.3040         1.00
      1.3050         1.00
      1.3060         1.00
      1.3070         1.00
      1.3080         1.00
      1.3090         1.00
      1.3100         1.00
      1.3110         1.00
      1.3120         1.00
      1.3130         1.00
      1.3140         1.00
      1.3150         1.00
      1.3160         1.00
      1.3170         1.00
      1.3180         1.00
      1.3190         1.00
      1.3200         1.00
      1.3210         1.00
      1.3220         1.00
      1.3230         1.00
      1.3240         1.00
      1.3250         1.00
      1.3260         1.00
      1.3270         1.00
      1.3280         1.00
      1.3290         1.00
      1.3300         1.00
      1.3310         1.00
      1.3320         1.00
      1.3330         1.00
      1.3340         1.00
      1.3350         1.00
      1.3360         1.00
      1.3370         1.00
      1.3380         1.00
      1.3390         1.00
      1.3400         1.00
      1.3410         1.00
      1.3420         1.00
      1.3430         1.00
      1.3440         1.00
      1.3450         1.00
      1.3460         1.00
      1.3470         1.00
      1.3480         1.00
      1.3490         1.00
      1.3500         1.00
      1.3510         1.00
      1.3520         1.00
      1.3530         1.00
      1.3540         1.00
      1.3550         1.00
      1.3560         1.00
      1.3570         1.00
      1.3580         1.00
      1.3590         1.00
      1.3600         1.00
      1.3610         1.00
      1.3620         1.17
      1.3630         1.29
      1.3640         2.08
      1.3650         2.65
      1.3660         2.73
      1.3670         2.77
      1.3680         2.84
      1.3690         2.88
      1.3700         2.94
      1.3710         3.02
      1.3720         3.21
      1.3730         3.26
      1.3740         2.79
      1.3750         2.73
      1.3760         2.79
      1.3770         2.87
      1.3780         2.88
      1.3790         2.87
      1.3800         2.97
      1.3810         2.92
      1.3820         2.80
      1.3830         2.23
      1.3840         2.61
      1.3850         2.66
      1.3860         2.61
      1.3870         2.52
      1.3880         2.56
      1.3890         2.59
      1.3900         2.55
      1.3910         2.55
      1.3920         2.63
      1.3930         2.68
      1.3940         2.75
      1.3950         2.87
      1.3960         2.80
      1.3970         2.99
      1.3980         3.08
      1.3990         3.20
      1.4000         3.22
      1.4010         3.32
      1.4020         4.01
      1.4030         4.16
      1.4040         4.35
      1.4050         4.43
      1.4060         4.66
      1.4070         4.80
      1.4080         4.95
      1.4090         5.16
      1.4100         5.35
      1.4110         5.56
      1.4120         5.53
      1.4130         5.83
      1.4140         5.99
      1.4150         6.11
      1.4160         6.25
      1.4170         6.21
      1.4180         6.38
      1.4190         6.57
      1.4200         6.65
      1.4210         6.93
      1.4220         7.05
      1.4230         7.09
      1.4240         7.10
      1.4250         7.29
      1.4260         7.49
      1.4270         7.69
      1.4280         7.84
      1.4290         7.90
      1.4300         8.00
      1.4310         8.05
      1.4320         8.16
      1.4330         8.25
      1.4340         8.32
      1.4350         8.44
      1.4360         8.64
      1.4370         8.72
      1.4380         8.71
      1.4390         8.80
      1.4400         9.01
      1.4410         9.05
      1.4420         9.18
      1.4430         9.29
      1.4440         9.45
      1.4450         9.54
      1.4460         9.56
      1.4470         9.70
      1.4480         9.86
      1.4490         9.90
      1.4500        10.00
      1.4510        10.06
      1.4520        10.21
      1.4530        10.29
      1.4540        10.36
      1.4550        10.50
      1.4560        10.63
      1.4570        10.82
      1.4580        11.12
      1.4590        11.13
      1.4600        11.29
      1.4610        11.49
      1.4620        11.53
      1.4630        11.76
      1.4640        11.99
      1.4650        12.03
      1.4660        12.21
      1.4670        12.23
      1.4680        12.47
      1.4690        12.71
      1.4700        12.90
      1.4710        13.02
      1.4720        13.20
      1.4730        13.26
      1.4740        13.43
      1.4750        13.53
      1.4760        13.63
      1.4770        13.81
      1.4780        13.79
      1.4790        14.00
      1.4800        14.13
      1.4810        14.10
      1.4820        14.38
      1.4830        14.57
      1.4840        14.67
      1.4850        14.85
      1.4860        14.85
      1.4870        15.07
      1.4880        15.18
      1.4890        15.23
      1.4900        15.25
      1.4910        15.52
      1.4920        15.66
      1.4930        15.83
      1.4940        15.93
      1.4950        16.11
      1.4960        16.21
      1.4970        16.28
      1.4980        16.40
      1.4990        16.52
      1.5000        16.49
      1.5010        16.61
      1.5020        16.64
      1.5030        16.75
      1.5040        16.84
      1.5050        17.00
      1.5060        17.27
      1.5070        17.23
      1.5080        17.23
      1.5090        17.22
      1.5100        17.52
      1.5110        17.54
      1.5120        17.63
      1.5130        17.70
      1.5140        17.79
      1.5150        17.86
      1.5160        17.95
      1.5170        18.03
      1.5180        18.10
      1.5190        18.25
      1.5200        18.33
      1.5210        18.41
      1.5220        18.54
      1.5230        18.49
      1.5240        18.54
      1.5250        18.46
      1.5260        18.35
      1.5270        18.54
      1.5280        18.53
      1.5290        18.64
      1.5300        18.56
      1.5310        18.48
      1.5320        18.48
      1.5330        18.52
      1.5340        18.56
      1.5350        18.63
      1.5360        18.72
      1.5370        18.71
      1.5380        18.84
      1.5390        18.71
      1.5400        18.83
      1.5410        18.97
      1.5420        18.91
      1.5430        18.93
      1.5440        18.97
      1.5450        19.17
      1.5460        19.22
      1.5470        19.23
      1.5480        19.29
      1.5490        19.37
      1.5500        19.41
      1.5510        19.51
      1.5520        19.42
      1.5530        19.42
      1.5540        19.59
      1.5550        19.57
      1.5560        19.54
      1.5570        19.62
      1.5580        19.64
      1.5590        19.81
      1.5600        19.77
      1.5610        19.82
      1.5620        19.92
      1.5630        20.05
      1.5640        20.09
      1.5650        20.10
      1.5660        20.30
      1.5670        20.29
      1.5680        20.41
      1.5690        20.44
      1.5700        20.56
      1.5710        20.64
      1.5720        20.98
      1.5730        21.12
      1.5740        21.17
      1.5750        21.24
      1.5760        21.28
      1.5770        21.48
      1.5780        21.60
      1.5790        21.67
      1.5800        21.69
      1.5810        21.76
      1.5820        21.88
      1.5830        21.87
      1.5840        21.89
      1.5850        22.01
      1.5860        22.00
      1.5870        22.23
      1.5880        22.19
      1.5890        22.32
      1.5900        22.40
      1.5910        22.51
      1.5920        22.51
      1.5930        22.49
      1.5940        22.45
      1.5950        22.57
      1.5960        22.69
      1.5970        22.54
      1.5980        22.56
      1.5990        22.50
      1.6000        22.61
      1.6010        22.59
      1.6020        22.60
      1.6030        22.68
      1.6040        22.73
      1.6050        22.70
      1.6060        22.82
      1.6070        22.82
      1.6080        23.07
      1.6090        23.04
      1.6100        23.10
      1.6110        23.10
      1.6120        23.11
      1.6130        23.25
      1.6140        23.39
      1.6150        23.27
      1.6160        23.19
      1.6170        23.33
      1.6180        23.36
      1.6190        23.40
      1.6200        23.44
      1.6210        23.52
      1.6220        23.57
      1.6230        23.62
      1.6240        23.65
      1.6250        23.74
      1.6260        23.76
      1.6270        23.73
      1.6280        23.69
      1.6290        23.81
      1.6300        23.74
      1.6310        23.85
      1.6320        23.85
      1.6330        23.89
      1.6340        23.90
      1.6350        24.17
      1.6360        24.37
      1.6370        24.42
      1.6380        24.45
      1.6390        24.57
      1.6400        24.56
      1.6410        24.52
      1.6420        24.59
      1.6430        24.69
      1.6440        24.76
      1.6450        24.83
      1.6460        24.87
      1.6470        24.85
      1.6480        24.83
      1.6490        24.90
      1.6500        24.92
      1.6510        24.90
      1.6520        24.90
      1.6530        24.94
      1.6540        24.96
      1.6550        24.95
      1.6560        24.91
      1.6570        24.96
      1.6580        25.12
      1.6590        25.17
      1.6600        25.40
      1.6610        25.61
      1.6620        25.58
      1.6630        25.63
      1.6640        25.71
      1.6650        25.70
      1.6660        25.72
      1.6670        25.90
      1.6680        26.04
      1.6690        26.09
      1.6700        26.15
      1.6710        26.21
      1.6720        26.22
      1.6730        26.14
      1.6740        26.23
      1.6750        26.33
      1.6760        26.43
      1.6770        26.46
      1.6780        26.38
      1.6790        26.43
      1.6800        26.30
      1.6810        26.38
      1.6820        26.45
      1.6830        26.43
      1.6840        26.50
      1.6850        26.57
      1.6860        26.70
      1.6870        26.69
      1.6880        26.71
      1.6890        26.65
      1.6900        26.77
      1.6910        26.78
      1.6920        26.93
      1.6930        27.13
      1.6940        27.10
      1.6950        27.05
      1.6960        27.05
      1.6970        27.01
      1.6980        27.09
      1.6990        27.16
      1.7000        27.27
      1.7010        27.12
      1.7020        27.27
      1.7030        27.39
      1.7040        27.43
      1.7050        27.43
      1.7060        27.33
      1.7070        27.31
      1.7080        27.35
      1.7090        27.41
      1.7100        27.39
      1.7110        27.48
      1.7120        27.50
      1.7130        27.44
      1.7140        27.40
      1.7150        27.41
      1.7160        27.54
      1.7170        27.62
      1.7180        27.65
      1.7190        27.66
      1.7200        27.78
      1.7210        27.89
      1.7220        27.75
      1.7230        27.69
      1.7240        27.69
      1.7250        27.66
      1.7260        27.74
      1.7270        27.94
      1.7280        28.02
      1.7290        28.09
      1.7300        28.21
      1.7310        28.16
      1.7320        28.09
      1.7330        28.20
      1.7340        28.32
      1.7350        28.37
      1.7360        28.32
      1.7370        28.51
      1.7380        28.61
      1.7390        28.59
      1.7400        28.66
      1.7410        28.64
      1.7420        28.68
      1.7430        28.71
      1.7440        28.80
      1.7450        28.91
      1.7460        29.05
      1.7470        29.01
      1.7480        28.99
      1.7490        29.08
      1.7500        29.02
      1.7510        29.09
      1.7520        29.24
      1.7530        29.24
      1.7540        29.31
      1.7550        29.36
      1.7560        29.30
      1.7570        29.17
      1.7580        29.09
      1.7590        29.06
      1.7600        28.92
      1.7610        28.93
      1.7620        29.05
      1.7630        29.02
      1.7640        29.07
      1.7650        29.04
      1.7660        28.89
      1.7670        28.89
      1.7680        28.89
      1.7690        28.90
      1.7700        28.85
      1.7710        28.92
      1.7720        28.85
      1.7730        28.88
      1.7740        28.70
      1.7750        28.82
      1.7760        28.96
      1.7770        29.00
      1.7780        29.12
      1.7790        29.22
      1.7800        29.30
      1.7810        29.42
      1.7820        29.54
      1.7830        29.77
      1.7840        29.86
      1.7850        29.92
      1.7860        30.05
      1.7870        30.12
      1.7880        30.05
      1.7890        30.16
      1.7900        30.32
      1.7910        30.32
      1.7920        30.39
      1.7930        30.43
      1.7940        30.50
      1.7950        30.36
      1.7960        30.26
      1.7970        30.24
      1.7980        30.17
      1.7990        30.26
      1.8000        30.33
      1.8010        30.26
      1.8020        30.15
      1.8030        30.09
      1.8040        29.97
      1.8050        30.05
      1.8060        29.98
      1.8070        29.93
      1.8080        30.11
      1.8090        30.13
      1.8100        30.11
      1.8110        30.10
      1.8120        30.14
      1.8130        30.14
      1.8140        30.27
      1.8150        30.35
      1.8160        30.35
      1.8170        30.50
      1.8180        30.51
      1.8190        30.41
      1.8200        30.42
      1.8210        30.61
      1.8220        30.69
      1.8230        30.75
      1.8240        30.81
      1.8250        30.69
      1.8260        30.74
      1.8270        30.81
      1.8280        30.73
      1.8290        30.72
      1.8300        30.87
      1.8310        30.93
      1.8320        31.01
      1.8330        31.08
      1.8340        31.09
      1.8350        31.14
      1.8360        31.33
      1.8370        31.31
      1.8380        31.30
      1.8390        31.34
      1.8400        31.33
      1.8410        31.23
      1.8420        31.21
      1.8430        31.11
      1.8440        31.19
      1.8450        31.30
      1.8460        31.36
      1.8470        31.44
      1.8480        31.60
      1.8490        31.58
      1.8500        31.53
      1.8510        31.55
      1.8520        31.53
      1.8530        31.57
      1.8540        31.59
      1.8550        31.53
      1.8560        31.48
      1.8570        31.56
      1.8580        31.75
      1.8590        31.80
      1.8600        31.92
      1.8610        31.87
      1.8620        31.92
      1.8630        31.97
      1.8640        31.96
      1.8650        32.04
      1.8660        32.03
      1.8670        32.07
      1.8680        31.97
      1.8690        32.02
      1.8700        32.12
      1.8710        32.16
      1.8720        32.20
      1.8730        32.17
      1.8740        32.20
      1.8750        32.25
      1.8760        32.28
      1.8770        32.16
      1.8780        32.18
      1.8790        32.32
      1.8800        32.24
      1.8810        32.29
      1.8820        32.41
      1.8830        32.45
      1.8840        32.44
      1.8850        32.48
      1.8860        32.53
      1.8870        32.42
      1.8880        32.48
      1.8890        32.42
      1.8900        32.36
      1.8910        32.42
      1.8920        32.38
      1.8930        32.43
      1.8940        32.39
      1.8950        32.51
      1.8960        32.62
      1.8970        32.76
      1.8980        32.78
      1.8990        32.72
      1.9000        32.70
      1.9010        32.75
      1.9020        32.68
      1.9030        32.80
      1.9040        32.82
      1.9050        32.80
      1.9060        32.88
      1.9070        32.91
      1.9080        32.96
      1.9090        33.04
      1.9100        33.03
      1.9110        33.08
      1.9120        33.14
      1.9130        33.14
      1.9140        33.20
      1.9150        33.19
      1.9160        33.23
      1.9170        33.27
      1.9180        33.36
      1.9190        33.52
      1.9200        33.57
      1.9210        33.72
      1.9220        33.68
      1.9230        33.68
      1.9240        33.67
      1.9250        33.71
      1.9260        33.68
      1.9270        33.84
      1.9280        33.84
      1.9290        33.81
      1.9300        33.83
      1.9310        33.76
      1.9320        33.85
      1.9330        33.93
      1.9340        34.01
      1.9350        34.00
      1.9360        33.96
      1.9370        33.99
      1.9380        33.95
      1.9390        33.72
      1.9400        33.76
      1.9410        33.71
      1.9420        33.82
      1.9430        33.84
      1.9440        33.94
      1.9450        33.98
      1.9460        33.92
      1.9470        33.84
      1.9480        33.86
      1.9490        33.91
      1.9500        33.98
      1.9510        34.09
      1.9520        34.01
      1.9530        33.96
      1.9540        33.93
      1.9550        34.03
      1.9560        33.88
      1.9570        33.87
      1.9580        33.77
      1.9590        33.92
      1.9600        33.96
      1.9610        33.91
      1.9620        33.88
      1.9630        33.79
      1.9640        33.83
      1.9650        33.84
      1.9660        33.88
      1.9670        34.00
      1.9680        33.99
      1.9690        34.03
      1.9700        34.04
      1.9710        33.99
      1.9720        34.08
      1.9730        34.04
      1.9740        34.11
      1.9750        34.08
      1.9760        34.21
      1.9770        34.28
      1.9780        34.33
      1.9790        34.39
      1.9800        34.48
      1.9810        34.52
      1.9820        34.53
      1.9830        34.57
      1.9840        34.64
      1.9850        34.52
      1.9860        34.54
      1.9870        34.53
      1.9880        34.62
      1.9890        34.68
      1.9900        34.61
      1.9910        34.61
      1.9920        34.63
      1.9930        34.72
      1.9940        34.76
      1.9950        34.79
      1.9960        34.83
      1.9970        34.83
      1.9980        34.91
      1.9990        34.77
      2.0000        34.66
      2.0010        34.81
      2.0020        34.77
      2.0030        34.75
      2.0040        34.69
      2.0050        34.85
      2.0060        34.80
      2.0070        34.78
      2.0080        34.84
      2.0090        34.75
      2.0100        34.87
      2.0110        34.90
      2.0120        34.84
      2.0130        34.90
      2.0140        34.87
      2.0150        34.86
      2.0160        34.90
      2.0170        34.87
      2.0180        34.81
      2.0190        34.92
      2.0200        34.97
      2.0210        34.83
      2.0220        34.84
      2.0230        34.97
      2.0240        35.01
      2.0250        35.02
      2.0260        35.18
      2.0270        35.23
      2.0280        35.19
      2.0290        35.20
      2.0300        35.21
      2.0310        35.18
      2.0320        35.30
      2.0330        35.25
      2.0340        35.26
      2.0350        35.26
      2.0360        35.22
      2.0370        35.26
      2.0380        35.31
      2.0390        35.38
      2.0400        35.46
      2.0410        35.53
      2.0420        35.67
      2.0430        35.66
      2.0440        35.56
      2.0450        35.56
      2.0460        35.52
      2.0470        35.55
      2.0480        35.48
      2.0490        35.40
      2.0500        35.40
      2.0510        35.38
      2.0520        35.22
      2.0530        35.23
      2.0540        35.25
      2.0550        35.28
      2.0560        35.30
      2.0570        35.28
      2.0580        35.40
      2.0590        35.40
      2.0600        35.46
      2.0610        35.53
      2.0620        35.41
      2.0630        35.37
      2.0640        35.46
      2.0650        35.53
      2.0660        35.49
      2.0670        35.49
      2.0680        35.81
      2.0690        36.03
      2.0700        36.03
      2.0710        36.14
      2.0720        36.27
      2.0730        36.38
      2.0740        36.43
      2.0750        36.43
      2.0760        36.56
      2.0770        36.68
      2.0780        36.54
      2.0790        36.55
      2.0800        36.39
      2.0810        36.41
      2.0820        36.45
      2.0830        36.58
      2.0840        36.49
      2.0850        36.41
      2.0860        36.44
      2.0870        36.40
      2.0880        36.26
      2.0890        36.17
      2.0900        36.27
      2.0910        36.36
      2.0920        36.43
      2.0930        36.41
      2.0940        36.29
      2.0950        36.37
      2.0960        36.32
      2.0970        36.16
      2.0980        36.27
      2.0990        36.28
      2.1000        36.38
      2.1010        36.20
      2.1020        36.28
      2.1030        36.18
      2.1040        36.26
      2.1050        36.25
      2.1060        36.26
      2.1070        36.21
      2.1080        36.06
      2.1090        36.21
      2.1100        36.14
      2.1110        36.05
      2.1120        36.02
      2.1130        36.13
      2.1140        36.29
      2.1150        36.32
      2.1160        36.36
      2.1170        36.44
      2.1180        36.48
      2.1190        36.49
      2.1200        36.59
      2.1210        36.72
      2.1220        36.73
      2.1230        36.69
      2.1240        36.69
      2.1250        36.80
      2.1260        36.76
      2.1270        36.80
      2.1280        36.91
      2.1290        36.88
      2.1300        37.02
      2.1310        37.01
      2.1320        37.06
      2.1330        36.97
      2.1340        36.89
      2.1350        36.86
      2.1360        36.93
      2.1370        36.99
      2.1380        36.93
      2.1390        36.99
      2.1400        36.98
      2.1410        36.95
      2.1420        36.86
      2.1430        37.00
      2.1440        37.13
      2.1450        37.04
      2.1460        37.17
      2.1470        37.33
      2.1480        37.32
      2.1490        37.37
      2.1500        37.37
      2.1510        37.39
      2.1520        37.43
      2.1530        37.48
      2.1540        37.49
      2.1550        37.41
      2.1560        37.40
      2.1570        37.44
      2.1580        37.46
      2.1590        37.39
      2.1600        37.34
      2.1610        37.30
      2.1620        37.41
      2.1630        37.37
      2.1640        37.38
      2.1650        37.48
      2.1660        37.45
      2.1670        37.37
      2.1680        37.46
      2.1690        37.40
      2.1700        37.32
      2.1710        37.35
      2.1720        37.20
      2.1730        37.16
      2.1740        37.13
      2.1750        37.21
      2.1760        37.19
      2.1770        37.08
      2.1780        37.07
      2.1790        37.12
      2.1800        37.03
      2.1810        37.22
      2.1820        37.21
      2.1830        37.25
      2.1840        37.15
      2.1850        37.28
      2.1860        37.35
      2.1870        37.40
      2.1880        37.32
      2.1890        37.27
      2.1900        37.44
      2.1910        37.52
      2.1920        37.64
      2.1930        37.65
      2.1940        37.65
      2.1950        37.68
      2.1960        37.64
      2.1970        37.82
      2.1980        37.82
      2.1990        37.75
      2.2000        37.75
      2.2010        37.68
      2.2020        37.79
      2.2030        37.83
      2.2040        37.79
      2.2050        37.60
      2.2060        37.56
      2.2070        37.54
      2.2080        37.49
      2.2090        37.60
      2.2100        37.44
      2.2110        37.37
      2.2120        37.33
      2.2130        37.37
      2.2140        37.38
      2.2150        37.46
      2.2160        37.54
      2.2170        37.38
      2.2180        37.39
      2.2190        37.35
      2.2200        37.38
      2.2210        37.34
      2.2220        37.30
      2.2230        37.37
      2.2240        37.46
      2.2250        37.53
      2.2260        37.53
      2.2270        37.57
      2.2280        37.62
      2.2290        37.63
      2.2300        37.51
      2.2310        37.50
      2.2320        37.49
      2.2330        37.44
      2.2340        37.55
      2.2350        37.44
      2.2360        37.37
      2.2370        37.41
      2.2380        37.44
      2.2390        37.56
      2.2400        37.63
      2.2410        37.70
      2.2420        37.70
      2.2430        37.54
      2.2440        37.49
      2.2450        37.53
      2.2460        37.53
      2.2470        37.53
      2.2480        37.60
      2.2490        37.64
      2.2500        37.80
      2.2510        37.89
      2.2520        38.02
      2.2530        38.04
      2.2540        37.93
      2.2550        37.88
      2.2560        37.80
      2.2570        37.77
      2.2580        37.81
      2.2590        37.77
      2.2600        37.69
      2.2610        37.71
      2.2620        37.67
      2.2630        37.80
      2.2640        37.87
      2.2650        37.80
      2.2660        37.77
      2.2670        37.64
      2.2680        37.60
      2.2690        37.50
      2.2700        37.42
      2.2710        37.45
      2.2720        37.39
      2.2730        37.46
      2.2740        37.59
      2.2750        37.61
      2.2760        37.74
      2.2770        37.78
      2.2780        37.75
      2.2790        37.75
      2.2800        37.83
      2.2810        37.93
      2.2820        37.94
      2.2830        37.78
      2.2840        37.70
      2.2850        37.68
      2.2860        37.79
      2.2870        37.83
      2.2880        37.83
      2.2890        37.77
      2.2900        37.73
      2.2910        37.71
      2.2920        37.73
      2.2930        37.67
      2.2940        37.51
      2.2950        37.64
      2.2960        37.51
      2.2970        37.59
      2.2980        37.48
      2.2990        37.52
      2.3000        37.50
      2.3010        37.53
      2.3020        37.54
      2.3030        37.63
      2.3040        37.78
      2.3050        37.79
      2.3060        37.74
      2.3070        37.82
      2.3080        37.92
      2.3090        38.01
      2.3100        38.07
      2.3110        38.02
      2.3120        38.09
      2.3130        38.08
      2.3140        38.17
      2.3150        38.21
      2.3160        38.32
      2.3170        38.30
      2.3180        38.39
      2.3190        38.41
      2.3200        38.46
      2.3210        38.36
      2.3220        38.38
      2.3230        38.41
      2.3240        38.32
      2.3250        38.33
      2.3260        38.33
      2.3270        38.38
      2.3280        38.33
      2.3290        38.28
      2.3300        38.40
      2.3310        38.49
      2.3320        38.45
      2.3330        38.43
      2.3340        38.53
      2.3350        38.47
      2.3360        38.53
      2.3370        38.50
      2.3380        38.47
      2.3390        38.48
      2.3400        38.42
      2.3410        38.34
      2.3420        38.38
      2.3430        38.31
      2.3440        38.36
      2.3450        38.44
      2.3460        38.48
      2.3470        38.51
      2.3480        38.49
      2.3490        38.59
      2.3500        38.48
      2.3510        38.41
      2.3520        38.31
      2.3530        38.45
      2.3540        38.51
      2.3550        38.49
      2.3560        38.34
      2.3570        38.26
      2.3580        38.34
      2.3590        38.35
      2.3600        38.43
      2.3610        38.55
      2.3620        38.63
      2.3630        38.65
      2.3640        38.75
      2.3650        38.76
      2.3660        38.79
      2.3670        38.74
      2.3680        38.59
      2.3690        38.44
      2.3700        38.49
      2.3710        38.54
      2.3720        38.54
      2.3730        38.40
      2.3740        38.24
      2.3750        38.22
      2.3760        38.39
      2.3770        38.47
      2.3780        38.51
      2.3790        38.52
      2.3800        38.47
      2.3810        38.43
      2.3820        38.33
      2.3830        38.42
      2.3840        38.27
      2.3850        38.34
      2.3860        38.32
      2.3870        38.36
      2.3880        38.45
      2.3890        38.61
      2.3900        38.64
      2.3910        38.62
      2.3920        38.72
      2.3930        38.81
      2.3940        38.88
      2.3950        38.90
      2.3960        38.85
      2.3970        38.89
      2.3980        38.88
      2.3990        38.82
      2.4000        38.82
      2.4010        38.74
      2.4020        38.66
      2.4030        38.60
      2.4040        38.70
      2.4050        38.60
      2.4060        38.50
      2.4070        38.49
      2.4080        38.60
      2.4090        38.66
      2.4100        38.57
      2.4110        38.60
      2.4120        38.69
      2.4130        38.59
      2.4140        38.61
      2.4150        38.69
      2.4160        38.72
      2.4170        38.65
      2.4180        38.66
      2.4190        38.79
      2.4200        38.75
      2.4210        38.95
      2.4220        39.07
      2.4230        39.13
      2.4240        39.10
      2.4250        39.13
      2.4260        39.22
      2.4270        39.25
      2.4280        39.20
      2.4290        39.00
      2.4300        39.12
      2.4310        39.05
      2.4320        38.85
      2.4330        38.90
      2.4340        38.92
      2.4350        38.80
      2.4360        38.76
      2.4370        38.83
      2.4380        38.76
      2.4390        38.59
      2.4400        38.70
      2.4410        38.58
      2.4420        38.51
      2.4430        38.41
      2.4440        38.49
      2.4450        38.57
      2.4460        38.53
      2.4470        38.54
      2.4480        38.49
      2.4490        38.50
      2.4500        38.42
      2.4510        38.52
      2.4520        38.50
      2.4530        38.42
      2.4540        38.37
      2.4550        38.44
      2.4560        38.35
      2.4570        38.27
      2.4580        38.20
      2.4590        38.18
      2.4600        38.13
      2.4610        38.04
      2.4620        38.04
      2.4630        38.06
      2.4640        37.99
      2.4650        37.96
      2.4660        37.91
      2.4670        37.76
      2.4680        37.76
      2.4690        37.89
      2.4700        37.91
      2.4710        37.87
      2.4720        37.85
      2.4730        37.85
      2.4740        37.95
      2.4750        38.04
      2.4760        38.19
      2.4770        38.18
      2.4780        38.41
      2.4790        38.45
      2.4800        38.49
      2.4810        38.59
      2.4820        38.49
      2.4830        38.33
      2.4840        38.27
      2.4850        38.25
      2.4860        38.35
      2.4870        38.37
      2.4880        38.39
      2.4890        38.38
      2.4900        38.36
      2.4910        38.34
      2.4920        38.31
      2.4930        38.52
      2.4940        38.50
      2.4950        38.40
      2.4960        38.42
      2.4970        38.52
      2.4980        38.32
      2.4990        38.33
      2.5000        38.38
      2.5010        38.37
      2.5020        38.52
      2.5030        38.64
      2.5040        38.63
      2.5050        38.57
      2.5060        38.61
      2.5070        38.57
      2.5080        38.61
      2.5090        38.46
      2.5100        38.46
      2.5110        38.56
      2.5120        38.68
      2.5130        38.56
      2.5140        38.42
      2.5150        38.49
      2.5160        38.47
      2.5170        38.39
      2.5180        38.44
      2.5190        38.45
      2.5200        38.47
      2.5210        38.48
      2.5220        38.43
      2.5230        38.52
      2.5240        38.68
      2.5250        38.57
      2.5260        38.53
      2.5270        38.63
      2.5280        38.60
      2.5290        38.69
      2.5300        38.70
      2.5310        38.57
      2.5320        38.58
      2.5330        38.53
      2.5340        38.57
      2.5350        38.43
      2.5360        38.41
      2.5370        38.46
      2.5380        38.45
      2.5390        38.47
      2.5400        38.53
      2.5410        38.43
      2.5420        38.43
      2.5430        38.34
      2.5440        38.25
      2.5450        38.35
      2.5460        38.34
      2.5470        38.32
      2.5480        38.26
      2.5490        38.26
      2.5500        38.21
      2.5510        38.17
      2.5520        38.13
      2.5530        38.18
      2.5540        38.25
      2.5550        38.23
      2.5560        38.22
      2.5570        38.21
      2.5580        38.25
      2.5590        38.24
      2.5600        38.16
      2.5610        38.20
      2.5620        38.20
      2.5630        38.17
      2.5640        38.18
      2.5650        38.11
      2.5660        38.03
      2.5670        38.11
      2.5680        38.18
      2.5690        38.11
      2.5700        38.03
      2.5710        38.13
      2.5720        37.95
      2.5730        37.83
      2.5740        37.77
      2.5750        37.83
      2.5760        37.82
      2.5770        37.75
      2.5780        37.66
      2.5790        37.50
      2.5800        37.31
      2.5810        37.27
      2.5820        37.19
      2.5830        37.25
      2.5840        37.16
      2.5850        37.18
      2.5860        37.19
      2.5870        37.04
      2.5880        37.10
      2.5890        37.11
      2.5900        37.28
      2.5910        37.25
      2.5920        37.36
      2.5930        37.53
      2.5940        37.47
      2.5950        37.44
      2.5960        37.39
      2.5970        37.45
      2.5980        37.44
      2.5990        37.48
      2.6000        37.53
      2.6010        37.51
      2.6020        37.44
      2.6030        37.44
      2.6040        37.39
      2.6050        37.36
      2.6060        37.38
      2.6070        37.50
      2.6080        37.43
      2.6090        37.31
      2.6100        37.17
      2.6110        37.05
      2.6120        37.01
      2.6130        36.81
      2.6140        36.79
      2.6150        36.79
      2.6160        36.74
      2.6170        36.60
      2.6180        36.60
      2.6190        36.67
      2.6200        36.75
      2.6210        36.87
      2.6220        36.82
      2.6230        36.83
      2.6240        36.91
      2.6250        36.91
      2.6260        36.83
      2.6270        36.73
      2.6280        36.63
      2.6290        36.77
      2.6300        36.83
      2.6310        36.88
      2.6320        36.83
      2.6330        36.96
      2.6340        36.88
      2.6350        36.87
      2.6360        36.90
      2.6370        36.90
      2.6380        36.85
      2.6390        36.73
      2.6400        36.78
      2.6410        36.65
      2.6420        36.74
      2.6430        36.62
      2.6440        36.55
      2.6450        36.47
      2.6460        36.42
      2.6470        36.39
      2.6480        36.39
      2.6490        36.38
      2.6500        36.24
      2.6510        36.24
      2.6520        36.29
      2.6530        36.17
      2.6540        36.27
      2.6550        36.16
      2.6560        36.13
      2.6570        36.09
      2.6580        36.08
      2.6590        36.10
      2.6600        36.05
      2.6610        36.08
      2.6620        35.89
      2.6630        35.80
      2.6640        35.72
      2.6650        35.71
      2.6660        35.69
      2.6670        35.53
      2.6680        35.44
      2.6690        35.21
      2.6700        35.17
      2.6710        34.93
      2.6720        34.62
      2.6730        34.53
      2.6740        34.41
      2.6750        34.44
      2.6760        34.29
      2.6770        34.18
      2.6780        34.18
      2.6790        34.15
      2.6800        33.89
      2.6810        33.79
      2.6820        33.83
      2.6830        33.80
      2.6840        33.71
      2.6850        33.64
      2.6860        33.67
      2.6870        33.66
      2.6880        33.65
      2.6890        33.65
      2.6900        33.56
      2.6910        33.60
      2.6920        33.66
      2.6930        33.63
      2.6940        33.51
      2.6950        33.30
      2.6960        33.39
      2.6970        33.40
      2.6980        33.24
      2.6990        33.06
      2.7000        32.95
      2.7010        32.80
      2.7020        32.67
      2.7030        32.49
      2.7040        32.39
      2.7050        32.24
      2.7060        32.06
      2.7070        31.93
      2.7080        31.79
      2.7090        31.71
      2.7100        31.61
      2.7110        31.58
      2.7120        31.55
      2.7130        31.44
      2.7140        31.46
      2.7150        31.38
      2.7160        31.15
      2.7170        30.92
      2.7180        30.67
      2.7190        30.45
      2.7200        30.37
      2.7210        30.27
      2.7220        30.28
      2.7230        30.20
      2.7240        30.05
      2.7250        30.02
      2.7260        29.87
      2.7270        29.72
      2.7280        29.62
      2.7290        29.55
      2.7300        29.47
      2.7310        29.22
      2.7320        29.04
      2.7330        28.93
      2.7340        28.81
      2.7350        28.76
      2.7360        28.65
      2.7370        28.54
      2.7380        28.65
      2.7390        28.64
      2.7400        28.54
      2.7410        28.45
      2.7420        28.31
      2.7430        28.30
      2.7440        28.22
      2.7450        28.06
      2.7460        28.02
      2.7470        28.05
      2.7480        27.86
      2.7490        27.68
      2.7500        27.51
      2.7510        27.58
      2.7520        27.47
      2.7530        27.22
      2.7540        27.03
      2.7550        26.87
      2.7560        26.69
      2.7570        26.69
      2.7580        26.57
      2.7590        26.37
      2.7600        26.27
      2.7610        26.11
      2.7620        25.98
      2.7630        25.83
      2.7640        25.80
      2.7650        25.63
      2.7660        25.32
      2.7670        25.19
      2.7680        25.16
      2.7690        24.94
      2.7700        24.77
      2.7710        24.48
      2.7720        24.39
      2.7730        24.44
      2.7740        24.24
      2.7750        24.11
      2.7760        24.02
      2.7770        23.78
      2.7780        23.60
      2.7790        23.58
      2.7800        23.30
      2.7810        23.19
      2.7820        23.05
      2.7830        22.90
      2.7840        22.65
      2.7850        22.61
      2.7860        22.60
      2.7870        22.28
      2.7880        22.05
      2.7890        21.90
      2.7900        21.85
      2.7910        21.71
      2.7920        21.53
      2.7930        21.19
      2.7940        21.18
      2.7950        21.11
      2.7960        21.02
      2.7970        20.88
      2.7980        20.72
      2.7990        20.55
      2.8000        20.47
      2.8010        20.24
      2.8020        20.00
      2.8030        19.76
      2.8040        19.53
      2.8050        19.39
      2.8060        19.19
      2.8070        19.01
      2.8080        18.83
      2.8090        18.77
      2.8100        18.60
      2.8110        18.39
      2.8120        18.12
      2.8130        17.96
      2.8140        17.71
      2.8150        17.44
      2.8160        17.18
      2.8170        17.03
      2.8180        16.79
      2.8190        16.58
      2.8200        16.46
      2.8210        16.29
      2.8220        16.05
      2.8230        15.91
      2.8240        15.85
      2.8250        15.67
      2.8260        15.55
      2.8270        15.42
      2.8280        15.31
      2.8290        14.96
      2.8300        14.80
      2.8310        14.66
      2.8320        14.70
      2.8330        14.58
      2.8340        14.46
      2.8350        14.37
      2.8360        14.33
      2.8370        14.21
      2.8380        14.23
      2.8390        14.19
      2.8400        14.07
      2.8410        13.99
      2.8420        14.01
      2.8430        14.03
      2.8440        13.91
      2.8450        13.81
      2.8460        13.79
      2.8470        13.83
      2.8480        13.71
      2.8490        13.74
      2.8500        13.56
      2.8510        13.46
      2.8520        13.30
      2.8530        13.23
      2.8540        13.03
      2.8550        12.93
      2.8560        12.84
      2.8570        12.76
      2.8580        12.52
      2.8590        12.32
      2.8600        12.24
      2.8610        12.08
      2.8620        11.93
      2.8630        11.66
      2.8640        11.56
      2.8650        11.38
      2.8660        11.10
      2.8670        10.86
      2.8680        10.77
      2.8690        10.59
      2.8700        10.59
      2.8710        10.59
      2.8720        10.47
      2.8730        10.35
      2.8740        10.25
      2.8750        10.16
      2.8760         9.91
      2.8770         9.71
      2.8780         9.55
      2.8790         9.52
      2.8800         9.32
      2.8810         9.22
      2.8820         9.14
      2.8830         9.08
      2.8840         8.86
      2.8850         8.77
      2.8860         8.67
      2.8870         8.70
      2.8880         8.51
      2.8890         8.42
      2.8900         8.33
      2.8910         8.17
      2.8920         8.03
      2.8930         7.89
      2.8940         7.91
      2.8950         7.70
      2.8960         7.75
      2.8970         7.69
      2.8980         7.53
      2.8990         7.36
      2.9000         7.26
      2.9010         7.17
      2.9020         6.97
      2.9030         6.96
      2.9040         6.92
      2.9050         6.78
      2.9060         6.57
      2.9070         6.38
      2.9080         6.33
      2.9090         6.30
      2.9100         6.15
      2.9110         6.13
      2.9120         6.01
      2.9130         5.99
      2.9140         5.88
      2.9150         5.90
      2.9160         5.78
      2.9170         5.70
      2.9180         5.71
      2.9190         5.56
      2.9200         5.47
      2.9210         5.41
      2.9220         5.26
      2.9230         5.00
      2.9240         4.92
      2.9250         4.84
      2.9260         4.89
      2.9270         4.73
      2.9280         4.71
      2.9290         4.55
      2.9300         4.42
      2.9310         4.28
      2.9320         4.31
      2.9330         4.34
      2.9340         4.28
      2.9350         4.14
      2.9360         4.03
      2.9370         3.91
      2.9380         3.86
      2.9390         3.88
      2.9400         3.97
      2.9410         4.00
      2.9420         4.09
      2.9430         4.15
      2.9440         4.14
      2.9450         4.24
      2.9460         4.30
      2.9470         4.36
      2.9480         4.31
      2.9490         4.29
      2.9500         4.22
      2.9510         4.29
      2.9520         4.21
      2.9530         4.05
      2.9540         3.90
      2.9550         3.93
      2.9560         3.78
      2.9570         3.72
      2.9580         3.65
      2.9590         3.53
      2.9600         3.29
      2.9610         3.18
      2.9620         3.10
      2.9630         2.97
      2.9640         2.97
      2.9650         2.79
      2.9660         2.69
      2.9670         2.67
      2.9680         2.56
      2.9690         2.64
      2.9700         2.67
      2.9710         2.06
      2.9720         2.10
      2.9730         2.06
      2.9740         2.11
      2.9750         2.18
      2.9760         2.09
      2.9770         2.07
      2.9780         2.09
      2.9790         2.09
      2.9800         2.06
      2.9810         2.06
      2.9820         2.00
      2.9830         1.98
      2.9840         1.89
      2.9850         1.77
      2.9860         1.70
      2.9870         1.00
      2.9880         1.08
      2.9890         1.03
      2.9900         1.00
      2.9910         1.00
      2.9920         1.03
      2.9930         1.00
      2.9940         1.00
      2.9950         1.00
      2.9960         1.00
      2.9970         1.00
      2.9980         1.00
      2.9990         1.00
