        Time   Palpation Force
      0.0000         1.00
      0.0010         1.00
      0.0020         1.00
      0.0030         1.00
      0.0040         1.00
      0.0050         1.00
      0.0060         1.00
      0.0070         1.00
      0.0080         1.00
      0.0090         1.00
      0.0100         1.00
      0.0110         1.00
      0.0120         1.00
      0.0130         1.00
      0.0140         1.00
      0.0150         1.00
      0.0160         1.00
      0.0170         1.00
      0.0180         1.00
      0.0190         1.00
      0.0200         1.00
      0.0210         1.00
      0.0220         1.00
      0.0230         1.00
      0.0240         1.00
      0.0250         1.00
      0.0260         1.00
      0.0270         1.00
      0.0280         1.00
      0.0290         1.00
      0.0300         1.00
      0.0310         1.00
      0.0320         1.00
      0.0330         1.00
      0.0340         1.00
      0.0350         1.00
      0.0360         1.00
      0.0370         1.00
      0.0380         1.00
      0.0390         1.00
      0.0400         1.00
      0.0410         1.00
      0.0420         1.00
      0.0430         1.00
      0.0440         1.00
      0.0450         1.00
      0.0460         1.00
      0.0470         1.00
      0.0480         1.00
      0.0490         1.00
      0.0500         1.00
      0.0510         1.00
      0.0520         1.00
      0.0530         1.00
      0.0540         1.00
      0.0550         1.00
      0.0560         1.00
      0.0570         1.00
      0.0580         1.00
      0.0590         1.00
      0.0600         1.00
      0.0610         1.00
      0.0620         1.00
      0.0630         1.00
      0.0640         1.00
      0.0650         1.00
      0.0660         1.00
      0.0670         1.00
      0.0680         1.00
      0.0690         1.00
      0.0700         1.00
      0.0710         1.00
      0.0720         1.00
      0.0730         1.00
      0.0740         1.00
      0.0750         1.00
      0.0760         1.00
      0.0770         1.00
      0.0780         1.00
      0.0790         1.00
      0.0800         1.00
      0.0810         1.00
      0.0820         1.00
      0.0830         1.00
      0.0840         1.00
      0.0850         1.00
      0.0860         1.00
      0.0870         1.00
      0.0880         1.00
      0.0890         1.00
      0.0900         1.00
      0.0910         1.00
      0.0920         1.00
      0.0930         1.00
      0.0940         1.00
      0.0950         1.00
      0.0960         1.00
      0.0970         1.00
      0.0980         1.00
      0.0990         1.00
      0.1000         1.00
      0.1010         1.00
      0.1020         1.00
      0.1030         1.00
      0.1040         1.00
      0.1050         1.00
      0.1060         1.00
      0.1070         1.00
      0.1080         1.00
      0.1090         1.00
      0.1100         1.00
      0.1110         1.00
      0.1120         1.00
      0.1130         1.00
      0.1140         1.00
      0.1150         1.00
      0.1160         1.00
      0.1170         1.00
      0.1180         1.00
      0.1190         1.00
      0.1200         1.00
      0.1210         1.00
      0.1220         1.00
      0.1230         1.00
      0.1240         1.00
      0.1250         1.00
      0.1260         1.00
      0.1270         1.00
      0.1280         1.00
      0.1290         1.00
      0.1300         1.00
      0.1310         1.00
      0.1320         1.00
      0.1330         1.00
      0.1340         1.00
      0.1350         1.00
      0.1360         1.00
      0.1370         1.00
      0.1380         1.00
      0.1390         1.00
      0.1400         1.00
      0.1410         1.00
      0.1420         1.00
      0.1430         1.00
      0.1440         1.00
      0.1450         1.00
      0.1460         1.00
      0.1470         1.00
      0.1480         1.00
      0.1490         1.00
      0.1500         1.00
      0.1510         1.00
      0.1520         1.00
      0.1530         1.00
      0.1540         1.00
      0.1550         1.00
      0.1560         1.00
      0.1570         1.00
      0.1580         1.00
      0.1590         1.00
      0.1600         1.00
      0.1610         1.00
      0.1620         1.00
      0.1630         1.00
      0.1640         1.00
      0.1650         1.00
      0.1660         1.00
      0.1670         1.00
      0.1680         1.00
      0.1690         1.00
      0.1700         1.00
      0.1710         1.00
      0.1720         1.00
      0.1730         1.00
      0.1740         1.00
      0.1750         1.00
      0.1760         1.00
      0.1770         1.00
      0.1780         1.00
      0.1790         1.00
      0.1800         1.00
      0.1810         1.00
      0.1820         1.00
      0.1830         1.00
      0.1840         1.00
      0.1850         1.00
      0.1860         1.00
      0.1870         1.00
      0.1880         1.00
      0.1890         1.00
      0.1900         1.00
      0.1910         1.00
      0.1920         1.00
      0.1930         1.00
      0.1940         1.00
      0.1950         1.00
      0.1960         1.00
      0.1970         1.00
      0.1980         1.00
      0.1990         1.00
      0.2000         1.00
      0.2010         1.00
      0.2020         1.00
      0.2030         1.00
      0.2040         1.00
      0.2050         1.00
      0.2060         1.00
      0.2070         1.00
      0.2080         1.00
      0.2090         1.00
      0.2100         1.00
      0.2110         1.00
      0.2120         1.00
      0.2130         1.00
      0.2140         1.00
      0.2150         1.00
      0.2160         1.00
      0.2170         1.00
      0.2180         1.00
      0.2190         1.00
      0.2200         1.00
      0.2210         1.00
      0.2220         1.00
      0.2230         1.00
      0.2240         1.00
      0.2250         1.00
      0.2260         1.00
      0.2270         1.00
      0.2280         1.00
      0.2290         1.00
      0.2300         1.00
      0.2310         1.00
      0.2320         1.00
      0.2330         1.00
      0.2340         1.00
      0.2350         1.00
      0.2360         1.00
      0.2370         1.00
      0.2380         1.00
      0.2390         1.00
      0.2400         1.00
      0.2410         1.00
      0.2420         1.00
      0.2430         1.00
      0.2440         1.00
      0.2450         1.00
      0.2460         1.00
      0.2470         1.00
      0.2480         1.00
      0.2490         1.00
      0.2500         1.00
      0.2510         1.00
      0.2520         1.00
      0.2530         1.00
      0.2540         1.00
      0.2550         1.00
      0.2560         1.00
      0.2570         1.00
      0.2580         1.00
      0.2590         1.00
      0.2600         1.00
      0.2610         1.00
      0.2620         1.00
      0.2630         1.00
      0.2640         1.00
      0.2650         1.00
      0.2660         1.00
      0.2670         1.00
      0.2680         1.00
      0.2690         1.00
      0.2700         1.00
      0.2710         1.00
      0.2720         1.00
      0.2730         1.00
      0.2740         1.00
      0.2750         1.00
      0.2760         1.00
      0.2770         1.00
      0.2780         1.00
      0.2790         1.00
      0.2800         1.00
      0.2810         1.00
      0.2820         1.00
      0.2830         1.00
      0.2840         1.00
      0.2850         1.00
      0.2860         1.00
      0.2870         1.00
      0.2880         1.00
      0.2890         1.00
      0.2900         1.00
      0.2910         1.00
      0.2920         1.00
      0.2930         1.00
      0.2940         1.00
      0.2950         1.00
      0.2960         1.00
      0.2970         1.00
      0.2980         1.00
      0.2990         1.00
      0.3000         1.00
      0.3010         1.00
      0.3020         1.00
      0.3030         1.00
      0.3040         1.00
      0.3050         1.00
      0.3060         1.00
      0.3070         1.00
      0.3080         1.00
      0.3090         1.00
      0.3100         1.00
      0.3110         1.00
      0.3120         1.00
      0.3130         1.00
      0.3140         1.00
      0.3150         1.00
      0.3160         1.00
      0.3170         1.00
      0.3180         1.00
      0.3190         1.00
      0.3200         1.00
      0.3210         1.00
      0.3220         1.00
      0.3230         1.00
      0.3240         1.00
      0.3250         1.00
      0.3260         1.00
      0.3270         1.00
      0.3280         1.00
      0.3290         1.00
      0.3300         1.00
      0.3310         1.00
      0.3320         1.00
      0.3330         1.00
      0.3340         1.00
      0.3350         1.00
      0.3360         1.00
      0.3370         1.00
      0.3380         1.00
      0.3390         1.00
      0.3400         1.00
      0.3410         1.00
      0.3420         1.00
      0.3430         1.00
      0.3440         1.00
      0.3450         1.00
      0.3460         1.00
      0.3470         1.00
      0.3480         1.00
      0.3490         1.00
      0.3500         1.00
      0.3510         1.00
      0.3520         1.00
      0.3530         1.00
      0.3540         1.00
      0.3550         1.00
      0.3560         1.00
      0.3570         1.00
      0.3580         1.00
      0.3590         1.00
      0.3600         1.00
      0.3610         1.00
      0.3620         1.00
      0.3630         1.00
      0.3640         1.00
      0.3650         1.00
      0.3660         1.00
      0.3670         1.00
      0.3680         1.00
      0.3690         1.00
      0.3700         1.00
      0.3710         1.00
      0.3720         1.00
      0.3730         1.00
      0.3740         1.00
      0.3750         1.00
      0.3760         1.00
      0.3770         1.00
      0.3780         1.00
      0.3790         1.00
      0.3800         1.00
      0.3810         1.00
      0.3820         1.00
      0.3830         1.00
      0.3840         1.00
      0.3850         1.00
      0.3860         1.00
      0.3870         1.00
      0.3880         1.00
      0.3890         1.00
      0.3900         1.00
      0.3910         1.00
      0.3920         1.00
      0.3930         1.00
      0.3940         1.00
      0.3950         1.00
      0.3960         1.00
      0.3970         1.00
      0.3980         1.00
      0.3990         1.00
      0.4000         1.00
      0.4010         1.00
      0.4020         1.00
      0.4030         1.00
      0.4040         1.00
      0.4050         1.00
      0.4060         1.00
      0.4070         1.00
      0.4080         1.00
      0.4090         1.00
      0.4100         1.00
      0.4110         1.00
      0.4120         1.00
      0.4130         1.00
      0.4140         1.00
      0.4150         1.00
      0.4160         1.00
      0.4170         1.00
      0.4180         1.00
      0.4190         1.00
      0.4200         1.00
      0.4210         1.00
      0.4220         1.00
      0.4230         1.00
      0.4240         1.00
      0.4250         1.00
      0.4260         1.00
      0.4270         1.00
      0.4280         1.00
      0.4290         1.00
      0.4300         1.00
      0.4310         1.00
      0.4320         1.00
      0.4330         1.00
      0.4340         1.00
      0.4350         1.00
      0.4360         1.00
      0.4370         1.00
      0.4380         1.00
      0.4390         1.00
      0.4400         1.00
      0.4410         1.00
      0.4420         1.00
      0.4430         1.00
      0.4440         1.00
      0.4450         1.00
      0.4460         1.00
      0.4470         1.00
      0.4480         1.00
      0.4490         1.00
      0.4500         1.00
      0.4510         1.00
      0.4520         1.00
      0.4530         1.00
      0.4540         1.00
      0.4550         1.00
      0.4560         1.00
      0.4570         1.00
      0.4580         1.00
      0.4590         1.00
      0.4600         1.00
      0.4610         1.00
      0.4620         1.00
      0.4630         1.00
      0.4640         1.00
      0.4650         1.00
      0.4660         1.00
      0.4670         1.00
      0.4680         1.00
      0.4690         1.00
      0.4700         1.00
      0.4710         1.00
      0.4720         1.00
      0.4730         1.00
      0.4740         1.00
      0.4750         1.00
      0.4760         1.00
      0.4770         1.00
      0.4780         1.00
      0.4790         1.00
      0.4800         1.00
      0.4810         1.00
      0.4820         1.00
      0.4830         1.00
      0.4840         1.00
      0.4850         1.00
      0.4860         1.00
      0.4870         1.00
      0.4880         1.00
      0.4890         1.00
      0.4900         1.00
      0.4910         1.00
      0.4920         1.00
      0.4930         1.00
      0.4940         1.00
      0.4950         1.00
      0.4960         1.00
      0.4970         1.00
      0.4980         1.00
      0.4990         1.00
      0.5000         1.00
      0.5010         1.00
      0.5020         1.00
      0.5030         1.00
      0.5040         1.00
      0.5050         1.00
      0.5060         1.00
      0.5070         1.00
      0.5080         1.00
      0.5090         1.00
      0.5100         1.00
      0.5110         1.00
      0.5120         1.00
      0.5130         1.00
      0.5140         1.00
      0.5150         1.00
      0.5160         1.00
      0.5170         1.00
      0.5180         1.00
      0.5190         1.00
      0.5200         1.00
      0.5210         1.00
      0.5220         1.00
      0.5230         1.00
      0.5240         1.00
      0.5250         1.00
      0.5260         1.00
      0.5270         1.00
      0.5280         1.00
      0.5290         1.00
      0.5300         1.00
      0.5310         1.00
      0.5320         1.00
      0.5330         1.00
      0.5340         1.00
      0.5350         1.00
      0.5360         1.00
      0.5370         1.00
      0.5380         1.00
      0.5390         1.00
      0.5400         1.00
      0.5410         1.00
      0.5420         1.00
      0.5430         1.00
      0.5440         1.00
      0.5450         1.00
      0.5460         1.00
      0.5470         1.00
      0.5480         1.00
      0.5490         1.00
      0.5500         1.00
      0.5510         1.00
      0.5520         1.00
      0.5530         1.00
      0.5540         1.00
      0.5550         1.00
      0.5560         1.00
      0.5570         1.00
      0.5580         1.00
      0.5590         1.00
      0.5600         1.00
      0.5610         1.00
      0.5620         1.00
      0.5630         1.00
      0.5640         1.00
      0.5650         1.00
      0.5660         1.00
      0.5670         1.00
      0.5680         1.00
      0.5690         1.00
      0.5700         1.00
      0.5710         1.00
      0.5720         1.00
      0.5730         1.00
      0.5740         1.00
      0.5750         1.00
      0.5760         1.00
      0.5770         1.00
      0.5780         1.00
      0.5790         1.00
      0.5800         1.00
      0.5810         1.00
      0.5820         1.00
      0.5830         1.00
      0.5840         1.00
      0.5850         1.00
      0.5860         1.00
      0.5870         1.00
      0.5880         1.00
      0.5890         1.00
      0.5900         1.00
      0.5910         1.00
      0.5920         1.00
      0.5930         1.00
      0.5940         1.00
      0.5950         1.00
      0.5960         1.00
      0.5970         1.00
      0.5980         1.00
      0.5990         1.00
      0.6000         1.00
      0.6010         1.00
      0.6020         1.00
      0.6030         1.00
      0.6040         1.00
      0.6050         1.00
      0.6060         1.00
      0.6070         1.00
      0.6080         1.00
      0.6090         1.00
      0.6100         1.00
      0.6110         1.00
      0.6120         1.00
      0.6130         1.00
      0.6140         1.00
      0.6150         1.00
      0.6160         1.00
      0.6170         1.00
      0.6180         1.00
      0.6190         1.00
      0.6200         1.00
      0.6210         1.00
      0.6220         1.00
      0.6230         1.00
      0.6240         1.00
      0.6250         1.00
      0.6260         1.00
      0.6270         1.00
      0.6280         1.00
      0.6290         1.00
      0.6300         1.00
      0.6310         1.00
      0.6320         1.00
      0.6330         1.00
      0.6340         1.00
      0.6350         1.00
      0.6360         1.00
      0.6370         1.00
      0.6380         1.00
      0.6390         1.00
      0.6400         1.00
      0.6410         1.00
      0.6420         1.00
      0.6430         1.00
      0.6440         1.00
      0.6450         1.00
      0.6460         1.00
      0.6470         1.00
      0.6480         1.00
      0.6490         1.00
      0.6500         1.00
      0.6510         1.00
      0.6520         1.00
      0.6530         1.00
      0.6540         1.00
      0.6550         1.00
      0.6560         1.00
      0.6570         1.00
      0.6580         1.00
      0.6590         1.00
      0.6600         1.00
      0.6610         1.00
      0.6620         1.00
      0.6630         1.00
      0.6640         1.00
      0.6650         1.00
      0.6660         1.00
      0.6670         1.00
      0.6680         1.00
      0.6690         1.00
      0.6700         1.00
      0.6710         1.00
      0.6720         1.00
      0.6730         1.00
      0.6740         1.00
      0.6750         1.00
      0.6760         1.00
      0.6770         1.00
      0.6780         1.00
      0.6790         1.00
      0.6800         1.00
      0.6810         1.00
      0.6820         1.00
      0.6830         1.00
      0.6840         1.00
      0.6850         1.00
      0.6860         1.00
      0.6870         1.00
      0.6880         1.00
      0.6890         1.00
      0.6900         1.00
      0.6910         1.00
      0.6920         1.00
      0.6930         1.00
      0.6940         1.00
      0.6950         1.00
      0.6960         1.00
      0.6970         1.00
      0.6980         1.00
      0.6990         1.00
      0.7000         1.00
      0.7010         1.00
      0.7020         1.00
      0.7030         1.00
      0.7040         1.00
      0.7050         1.00
      0.7060         1.00
      0.7070         1.00
      0.7080         1.00
      0.7090         1.00
      0.7100         1.00
      0.7110         1.00
      0.7120         1.00
      0.7130         1.00
      0.7140         1.00
      0.7150         1.00
      0.7160         1.00
      0.7170         1.00
      0.7180         1.00
      0.7190         1.00
      0.7200         1.00
      0.7210         1.00
      0.7220         1.00
      0.7230         1.00
      0.7240         1.00
      0.7250         1.00
      0.7260         1.00
      0.7270         1.00
      0.7280         1.00
      0.7290         1.00
      0.7300         1.00
      0.7310         1.00
      0.7320         1.00
      0.7330         1.00
      0.7340         1.00
      0.7350         1.00
      0.7360         1.00
      0.7370         1.00
      0.7380         1.00
      0.7390         1.00
      0.7400         1.00
      0.7410         1.00
      0.7420         1.00
      0.7430         1.00
      0.7440         1.00
      0.7450         1.00
      0.7460         1.00
      0.7470         1.00
      0.7480         1.00
      0.7490         1.00
      0.7500         1.00
      0.7510         1.00
      0.7520         1.00
      0.7530         1.00
      0.7540         1.00
      0.7550         1.00
      0.7560         1.00
      0.7570         1.00
      0.7580         1.00
      0.7590         1.00
      0.7600         1.00
      0.7610         1.00
      0.7620         1.00
      0.7630         1.00
      0.7640         1.00
      0.7650         1.00
      0.7660         1.00
      0.7670         1.00
      0.7680         1.00
      0.7690         1.00
      0.7700         1.00
      0.7710         1.00
      0.7720         1.00
      0.7730         1.00
      0.7740         1.00
      0.7750         1.00
      0.7760         1.00
      0.7770         1.00
      0.7780         1.00
      0.7790         1.00
      0.7800         1.00
      0.7810         1.00
      0.7820         1.00
      0.7830         1.00
      0.7840         1.00
      0.7850         1.00
      0.7860         1.00
      0.7870         1.00
      0.7880         1.00
      0.7890         1.00
      0.7900         1.00
      0.7910         1.00
      0.7920         1.00
      0.7930         1.00
      0.7940         1.00
      0.7950         1.00
      0.7960         1.00
      0.7970         1.00
      0.7980         1.00
      0.7990         1.00
      0.8000         1.00
      0.8010         1.00
      0.8020         1.00
      0.8030         1.00
      0.8040         1.00
      0.8050         1.00
      0.8060         1.00
      0.8070         1.00
      0.8080         1.00
      0.8090         1.00
      0.8100         1.00
      0.8110         1.00
      0.8120         1.00
      0.8130         1.00
      0.8140         1.00
      0.8150         1.00
      0.8160         1.00
      0.8170         1.00
      0.8180         1.00
      0.8190         1.00
      0.8200         1.00
      0.8210         1.00
      0.8220         1.00
      0.8230         1.00
      0.8240         1.00
      0.8250         1.00
      0.8260         1.00
      0.8270         1.00
      0.8280         1.00
      0.8290         1.00
      0.8300         1.00
      0.8310         1.00
      0.8320         1.00
      0.8330         1.00
      0.8340         1.00
      0.8350         1.00
      0.8360         1.00
      0.8370         1.00
      0.8380         1.00
      0.8390         1.00
      0.8400         1.00
      0.8410         1.00
      0.8420         1.00
      0.8430         1.00
      0.8440         1.00
      0.8450         1.00
      0.8460         1.00
      0.8470         1.00
      0.8480         1.00
      0.8490         1.00
      0.8500         1.00
      0.8510         1.00
      0.8520         1.00
      0.8530         1.00
      0.8540         1.00
      0.8550         1.00
      0.8560         1.00
      0.8570         1.00
      0.8580         1.00
      0.8590         1.00
      0.8600         1.00
      0.8610         1.00
      0.8620         1.00
      0.8630         1.00
      0.8640         1.00
      0.8650         1.00
      0.8660         1.00
      0.8670         1.00
      0.8680         1.00
      0.8690         1.00
      0.8700         1.00
      0.8710         1.00
      0.8720         1.00
      0.8730         1.00
      0.8740         1.00
      0.8750         1.00
      0.8760         1.00
      0.8770         1.00
      0.8780         1.00
      0.8790         1.00
      0.8800         1.00
      0.8810         1.00
      0.8820         1.00
      0.8830         1.00
      0.8840         1.00
      0.8850         1.00
      0.8860         1.00
      0.8870         1.00
      0.8880         1.00
      0.8890         1.00
      0.8900         1.00
      0.8910         1.00
      0.8920         1.00
      0.8930         1.00
      0.8940         1.00
      0.8950         1.00
      0.8960         1.00
      0.8970         1.00
      0.8980         1.00
      0.8990         1.00
      0.9000         1.00
      0.9010         1.00
      0.9020         1.00
      0.9030         1.00
      0.9040         1.00
      0.9050         1.00
      0.9060         1.00
      0.9070         1.00
      0.9080         1.00
      0.9090         1.00
      0.9100         1.00
      0.9110         1.00
      0.9120         1.00
      0.9130         1.00
      0.9140         1.00
      0.9150         1.00
      0.9160         1.00
      0.9170         1.00
      0.9180         1.00
      0.9190         1.00
      0.9200         1.00
      0.9210         1.00
      0.9220         1.00
      0.9230         1.00
      0.9240         1.00
      0.9250         1.00
      0.9260         1.00
      0.9270         1.00
      0.9280         1.00
      0.9290         1.00
      0.9300         1.00
      0.9310         1.00
      0.9320         1.00
      0.9330         1.00
      0.9340         1.00
      0.9350         1.00
      0.9360         1.00
      0.9370         1.00
      0.9380         1.00
      0.9390         1.00
      0.9400         1.00
      0.9410         1.00
      0.9420         1.00
      0.9430         1.00
      0.9440         1.00
      0.9450         1.00
      0.9460         1.00
      0.9470         1.00
      0.9480         1.00
      0.9490         1.00
      0.9500         1.00
      0.9510         1.00
      0.9520         1.00
      0.9530         1.00
      0.9540         1.00
      0.9550         1.00
      0.9560         1.00
      0.9570         1.00
      0.9580         1.00
      0.9590         1.00
      0.9600         1.00
      0.9610         1.00
      0.9620         1.00
      0.9630         1.00
      0.9640         1.00
      0.9650         1.00
      0.9660         1.00
      0.9670         1.00
      0.9680         1.00
      0.9690         1.00
      0.9700         1.00
      0.9710         1.00
      0.9720         1.00
      0.9730         1.00
      0.9740         1.00
      0.9750         1.00
      0.9760         1.00
      0.9770         1.00
      0.9780         1.00
      0.9790         1.00
      0.9800         1.00
      0.9810         1.00
      0.9820         1.00
      0.9830         1.00
      0.9840         1.00
      0.9850         1.00
      0.9860         1.00
      0.9870         1.00
      0.9880         1.00
      0.9890         1.00
      0.9900         1.00
      0.9910         1.00
      0.9920         1.00
      0.9930         1.00
      0.9940         1.00
      0.9950         1.00
      0.9960         1.00
      0.9970         1.00
      0.9980         1.00
      0.9990         1.00
      1.0000         1.00
      1.0010         1.00
      1.0020         1.00
      1.0030         1.00
      1.0040         1.00
      1.0050         1.00
      1.0060         1.00
      1.0070         1.00
      1.0080         1.00
      1.0090         1.00
      1.0100         1.00
      1.0110         1.00
      1.0120         1.00
      1.0130         1.00
      1.0140         1.00
      1.0150         1.00
      1.0160         1.00
      1.0170         1.00
      1.0180         1.00
      1.0190         1.00
      1.0200         1.00
      1.0210         1.00
      1.0220         1.00
      1.0230         1.00
      1.0240         1.00
      1.0250         1.00
      1.0260         1.00
      1.0270         1.00
      1.0280         1.00
      1.0290         1.00
      1.0300         1.00
      1.0310         1.00
      1.0320         1.00
      1.0330         1.00
      1.0340         1.00
      1.0350         1.00
      1.0360         1.00
      1.0370         1.00
      1.0380         1.00
      1.0390         1.00
      1.0400         1.00
      1.0410         1.00
      1.0420         1.00
      1.0430         1.00
      1.0440         1.00
      1.0450         1.00
      1.0460         1.00
      1.0470         1.00
      1.0480         1.00
      1.0490         1.00
      1.0500         1.00
      1.0510         1.00
      1.0520         1.00
      1.0530         1.00
      1.0540         1.00
      1.0550         1.00
      1.0560         1.00
      1.0570         1.00
      1.0580         1.00
      1.0590         1.00
      1.0600         1.00
      1.0610         1.00
      1.0620         1.00
      1.0630         1.00
      1.0640         1.00
      1.0650         1.00
      1.0660         1.00
      1.0670         1.00
      1.0680         1.00
      1.0690         1.00
      1.0700         1.00
      1.0710         1.00
      1.0720         1.00
      1.0730         1.00
      1.0740         1.00
      1.0750         1.00
      1.0760         1.00
      1.0770         1.00
      1.0780         1.00
      1.0790         1.00
      1.0800         1.00
      1.0810         1.00
      1.0820         1.00
      1.0830         1.00
      1.0840         1.00
      1.0850         1.00
      1.0860         1.00
      1.0870         1.00
      1.0880         1.00
      1.0890         1.00
      1.0900         1.00
      1.0910         1.00
      1.0920         1.00
      1.0930         1.00
      1.0940         1.00
      1.0950         1.00
      1.0960         1.00
      1.0970         1.00
      1.0980         1.00
      1.0990         1.00
      1.1000         1.00
      1.1010         1.00
      1.1020         1.00
      1.1030         1.00
      1.1040         1.00
      1.1050         1.00
      1.1060         1.00
      1.1070         1.00
      1.1080         1.00
      1.1090         1.00
      1.1100         1.00
      1.1110         1.00
      1.1120         1.00
      1.1130         1.00
      1.1140         1.00
      1.1150         1.00
      1.1160         1.00
      1.1170         1.00
      1.1180         1.00
      1.1190         1.00
      1.1200         1.00
      1.1210         1.00
      1.1220         1.00
      1.1230         1.00
      1.1240         1.00
      1.1250         1.00
      1.1260         1.00
      1.1270         1.00
      1.1280         1.00
      1.1290         1.00
      1.1300         1.00
      1.1310         1.00
      1.1320         1.00
      1.1330         1.00
      1.1340         1.00
      1.1350         1.00
      1.1360         1.00
      1.1370         1.00
      1.1380         1.00
      1.1390         1.00
      1.1400         1.00
      1.1410         1.00
      1.1420         1.00
      1.1430         1.00
      1.1440         1.00
      1.1450         1.00
      1.1460         1.00
      1.1470         1.00
      1.1480         1.00
      1.1490         1.00
      1.1500         1.00
      1.1510         1.00
      1.1520         1.00
      1.1530         1.00
      1.1540         1.00
      1.1550         1.00
      1.1560         1.00
      1.1570         1.00
      1.1580         1.00
      1.1590         1.00
      1.1600         1.00
      1.1610         1.00
      1.1620         1.00
      1.1630         1.00
      1.1640         1.00
      1.1650         1.00
      1.1660         1.00
      1.1670         1.00
      1.1680         1.00
      1.1690         1.00
      1.1700         1.00
      1.1710         1.00
      1.1720         1.00
      1.1730         1.00
      1.1740         1.00
      1.1750         1.00
      1.1760         1.00
      1.1770         1.00
      1.1780         1.00
      1.1790         1.00
      1.1800         1.00
      1.1810         1.00
      1.1820         1.00
      1.1830         1.00
      1.1840         1.00
      1.1850         1.00
      1.1860         1.00
      1.1870         1.00
      1.1880         1.00
      1.1890         1.00
      1.1900         1.00
      1.1910         1.00
      1.1920         1.00
      1.1930         1.00
      1.1940         1.00
      1.1950         1.00
      1.1960         1.00
      1.1970         1.00
      1.1980         1.00
      1.1990         1.00
      1.2000         1.00
      1.2010         1.00
      1.2020         1.00
      1.2030         1.00
      1.2040         1.00
      1.2050         1.00
      1.2060         1.00
      1.2070         1.00
      1.2080         1.00
      1.2090         1.00
      1.2100         1.00
      1.2110         1.00
      1.2120         1.00
      1.2130         1.00
      1.2140         1.00
      1.2150         1.00
      1.2160         1.00
      1.2170         1.00
      1.2180         1.00
      1.2190         1.00
      1.2200         1.00
      1.2210         1.00
      1.2220         1.00
      1.2230         1.00
      1.2240         1.00
      1.2250         1.00
      1.2260         1.00
      1.2270         1.00
      1.2280         1.00
      1.2290         1.00
      1.2300         1.00
      1.2310         1.00
      1.2320         1.00
      1.2330         1.00
      1.2340         1.00
      1.2350         1.00
      1.2360         1.00
      1.2370         1.00
      1.2380         1.00
      1.2390         1.00
      1.2400         1.00
      1.2410         1.00
      1.2420         1.00
      1.2430         1.00
      1.2440         1.00
      1.2450         1.00
      1.2460         1.00
      1.2470         1.00
      1.2480         1.00
      1.2490         1.00
      1.2500         1.00
      1.2510         1.00
      1.2520         1.00
      1.2530         1.00
      1.2540         1.00
      1.2550         1.00
      1.2560         1.00
      1.2570         1.00
      1.2580         1.00
      1.2590         1.00
      1.2600         1.00
      1.2610         1.00
      1.2620         1.00
      1.2630         1.00
      1.2640         1.00
      1.2650         1.00
      1.2660         1.00
      1.2670         1.00
      1.2680         1.00
      1.2690         1.00
      1.2700         1.00
      1.2710         1.00
      1.2720         1.00
      1.2730         1.00
      1.2740         1.00
      1.2750         1.00
      1.2760         1.00
      1.2770         1.00
      1.2780         1.00
      1.2790         1.00
      1.2800         1.00
      1.2810         1.00
      1.2820         1.00
      1.2830         1.00
      1.2840         1.00
      1.2850         1.00
      1.2860         1.00
      1.2870         1.00
      1.2880         1.00
      1.2890         1.00
      1.2900         1.00
      1.2910         1.00
      1.2920         1.00
      1.2930         1.00
      1.2940         1.00
      1.2950         1.00
      1.2960         1.00
      1.2970         1.00
      1.2980         1.00
      1.2990         1.00
      1.3000         1.00
      1.3010         1.00
      1.3020         1.00
      1.3030         1.00
      1.3040         1.00
      1.3050         1.00
      1.3060         1.00
      1.3070         1.00
      1.3080         1.00
      1.3090         1.00
      1.3100         1.00
      1.3110         1.00
      1.3120         1.00
      1.3130         1.00
      1.3140         1.00
      1.3150         1.00
      1.3160         1.00
      1.3170         1.00
      1.3180         1.00
      1.3190         1.00
      1.3200         1.00
      1.3210         1.00
      1.3220         1.00
      1.3230         1.00
      1.3240         1.00
      1.3250         1.00
      1.3260         1.00
      1.3270         1.00
      1.3280         1.00
      1.3290         1.00
      1.3300         1.00
      1.3310         1.00
      1.3320         1.00
      1.3330         1.00
      1.3340         1.00
      1.3350         1.00
      1.3360         1.00
      1.3370         1.00
      1.3380         1.00
      1.3390         1.00
      1.3400         1.00
      1.3410         1.00
      1.3420         1.00
      1.3430         1.00
      1.3440         1.00
      1.3450         1.00
      1.3460         1.00
      1.3470         1.00
      1.3480         1.00
      1.3490         1.00
      1.3500         1.00
      1.3510         1.00
      1.3520         1.00
      1.3530         1.00
      1.3540         1.00
      1.3550         1.00
      1.3560         1.00
      1.3570         1.00
      1.3580         1.00
      1.3590         1.00
      1.3600         1.00
      1.3610         1.00
      1.3620         1.00
      1.3630         1.00
      1.3640         1.00
      1.3650         1.00
      1.3660         1.00
      1.3670         1.00
      1.3680         1.00
      1.3690         1.00
      1.3700         1.00
      1.3710         1.00
      1.3720         1.00
      1.3730         1.00
      1.3740         1.00
      1.3750         1.00
      1.3760         1.00
      1.3770         1.00
      1.3780         1.00
      1.3790         1.00
      1.3800         1.00
      1.3810         1.00
      1.3820         1.00
      1.3830         1.00
      1.3840         1.13
      1.3850         1.15
      1.3860         1.27
      1.3870         1.77
      1.3880         1.91
      1.3890         2.02
      1.3900         2.22
      1.3910         2.27
      1.3920         2.43
      1.3930         2.45
      1.3940         2.46
      1.3950         2.47
      1.3960         2.38
      1.3970         2.46
      1.3980         2.54
      1.3990         2.62
      1.4000         2.66
      1.4010         2.80
      1.4020         3.41
      1.4030         3.51
      1.4040         3.55
      1.4050         3.61
      1.4060         3.65
      1.4070         3.23
      1.4080         3.74
      1.4090         3.90
      1.4100         3.79
      1.4110         3.31
      1.4120         3.32
      1.4130         3.37
      1.4140         3.48
      1.4150         4.01
      1.4160         4.21
      1.4170         4.26
      1.4180         4.22
      1.4190         4.17
      1.4200         4.21
      1.4210         4.09
      1.4220         4.24
      1.4230         4.29
      1.4240         4.20
      1.4250         4.28
      1.4260         4.46
      1.4270         4.57
      1.4280         4.58
      1.4290         4.59
      1.4300         4.78
      1.4310         4.85
      1.4320         4.99
      1.4330         5.20
      1.4340         5.30
      1.4350         5.47
      1.4360         5.54
      1.4370         5.68
      1.4380         5.82
      1.4390         6.11
      1.4400         6.35
      1.4410         6.59
      1.4420         6.65
      1.4430         6.90
      1.4440         7.18
      1.4450         7.43
      1.4460         7.38
      1.4470         7.46
      1.4480         7.68
      1.4490         7.88
      1.4500         7.99
      1.4510         8.19
      1.4520         8.42
      1.4530         8.49
      1.4540         8.65
      1.4550         8.70
      1.4560         8.86
      1.4570         8.89
      1.4580         8.93
      1.4590         8.97
      1.4600         9.08
      1.4610         9.21
      1.4620         9.32
      1.4630         9.38
      1.4640         9.46
      1.4650         9.52
      1.4660         9.70
      1.4670         9.80
      1.4680         9.70
      1.4690         9.69
      1.4700         9.77
      1.4710         9.80
      1.4720         9.81
      1.4730         9.86
      1.4740         9.90
      1.4750         9.94
      1.4760         9.86
      1.4770         9.94
      1.4780        10.04
      1.4790        10.16
      1.4800        10.09
      1.4810        10.08
      1.4820        10.08
      1.4830        10.11
      1.4840        10.09
      1.4850        10.04
      1.4860        10.07
      1.4870        10.09
      1.4880        10.23
      1.4890        10.24
      1.4900        10.24
      1.4910        10.31
      1.4920        10.31
      1.4930        10.42
      1.4940        10.56
      1.4950        10.66
      1.4960        10.87
      1.4970        11.02
      1.4980        11.14
      1.4990        11.10
      1.5000        11.34
      1.5010        11.49
      1.5020        11.68
      1.5030        11.72
      1.5040        11.86
      1.5050        11.97
      1.5060        12.07
      1.5070        12.25
      1.5080        12.40
      1.5090        12.60
      1.5100        12.68
      1.5110        12.77
      1.5120        12.92
      1.5130        13.03
      1.5140        13.12
      1.5150        13.16
      1.5160        13.24
      1.5170        13.35
      1.5180        13.37
      1.5190        13.53
      1.5200        13.55
      1.5210        13.72
      1.5220        13.76
      1.5230        13.81
      1.5240        13.91
      1.5250        14.09
      1.5260        14.13
      1.5270        14.24
      1.5280        14.28
      1.5290        14.28
      1.5300        14.40
      1.5310        14.34
      1.5320        14.29
      1.5330        14.38
      1.5340        14.41
      1.5350        14.53
      1.5360        14.59
      1.5370        14.55
      1.5380        14.60
      1.5390        14.64
      1.5400        14.68
      1.5410        14.57
      1.5420        14.59
      1.5430        14.66
      1.5440        14.70
      1.5450        14.67
      1.5460        14.66
      1.5470        14.68
      1.5480        14.76
      1.5490        14.87
      1.5500        14.90
      1.5510        15.13
      1.5520        15.24
      1.5530        15.26
      1.5540        15.28
      1.5550        15.32
      1.5560        15.33
      1.5570        15.45
      1.5580        15.37
      1.5590        15.45
      1.5600        15.56
      1.5610        15.74
      1.5620        15.82
      1.5630        15.96
      1.5640        16.01
      1.5650        16.08
      1.5660        16.27
      1.5670        16.37
      1.5680        16.46
      1.5690        16.56
      1.5700        16.64
      1.5710        16.66
      1.5720        16.83
      1.5730        16.85
      1.5740        16.92
      1.5750        17.09
      1.5760        17.17
      1.5770        17.21
      1.5780        17.57
      1.5790        17.60
      1.5800        17.72
      1.5810        17.77
      1.5820        17.81
      1.5830        17.86
      1.5840        18.02
      1.5850        18.13
      1.5860        18.08
      1.5870        18.15
      1.5880        18.27
      1.5890        18.42
      1.5900        18.51
      1.5910        18.56
      1.5920        18.56
      1.5930        18.74
      1.5940        18.86
      1.5950        18.83
      1.5960        18.92
      1.5970        19.01
      1.5980        18.98
      1.5990        19.15
      1.6000        19.15
      1.6010        19.17
      1.6020        19.33
      1.6030        19.43
      1.6040        19.44
      1.6050        19.44
      1.6060        19.64
      1.6070        19.73
      1.6080        19.76
      1.6090        19.66
      1.6100        19.77
      1.6110        19.93
      1.6120        20.08
      1.6130        20.05
      1.6140        20.02
      1.6150        20.13
      1.6160        20.14
      1.6170        20.13
      1.6180        20.19
      1.6190        20.18
      1.6200        20.25
      1.6210        20.30
      1.6220        20.29
      1.6230        20.28
      1.6240        20.30
      1.6250        20.35
      1.6260        20.40
      1.6270        20.51
      1.6280        20.55
      1.6290        20.67
      1.6300        20.65
      1.6310        20.55
      1.6320        20.48
      1.6330        20.40
      1.6340        20.49
      1.6350        20.58
      1.6360        20.66
      1.6370        20.82
      1.6380        20.93
      1.6390        20.99
      1.6400        21.03
      1.6410        21.15
      1.6420        21.30
      1.6430        21.40
      1.6440        21.47
      1.6450        21.66
      1.6460        21.63
      1.6470        21.70
      1.6480        21.74
      1.6490        21.64
      1.6500        21.74
      1.6510        21.87
      1.6520        21.99
      1.6530        22.29
      1.6540        22.41
      1.6550        22.28
      1.6560        22.37
      1.6570        22.36
      1.6580        22.45
      1.6590        22.52
      1.6600        22.64
      1.6610        22.58
      1.6620        22.52
      1.6630        22.53
      1.6640        22.65
      1.6650        22.65
      1.6660        22.69
      1.6670        22.57
      1.6680        22.65
      1.6690        22.87
      1.6700        22.95
      1.6710        22.97
      1.6720        23.10
      1.6730        23.11
      1.6740        23.18
      1.6750        23.39
      1.6760        23.41
      1.6770        23.40
      1.6780        23.36
      1.6790        23.30
      1.6800        23.27
      1.6810        23.34
      1.6820        23.44
      1.6830        23.51
      1.6840        23.47
      1.6850        23.38
      1.6860        23.40
      1.6870        23.49
      1.6880        23.40
      1.6890        23.44
      1.6900        23.46
      1.6910        23.46
      1.6920        23.42
      1.6930        23.38
      1.6940        23.40
      1.6950        23.42
      1.6960        23.38
      1.6970        23.59
      1.6980        23.56
      1.6990        23.65
      1.7000        23.77
      1.7010        23.85
      1.7020        24.03
      1.7030        23.99
      1.7040        24.04
      1.7050        24.24
      1.7060        24.33
      1.7070        24.28
      1.7080        24.34
      1.7090        24.28
      1.7100        24.28
      1.7110        24.26
      1.7120        24.32
      1.7130        24.37
      1.7140        24.38
      1.7150        24.32
      1.7160        24.38
      1.7170        24.32
      1.7180        24.29
      1.7190        24.33
      1.7200        24.27
      1.7210        24.31
      1.7220        24.19
      1.7230        24.25
      1.7240        24.25
      1.7250        24.25
      1.7260        24.28
      1.7270        24.31
      1.7280        24.38
      1.7290        24.37
      1.7300        24.38
      1.7310        24.50
      1.7320        24.40
      1.7330        24.37
      1.7340        24.44
      1.7350        24.48
      1.7360        24.61
      1.7370        24.63
      1.7380        24.72
      1.7390        24.67
      1.7400        24.74
      1.7410        24.62
      1.7420        24.65
      1.7430        24.55
      1.7440        24.54
      1.7450        24.35
      1.7460        24.28
      1.7470        24.38
      1.7480        24.39
      1.7490        24.49
      1.7500        24.59
      1.7510        24.58
      1.7520        24.70
      1.7530        24.73
      1.7540        24.66
      1.7550        24.70
      1.7560        24.56
      1.7570        24.59
      1.7580        24.51
      1.7590        24.61
      1.7600        24.65
      1.7610        24.73
      1.7620        24.75
      1.7630        24.87
      1.7640        24.92
      1.7650        25.12
      1.7660        25.14
      1.7670        25.20
      1.7680        25.17
      1.7690        25.20
      1.7700        25.17
      1.7710        25.16
      1.7720        25.19
      1.7730        25.20
      1.7740        25.21
      1.7750        25.16
      1.7760        25.23
      1.7770        25.32
      1.7780        25.46
      1.7790        25.47
      1.7800        25.43
      1.7810        25.54
      1.7820        25.55
      1.7830        25.56
      1.7840        25.67
      1.7850        25.60
      1.7860        25.72
      1.7870        25.70
      1.7880        25.72
      1.7890        25.60
      1.7900        25.55
      1.7910        25.56
      1.7920        25.47
      1.7930        25.51
      1.7940        25.44
      1.7950        25.56
      1.7960        25.54
      1.7970        25.49
      1.7980        25.48
      1.7990        25.39
      1.8000        25.36
      1.8010        25.39
      1.8020        25.34
      1.8030        25.40
      1.8040        25.36
      1.8050        25.51
      1.8060        25.51
      1.8070        25.60
      1.8080        25.58
      1.8090        25.66
      1.8100        25.79
      1.8110        25.83
      1.8120        25.84
      1.8130        25.83
      1.8140        25.92
      1.8150        25.86
      1.8160        25.87
      1.8170        25.80
      1.8180        25.79
      1.8190        25.87
      1.8200        26.00
      1.8210        25.95
      1.8220        26.09
      1.8230        26.13
      1.8240        26.03
      1.8250        25.96
      1.8260        25.85
      1.8270        25.80
      1.8280        25.83
      1.8290        25.78
      1.8300        25.72
      1.8310        25.81
      1.8320        25.95
      1.8330        25.92
      1.8340        25.88
      1.8350        25.95
      1.8360        25.96
      1.8370        25.99
      1.8380        26.08
      1.8390        26.07
      1.8400        25.99
      1.8410        26.00
      1.8420        25.99
      1.8430        25.89
      1.8440        26.06
      1.8450        26.11
      1.8460        26.20
      1.8470        26.16
      1.8480        26.22
      1.8490        26.30
      1.8500        26.24
      1.8510        26.23
      1.8520        26.26
      1.8530        26.26
      1.8540        26.35
      1.8550        26.30
      1.8560        26.32
      1.8570        26.33
      1.8580        26.33
      1.8590        26.37
      1.8600        26.51
      1.8610        26.57
      1.8620        26.50
      1.8630        26.50
      1.8640        26.43
      1.8650        26.35
      1.8660        26.28
      1.8670        26.24
      1.8680        26.26
      1.8690        26.30
      1.8700        26.40
      1.8710        26.35
      1.8720        26.39
      1.8730        26.34
      1.8740        26.32
      1.8750        26.50
      1.8760        26.59
      1.8770        26.64
      1.8780        26.66
      1.8790        26.66
      1.8800        26.56
      1.8810        26.75
      1.8820        26.70
      1.8830        26.80
      1.8840        26.90
      1.8850        27.03
      1.8860        27.18
      1.8870        27.11
      1.8880        27.06
      1.8890        27.12
      1.8900        27.10
      1.8910        27.06
      1.8920        26.92
      1.8930        26.98
      1.8940        26.86
      1.8950        26.81
      1.8960        26.80
      1.8970        26.71
      1.8980        26.68
      1.8990        26.59
      1.9000        26.65
      1.9010        26.48
      1.9020        26.61
      1.9030        26.44
      1.9040        26.36
      1.9050        26.26
      1.9060        26.31
      1.9070        26.49
      1.9080        26.64
      1.9090        26.66
      1.9100        26.66
      1.9110        26.72
      1.9120        26.81
      1.9130        26.81
      1.9140        26.97
      1.9150        26.88
      1.9160        26.76
      1.9170        26.83
      1.9180        26.87
      1.9190        26.95
      1.9200        26.97
      1.9210        26.98
      1.9220        27.09
      1.9230        27.13
      1.9240        27.17
      1.9250        27.18
      1.9260        27.05
      1.9270        26.91
      1.9280        26.71
      1.9290        26.73
      1.9300        26.74
      1.9310        26.68
      1.9320        26.64
      1.9330        26.76
      1.9340        26.76
      1.9350        26.86
      1.9360        26.92
      1.9370        26.98
      1.9380        26.96
      1.9390        26.92
      1.9400        26.78
      1.9410        26.67
      1.9420        26.55
      1.9430        26.55
      1.9440        26.48
      1.9450        26.44
      1.9460        26.49
      1.9470        26.71
      1.9480        26.77
      1.9490        26.72
      1.9500        26.73
      1.9510        26.92
      1.9520        26.96
      1.9530        26.85
      1.9540        26.85
      1.9550        26.88
      1.9560        26.84
      1.9570        26.82
      1.9580        26.81
      1.9590        26.92
      1.9600        27.04
      1.9610        26.98
      1.9620        26.93
      1.9630        27.12
      1.9640        27.20
      1.9650        27.28
      1.9660        27.33
      1.9670        27.13
      1.9680        27.17
      1.9690        27.05
      1.9700        27.13
      1.9710        27.02
      1.9720        26.97
      1.9730        27.01
      1.9740        27.02
      1.9750        26.93
      1.9760        26.93
      1.9770        26.89
      1.9780        26.91
      1.9790        26.89
      1.9800        26.87
      1.9810        27.06
      1.9820        26.98
      1.9830        26.87
      1.9840        26.93
      1.9850        26.94
      1.9860        26.90
      1.9870        26.92
      1.9880        26.96
      1.9890        27.16
      1.9900        27.05
      1.9910        27.02
      1.9920        27.07
      1.9930        27.10
      1.9940        27.04
      1.9950        27.06
      1.9960        27.24
      1.9970        27.30
      1.9980        27.36
      1.9990        27.36
      2.0000        27.33
      2.0010        27.24
      2.0020        27.36
      2.0030        27.22
      2.0040        27.14
      2.0050        27.20
      2.0060        27.22
      2.0070        27.30
      2.0080        27.32
      2.0090        27.22
      2.0100        27.36
      2.0110        27.37
      2.0120        27.34
      2.0130        27.25
      2.0140        27.27
      2.0150        27.26
      2.0160        27.22
      2.0170        27.23
      2.0180        27.31
      2.0190        27.32
      2.0200        27.44
      2.0210        27.52
      2.0220        27.50
      2.0230        27.67
      2.0240        27.60
      2.0250        27.67
      2.0260        27.76
      2.0270        27.79
      2.0280        27.75
      2.0290        27.76
      2.0300        27.67
      2.0310        27.65
      2.0320        27.58
      2.0330        27.71
      2.0340        27.73
      2.0350        27.70
      2.0360        27.66
      2.0370        27.62
      2.0380        27.56
      2.0390        27.64
      2.0400        27.48
      2.0410        27.42
      2.0420        27.53
      2.0430        27.54
      2.0440        27.61
      2.0450        27.50
      2.0460        27.45
      2.0470        27.49
      2.0480        27.53
      2.0490        27.53
      2.0500        27.53
      2.0510        27.65
      2.0520        27.80
      2.0530        27.79
      2.0540        27.83
      2.0550        27.93
      2.0560        27.87
      2.0570        27.85
      2.0580        27.87
      2.0590        27.90
      2.0600        27.93
      2.0610        27.90
      2.0620        27.90
      2.0630        27.86
      2.0640        27.85
      2.0650        27.84
      2.0660        27.72
      2.0670        27.69
      2.0680        27.69
      2.0690        27.66
      2.0700        27.68
      2.0710        27.72
      2.0720        27.73
      2.0730        27.74
      2.0740        27.72
      2.0750        27.73
      2.0760        27.73
      2.0770        27.78
      2.0780        27.80
      2.0790        27.74
      2.0800        27.87
      2.0810        27.92
      2.0820        27.88
      2.0830        27.84
      2.0840        27.83
      2.0850        27.86
      2.0860        27.87
      2.0870        27.90
      2.0880        27.85
      2.0890        27.87
      2.0900        27.86
      2.0910        27.74
      2.0920        27.74
      2.0930        27.68
      2.0940        27.70
      2.0950        27.70
      2.0960        27.78
      2.0970        27.81
      2.0980        27.77
      2.0990        27.72
      2.1000        27.60
      2.1010        27.76
      2.1020        27.70
      2.1030        27.74
      2.1040        27.78
      2.1050        27.74
      2.1060        27.78
      2.1070        27.72
      2.1080        27.78
      2.1090        27.84
      2.1100        27.88
      2.1110        27.99
      2.1120        27.96
      2.1130        28.04
      2.1140        28.18
      2.1150        28.16
      2.1160        28.15
      2.1170        28.17
      2.1180        28.14
      2.1190        28.07
      2.1200        28.12
      2.1210        28.05
      2.1220        28.09
      2.1230        28.07
      2.1240        28.03
      2.1250        28.17
      2.1260        28.22
      2.1270        28.16
      2.1280        28.10
      2.1290        28.12
      2.1300        28.12
      2.1310        28.01
      2.1320        28.00
      2.1330        28.02
      2.1340        27.78
      2.1350        27.78
      2.1360        27.74
      2.1370        27.77
      2.1380        27.79
      2.1390        27.91
      2.1400        27.97
      2.1410        27.91
      2.1420        28.01
      2.1430        27.98
      2.1440        28.03
      2.1450        27.90
      2.1460        27.78
      2.1470        27.87
      2.1480        27.94
      2.1490        27.93
      2.1500        27.86
      2.1510        27.87
      2.1520        27.75
      2.1530        27.68
      2.1540        27.81
      2.1550        27.78
      2.1560        27.78
      2.1570        27.52
      2.1580        27.57
      2.1590        27.49
      2.1600        27.44
      2.1610        27.38
      2.1620        27.29
      2.1630        27.28
      2.1640        27.23
      2.1650        27.28
      2.1660        27.42
      2.1670        27.30
      2.1680        27.35
      2.1690        27.26
      2.1700        27.25
      2.1710        27.31
      2.1720        27.35
      2.1730        27.29
      2.1740        27.18
      2.1750        27.21
      2.1760        27.22
      2.1770        27.45
      2.1780        27.31
      2.1790        27.28
      2.1800        27.24
      2.1810        27.25
      2.1820        27.13
      2.1830        27.21
      2.1840        27.22
      2.1850        27.18
      2.1860        27.17
      2.1870        27.32
      2.1880        27.22
      2.1890        27.31
      2.1900        27.36
      2.1910        27.36
      2.1920        27.44
      2.1930        27.45
      2.1940        27.58
      2.1950        27.50
      2.1960        27.40
      2.1970        27.26
      2.1980        27.28
      2.1990        27.41
      2.2000        27.34
      2.2010        27.38
      2.2020        27.46
      2.2030        27.37
      2.2040        27.30
      2.2050        27.30
      2.2060        27.21
      2.2070        27.14
      2.2080        27.18
      2.2090        27.14
      2.2100        27.04
      2.2110        26.94
      2.2120        26.93
      2.2130        27.00
      2.2140        26.84
      2.2150        26.86
      2.2160        26.93
      2.2170        26.89
      2.2180        27.00
      2.2190        26.82
      2.2200        26.90
      2.2210        26.95
      2.2220        27.03
      2.2230        27.02
      2.2240        27.12
      2.2250        27.10
      2.2260        27.24
      2.2270        27.23
      2.2280        27.20
      2.2290        27.22
      2.2300        27.36
      2.2310        27.32
      2.2320        27.29
      2.2330        27.22
      2.2340        27.35
      2.2350        27.30
      2.2360        27.14
      2.2370        27.18
      2.2380        27.05
      2.2390        27.21
      2.2400        27.09
      2.2410        26.98
      2.2420        26.85
      2.2430        26.85
      2.2440        26.77
      2.2450        26.78
      2.2460        26.54
      2.2470        26.48
      2.2480        26.50
      2.2490        26.38
      2.2500        26.23
      2.2510        26.14
      2.2520        26.15
      2.2530        26.12
      2.2540        26.00
      2.2550        26.01
      2.2560        26.12
      2.2570        26.17
      2.2580        26.10
      2.2590        26.01
      2.2600        26.00
      2.2610        25.92
      2.2620        25.92
      2.2630        25.84
      2.2640        25.77
      2.2650        25.72
      2.2660        25.85
      2.2670        25.89
      2.2680        25.74
      2.2690        25.74
      2.2700        25.73
      2.2710        25.71
      2.2720        25.69
      2.2730        25.69
      2.2740        25.65
      2.2750        25.63
      2.2760        25.63
      2.2770        25.61
      2.2780        25.69
      2.2790        25.62
      2.2800        25.70
      2.2810        25.72
      2.2820        25.70
      2.2830        25.68
      2.2840        25.75
      2.2850        25.72
      2.2860        25.64
      2.2870        25.66
      2.2880        25.72
      2.2890        25.72
      2.2900        25.65
      2.2910        25.74
      2.2920        25.65
      2.2930        25.62
      2.2940        25.52
      2.2950        25.45
      2.2960        25.43
      2.2970        25.28
      2.2980        25.13
      2.2990        25.08
      2.3000        25.00
      2.3010        24.95
      2.3020        24.91
      2.3030        25.00
      2.3040        24.80
      2.3050        24.76
      2.3060        24.72
      2.3070        24.54
      2.3080        24.42
      2.3090        24.40
      2.3100        24.52
      2.3110        24.38
      2.3120        24.29
      2.3130        24.27
      2.3140        24.30
      2.3150        24.30
      2.3160        24.23
      2.3170        24.29
      2.3180        24.30
      2.3190        24.38
      2.3200        24.27
      2.3210        24.27
      2.3220        24.10
      2.3230        23.89
      2.3240        24.01
      2.3250        23.85
      2.3260        23.69
      2.3270        23.62
      2.3280        23.58
      2.3290        23.46
      2.3300        23.25
      2.3310        23.14
      2.3320        23.10
      2.3330        23.03
      2.3340        23.01
      2.3350        22.96
      2.3360        22.98
      2.3370        22.92
      2.3380        22.86
      2.3390        22.77
      2.3400        22.83
      2.3410        22.83
      2.3420        22.90
      2.3430        22.94
      2.3440        22.78
      2.3450        22.86
      2.3460        22.94
      2.3470        22.95
      2.3480        22.91
      2.3490        22.87
      2.3500        22.82
      2.3510        22.78
      2.3520        22.78
      2.3530        22.67
      2.3540        22.58
      2.3550        22.44
      2.3560        22.23
      2.3570        22.21
      2.3580        22.22
      2.3590        22.15
      2.3600        22.02
      2.3610        21.89
      2.3620        21.82
      2.3630        21.75
      2.3640        21.87
      2.3650        21.75
      2.3660        21.63
      2.3670        21.45
      2.3680        21.49
      2.3690        21.40
      2.3700        21.45
      2.3710        21.43
      2.3720        21.30
      2.3730        21.30
      2.3740        21.26
      2.3750        21.18
      2.3760        21.14
      2.3770        20.95
      2.3780        20.78
      2.3790        20.66
      2.3800        20.59
      2.3810        20.41
      2.3820        20.34
      2.3830        20.24
      2.3840        20.09
      2.3850        20.08
      2.3860        19.98
      2.3870        20.06
      2.3880        19.94
      2.3890        19.89
      2.3900        19.69
      2.3910        19.72
      2.3920        19.72
      2.3930        19.61
      2.3940        19.56
      2.3950        19.55
      2.3960        19.56
      2.3970        19.60
      2.3980        19.61
      2.3990        19.53
      2.4000        19.54
      2.4010        19.57
      2.4020        19.51
      2.4030        19.45
      2.4040        19.37
      2.4050        19.14
      2.4060        19.13
      2.4070        19.09
      2.4080        19.09
      2.4090        19.04
      2.4100        18.92
      2.4110        18.74
      2.4120        18.64
      2.4130        18.54
      2.4140        18.41
      2.4150        18.29
      2.4160        18.21
      2.4170        18.11
      2.4180        17.99
      2.4190        17.99
      2.4200        17.83
      2.4210        17.68
      2.4220        17.54
      2.4230        17.60
      2.4240        17.43
      2.4250        17.46
      2.4260        17.23
      2.4270        17.11
      2.4280        16.92
      2.4290        16.80
      2.4300        16.89
      2.4310        16.77
      2.4320        16.65
      2.4330        16.55
      2.4340        16.61
      2.4350        16.61
      2.4360        16.51
      2.4370        16.34
      2.4380        16.29
      2.4390        16.08
      2.4400        16.02
      2.4410        16.05
      2.4420        15.94
      2.4430        15.76
      2.4440        15.61
      2.4450        15.53
      2.4460        15.55
      2.4470        15.29
      2.4480        15.23
      2.4490        15.17
      2.4500        15.01
      2.4510        14.87
      2.4520        14.78
      2.4530        14.83
      2.4540        14.70
      2.4550        14.57
      2.4560        14.50
      2.4570        14.36
      2.4580        14.29
      2.4590        14.31
      2.4600        14.21
      2.4610        14.21
      2.4620        14.25
      2.4630        14.31
      2.4640        14.24
      2.4650        14.28
      2.4660        14.21
      2.4670        14.27
      2.4680        14.12
      2.4690        14.05
      2.4700        13.99
      2.4710        14.04
      2.4720        14.08
      2.4730        13.90
      2.4740        13.84
      2.4750        13.75
      2.4760        13.69
      2.4770        13.74
      2.4780        13.52
      2.4790        13.46
      2.4800        13.35
      2.4810        13.15
      2.4820        12.84
      2.4830        12.67
      2.4840        12.69
      2.4850        12.52
      2.4860        12.44
      2.4870        12.48
      2.4880        12.42
      2.4890        12.33
      2.4900        12.26
      2.4910        12.18
      2.4920        12.01
      2.4930        11.90
      2.4940        11.84
      2.4950        11.78
      2.4960        11.68
      2.4970        11.68
      2.4980        11.67
      2.4990        11.56
      2.5000        11.50
      2.5010        11.36
      2.5020        11.50
      2.5030        11.26
      2.5040        11.13
      2.5050        10.96
      2.5060        10.80
      2.5070        10.74
      2.5080        10.63
      2.5090        10.55
      2.5100        10.47
      2.5110        10.42
      2.5120        10.38
      2.5130        10.38
      2.5140        10.23
      2.5150        10.02
      2.5160         9.85
      2.5170         9.70
      2.5180         9.58
      2.5190         9.48
      2.5200         9.39
      2.5210         9.39
      2.5220         9.26
      2.5230         9.27
      2.5240         9.23
      2.5250         9.11
      2.5260         9.04
      2.5270         8.78
      2.5280         8.72
      2.5290         8.74
      2.5300         8.63
      2.5310         8.47
      2.5320         8.23
      2.5330         8.02
      2.5340         7.86
      2.5350         7.83
      2.5360         7.77
      2.5370         7.70
      2.5380         7.64
      2.5390         7.60
      2.5400         7.47
      2.5410         7.38
      2.5420         7.24
      2.5430         7.18
      2.5440         7.03
      2.5450         7.06
      2.5460         7.03
      2.5470         6.96
      2.5480         6.75
      2.5490         6.53
      2.5500         6.40
      2.5510         6.24
      2.5520         6.25
      2.5530         6.13
      2.5540         6.04
      2.5550         6.01
      2.5560         5.97
      2.5570         5.88
      2.5580         5.83
      2.5590         5.68
      2.5600         5.62
      2.5610         5.47
      2.5620         5.40
      2.5630         5.25
      2.5640         5.10
      2.5650         4.97
      2.5660         4.71
      2.5670         4.70
      2.5680         4.62
      2.5690         4.58
      2.5700         4.54
      2.5710         4.50
      2.5720         4.44
      2.5730         4.45
      2.5740         4.38
      2.5750         4.30
      2.5760         3.68
      2.5770         3.62
      2.5780         3.48
      2.5790         3.43
      2.5800         3.34
      2.5810         3.11
      2.5820         3.02
      2.5830         2.93
      2.5840         2.93
      2.5850         2.91
      2.5860         3.36
      2.5870         2.63
      2.5880         3.03
      2.5890         2.89
      2.5900         2.26
      2.5910         2.69
      2.5920         2.56
      2.5930         2.46
      2.5940         2.36
      2.5950         1.73
      2.5960         2.16
      2.5970         2.15
      2.5980         1.70
      2.5990         1.66
      2.6000         1.63
      2.6010         1.15
      2.6020         1.21
      2.6030         1.27
      2.6040         1.20
      2.6050         1.00
      2.6060         1.00
      2.6070         1.12
      2.6080         1.17
      2.6090         1.16
      2.6100         1.17
      2.6110         1.19
      2.6120         1.19
      2.6130         1.15
      2.6140         1.08
      2.6150         1.00
      2.6160         1.00
      2.6170         1.00
      2.6180         1.00
      2.6190         1.00
      2.6200         1.00
      2.6210         1.00
      2.6220         1.00
      2.6230         1.00
      2.6240         1.00
      2.6250         1.00
      2.6260         1.00
      2.6270         1.00
      2.6280         1.00
      2.6290         1.00
      2.6300         1.00
      2.6310         1.00
      2.6320         1.00
      2.6330         1.00
      2.6340         1.00
      2.6350         1.00
      2.6360         1.00
      2.6370         1.00
      2.6380         1.00
      2.6390         1.00
      2.6400         1.00
      2.6410         1.00
      2.6420         1.00
      2.6430         1.00
      2.6440         1.00
      2.6450         1.00
      2.6460         1.00
      2.6470         1.00
      2.6480         1.00
      2.6490         1.00
      2.6500         1.00
      2.6510         1.00
      2.6520         1.00
      2.6530         1.00
      2.6540         1.00
      2.6550         1.00
      2.6560         1.00
      2.6570         1.00
      2.6580         1.00
      2.6590         1.00
      2.6600         1.00
      2.6610         1.00
      2.6620         1.00
      2.6630         1.00
      2.6640         1.00
      2.6650         1.00
      2.6660         1.00
      2.6670         1.00
      2.6680         1.00
      2.6690         1.00
      2.6700         1.00
      2.6710         1.00
      2.6720         1.00
      2.6730         1.00
      2.6740         1.00
      2.6750         1.00
      2.6760         1.00
      2.6770         1.00
      2.6780         1.00
      2.6790         1.00
      2.6800         1.00
      2.6810         1.00
      2.6820         1.00
      2.6830         1.00
      2.6840         1.00
      2.6850         1.00
      2.6860         1.00
      2.6870         1.00
      2.6880         1.00
      2.6890         1.00
      2.6900         1.00
      2.6910         1.00
      2.6920         1.00
      2.6930         1.00
      2.6940         1.00
      2.6950         1.00
      2.6960         1.00
      2.6970         1.00
      2.6980         1.00
      2.6990         1.00
      2.7000         1.00
      2.7010         1.00
      2.7020         1.00
      2.7030         1.00
      2.7040         1.00
      2.7050         1.00
      2.7060         1.00
      2.7070         1.00
      2.7080         1.00
      2.7090         1.00
      2.7100         1.00
      2.7110         1.00
      2.7120         1.00
      2.7130         1.00
      2.7140         1.00
      2.7150         1.00
      2.7160         1.00
      2.7170         1.00
      2.7180         1.00
      2.7190         1.00
      2.7200         1.00
      2.7210         1.00
      2.7220         1.00
      2.7230         1.00
      2.7240         1.00
      2.7250         1.00
      2.7260         1.00
      2.7270         1.00
      2.7280         1.00
      2.7290         1.00
      2.7300         1.00
      2.7310         1.00
      2.7320         1.00
      2.7330         1.00
      2.7340         1.00
      2.7350         1.00
      2.7360         1.00
      2.7370         1.00
      2.7380         1.00
      2.7390         1.00
      2.7400         1.00
      2.7410         1.00
      2.7420         1.00
      2.7430         1.00
      2.7440         1.00
      2.7450         1.00
      2.7460         1.00
      2.7470         1.00
      2.7480         1.00
      2.7490         1.00
      2.7500         1.00
      2.7510         1.00
      2.7520         1.00
      2.7530         1.00
      2.7540         1.00
      2.7550         1.00
      2.7560         1.00
      2.7570         1.00
      2.7580         1.00
      2.7590         1.00
      2.7600         1.00
      2.7610         1.00
      2.7620         1.00
      2.7630         1.00
      2.7640         1.00
      2.7650         1.00
      2.7660         1.00
      2.7670         1.00
      2.7680         1.00
      2.7690         1.00
      2.7700         1.00
      2.7710         1.00
      2.7720         1.00
      2.7730         1.00
      2.7740         1.00
      2.7750         1.00
      2.7760         1.00
      2.7770         1.00
      2.7780         1.00
      2.7790         1.00
      2.7800         1.00
      2.7810         1.00
      2.7820         1.00
      2.7830         1.00
      2.7840         1.00
      2.7850         1.00
      2.7860         1.00
      2.7870         1.00
      2.7880         1.00
      2.7890         1.00
      2.7900         1.00
      2.7910         1.00
      2.7920         1.00
      2.7930         1.00
      2.7940         1.00
      2.7950         1.00
      2.7960         1.00
      2.7970         1.00
      2.7980         1.00
      2.7990         1.00
      2.8000         1.00
      2.8010         1.00
      2.8020         1.00
      2.8030         1.00
      2.8040         1.00
      2.8050         1.00
      2.8060         1.00
      2.8070         1.00
      2.8080         1.00
      2.8090         1.00
      2.8100         1.00
      2.8110         1.00
      2.8120         1.00
      2.8130         1.00
      2.8140         1.00
      2.8150         1.00
      2.8160         1.00
      2.8170         1.00
      2.8180         1.00
      2.8190         1.00
      2.8200         1.00
      2.8210         1.00
      2.8220         1.00
      2.8230         1.00
      2.8240         1.00
      2.8250         1.00
      2.8260         1.00
      2.8270         1.00
      2.8280         1.00
      2.8290         1.00
      2.8300         1.00
      2.8310         1.00
      2.8320         1.00
      2.8330         1.00
      2.8340         1.00
      2.8350         1.00
      2.8360         1.00
      2.8370         1.00
      2.8380         1.00
      2.8390         1.00
      2.8400         1.00
      2.8410         1.00
      2.8420         1.00
      2.8430         1.00
      2.8440         1.00
      2.8450         1.00
      2.8460         1.00
      2.8470         1.00
      2.8480         1.00
      2.8490         1.00
      2.8500         1.00
      2.8510         1.00
      2.8520         1.00
      2.8530         1.00
      2.8540         1.00
      2.8550         1.00
      2.8560         1.00
      2.8570         1.00
      2.8580         1.00
      2.8590         1.00
      2.8600         1.00
      2.8610         1.00
      2.8620         1.00
      2.8630         1.00
      2.8640         1.00
      2.8650         1.00
      2.8660         1.00
      2.8670         1.00
      2.8680         1.00
      2.8690         1.00
      2.8700         1.00
      2.8710         1.00
      2.8720         1.00
      2.8730         1.00
      2.8740         1.00
      2.8750         1.00
      2.8760         1.00
      2.8770         1.00
      2.8780         1.00
      2.8790         1.00
      2.8800         1.00
      2.8810         1.00
      2.8820         1.00
      2.8830         1.00
      2.8840         1.00
      2.8850         1.00
      2.8860         1.00
      2.8870         1.00
      2.8880         1.00
      2.8890         1.00
      2.8900         1.00
      2.8910         1.00
      2.8920         1.00
      2.8930         1.00
      2.8940         1.00
      2.8950         1.00
      2.8960         1.00
      2.8970         1.00
      2.8980         1.00
      2.8990         1.00
      2.9000         1.00
      2.9010         1.00
      2.9020         1.00
      2.9030         1.00
      2.9040         1.00
      2.9050         1.00
      2.9060         1.00
      2.9070         1.00
      2.9080         1.00
      2.9090         1.00
      2.9100         1.00
      2.9110         1.00
      2.9120         1.00
      2.9130         1.00
      2.9140         1.00
      2.9150         1.00
      2.9160         1.00
      2.9170         1.00
      2.9180         1.00
      2.9190         1.00
      2.9200         1.00
      2.9210         1.00
      2.9220         1.00
      2.9230         1.00
      2.9240         1.00
      2.9250         1.00
      2.9260         1.00
      2.9270         1.00
      2.9280         1.00
      2.9290         1.00
      2.9300         1.00
      2.9310         1.00
      2.9320         1.00
      2.9330         1.00
      2.9340         1.00
      2.9350         1.00
      2.9360         1.00
      2.9370         1.00
      2.9380         1.00
      2.9390         1.00
      2.9400         1.00
      2.9410         1.00
      2.9420         1.00
      2.9430         1.00
      2.9440         1.00
      2.9450         1.00
      2.9460         1.00
      2.9470         1.00
      2.9480         1.00
      2.9490         1.00
      2.9500         1.00
      2.9510         1.00
      2.9520         1.00
      2.9530         1.00
      2.9540         1.00
      2.9550         1.00
      2.9560         1.00
      2.9570         1.00
      2.9580         1.00
      2.9590         1.00
      2.9600         1.00
      2.9610         1.00
      2.9620         1.00
      2.9630         1.00
      2.9640         1.00
      2.9650         1.00
      2.9660         1.00
      2.9670         1.00
      2.9680         1.00
      2.9690         1.00
      2.9700         1.00
      2.9710         1.00
      2.9720         1.00
      2.9730         1.00
      2.9740         1.00
      2.9750         1.00
      2.9760         1.00
      2.9770         1.00
      2.9780         1.00
      2.9790         1.00
      2.9800         1.00
      2.9810         1.00
      2.9820         1.00
      2.9830         1.00
      2.9840         1.00
      2.9850         1.00
      2.9860         1.00
      2.9870         1.00
      2.9880         1.00
      2.9890         1.00
      2.9900         1.00
      2.9910         1.00
      2.9920         1.00
      2.9930         1.00
      2.9940         1.00
      2.9950         1.00
      2.9960         1.00
      2.9970         1.00
      2.9980         1.00
      2.9990         1.00
