        Time   Palpation Force
      0.0000         1.00
      0.0010         1.00
      0.0020         1.00
      0.0030         1.00
      0.0040         1.00
      0.0050         1.00
      0.0060         1.00
      0.0070         1.00
      0.0080         1.00
      0.0090         1.00
      0.0100         1.00
      0.0110         1.00
      0.0120         1.00
      0.0130         1.00
      0.0140         1.00
      0.0150         1.00
      0.0160         1.00
      0.0170         1.00
      0.0180         1.00
      0.0190         1.00
      0.0200         1.00
      0.0210         1.00
      0.0220         1.00
      0.0230         1.00
      0.0240         1.00
      0.0250         1.00
      0.0260         1.00
      0.0270         1.00
      0.0280         1.00
      0.0290         1.00
      0.0300         1.00
      0.0310         1.00
      0.0320         1.00
      0.0330         1.00
      0.0340         1.00
      0.0350         1.00
      0.0360         1.00
      0.0370         1.00
      0.0380         1.00
      0.0390         1.00
      0.0400         1.00
      0.0410         1.00
      0.0420         1.00
      0.0430         1.00
      0.0440         1.00
      0.0450         1.00
      0.0460         1.00
      0.0470         1.00
      0.0480         1.00
      0.0490         1.00
      0.0500         1.00
      0.0510         1.00
      0.0520         1.00
      0.0530         1.00
      0.0540         1.00
      0.0550         1.00
      0.0560         1.00
      0.0570         1.00
      0.0580         1.00
      0.0590         1.00
      0.0600         1.00
      0.0610         1.00
      0.0620         1.00
      0.0630         1.00
      0.0640         1.00
      0.0650         1.00
      0.0660         1.00
      0.0670         1.00
      0.0680         1.00
      0.0690         1.00
      0.0700         1.00
      0.0710         1.00
      0.0720         1.00
      0.0730         1.00
      0.0740         1.00
      0.0750         1.00
      0.0760         1.00
      0.0770         1.00
      0.0780         1.00
      0.0790         1.00
      0.0800         1.00
      0.0810         1.00
      0.0820         1.00
      0.0830         1.00
      0.0840         1.00
      0.0850         1.00
      0.0860         1.00
      0.0870         1.00
      0.0880         1.00
      0.0890         1.00
      0.0900         1.00
      0.0910         1.00
      0.0920         1.00
      0.0930         1.00
      0.0940         1.00
      0.0950         1.00
      0.0960         1.00
      0.0970         1.00
      0.0980         1.00
      0.0990         1.00
      0.1000         1.00
      0.1010         1.00
      0.1020         1.00
      0.1030         1.00
      0.1040         1.00
      0.1050         1.00
      0.1060         1.00
      0.1070         1.00
      0.1080         1.00
      0.1090         1.00
      0.1100         1.00
      0.1110         1.00
      0.1120         1.00
      0.1130         1.00
      0.1140         1.00
      0.1150         1.00
      0.1160         1.00
      0.1170         1.00
      0.1180         1.00
      0.1190         1.00
      0.1200         1.00
      0.1210         1.00
      0.1220         1.00
      0.1230         1.00
      0.1240         1.00
      0.1250         1.00
      0.1260         1.00
      0.1270         1.00
      0.1280         1.00
      0.1290         1.00
      0.1300         1.00
      0.1310         1.00
      0.1320         1.00
      0.1330         1.00
      0.1340         1.00
      0.1350         1.00
      0.1360         1.00
      0.1370         1.00
      0.1380         1.00
      0.1390         1.00
      0.1400         1.00
      0.1410         1.00
      0.1420         1.00
      0.1430         1.00
      0.1440         1.00
      0.1450         1.00
      0.1460         1.00
      0.1470         1.00
      0.1480         1.00
      0.1490         1.00
      0.1500         1.00
      0.1510         1.00
      0.1520         1.00
      0.1530         1.00
      0.1540         1.00
      0.1550         1.00
      0.1560         1.00
      0.1570         1.00
      0.1580         1.00
      0.1590         1.00
      0.1600         1.00
      0.1610         1.00
      0.1620         1.00
      0.1630         1.00
      0.1640         1.00
      0.1650         1.00
      0.1660         1.00
      0.1670         1.00
      0.1680         1.00
      0.1690         1.00
      0.1700         1.00
      0.1710         1.00
      0.1720         1.00
      0.1730         1.00
      0.1740         1.00
      0.1750         1.00
      0.1760         1.00
      0.1770         1.00
      0.1780         1.00
      0.1790         1.00
      0.1800         1.00
      0.1810         1.00
      0.1820         1.00
      0.1830         1.00
      0.1840         1.00
      0.1850         1.00
      0.1860         1.00
      0.1870         1.00
      0.1880         1.00
      0.1890         1.00
      0.1900         1.00
      0.1910         1.00
      0.1920         1.00
      0.1930         1.00
      0.1940         1.00
      0.1950         1.00
      0.1960         1.00
      0.1970         1.00
      0.1980         1.00
      0.1990         1.00
      0.2000         1.00
      0.2010         1.00
      0.2020         1.00
      0.2030         1.00
      0.2040         1.00
      0.2050         1.00
      0.2060         1.00
      0.2070         1.00
      0.2080         1.00
      0.2090         1.00
      0.2100         1.00
      0.2110         1.00
      0.2120         1.00
      0.2130         1.00
      0.2140         1.00
      0.2150         1.00
      0.2160         1.00
      0.2170         1.00
      0.2180         1.00
      0.2190         1.00
      0.2200         1.00
      0.2210         1.00
      0.2220         1.00
      0.2230         1.00
      0.2240         1.00
      0.2250         1.00
      0.2260         1.00
      0.2270         1.00
      0.2280         1.00
      0.2290         1.00
      0.2300         1.00
      0.2310         1.00
      0.2320         1.00
      0.2330         1.00
      0.2340         1.00
      0.2350         1.00
      0.2360         1.00
      0.2370         1.00
      0.2380         1.00
      0.2390         1.00
      0.2400         1.00
      0.2410         1.00
      0.2420         1.00
      0.2430         1.00
      0.2440         1.00
      0.2450         1.00
      0.2460         1.00
      0.2470         1.00
      0.2480         1.00
      0.2490         1.00
      0.2500         1.00
      0.2510         1.00
      0.2520         1.00
      0.2530         1.00
      0.2540         1.00
      0.2550         1.00
      0.2560         1.00
      0.2570         1.00
      0.2580         1.00
      0.2590         1.00
      0.2600         1.00
      0.2610         1.00
      0.2620         1.00
      0.2630         1.00
      0.2640         1.00
      0.2650         1.00
      0.2660         1.00
      0.2670         1.00
      0.2680         1.00
      0.2690         1.00
      0.2700         1.00
      0.2710         1.00
      0.2720         1.00
      0.2730         1.00
      0.2740         1.00
      0.2750         1.00
      0.2760         1.00
      0.2770         1.00
      0.2780         1.00
      0.2790         1.00
      0.2800         1.00
      0.2810         1.00
      0.2820         1.00
      0.2830         1.00
      0.2840         1.00
      0.2850         1.00
      0.2860         1.00
      0.2870         1.00
      0.2880         1.00
      0.2890         1.00
      0.2900         1.00
      0.2910         1.00
      0.2920         1.00
      0.2930         1.00
      0.2940         1.00
      0.2950         1.00
      0.2960         1.00
      0.2970         1.00
      0.2980         1.00
      0.2990         1.00
      0.3000         1.00
      0.3010         1.00
      0.3020         1.00
      0.3030         1.00
      0.3040         1.00
      0.3050         1.00
      0.3060         1.00
      0.3070         1.00
      0.3080         1.00
      0.3090         1.00
      0.3100         1.00
      0.3110         1.00
      0.3120         1.00
      0.3130         1.00
      0.3140         1.00
      0.3150         1.00
      0.3160         1.00
      0.3170         1.00
      0.3180         1.00
      0.3190         1.00
      0.3200         1.00
      0.3210         1.00
      0.3220         1.00
      0.3230         1.00
      0.3240         1.00
      0.3250         1.00
      0.3260         1.00
      0.3270         1.00
      0.3280         1.00
      0.3290         1.00
      0.3300         1.00
      0.3310         1.00
      0.3320         1.00
      0.3330         1.00
      0.3340         1.00
      0.3350         1.00
      0.3360         1.00
      0.3370         1.00
      0.3380         1.00
      0.3390         1.00
      0.3400         1.00
      0.3410         1.00
      0.3420         1.00
      0.3430         1.00
      0.3440         1.00
      0.3450         1.00
      0.3460         1.00
      0.3470         1.00
      0.3480         1.00
      0.3490         1.00
      0.3500         1.00
      0.3510         1.00
      0.3520         1.00
      0.3530         1.00
      0.3540         1.00
      0.3550         1.00
      0.3560         1.00
      0.3570         1.00
      0.3580         1.00
      0.3590         1.00
      0.3600         1.00
      0.3610         1.00
      0.3620         1.00
      0.3630         1.00
      0.3640         1.00
      0.3650         1.00
      0.3660         1.00
      0.3670         1.00
      0.3680         1.00
      0.3690         1.00
      0.3700         1.00
      0.3710         1.00
      0.3720         1.00
      0.3730         1.00
      0.3740         1.00
      0.3750         1.00
      0.3760         1.00
      0.3770         1.00
      0.3780         1.00
      0.3790         1.00
      0.3800         1.00
      0.3810         1.00
      0.3820         1.00
      0.3830         1.00
      0.3840         1.00
      0.3850         1.00
      0.3860         1.00
      0.3870         1.00
      0.3880         1.00
      0.3890         1.00
      0.3900         1.00
      0.3910         1.00
      0.3920         1.00
      0.3930         1.00
      0.3940         1.00
      0.3950         1.00
      0.3960         1.00
      0.3970         1.00
      0.3980         1.00
      0.3990         1.00
      0.4000         1.00
      0.4010         1.00
      0.4020         1.00
      0.4030         1.00
      0.4040         1.00
      0.4050         1.00
      0.4060         1.00
      0.4070         1.00
      0.4080         1.00
      0.4090         1.00
      0.4100         1.00
      0.4110         1.00
      0.4120         1.00
      0.4130         1.00
      0.4140         1.00
      0.4150         1.00
      0.4160         1.00
      0.4170         1.00
      0.4180         1.00
      0.4190         1.00
      0.4200         1.00
      0.4210         1.00
      0.4220         1.00
      0.4230         1.00
      0.4240         1.00
      0.4250         1.00
      0.4260         1.00
      0.4270         1.00
      0.4280         1.00
      0.4290         1.00
      0.4300         1.00
      0.4310         1.00
      0.4320         1.00
      0.4330         1.00
      0.4340         1.00
      0.4350         1.00
      0.4360         1.00
      0.4370         1.00
      0.4380         1.00
      0.4390         1.00
      0.4400         1.00
      0.4410         1.00
      0.4420         1.00
      0.4430         1.00
      0.4440         1.00
      0.4450         1.00
      0.4460         1.00
      0.4470         1.00
      0.4480         1.00
      0.4490         1.00
      0.4500         1.00
      0.4510         1.00
      0.4520         1.00
      0.4530         1.00
      0.4540         1.00
      0.4550         1.00
      0.4560         1.00
      0.4570         1.00
      0.4580         1.00
      0.4590         1.00
      0.4600         1.00
      0.4610         1.00
      0.4620         1.00
      0.4630         1.00
      0.4640         1.00
      0.4650         1.00
      0.4660         1.00
      0.4670         1.00
      0.4680         1.00
      0.4690         1.00
      0.4700         1.00
      0.4710         1.00
      0.4720         1.00
      0.4730         1.00
      0.4740         1.00
      0.4750         1.00
      0.4760         1.00
      0.4770         1.00
      0.4780         1.00
      0.4790         1.00
      0.4800         1.00
      0.4810         1.00
      0.4820         1.00
      0.4830         1.00
      0.4840         1.00
      0.4850         1.00
      0.4860         1.00
      0.4870         1.00
      0.4880         1.00
      0.4890         1.00
      0.4900         1.00
      0.4910         1.00
      0.4920         1.00
      0.4930         1.00
      0.4940         1.00
      0.4950         1.00
      0.4960         1.00
      0.4970         1.00
      0.4980         1.00
      0.4990         1.00
      0.5000         1.00
      0.5010         1.00
      0.5020         1.00
      0.5030         1.00
      0.5040         1.00
      0.5050         1.00
      0.5060         1.00
      0.5070         1.00
      0.5080         1.00
      0.5090         1.00
      0.5100         1.00
      0.5110         1.00
      0.5120         1.00
      0.5130         1.00
      0.5140         1.00
      0.5150         1.00
      0.5160         1.00
      0.5170         1.00
      0.5180         1.00
      0.5190         1.00
      0.5200         1.00
      0.5210         1.00
      0.5220         1.00
      0.5230         1.00
      0.5240         1.00
      0.5250         1.00
      0.5260         1.00
      0.5270         1.00
      0.5280         1.00
      0.5290         1.00
      0.5300         1.00
      0.5310         1.00
      0.5320         1.00
      0.5330         1.00
      0.5340         1.00
      0.5350         1.00
      0.5360         1.00
      0.5370         1.00
      0.5380         1.00
      0.5390         1.00
      0.5400         1.00
      0.5410         1.00
      0.5420         1.00
      0.5430         1.00
      0.5440         1.00
      0.5450         1.00
      0.5460         1.00
      0.5470         1.00
      0.5480         1.00
      0.5490         1.00
      0.5500         1.00
      0.5510         1.00
      0.5520         1.00
      0.5530         1.00
      0.5540         1.00
      0.5550         1.00
      0.5560         1.00
      0.5570         1.00
      0.5580         1.00
      0.5590         1.00
      0.5600         1.00
      0.5610         1.00
      0.5620         1.00
      0.5630         1.00
      0.5640         1.00
      0.5650         1.00
      0.5660         1.00
      0.5670         1.00
      0.5680         1.00
      0.5690         1.00
      0.5700         1.00
      0.5710         1.00
      0.5720         1.00
      0.5730         1.00
      0.5740         1.00
      0.5750         1.00
      0.5760         1.00
      0.5770         1.00
      0.5780         1.00
      0.5790         1.00
      0.5800         1.00
      0.5810         1.00
      0.5820         1.00
      0.5830         1.00
      0.5840         1.00
      0.5850         1.00
      0.5860         1.00
      0.5870         1.00
      0.5880         1.00
      0.5890         1.00
      0.5900         1.00
      0.5910         1.00
      0.5920         1.00
      0.5930         1.00
      0.5940         1.00
      0.5950         1.00
      0.5960         1.00
      0.5970         1.00
      0.5980         1.00
      0.5990         1.00
      0.6000         1.00
      0.6010         1.00
      0.6020         1.00
      0.6030         1.00
      0.6040         1.00
      0.6050         1.00
      0.6060         1.00
      0.6070         1.00
      0.6080         1.00
      0.6090         1.00
      0.6100         1.00
      0.6110         1.00
      0.6120         1.00
      0.6130         1.00
      0.6140         1.00
      0.6150         1.00
      0.6160         1.00
      0.6170         1.00
      0.6180         1.00
      0.6190         1.00
      0.6200         1.00
      0.6210         1.00
      0.6220         1.00
      0.6230         1.00
      0.6240         1.00
      0.6250         1.00
      0.6260         1.00
      0.6270         1.00
      0.6280         1.00
      0.6290         1.00
      0.6300         1.00
      0.6310         1.00
      0.6320         1.00
      0.6330         1.00
      0.6340         1.00
      0.6350         1.00
      0.6360         1.00
      0.6370         1.00
      0.6380         1.00
      0.6390         1.00
      0.6400         1.00
      0.6410         1.00
      0.6420         1.00
      0.6430         1.00
      0.6440         1.00
      0.6450         1.00
      0.6460         1.00
      0.6470         1.00
      0.6480         1.00
      0.6490         1.00
      0.6500         1.00
      0.6510         1.00
      0.6520         1.00
      0.6530         1.00
      0.6540         1.00
      0.6550         1.00
      0.6560         1.00
      0.6570         1.00
      0.6580         1.00
      0.6590         1.00
      0.6600         1.00
      0.6610         1.00
      0.6620         1.00
      0.6630         1.00
      0.6640         1.00
      0.6650         1.00
      0.6660         1.00
      0.6670         1.00
      0.6680         1.00
      0.6690         1.00
      0.6700         1.00
      0.6710         1.00
      0.6720         1.00
      0.6730         1.00
      0.6740         1.00
      0.6750         1.00
      0.6760         1.00
      0.6770         1.00
      0.6780         1.00
      0.6790         1.30
      0.6800         1.33
      0.6810         1.34
      0.6820         1.46
      0.6830         1.37
      0.6840         1.39
      0.6850         1.39
      0.6860         1.45
      0.6870         1.47
      0.6880         1.45
      0.6890         1.59
      0.6900         1.61
      0.6910         1.62
      0.6920         1.61
      0.6930         1.71
      0.6940         1.69
      0.6950         1.69
      0.6960         1.67
      0.6970         1.71
      0.6980         1.82
      0.6990         1.83
      0.7000         1.86
      0.7010         1.87
      0.7020         1.90
      0.7030         1.97
      0.7040         1.98
      0.7050         2.01
      0.7060         2.10
      0.7070         2.14
      0.7080         2.16
      0.7090         2.12
      0.7100         2.13
      0.7110         2.14
      0.7120         2.24
      0.7130         2.14
      0.7140         2.14
      0.7150         2.22
      0.7160         2.24
      0.7170         2.28
      0.7180         2.30
      0.7190         2.40
      0.7200         2.44
      0.7210         2.44
      0.7220         2.54
      0.7230         2.57
      0.7240         2.62
      0.7250         2.65
      0.7260         2.68
      0.7270         2.62
      0.7280         2.72
      0.7290         2.80
      0.7300         2.84
      0.7310         2.88
      0.7320         2.92
      0.7330         2.94
      0.7340         3.09
      0.7350         3.09
      0.7360         3.14
      0.7370         3.21
      0.7380         3.28
      0.7390         3.30
      0.7400         3.33
      0.7410         3.34
      0.7420         3.29
      0.7430         3.34
      0.7440         3.42
      0.7450         3.42
      0.7460         3.48
      0.7470         3.58
      0.7480         3.65
      0.7490         3.68
      0.7500         3.66
      0.7510         3.72
      0.7520         3.73
      0.7530         3.80
      0.7540         3.79
      0.7550         3.81
      0.7560         3.76
      0.7570         3.74
      0.7580         3.73
      0.7590         3.74
      0.7600         3.83
      0.7610         3.91
      0.7620         3.92
      0.7630         3.87
      0.7640         3.84
      0.7650         3.96
      0.7660         3.93
      0.7670         3.91
      0.7680         3.89
      0.7690         3.83
      0.7700         3.83
      0.7710         3.87
      0.7720         3.88
      0.7730         3.88
      0.7740         3.96
      0.7750         3.99
      0.7760         4.05
      0.7770         4.12
      0.7780         4.08
      0.7790         4.09
      0.7800         3.99
      0.7810         4.01
      0.7820         4.07
      0.7830         4.09
      0.7840         4.17
      0.7850         4.16
      0.7860         4.21
      0.7870         4.24
      0.7880         4.23
      0.7890         4.31
      0.7900         4.37
      0.7910         4.32
      0.7920         4.36
      0.7930         4.45
      0.7940         4.43
      0.7950         4.48
      0.7960         4.49
      0.7970         4.48
      0.7980         4.49
      0.7990         4.49
      0.8000         4.56
      0.8010         4.52
      0.8020         4.52
      0.8030         4.61
      0.8040         4.64
      0.8050         4.64
      0.8060         4.68
      0.8070         4.72
      0.8080         4.77
      0.8090         4.88
      0.8100         4.94
      0.8110         5.03
      0.8120         5.04
      0.8130         5.07
      0.8140         5.07
      0.8150         5.04
      0.8160         5.10
      0.8170         5.04
      0.8180         5.12
      0.8190         5.18
      0.8200         5.24
      0.8210         5.23
      0.8220         5.26
      0.8230         5.28
      0.8240         5.23
      0.8250         5.27
      0.8260         5.24
      0.8270         5.28
      0.8280         5.32
      0.8290         5.26
      0.8300         5.24
      0.8310         5.27
      0.8320         5.27
      0.8330         5.27
      0.8340         5.28
      0.8350         5.31
      0.8360         5.35
      0.8370         5.42
      0.8380         5.44
      0.8390         5.43
      0.8400         5.44
      0.8410         5.55
      0.8420         5.58
      0.8430         5.55
      0.8440         5.59
      0.8450         5.59
      0.8460         5.60
      0.8470         5.59
      0.8480         5.59
      0.8490         5.62
      0.8500         5.64
      0.8510         5.68
      0.8520         5.70
      0.8530         5.76
      0.8540         5.84
      0.8550         5.88
      0.8560         5.87
      0.8570         5.88
      0.8580         5.86
      0.8590         5.86
      0.8600         5.84
      0.8610         5.80
      0.8620         5.76
      0.8630         5.79
      0.8640         5.84
      0.8650         5.90
      0.8660         5.94
      0.8670         6.01
      0.8680         5.99
      0.8690         5.99
      0.8700         5.96
      0.8710         5.90
      0.8720         5.97
      0.8730         5.90
      0.8740         5.87
      0.8750         5.87
      0.8760         5.87
      0.8770         5.90
      0.8780         5.88
      0.8790         5.90
      0.8800         5.99
      0.8810         6.03
      0.8820         6.06
      0.8830         6.14
      0.8840         6.10
      0.8850         6.11
      0.8860         6.07
      0.8870         6.11
      0.8880         6.15
      0.8890         6.17
      0.8900         6.23
      0.8910         6.27
      0.8920         6.22
      0.8930         6.25
      0.8940         6.23
      0.8950         6.30
      0.8960         6.35
      0.8970         6.35
      0.8980         6.38
      0.8990         6.41
      0.9000         6.38
      0.9010         6.41
      0.9020         6.45
      0.9030         6.41
      0.9040         6.42
      0.9050         6.41
      0.9060         6.47
      0.9070         6.47
      0.9080         6.46
      0.9090         6.51
      0.9100         6.51
      0.9110         6.57
      0.9120         6.61
      0.9130         6.66
      0.9140         6.70
      0.9150         6.70
      0.9160         6.74
      0.9170         6.74
      0.9180         6.71
      0.9190         6.67
      0.9200         6.62
      0.9210         6.57
      0.9220         6.57
      0.9230         6.57
      0.9240         6.61
      0.9250         6.65
      0.9260         6.73
      0.9270         6.71
      0.9280         6.71
      0.9290         6.73
      0.9300         6.71
      0.9310         6.71
      0.9320         6.73
      0.9330         6.73
      0.9340         6.73
      0.9350         6.71
      0.9360         6.71
      0.9370         6.75
      0.9380         6.81
      0.9390         6.86
      0.9400         6.94
      0.9410         7.03
      0.9420         7.06
      0.9430         7.06
      0.9440         7.07
      0.9450         7.02
      0.9460         6.99
      0.9470         7.01
      0.9480         7.10
      0.9490         7.14
      0.9500         7.18
      0.9510         7.14
      0.9520         7.11
      0.9530         7.06
      0.9540         7.06
      0.9550         7.06
      0.9560         7.07
      0.9570         7.06
      0.9580         7.06
      0.9590         7.09
      0.9600         7.17
      0.9610         7.14
      0.9620         7.13
      0.9630         7.11
      0.9640         7.09
      0.9650         7.18
      0.9660         7.17
      0.9670         7.17
      0.9680         7.10
      0.9690         7.03
      0.9700         7.03
      0.9710         7.10
      0.9720         7.15
      0.9730         7.17
      0.9740         7.18
      0.9750         7.26
      0.9760         7.27
      0.9770         7.27
      0.9780         7.29
      0.9790         7.30
      0.9800         7.17
      0.9810         7.15
      0.9820         7.17
      0.9830         7.22
      0.9840         7.22
      0.9850         7.21
      0.9860         7.22
      0.9870         7.22
      0.9880         7.26
      0.9890         7.30
      0.9900         7.32
      0.9910         7.24
      0.9920         7.29
      0.9930         7.34
      0.9940         7.36
      0.9950         7.33
      0.9960         7.32
      0.9970         7.37
      0.9980         7.41
      0.9990         7.44
      1.0000         7.49
      1.0010         7.52
      1.0020         7.56
      1.0030         7.54
      1.0040         7.56
      1.0050         7.53
      1.0060         7.56
      1.0070         7.56
      1.0080         7.58
      1.0090         7.58
      1.0100         7.62
      1.0110         7.72
      1.0120         7.68
      1.0130         7.69
      1.0140         7.64
      1.0150         7.64
      1.0160         7.62
      1.0170         7.62
      1.0180         7.66
      1.0190         7.68
      1.0200         7.70
      1.0210         7.74
      1.0220         7.73
      1.0230         7.78
      1.0240         7.86
      1.0250         7.85
      1.0260         7.86
      1.0270         7.86
      1.0280         7.89
      1.0290         7.90
      1.0300         7.97
      1.0310         7.96
      1.0320         7.96
      1.0330         7.96
      1.0340         8.04
      1.0350         8.04
      1.0360         8.05
      1.0370         8.06
      1.0380         8.01
      1.0390         8.04
      1.0400         8.02
      1.0410         8.04
      1.0420         8.04
      1.0430         7.96
      1.0440         7.93
      1.0450         8.00
      1.0460         7.98
      1.0470         8.01
      1.0480         8.04
      1.0490         8.05
      1.0500         7.98
      1.0510         8.10
      1.0520         8.13
      1.0530         8.10
      1.0540         8.16
      1.0550         8.20
      1.0560         8.25
      1.0570         8.25
      1.0580         8.26
      1.0590         8.30
      1.0600         8.40
      1.0610         8.40
      1.0620         8.40
      1.0630         8.48
      1.0640         8.50
      1.0650         8.45
      1.0660         8.42
      1.0670         8.46
      1.0680         8.36
      1.0690         8.37
      1.0700         8.41
      1.0710         8.38
      1.0720         8.38
      1.0730         8.46
      1.0740         8.40
      1.0750         8.45
      1.0760         8.44
      1.0770         8.45
      1.0780         8.43
      1.0790         8.34
      1.0800         8.33
      1.0810         8.34
      1.0820         8.37
      1.0830         8.30
      1.0840         8.29
      1.0850         8.36
      1.0860         8.35
      1.0870         8.37
      1.0880         8.43
      1.0890         8.43
      1.0900         8.29
      1.0910         8.21
      1.0920         8.20
      1.0930         8.21
      1.0940         8.21
      1.0950         8.12
      1.0960         8.13
      1.0970         8.16
      1.0980         8.25
      1.0990         8.30
      1.1000         8.22
      1.1010         8.18
      1.1020         8.16
      1.1030         8.24
      1.1040         8.28
      1.1050         8.29
      1.1060         8.37
      1.1070         8.37
      1.1080         8.37
      1.1090         8.40
      1.1100         8.53
      1.1110         8.56
      1.1120         8.60
      1.1130         8.61
      1.1140         8.61
      1.1150         8.65
      1.1160         8.65
      1.1170         8.72
      1.1180         8.75
      1.1190         8.75
      1.1200         8.83
      1.1210         8.92
      1.1220         9.01
      1.1230         9.04
      1.1240         8.96
      1.1250         9.01
      1.1260         8.99
      1.1270         8.95
      1.1280         9.07
      1.1290         9.08
      1.1300         9.07
      1.1310         9.09
      1.1320         9.11
      1.1330         9.07
      1.1340         9.15
      1.1350         9.15
      1.1360         9.15
      1.1370         9.04
      1.1380         9.03
      1.1390         9.07
      1.1400         9.08
      1.1410         9.08
      1.1420         9.08
      1.1430         9.03
      1.1440         9.11
      1.1450         9.03
      1.1460         9.01
      1.1470         9.07
      1.1480         8.99
      1.1490         8.96
      1.1500         8.99
      1.1510         9.01
      1.1520         9.00
      1.1530         9.05
      1.1540         9.03
      1.1550         9.03
      1.1560         9.01
      1.1570         9.04
      1.1580         9.03
      1.1590         9.01
      1.1600         8.97
      1.1610         8.96
      1.1620         8.87
      1.1630         8.91
      1.1640         8.92
      1.1650         8.99
      1.1660         9.01
      1.1670         9.00
      1.1680         9.05
      1.1690         9.11
      1.1700         9.12
      1.1710         9.11
      1.1720         9.15
      1.1730         9.15
      1.1740         9.16
      1.1750         9.24
      1.1760         9.29
      1.1770         9.29
      1.1780         9.28
      1.1790         9.27
      1.1800         9.32
      1.1810         9.28
      1.1820         9.37
      1.1830         9.35
      1.1840         9.36
      1.1850         9.35
      1.1860         9.36
      1.1870         9.41
      1.1880         9.39
      1.1890         9.37
      1.1900         9.36
      1.1910         9.28
      1.1920         9.29
      1.1930         9.27
      1.1940         9.31
      1.1950         9.32
      1.1960         9.28
      1.1970         9.39
      1.1980         9.44
      1.1990         9.43
      1.2000         9.46
      1.2010         9.51
      1.2020         9.48
      1.2030         9.56
      1.2040         9.54
      1.2050         9.51
      1.2060         9.55
      1.2070         9.51
      1.2080         9.51
      1.2090         9.55
      1.2100         9.55
      1.2110         9.55
      1.2120         9.51
      1.2130         9.56
      1.2140         9.55
      1.2150         9.44
      1.2160         9.47
      1.2170         9.41
      1.2180         9.41
      1.2190         9.41
      1.2200         9.36
      1.2210         9.43
      1.2220         9.45
      1.2230         9.45
      1.2240         9.49
      1.2250         9.57
      1.2260         9.60
      1.2270         9.63
      1.2280         9.62
      1.2290         9.53
      1.2300         9.60
      1.2310         9.67
      1.2320         9.74
      1.2330         9.72
      1.2340         9.72
      1.2350         9.79
      1.2360         9.78
      1.2370         9.79
      1.2380         9.70
      1.2390         9.75
      1.2400         9.79
      1.2410         9.68
      1.2420         9.68
      1.2430         9.68
      1.2440         9.74
      1.2450         9.76
      1.2460         9.74
      1.2470         9.71
      1.2480         9.71
      1.2490         9.79
      1.2500         9.72
      1.2510         9.75
      1.2520         9.71
      1.2530         9.67
      1.2540         9.71
      1.2550         9.67
      1.2560         9.71
      1.2570         9.66
      1.2580         9.68
      1.2590         9.66
      1.2600         9.63
      1.2610         9.71
      1.2620         9.68
      1.2630         9.60
      1.2640         9.51
      1.2650         9.43
      1.2660         9.49
      1.2670         9.49
      1.2680         9.51
      1.2690         9.52
      1.2700         9.55
      1.2710         9.56
      1.2720         9.56
      1.2730         9.66
      1.2740         9.62
      1.2750         9.62
      1.2760         9.66
      1.2770         9.71
      1.2780         9.80
      1.2790         9.80
      1.2800         9.90
      1.2810         9.87
      1.2820         9.90
      1.2830         9.92
      1.2840         9.99
      1.2850        10.00
      1.2860         9.92
      1.2870         9.94
      1.2880         9.96
      1.2890         9.91
      1.2900         9.87
      1.2910         9.92
      1.2920         9.91
      1.2930         9.88
      1.2940         9.90
      1.2950         9.92
      1.2960         9.88
      1.2970         9.88
      1.2980         9.86
      1.2990         9.86
      1.3000         9.75
      1.3010         9.71
      1.3020         9.68
      1.3030         9.72
      1.3040         9.67
      1.3050         9.68
      1.3060         9.63
      1.3070         9.61
      1.3080         9.63
      1.3090         9.61
      1.3100         9.62
      1.3110         9.53
      1.3120         9.55
      1.3130         9.51
      1.3140         9.45
      1.3150         9.49
      1.3160         9.52
      1.3170         9.56
      1.3180         9.57
      1.3190         9.59
      1.3200         9.68
      1.3210         9.72
      1.3220         9.74
      1.3230         9.74
      1.3240         9.79
      1.3250         9.80
      1.3260         9.79
      1.3270         9.76
      1.3280         9.74
      1.3290         9.71
      1.3300         9.68
      1.3310         9.64
      1.3320         9.63
      1.3330         9.67
      1.3340         9.76
      1.3350         9.71
      1.3360         9.66
      1.3370         9.56
      1.3380         9.51
      1.3390         9.58
      1.3400         9.48
      1.3410         9.46
      1.3420         9.52
      1.3430         9.50
      1.3440         9.46
      1.3450         9.39
      1.3460         9.43
      1.3470         9.46
      1.3480         9.40
      1.3490         9.46
      1.3500         9.48
      1.3510         9.44
      1.3520         9.47
      1.3530         9.40
      1.3540         9.32
      1.3550         9.32
      1.3560         9.25
      1.3570         9.25
      1.3580         9.28
      1.3590         9.17
      1.3600         9.20
      1.3610         9.21
      1.3620         9.13
      1.3630         9.16
      1.3640         9.15
      1.3650         9.19
      1.3660         9.19
      1.3670         9.19
      1.3680         9.25
      1.3690         9.24
      1.3700         9.25
      1.3710         9.35
      1.3720         9.36
      1.3730         9.40
      1.3740         9.46
      1.3750         9.50
      1.3760         9.59
      1.3770         9.62
      1.3780         9.66
      1.3790         9.67
      1.3800         9.70
      1.3810         9.76
      1.3820         9.80
      1.3830         9.79
      1.3840         9.82
      1.3850         9.80
      1.3860         9.84
      1.3870         9.86
      1.3880         9.79
      1.3890         9.78
      1.3900         9.79
      1.3910         9.79
      1.3920         9.72
      1.3930         9.68
      1.3940         9.66
      1.3950         9.66
      1.3960         9.66
      1.3970         9.59
      1.3980         9.56
      1.3990         9.57
      1.4000         9.49
      1.4010         9.37
      1.4020         9.40
      1.4030         9.37
      1.4040         9.36
      1.4050         9.39
      1.4060         9.31
      1.4070         9.31
      1.4080         9.39
      1.4090         9.36
      1.4100         9.33
      1.4110         9.29
      1.4120         9.36
      1.4130         9.40
      1.4140         9.36
      1.4150         9.27
      1.4160         9.28
      1.4170         9.39
      1.4180         9.33
      1.4190         9.45
      1.4200         9.47
      1.4210         9.48
      1.4220         9.37
      1.4230         9.40
      1.4240         9.39
      1.4250         9.39
      1.4260         9.43
      1.4270         9.40
      1.4280         9.42
      1.4290         9.52
      1.4300         9.54
      1.4310         9.55
      1.4320         9.54
      1.4330         9.51
      1.4340         9.60
      1.4350         9.67
      1.4360         9.60
      1.4370         9.52
      1.4380         9.47
      1.4390         9.38
      1.4400         9.42
      1.4410         9.44
      1.4420         9.43
      1.4430         9.43
      1.4440         9.47
      1.4450         9.47
      1.4460         9.48
      1.4470         9.51
      1.4480         9.48
      1.4490         9.49
      1.4500         9.53
      1.4510         9.57
      1.4520         9.53
      1.4530         9.59
      1.4540         9.56
      1.4550         9.62
      1.4560         9.70
      1.4570         9.75
      1.4580         9.86
      1.4590         9.84
      1.4600         9.84
      1.4610         9.87
      1.4620         9.91
      1.4630         9.94
      1.4640         9.95
      1.4650         9.90
      1.4660         9.91
      1.4670         9.86
      1.4680         9.83
      1.4690         9.75
      1.4700         9.72
      1.4710         9.67
      1.4720         9.79
      1.4730         9.79
      1.4740         9.71
      1.4750         9.67
      1.4760         9.64
      1.4770         9.72
      1.4780         9.72
      1.4790         9.66
      1.4800         9.66
      1.4810         9.70
      1.4820         9.74
      1.4830         9.79
      1.4840         9.80
      1.4850         9.86
      1.4860         9.91
      1.4870        10.00
      1.4880        10.03
      1.4890        10.04
      1.4900        10.08
      1.4910        10.20
      1.4920        10.11
      1.4930        10.11
      1.4940        10.22
      1.4950        10.18
      1.4960        10.20
      1.4970        10.14
      1.4980        10.12
      1.4990        10.20
      1.5000        10.26
      1.5010        10.19
      1.5020        10.23
      1.5030        10.15
      1.5040        10.06
      1.5050        10.07
      1.5060        10.06
      1.5070        10.04
      1.5080        10.04
      1.5090        10.10
      1.5100        10.06
      1.5110         9.98
      1.5120         9.99
      1.5130         9.99
      1.5140         9.98
      1.5150        10.03
      1.5160        10.04
      1.5170        10.08
      1.5180        10.10
      1.5190        10.15
      1.5200        10.12
      1.5210        10.22
      1.5220        10.19
      1.5230        10.19
      1.5240        10.24
      1.5250        10.19
      1.5260        10.18
      1.5270        10.20
      1.5280        10.16
      1.5290        10.16
      1.5300        10.16
      1.5310        10.16
      1.5320        10.16
      1.5330        10.11
      1.5340        10.10
      1.5350        10.14
      1.5360        10.08
      1.5370        10.02
      1.5380        10.03
      1.5390         9.96
      1.5400         9.94
      1.5410         9.90
      1.5420         9.88
      1.5430         9.94
      1.5440         9.90
      1.5450         9.92
      1.5460         9.87
      1.5470         9.78
      1.5480         9.82
      1.5490         9.78
      1.5500         9.75
      1.5510         9.70
      1.5520         9.70
      1.5530         9.74
      1.5540         9.68
      1.5550         9.62
      1.5560         9.59
      1.5570         9.59
      1.5580         9.50
      1.5590         9.48
      1.5600         9.51
      1.5610         9.51
      1.5620         9.46
      1.5630         9.43
      1.5640         9.48
      1.5650         9.54
      1.5660         9.55
      1.5670         9.58
      1.5680         9.55
      1.5690         9.55
      1.5700         9.46
      1.5710         9.48
      1.5720         9.46
      1.5730         9.43
      1.5740         9.51
      1.5750         9.47
      1.5760         9.52
      1.5770         9.50
      1.5780         9.56
      1.5790         9.52
      1.5800         9.52
      1.5810         9.48
      1.5820         9.51
      1.5830         9.48
      1.5840         9.39
      1.5850         9.25
      1.5860         9.21
      1.5870         9.24
      1.5880         9.27
      1.5890         9.24
      1.5900         9.35
      1.5910         9.27
      1.5920         9.21
      1.5930         9.09
      1.5940         8.99
      1.5950         8.97
      1.5960         8.91
      1.5970         8.92
      1.5980         8.93
      1.5990         9.04
      1.6000         8.96
      1.6010         9.00
      1.6020         9.04
      1.6030         9.04
      1.6040         9.13
      1.6050         9.18
      1.6060         9.27
      1.6070         9.24
      1.6080         9.19
      1.6090         9.16
      1.6100         9.19
      1.6110         9.27
      1.6120         9.38
      1.6130         9.40
      1.6140         9.47
      1.6150         9.55
      1.6160         9.60
      1.6170         9.63
      1.6180         9.64
      1.6190         9.56
      1.6200         9.60
      1.6210         9.60
      1.6220         9.55
      1.6230         9.51
      1.6240         9.40
      1.6250         9.40
      1.6260         9.36
      1.6270         8.87
      1.6280         8.91
      1.6290         8.91
      1.6300         8.84
      1.6310         8.91
      1.6320         9.43
      1.6330         9.56
      1.6340         9.56
      1.6350         9.52
      1.6360         9.47
      1.6370         9.43
      1.6380         9.44
      1.6390         9.48
      1.6400         9.52
      1.6410         9.48
      1.6420         9.52
      1.6430         9.56
      1.6440         9.68
      1.6450         9.74
      1.6460         9.75
      1.6470         9.75
      1.6480         9.76
      1.6490         9.86
      1.6500         9.95
      1.6510         9.91
      1.6520         9.86
      1.6530         9.82
      1.6540         9.76
      1.6550         9.79
      1.6560         9.82
      1.6570         9.92
      1.6580         9.84
      1.6590         9.74
      1.6600         9.70
      1.6610         9.68
      1.6620         9.68
      1.6630         9.71
      1.6640         9.68
      1.6650         9.67
      1.6660         9.67
      1.6670         9.71
      1.6680         9.70
      1.6690         9.63
      1.6700         9.59
      1.6710         9.59
      1.6720         9.68
      1.6730         9.76
      1.6740         9.80
      1.6750         9.79
      1.6760         9.84
      1.6770         9.87
      1.6780         9.88
      1.6790         9.91
      1.6800         9.94
      1.6810         9.99
      1.6820         9.99
      1.6830        10.02
      1.6840        10.03
      1.6850        10.10
      1.6860        10.16
      1.6870        10.08
      1.6880        10.14
      1.6890        10.18
      1.6900        10.22
      1.6910        10.28
      1.6920        10.28
      1.6930        10.30
      1.6940        10.36
      1.6950        10.39
      1.6960        10.34
      1.6970        10.35
      1.6980        10.42
      1.6990        10.54
      1.7000        10.57
      1.7010        10.61
      1.7020        10.65
      1.7030        10.65
      1.7040        10.67
      1.7050        10.73
      1.7060        10.66
      1.7070        10.77
      1.7080        10.74
      1.7090        10.69
      1.7100        10.74
      1.7110        10.75
      1.7120        10.73
      1.7130        10.70
      1.7140        10.71
      1.7150        10.77
      1.7160        10.82
      1.7170        10.79
      1.7180        10.82
      1.7190        10.86
      1.7200        10.90
      1.7210        11.01
      1.7220        11.07
      1.7230        11.11
      1.7240        11.10
      1.7250        11.07
      1.7260        11.21
      1.7270        11.23
      1.7280        11.27
      1.7290        11.41
      1.7300        11.38
      1.7310        11.37
      1.7320        11.38
      1.7330        11.39
      1.7340        11.41
      1.7350        11.42
      1.7360        11.50
      1.7370        11.53
      1.7380        11.58
      1.7390        11.59
      1.7400        11.59
      1.7410        11.41
      1.7420        11.38
      1.7430        11.39
      1.7440        11.47
      1.7450        11.51
      1.7460        11.43
      1.7470        11.42
      1.7480        11.43
      1.7490        11.38
      1.7500        11.38
      1.7510        11.46
      1.7520        11.47
      1.7530        11.50
      1.7540        11.55
      1.7550        11.54
      1.7560        11.51
      1.7570        11.47
      1.7580        11.43
      1.7590        11.42
      1.7600        11.42
      1.7610        11.54
      1.7620        11.57
      1.7630        11.57
      1.7640        11.50
      1.7650        11.49
      1.7660        11.51
      1.7670        11.50
      1.7680        11.47
      1.7690        11.47
      1.7700        11.46
      1.7710        11.35
      1.7720        11.39
      1.7730        11.38
      1.7740        11.29
      1.7750        11.33
      1.7760        11.34
      1.7770        11.38
      1.7780        11.41
      1.7790        11.41
      1.7800        11.43
      1.7810        11.39
      1.7820        11.39
      1.7830        11.38
      1.7840        11.43
      1.7850        11.41
      1.7860        11.47
      1.7870        11.47
      1.7880        11.47
      1.7890        11.47
      1.7900        11.47
      1.7910        11.54
      1.7920        11.59
      1.7930        11.58
      1.7940        11.63
      1.7950        11.62
      1.7960        11.59
      1.7970        11.57
      1.7980        11.55
      1.7990        11.53
      1.8000        11.55
      1.8010        11.61
      1.8020        11.62
      1.8030        11.63
      1.8040        11.57
      1.8050        11.62
      1.8060        11.63
      1.8070        11.69
      1.8080        11.70
      1.8090        11.70
      1.8100        11.71
      1.8110        11.63
      1.8120        11.59
      1.8130        11.59
      1.8140        11.57
      1.8150        11.58
      1.8160        11.59
      1.8170        11.62
      1.8180        11.62
      1.8190        11.66
      1.8200        11.62
      1.8210        11.65
      1.8220        11.66
      1.8230        11.66
      1.8240        11.70
      1.8250        11.70
      1.8260        11.66
      1.8270        11.63
      1.8280        11.65
      1.8290        11.67
      1.8300        11.71
      1.8310        11.79
      1.8320        11.79
      1.8330        11.81
      1.8340        11.94
      1.8350        11.97
      1.8360        12.02
      1.8370        11.99
      1.8380        12.05
      1.8390        12.09
      1.8400        12.14
      1.8410        12.12
      1.8420        12.10
      1.8430        12.14
      1.8440        11.73
      1.8450        11.71
      1.8460        12.21
      1.8470        12.24
      1.8480        12.25
      1.8490        12.32
      1.8500        12.36
      1.8510        12.41
      1.8520        12.41
      1.8530        12.41
      1.8540        12.37
      1.8550        12.34
      1.8560        12.30
      1.8570        12.38
      1.8580        12.38
      1.8590        12.40
      1.8600        12.41
      1.8610        12.44
      1.8620        12.46
      1.8630        12.53
      1.8640        12.53
      1.8650        12.54
      1.8660        12.57
      1.8670        12.58
      1.8680        12.61
      1.8690        12.68
      1.8700        12.65
      1.8710        12.66
      1.8720        12.70
      1.8730        12.88
      1.8740        12.89
      1.8750        12.89
      1.8760        12.93
      1.8770        12.86
      1.8780        12.89
      1.8790        12.84
      1.8800        12.88
      1.8810        12.90
      1.8820        12.93
      1.8830        12.85
      1.8840        12.88
      1.8850        12.93
      1.8860        12.93
      1.8870        12.94
      1.8880        12.97
      1.8890        12.89
      1.8900        12.98
      1.8910        13.01
      1.8920        13.01
      1.8930        12.93
      1.8940        12.94
      1.8950        13.02
      1.8960        13.09
      1.8970        13.17
      1.8980        13.18
      1.8990        13.32
      1.9000        13.32
      1.9010        13.31
      1.9020        13.33
      1.9030        13.45
      1.9040        13.44
      1.9050        13.43
      1.9060        13.52
      1.9070        13.51
      1.9080        13.49
      1.9090        13.59
      1.9100        13.52
      1.9110        13.52
      1.9120        13.52
      1.9130        13.57
      1.9140        13.56
      1.9150        13.56
      1.9160        13.57
      1.9170        13.60
      1.9180        13.56
      1.9190        13.49
      1.9200        13.56
      1.9210        13.60
      1.9220        13.59
      1.9230        13.55
      1.9240        13.56
      1.9250        13.64
      1.9260        13.64
      1.9270        13.71
      1.9280        13.79
      1.9290        13.75
      1.9300        13.77
      1.9310        13.77
      1.9320        13.83
      1.9330        13.81
      1.9340        13.80
      1.9350        13.80
      1.9360        13.84
      1.9370        13.80
      1.9380        13.80
      1.9390        13.83
      1.9400        13.73
      1.9410        13.73
      1.9420        13.81
      1.9430        13.83
      1.9440        13.79
      1.9450        13.71
      1.9460        13.72
      1.9470        13.68
      1.9480        13.65
      1.9490        13.69
      1.9500        13.65
      1.9510        13.68
      1.9520        13.61
      1.9530        13.57
      1.9540        13.63
      1.9550        13.68
      1.9560        13.60
      1.9570        13.69
      1.9580        13.76
      1.9590        13.79
      1.9600        13.79
      1.9610        13.79
      1.9620        13.76
      1.9630        13.71
      1.9640        13.77
      1.9650        13.76
      1.9660        13.77
      1.9670        13.72
      1.9680        13.73
      1.9690        13.71
      1.9700        13.72
      1.9710        13.68
      1.9720        13.73
      1.9730        13.71
      1.9740        13.59
      1.9750        13.51
      1.9760        13.47
      1.9770        13.37
      1.9780        13.34
      1.9790        13.30
      1.9800        13.33
      1.9810        13.26
      1.9820        13.18
      1.9830        13.17
      1.9840        13.08
      1.9850        13.06
      1.9860        12.94
      1.9870        13.02
      1.9880        13.01
      1.9890        12.96
      1.9900        12.88
      1.9910        12.80
      1.9920        12.73
      1.9930        12.66
      1.9940        12.64
      1.9950        12.57
      1.9960        12.57
      1.9970        12.56
      1.9980        12.50
      1.9990        12.37
      2.0000        12.25
      2.0010        12.16
      2.0020        12.06
      2.0030        12.02
      2.0040        11.95
      2.0050        11.79
      2.0060        11.75
      2.0070        11.58
      2.0080        11.42
      2.0090        11.33
      2.0100        11.22
      2.0110        11.13
      2.0120        10.95
      2.0130        10.85
      2.0140        10.74
      2.0150        10.59
      2.0160        10.40
      2.0170        10.15
      2.0180        10.02
      2.0190         9.87
      2.0200         9.71
      2.0210         9.59
      2.0220         9.41
      2.0230         9.16
      2.0240         9.03
      2.0250         8.91
      2.0260         8.73
      2.0270         8.57
      2.0280         8.37
      2.0290         8.16
      2.0300         8.04
      2.0310         7.86
      2.0320         7.76
      2.0330         7.57
      2.0340         7.39
      2.0350         7.26
      2.0360         7.11
      2.0370         7.01
      2.0380         6.83
      2.0390         6.71
      2.0400         6.61
      2.0410         6.46
      2.0420         6.35
      2.0430         6.24
      2.0440         6.07
      2.0450         5.90
      2.0460         5.84
      2.0470         5.68
      2.0480         5.56
      2.0490         5.46
      2.0500         5.30
      2.0510         5.19
      2.0520         5.12
      2.0530         5.01
      2.0540         4.88
      2.0550         4.75
      2.0560         4.60
      2.0570         4.49
      2.0580         4.35
      2.0590         4.21
      2.0600         4.01
      2.0610         3.92
      2.0620         3.81
      2.0630         3.69
      2.0640         3.60
      2.0650         3.53
      2.0660         3.26
      2.0670         3.17
      2.0680         3.05
      2.0690         2.93
      2.0700         2.85
      2.0710         2.74
      2.0720         2.57
      2.0730         2.45
      2.0740         2.32
      2.0750         2.20
      2.0760         2.16
      2.0770         1.98
      2.0780         1.79
      2.0790         1.63
      2.0800         1.59
      2.0810         1.42
      2.0820         1.29
      2.0830         1.17
      2.0840         1.04
      2.0850         1.00
      2.0860         1.00
      2.0870         1.00
      2.0880         1.00
      2.0890         1.00
      2.0900         1.00
      2.0910         1.00
      2.0920         1.00
      2.0930         1.00
      2.0940         1.00
      2.0950         1.00
      2.0960         1.00
      2.0970         1.00
      2.0980         1.00
      2.0990         1.00
      2.1000         1.00
      2.1010         1.00
      2.1020         1.00
      2.1030         1.00
      2.1040         1.00
      2.1050         1.00
      2.1060         1.00
      2.1070         1.00
      2.1080         1.00
      2.1090         1.00
      2.1100         1.00
      2.1110         1.00
      2.1120         1.00
      2.1130         1.00
      2.1140         1.00
      2.1150         1.00
      2.1160         1.00
      2.1170         1.00
      2.1180         1.00
      2.1190         1.00
      2.1200         1.00
      2.1210         1.00
      2.1220         1.00
      2.1230         1.00
      2.1240         1.00
      2.1250         1.00
      2.1260         1.00
      2.1270         1.00
      2.1280         1.00
      2.1290         1.00
      2.1300         1.00
      2.1310         1.00
      2.1320         1.00
      2.1330         1.00
      2.1340         1.00
      2.1350         1.00
      2.1360         1.00
      2.1370         1.00
      2.1380         1.00
      2.1390         1.00
      2.1400         1.00
      2.1410         1.00
      2.1420         1.00
      2.1430         1.00
      2.1440         1.00
      2.1450         1.00
      2.1460         1.00
      2.1470         1.00
      2.1480         1.00
      2.1490         1.00
      2.1500         1.00
      2.1510         1.00
      2.1520         1.00
      2.1530         1.00
      2.1540         1.00
      2.1550         1.00
      2.1560         1.00
      2.1570         1.00
      2.1580         1.00
      2.1590         1.00
      2.1600         1.00
      2.1610         1.00
      2.1620         1.00
      2.1630         1.00
      2.1640         1.00
      2.1650         1.00
      2.1660         1.00
      2.1670         1.00
      2.1680         1.00
      2.1690         1.00
      2.1700         1.00
      2.1710         1.00
      2.1720         1.00
      2.1730         1.00
      2.1740         1.00
      2.1750         1.00
      2.1760         1.00
      2.1770         1.00
      2.1780         1.00
      2.1790         1.00
      2.1800         1.00
      2.1810         1.00
      2.1820         1.00
      2.1830         1.00
      2.1840         1.00
      2.1850         1.00
      2.1860         1.00
      2.1870         1.00
      2.1880         1.00
      2.1890         1.00
      2.1900         1.00
      2.1910         1.00
      2.1920         1.00
      2.1930         1.00
      2.1940         1.00
      2.1950         1.00
      2.1960         1.00
      2.1970         1.00
      2.1980         1.00
      2.1990         1.00
      2.2000         1.00
      2.2010         1.00
      2.2020         1.00
      2.2030         1.00
      2.2040         1.00
      2.2050         1.00
      2.2060         1.00
      2.2070         1.00
      2.2080         1.00
      2.2090         1.00
      2.2100         1.00
      2.2110         1.00
      2.2120         1.00
      2.2130         1.00
      2.2140         1.00
      2.2150         1.00
      2.2160         1.00
      2.2170         1.00
      2.2180         1.00
      2.2190         1.00
      2.2200         1.00
      2.2210         1.00
      2.2220         1.00
      2.2230         1.00
      2.2240         1.00
      2.2250         1.00
      2.2260         1.00
      2.2270         1.00
      2.2280         1.00
      2.2290         1.00
      2.2300         1.00
      2.2310         1.00
      2.2320         1.00
      2.2330         1.00
      2.2340         1.00
      2.2350         1.00
      2.2360         1.00
      2.2370         1.00
      2.2380         1.00
      2.2390         1.00
      2.2400         1.00
      2.2410         1.00
      2.2420         1.00
      2.2430         1.00
      2.2440         1.00
      2.2450         1.00
      2.2460         1.00
      2.2470         1.00
      2.2480         1.00
      2.2490         1.00
      2.2500         1.06
      2.2510         1.88
      2.2520         2.24
      2.2530         2.56
      2.2540         2.85
      2.2550         3.17
      2.2560         3.47
      2.2570         3.84
      2.2580         4.77
      2.2590         5.10
      2.2600         5.99
      2.2610         6.38
      2.2620         6.58
      2.2630         6.85
      2.2640         7.14
      2.2650         7.34
      2.2660         7.50
      2.2670         7.58
      2.2680         7.60
      2.2690         7.63
      2.2700         7.52
      2.2710         7.48
      2.2720         6.90
      2.2730         6.91
      2.2740         6.94
      2.2750         6.57
      2.2760         6.63
      2.2770         6.70
      2.2780         6.72
      2.2790         7.34
      2.2800         7.38
      2.2810         6.84
      2.2820         6.88
      2.2830         7.48
      2.2840         7.59
      2.2850         7.71
      2.2860         7.79
      2.2870         7.82
      2.2880         7.86
      2.2890         7.86
      2.2900         7.87
      2.2910         7.90
      2.2920         8.59
      2.2930         8.52
      2.2940         8.57
      2.2950         8.61
      2.2960         8.66
      2.2970         8.16
      2.2980         8.31
      2.2990         8.39
      2.3000         8.39
      2.3010         8.44
      2.3020         8.46
      2.3030         8.43
      2.3040         8.40
      2.3050         8.41
      2.3060         8.41
      2.3070         8.47
      2.3080         7.96
      2.3090         8.09
      2.3100         8.19
      2.3110         8.28
      2.3120         8.28
      2.3130         8.39
      2.3140         8.43
      2.3150         8.48
      2.3160         8.48
      2.3170         8.50
      2.3180         8.63
      2.3190         8.64
      2.3200         8.67
      2.3210         9.28
      2.3220         9.43
      2.3230         9.54
      2.3240         9.61
      2.3250         9.65
      2.3260         9.74
      2.3270         9.78
      2.3280         9.94
      2.3290         9.99
      2.3300        10.03
      2.3310         9.59
      2.3320         9.67
      2.3330         9.69
      2.3340         9.78
      2.3350         9.85
      2.3360         9.94
      2.3370        10.02
      2.3380        10.57
      2.3390        10.65
      2.3400        10.83
      2.3410        10.87
      2.3420        10.94
      2.3430        11.01
      2.3440        11.13
      2.3450        11.28
      2.3460        11.44
      2.3470        11.67
      2.3480        11.79
      2.3490        11.88
      2.3500        12.04
      2.3510        12.12
      2.3520        12.82
      2.3530        12.94
      2.3540        12.99
      2.3550        13.06
      2.3560        12.64
      2.3570        12.87
      2.3580        12.96
      2.3590        13.15
      2.3600        13.40
      2.3610        13.62
      2.3620        13.79
      2.3630        13.96
      2.3640        14.15
      2.3650        14.29
      2.3660        14.91
      2.3670        14.53
      2.3680        14.64
      2.3690        15.25
      2.3700        14.89
      2.3710        15.11
      2.3720        15.15
      2.3730        15.37
      2.3740        15.55
      2.3750        15.76
      2.3760        16.05
      2.3770        16.23
      2.3780        16.85
      2.3790        17.00
      2.3800        17.07
      2.3810        17.12
      2.3820        17.20
      2.3830        17.36
      2.3840        17.36
      2.3850        17.46
      2.3860        17.55
      2.3870        17.66
      2.3880        17.82
      2.3890        17.92
      2.3900        18.12
      2.3910        18.16
      2.3920        18.30
      2.3930        18.41
      2.3940        18.44
      2.3950        18.45
      2.3960        18.36
      2.3970        18.32
      2.3980        18.33
      2.3990        18.34
      2.4000        18.37
      2.4010        18.41
      2.4020        18.42
      2.4030        18.40
      2.4040        18.49
      2.4050        18.53
      2.4060        18.52
      2.4070        18.46
      2.4080        18.36
      2.4090        18.33
      2.4100        18.15
      2.4110        18.09
      2.4120        18.09
      2.4130        17.95
      2.4140        17.97
      2.4150        18.06
      2.4160        18.18
      2.4170        18.23
      2.4180        18.21
      2.4190        18.19
      2.4200        18.17
      2.4210        18.17
      2.4220        18.16
      2.4230        18.09
      2.4240        18.01
      2.4250        18.00
      2.4260        18.01
      2.4270        17.98
      2.4280        18.02
      2.4290        18.02
      2.4300        18.10
      2.4310        18.18
      2.4320        18.12
      2.4330        18.13
      2.4340        18.05
      2.4350        17.98
      2.4360        17.83
      2.4370        17.74
      2.4380        17.81
      2.4390        17.77
      2.4400        17.66
      2.4410        17.68
      2.4420        17.67
      2.4430        17.75
      2.4440        17.81
      2.4450        17.73
      2.4460        17.75
      2.4470        17.89
      2.4480        17.89
      2.4490        18.01
      2.4500        17.93
      2.4510        17.97
      2.4520        18.02
      2.4530        18.01
      2.4540        18.07
      2.4550        18.09
      2.4560        18.19
      2.4570        18.18
      2.4580        18.25
      2.4590        18.33
      2.4600        18.51
      2.4610        18.46
      2.4620        18.59
      2.4630        18.71
      2.4640        18.79
      2.4650        18.92
      2.4660        18.96
      2.4670        18.89
      2.4680        19.01
      2.4690        19.00
      2.4700        19.09
      2.4710        19.13
      2.4720        19.20
      2.4730        19.26
      2.4740        19.31
      2.4750        19.34
      2.4760        19.40
      2.4770        19.48
      2.4780        19.46
      2.4790        19.50
      2.4800        19.52
      2.4810        19.70
      2.4820        19.76
      2.4830        19.84
      2.4840        19.92
      2.4850        19.94
      2.4860        19.99
      2.4870        20.14
      2.4880        20.23
      2.4890        20.30
      2.4900        20.43
      2.4910        20.49
      2.4920        20.56
      2.4930        20.68
      2.4940        20.68
      2.4950        20.86
      2.4960        20.86
      2.4970        20.88
      2.4980        21.00
      2.4990        21.11
      2.5000        21.11
      2.5010        21.08
      2.5020        21.14
      2.5030        21.06
      2.5040        21.03
      2.5050        21.09
      2.5060        21.14
      2.5070        21.15
      2.5080        21.18
      2.5090        21.18
      2.5100        21.23
      2.5110        21.27
      2.5120        21.23
      2.5130        21.30
      2.5140        21.46
      2.5150        21.35
      2.5160        21.36
      2.5170        21.48
      2.5180        21.60
      2.5190        21.59
      2.5200        21.62
      2.5210        21.69
      2.5220        21.63
      2.5230        21.71
      2.5240        21.75
      2.5250        21.81
      2.5260        21.83
      2.5270        21.77
      2.5280        21.75
      2.5290        21.84
      2.5300        21.76
      2.5310        21.80
      2.5320        21.84
      2.5330        21.77
      2.5340        21.73
      2.5350        21.81
      2.5360        21.85
      2.5370        21.87
      2.5380        21.81
      2.5390        21.94
      2.5400        21.97
      2.5410        22.07
      2.5420        22.14
      2.5430        22.04
      2.5440        22.25
      2.5450        22.26
      2.5460        22.20
      2.5470        22.27
      2.5480        22.27
      2.5490        22.22
      2.5500        22.26
      2.5510        22.32
      2.5520        22.43
      2.5530        22.52
      2.5540        22.48
      2.5550        22.47
      2.5560        22.45
      2.5570        22.42
      2.5580        22.41
      2.5590        22.22
      2.5600        22.21
      2.5610        22.07
      2.5620        22.07
      2.5630        22.16
      2.5640        21.92
      2.5650        21.96
      2.5660        22.05
      2.5670        22.05
      2.5680        22.13
      2.5690        22.08
      2.5700        22.06
      2.5710        22.01
      2.5720        22.04
      2.5730        22.02
      2.5740        22.20
      2.5750        22.26
      2.5760        22.39
      2.5770        22.48
      2.5780        22.53
      2.5790        22.67
      2.5800        22.84
      2.5810        22.96
      2.5820        22.95
      2.5830        22.97
      2.5840        23.16
      2.5850        23.09
      2.5860        23.11
      2.5870        23.17
      2.5880        23.12
      2.5890        23.34
      2.5900        23.42
      2.5910        23.46
      2.5920        23.44
      2.5930        23.52
      2.5940        23.41
      2.5950        23.52
      2.5960        23.49
      2.5970        23.52
      2.5980        23.55
      2.5990        23.63
      2.6000        23.65
      2.6010        23.68
      2.6020        23.73
      2.6030        23.87
      2.6040        23.85
      2.6050        23.93
      2.6060        23.91
      2.6070        23.95
      2.6080        24.07
      2.6090        23.99
      2.6100        23.95
      2.6110        23.91
      2.6120        24.00
      2.6130        24.03
      2.6140        24.16
      2.6150        24.03
      2.6160        23.99
      2.6170        23.99
      2.6180        24.04
      2.6190        23.96
      2.6200        23.88
      2.6210        23.93
      2.6220        24.04
      2.6230        24.06
      2.6240        24.03
      2.6250        24.10
      2.6260        24.14
      2.6270        24.20
      2.6280        24.18
      2.6290        24.21
      2.6300        24.35
      2.6310        24.40
      2.6320        24.32
      2.6330        24.28
      2.6340        24.32
      2.6350        24.41
      2.6360        24.48
      2.6370        24.42
      2.6380        24.44
      2.6390        24.50
      2.6400        24.62
      2.6410        24.53
      2.6420        24.41
      2.6430        24.38
      2.6440        24.41
      2.6450        24.40
      2.6460        24.35
      2.6470        24.28
      2.6480        24.19
      2.6490        24.17
      2.6500        24.12
      2.6510        24.11
      2.6520        24.22
      2.6530        24.21
      2.6540        24.12
      2.6550        24.13
      2.6560        24.08
      2.6570        24.08
      2.6580        24.07
      2.6590        24.04
      2.6600        23.96
      2.6610        23.93
      2.6620        24.05
      2.6630        23.97
      2.6640        24.01
      2.6650        24.05
      2.6660        24.07
      2.6670        24.11
      2.6680        24.24
      2.6690        24.24
      2.6700        24.22
      2.6710        24.20
      2.6720        24.08
      2.6730        24.12
      2.6740        24.06
      2.6750        24.12
      2.6760        24.25
      2.6770        24.28
      2.6780        24.14
      2.6790        24.18
      2.6800        24.17
      2.6810        24.36
      2.6820        24.33
      2.6830        24.47
      2.6840        24.43
      2.6850        24.37
      2.6860        24.47
      2.6870        24.44
      2.6880        24.43
      2.6890        24.38
      2.6900        24.49
      2.6910        24.57
      2.6920        24.61
      2.6930        24.62
      2.6940        24.79
      2.6950        24.72
      2.6960        24.76
      2.6970        24.75
      2.6980        24.85
      2.6990        24.85
      2.7000        24.88
      2.7010        24.84
      2.7020        24.75
      2.7030        24.68
      2.7040        24.66
      2.7050        24.70
      2.7060        24.64
      2.7070        24.66
      2.7080        24.71
      2.7090        24.82
      2.7100        24.79
      2.7110        24.70
      2.7120        24.75
      2.7130        24.78
      2.7140        24.69
      2.7150        24.77
      2.7160        24.71
      2.7170        24.75
      2.7180        24.76
      2.7190        24.79
      2.7200        24.84
      2.7210        24.89
      2.7220        24.93
      2.7230        24.96
      2.7240        24.99
      2.7250        25.04
      2.7260        25.09
      2.7270        25.08
      2.7280        25.00
      2.7290        24.87
      2.7300        24.91
      2.7310        24.99
      2.7320        24.99
      2.7330        25.03
      2.7340        25.00
      2.7350        24.95
      2.7360        24.90
      2.7370        24.90
      2.7380        24.86
      2.7390        24.80
      2.7400        24.79
      2.7410        24.66
      2.7420        24.71
      2.7430        24.73
      2.7440        24.73
      2.7450        24.63
      2.7460        24.49
      2.7470        24.57
      2.7480        24.52
      2.7490        24.62
      2.7500        24.56
      2.7510        24.53
      2.7520        24.54
      2.7530        24.52
      2.7540        24.53
      2.7550        24.56
      2.7560        24.65
      2.7570        24.60
      2.7580        24.57
      2.7590        24.63
      2.7600        24.56
      2.7610        24.56
      2.7620        24.56
      2.7630        24.44
      2.7640        24.48
      2.7650        24.56
      2.7660        24.71
      2.7670        24.59
      2.7680        24.63
      2.7690        24.63
      2.7700        24.56
      2.7710        24.52
      2.7720        24.44
      2.7730        24.40
      2.7740        24.47
      2.7750        24.35
      2.7760        24.17
      2.7770        24.31
      2.7780        24.37
      2.7790        24.29
      2.7800        24.32
      2.7810        24.34
      2.7820        24.36
      2.7830        24.45
      2.7840        24.56
      2.7850        24.48
      2.7860        24.41
      2.7870        24.58
      2.7880        24.52
      2.7890        24.45
      2.7900        24.52
      2.7910        24.56
      2.7920        24.66
      2.7930        24.62
      2.7940        24.52
      2.7950        24.57
      2.7960        24.68
      2.7970        24.67
      2.7980        24.70
      2.7990        24.74
      2.8000        24.66
      2.8010        24.64
      2.8020        24.59
      2.8030        24.52
      2.8040        24.45
      2.8050        24.50
      2.8060        24.51
      2.8070        24.41
      2.8080        24.47
      2.8090        24.48
      2.8100        24.45
      2.8110        24.47
      2.8120        24.31
      2.8130        24.29
      2.8140        24.28
      2.8150        24.37
      2.8160        24.31
      2.8170        24.25
      2.8180        24.16
      2.8190        24.19
      2.8200        24.19
      2.8210        24.19
      2.8220        24.24
      2.8230        24.36
      2.8240        24.39
      2.8250        24.26
      2.8260        24.19
      2.8270        24.15
      2.8280        24.11
      2.8290        24.09
      2.8300        24.12
      2.8310        24.12
      2.8320        24.34
      2.8330        24.43
      2.8340        24.45
      2.8350        24.39
      2.8360        24.33
      2.8370        24.36
      2.8380        24.44
      2.8390        24.40
      2.8400        24.45
      2.8410        24.41
      2.8420        24.32
      2.8430        24.21
      2.8440        24.07
      2.8450        24.17
      2.8460        24.19
      2.8470        24.21
      2.8480        24.31
      2.8490        24.35
      2.8500        24.38
      2.8510        24.28
      2.8520        24.08
      2.8530        24.02
      2.8540        24.03
      2.8550        23.91
      2.8560        23.99
      2.8570        24.03
      2.8580        24.00
      2.8590        24.04
      2.8600        24.02
      2.8610        24.08
      2.8620        24.10
      2.8630        24.04
      2.8640        24.13
      2.8650        24.07
      2.8660        24.08
      2.8670        24.04
      2.8680        24.01
      2.8690        23.98
      2.8700        23.88
      2.8710        23.92
      2.8720        24.02
      2.8730        23.97
      2.8740        23.94
      2.8750        23.95
      2.8760        23.88
      2.8770        23.72
      2.8780        23.61
      2.8790        23.56
      2.8800        23.54
      2.8810        23.45
      2.8820        23.43
      2.8830        23.41
      2.8840        23.37
      2.8850        23.35
      2.8860        23.24
      2.8870        23.15
      2.8880        23.05
      2.8890        23.04
      2.8900        23.02
      2.8910        23.14
      2.8920        23.07
      2.8930        23.10
      2.8940        23.09
      2.8950        23.15
      2.8960        23.19
      2.8970        23.23
      2.8980        23.28
      2.8990        23.33
      2.9000        23.33
      2.9010        23.34
      2.9020        23.34
      2.9030        23.38
      2.9040        23.31
      2.9050        23.41
      2.9060        23.49
      2.9070        23.58
      2.9080        23.58
      2.9090        23.64
      2.9100        23.54
      2.9110        23.37
      2.9120        23.31
      2.9130        23.26
      2.9140        23.32
      2.9150        23.25
      2.9160        23.25
      2.9170        23.15
      2.9180        23.13
      2.9190        23.05
      2.9200        23.07
      2.9210        23.06
      2.9220        22.98
      2.9230        22.90
      2.9240        22.87
      2.9250        22.83
      2.9260        22.74
      2.9270        22.74
      2.9280        22.86
      2.9290        22.80
      2.9300        22.94
      2.9310        22.98
      2.9320        23.05
      2.9330        23.02
      2.9340        22.88
      2.9350        22.94
      2.9360        22.96
      2.9370        22.98
      2.9380        22.99
      2.9390        22.91
      2.9400        22.81
      2.9410        22.79
      2.9420        22.83
      2.9430        22.85
      2.9440        22.89
      2.9450        22.77
      2.9460        22.81
      2.9470        22.73
      2.9480        22.60
      2.9490        22.56
      2.9500        22.50
      2.9510        22.56
      2.9520        22.43
      2.9530        22.43
      2.9540        22.48
      2.9550        22.46
      2.9560        22.47
      2.9570        22.48
      2.9580        22.47
      2.9590        22.60
      2.9600        22.66
      2.9610        22.66
      2.9620        22.67
      2.9630        22.74
      2.9640        22.68
      2.9650        22.77
      2.9660        22.81
      2.9670        22.86
      2.9680        22.84
      2.9690        22.85
      2.9700        22.85
      2.9710        22.71
      2.9720        22.81
      2.9730        22.80
      2.9740        22.77
      2.9750        22.67
      2.9760        22.63
      2.9770        22.65
      2.9780        22.70
      2.9790        22.68
      2.9800        22.73
      2.9810        22.70
      2.9820        22.77
      2.9830        22.81
      2.9840        22.83
      2.9850        22.91
      2.9860        22.85
      2.9870        22.78
      2.9880        22.84
      2.9890        22.88
      2.9900        22.86
      2.9910        22.87
      2.9920        22.89
      2.9930        22.89
      2.9940        22.97
      2.9950        23.04
      2.9960        23.01
      2.9970        23.08
      2.9980        22.97
      2.9990        22.93
