        Time   Palpation Force
      0.0000         1.00
      0.0010         1.00
      0.0020         1.00
      0.0030         1.00
      0.0040         1.00
      0.0050         1.00
      0.0060         1.00
      0.0070         1.00
      0.0080         1.00
      0.0090         1.00
      0.0100         1.00
      0.0110         1.00
      0.0120         1.00
      0.0130         1.00
      0.0140         1.00
      0.0150         1.00
      0.0160         1.00
      0.0170         1.00
      0.0180         1.00
      0.0190         1.00
      0.0200         1.00
      0.0210         1.00
      0.0220         1.00
      0.0230         1.00
      0.0240         1.00
      0.0250         1.00
      0.0260         1.00
      0.0270         1.00
      0.0280         1.00
      0.0290         1.00
      0.0300         1.00
      0.0310         1.00
      0.0320         1.00
      0.0330         1.00
      0.0340         1.00
      0.0350         1.00
      0.0360         1.00
      0.0370         1.00
      0.0380         1.00
      0.0390         1.00
      0.0400         1.00
      0.0410         1.00
      0.0420         1.00
      0.0430         1.00
      0.0440         1.00
      0.0450         1.00
      0.0460         1.00
      0.0470         1.00
      0.0480         1.00
      0.0490         1.00
      0.0500         1.00
      0.0510         1.00
      0.0520         1.00
      0.0530         1.00
      0.0540         1.00
      0.0550         1.00
      0.0560         1.00
      0.0570         1.00
      0.0580         1.00
      0.0590         1.00
      0.0600         1.00
      0.0610         1.00
      0.0620         1.00
      0.0630         1.00
      0.0640         1.00
      0.0650         1.00
      0.0660         1.00
      0.0670         1.00
      0.0680         1.00
      0.0690         1.00
      0.0700         1.00
      0.0710         1.00
      0.0720         1.00
      0.0730         1.00
      0.0740         1.00
      0.0750         1.00
      0.0760         1.00
      0.0770         1.00
      0.0780         1.00
      0.0790         1.00
      0.0800         1.00
      0.0810         1.00
      0.0820         1.00
      0.0830         1.00
      0.0840         1.00
      0.0850         1.00
      0.0860         1.00
      0.0870         1.00
      0.0880         1.00
      0.0890         1.00
      0.0900         1.00
      0.0910         1.00
      0.0920         1.00
      0.0930         1.00
      0.0940         1.00
      0.0950         1.00
      0.0960         1.00
      0.0970         1.00
      0.0980         1.00
      0.0990         1.00
      0.1000         1.00
      0.1010         1.00
      0.1020         1.00
      0.1030         1.00
      0.1040         1.00
      0.1050         1.00
      0.1060         1.00
      0.1070         1.00
      0.1080         1.00
      0.1090         1.00
      0.1100         1.00
      0.1110         1.00
      0.1120         1.00
      0.1130         1.00
      0.1140         1.00
      0.1150         1.00
      0.1160         1.00
      0.1170         1.00
      0.1180         1.00
      0.1190         1.00
      0.1200         1.00
      0.1210         1.00
      0.1220         1.00
      0.1230         1.00
      0.1240         1.00
      0.1250         1.00
      0.1260         1.00
      0.1270         1.00
      0.1280         1.00
      0.1290         1.00
      0.1300         1.00
      0.1310         1.00
      0.1320         1.00
      0.1330         1.00
      0.1340         1.00
      0.1350         1.00
      0.1360         1.00
      0.1370         1.00
      0.1380         1.00
      0.1390         1.00
      0.1400         1.00
      0.1410         1.00
      0.1420         1.00
      0.1430         1.00
      0.1440         1.00
      0.1450         1.00
      0.1460         1.00
      0.1470         1.00
      0.1480         1.00
      0.1490         1.00
      0.1500         1.00
      0.1510         1.00
      0.1520         1.00
      0.1530         1.00
      0.1540         1.00
      0.1550         1.00
      0.1560         1.00
      0.1570         1.00
      0.1580         1.00
      0.1590         1.00
      0.1600         1.00
      0.1610         1.00
      0.1620         1.00
      0.1630         1.00
      0.1640         1.00
      0.1650         1.00
      0.1660         1.00
      0.1670         1.00
      0.1680         1.00
      0.1690         1.00
      0.1700         1.00
      0.1710         1.00
      0.1720         1.00
      0.1730         1.00
      0.1740         1.00
      0.1750         1.00
      0.1760         1.00
      0.1770         1.00
      0.1780         1.00
      0.1790         1.00
      0.1800         1.00
      0.1810         1.00
      0.1820         1.00
      0.1830         1.00
      0.1840         1.00
      0.1850         1.00
      0.1860         1.00
      0.1870         1.00
      0.1880         1.00
      0.1890         1.00
      0.1900         1.00
      0.1910         1.00
      0.1920         1.00
      0.1930         1.00
      0.1940         1.00
      0.1950         1.00
      0.1960         1.00
      0.1970         1.00
      0.1980         1.00
      0.1990         1.00
      0.2000         1.00
      0.2010         1.00
      0.2020         1.00
      0.2030         1.00
      0.2040         1.00
      0.2050         1.00
      0.2060         1.00
      0.2070         1.00
      0.2080         1.00
      0.2090         1.00
      0.2100         1.00
      0.2110         1.00
      0.2120         1.00
      0.2130         1.00
      0.2140         1.00
      0.2150         1.00
      0.2160         1.00
      0.2170         1.00
      0.2180         1.00
      0.2190         1.00
      0.2200         1.00
      0.2210         1.00
      0.2220         1.00
      0.2230         1.00
      0.2240         1.00
      0.2250         1.00
      0.2260         1.00
      0.2270         1.00
      0.2280         1.00
      0.2290         1.00
      0.2300         1.00
      0.2310         1.00
      0.2320         1.00
      0.2330         1.00
      0.2340         1.00
      0.2350         1.00
      0.2360         1.00
      0.2370         1.00
      0.2380         1.00
      0.2390         1.00
      0.2400         1.00
      0.2410         1.00
      0.2420         1.00
      0.2430         1.00
      0.2440         1.00
      0.2450         1.00
      0.2460         1.00
      0.2470         1.00
      0.2480         1.00
      0.2490         1.00
      0.2500         1.00
      0.2510         1.00
      0.2520         1.00
      0.2530         1.00
      0.2540         1.00
      0.2550         1.00
      0.2560         1.00
      0.2570         1.00
      0.2580         1.00
      0.2590         1.00
      0.2600         1.00
      0.2610         1.00
      0.2620         1.00
      0.2630         1.00
      0.2640         1.00
      0.2650         1.00
      0.2660         1.00
      0.2670         1.00
      0.2680         1.00
      0.2690         1.00
      0.2700         1.00
      0.2710         1.00
      0.2720         1.00
      0.2730         1.00
      0.2740         1.00
      0.2750         1.00
      0.2760         1.00
      0.2770         1.00
      0.2780         1.00
      0.2790         1.00
      0.2800         1.00
      0.2810         1.00
      0.2820         1.00
      0.2830         1.00
      0.2840         1.00
      0.2850         1.00
      0.2860         1.00
      0.2870         1.00
      0.2880         1.00
      0.2890         1.00
      0.2900         1.00
      0.2910         1.00
      0.2920         1.00
      0.2930         1.00
      0.2940         1.00
      0.2950         1.00
      0.2960         1.00
      0.2970         1.00
      0.2980         1.00
      0.2990         1.00
      0.3000         1.00
      0.3010         1.00
      0.3020         1.00
      0.3030         1.00
      0.3040         1.00
      0.3050         1.00
      0.3060         1.00
      0.3070         1.00
      0.3080         1.00
      0.3090         1.00
      0.3100         1.00
      0.3110         1.00
      0.3120         1.00
      0.3130         1.00
      0.3140         1.00
      0.3150         1.00
      0.3160         1.00
      0.3170         1.00
      0.3180         1.00
      0.3190         1.00
      0.3200         1.00
      0.3210         1.00
      0.3220         1.00
      0.3230         1.00
      0.3240         1.00
      0.3250         1.00
      0.3260         1.00
      0.3270         1.00
      0.3280         1.00
      0.3290         1.00
      0.3300         1.00
      0.3310         1.00
      0.3320         1.00
      0.3330         1.00
      0.3340         1.00
      0.3350         1.00
      0.3360         1.00
      0.3370         1.00
      0.3380         1.00
      0.3390         1.00
      0.3400         1.00
      0.3410         1.00
      0.3420         1.00
      0.3430         1.00
      0.3440         1.00
      0.3450         1.00
      0.3460         1.00
      0.3470         1.00
      0.3480         1.00
      0.3490         1.00
      0.3500         1.00
      0.3510         1.00
      0.3520         1.00
      0.3530         1.00
      0.3540         1.00
      0.3550         1.00
      0.3560         1.00
      0.3570         1.00
      0.3580         1.00
      0.3590         1.00
      0.3600         1.00
      0.3610         1.00
      0.3620         1.00
      0.3630         1.00
      0.3640         1.00
      0.3650         1.00
      0.3660         1.00
      0.3670         1.00
      0.3680         1.00
      0.3690         1.00
      0.3700         1.00
      0.3710         1.00
      0.3720         1.00
      0.3730         1.00
      0.3740         1.00
      0.3750         1.00
      0.3760         1.00
      0.3770         1.00
      0.3780         1.00
      0.3790         1.00
      0.3800         1.00
      0.3810         1.00
      0.3820         1.00
      0.3830         1.00
      0.3840         1.00
      0.3850         1.00
      0.3860         1.00
      0.3870         1.00
      0.3880         1.00
      0.3890         1.00
      0.3900         1.00
      0.3910         1.00
      0.3920         1.00
      0.3930         1.00
      0.3940         1.00
      0.3950         1.00
      0.3960         1.00
      0.3970         1.00
      0.3980         1.00
      0.3990         1.00
      0.4000         1.00
      0.4010         1.00
      0.4020         1.00
      0.4030         1.00
      0.4040         1.00
      0.4050         1.00
      0.4060         1.00
      0.4070         1.00
      0.4080         1.00
      0.4090         1.00
      0.4100         1.00
      0.4110         1.00
      0.4120         1.00
      0.4130         1.00
      0.4140         1.00
      0.4150         1.00
      0.4160         1.00
      0.4170         1.00
      0.4180         1.00
      0.4190         1.00
      0.4200         1.00
      0.4210         1.00
      0.4220         1.00
      0.4230         1.00
      0.4240         1.00
      0.4250         1.00
      0.4260         1.00
      0.4270         1.00
      0.4280         1.00
      0.4290         1.00
      0.4300         1.00
      0.4310         1.00
      0.4320         1.00
      0.4330         1.00
      0.4340         1.00
      0.4350         1.00
      0.4360         1.00
      0.4370         1.00
      0.4380         1.00
      0.4390         1.00
      0.4400         1.00
      0.4410         1.00
      0.4420         1.00
      0.4430         1.00
      0.4440         1.00
      0.4450         1.00
      0.4460         1.00
      0.4470         1.00
      0.4480         1.00
      0.4490         1.00
      0.4500         1.00
      0.4510         1.00
      0.4520         1.00
      0.4530         1.00
      0.4540         1.00
      0.4550         1.00
      0.4560         1.00
      0.4570         1.00
      0.4580         1.00
      0.4590         1.00
      0.4600         1.00
      0.4610         1.00
      0.4620         1.00
      0.4630         1.00
      0.4640         1.00
      0.4650         1.00
      0.4660         1.00
      0.4670         1.00
      0.4680         1.00
      0.4690         1.00
      0.4700         1.00
      0.4710         1.00
      0.4720         1.00
      0.4730         1.00
      0.4740         1.00
      0.4750         1.00
      0.4760         1.00
      0.4770         1.00
      0.4780         1.00
      0.4790         1.00
      0.4800         1.00
      0.4810         1.00
      0.4820         1.00
      0.4830         1.00
      0.4840         1.00
      0.4850         1.00
      0.4860         1.00
      0.4870         1.00
      0.4880         1.00
      0.4890         1.00
      0.4900         1.00
      0.4910         1.00
      0.4920         1.00
      0.4930         1.00
      0.4940         1.00
      0.4950         1.01
      0.4960         1.00
      0.4970         1.10
      0.4980         1.12
      0.4990         1.18
      0.5000         1.19
      0.5010         1.10
      0.5020         1.05
      0.5030         1.00
      0.5040         1.00
      0.5050         1.00
      0.5060         1.00
      0.5070         1.00
      0.5080         1.00
      0.5090         1.00
      0.5100         1.00
      0.5110         1.00
      0.5120         1.00
      0.5130         1.00
      0.5140         1.00
      0.5150         1.00
      0.5160         1.00
      0.5170         1.00
      0.5180         1.00
      0.5190         1.00
      0.5200         1.00
      0.5210         1.00
      0.5220         1.00
      0.5230         1.00
      0.5240         1.00
      0.5250         1.00
      0.5260         1.00
      0.5270         1.00
      0.5280         1.00
      0.5290         1.00
      0.5300         1.12
      0.5310         1.14
      0.5320         1.15
      0.5330         1.15
      0.5340         1.00
      0.5350         1.27
      0.5360         1.29
      0.5370         1.78
      0.5380         1.89
      0.5390         1.93
      0.5400         1.94
      0.5410         2.02
      0.5420         2.62
      0.5430         2.76
      0.5440         2.75
      0.5450         2.75
      0.5460         2.24
      0.5470         2.19
      0.5480         2.31
      0.5490         2.46
      0.5500         2.36
      0.5510         2.36
      0.5520         2.43
      0.5530         2.50
      0.5540         3.02
      0.5550         2.99
      0.5560         2.97
      0.5570         2.98
      0.5580         2.42
      0.5590         2.87
      0.5600         2.93
      0.5610         2.93
      0.5620         2.95
      0.5630         2.39
      0.5640         2.44
      0.5650         3.02
      0.5660         3.07
      0.5670         3.35
      0.5680         3.32
      0.5690         3.36
      0.5700         3.37
      0.5710         3.44
      0.5720         3.45
      0.5730         3.45
      0.5740         3.41
      0.5750         3.45
      0.5760         3.61
      0.5770         3.61
      0.5780         3.66
      0.5790         3.13
      0.5800         3.13
      0.5810         3.05
      0.5820         3.55
      0.5830         3.55
      0.5840         3.51
      0.5850         2.95
      0.5860         3.53
      0.5870         3.41
      0.5880         3.51
      0.5890         3.49
      0.5900         3.49
      0.5910         3.53
      0.5920         3.04
      0.5930         3.52
      0.5940         3.58
      0.5950         3.64
      0.5960         3.52
      0.5970         3.58
      0.5980         3.58
      0.5990         3.61
      0.6000         3.64
      0.6010         3.73
      0.6020         3.21
      0.6030         3.79
      0.6040         3.73
      0.6050         3.85
      0.6060         3.36
      0.6070         3.87
      0.6080         3.29
      0.6090         3.28
      0.6100         3.29
      0.6110         3.24
      0.6120         3.78
      0.6130         3.84
      0.6140         3.83
      0.6150         3.87
      0.6160         3.95
      0.6170         3.94
      0.6180         3.94
      0.6190         4.04
      0.6200         4.10
      0.6210         4.16
      0.6220         4.26
      0.6230         4.36
      0.6240         4.49
      0.6250         4.47
      0.6260         4.47
      0.6270         4.54
      0.6280         4.63
      0.6290         4.67
      0.6300         4.66
      0.6310         4.70
      0.6320         4.63
      0.6330         4.63
      0.6340         4.73
      0.6350         4.78
      0.6360         4.81
      0.6370         4.88
      0.6380         4.95
      0.6390         4.97
      0.6400         4.93
      0.6410         4.88
      0.6420         4.73
      0.6430         4.63
      0.6440         4.63
      0.6450         4.71
      0.6460         4.78
      0.6470         4.79
      0.6480         4.87
      0.6490         4.89
      0.6500         5.07
      0.6510         5.06
      0.6520         5.21
      0.6530         5.19
      0.6540         5.24
      0.6550         5.31
      0.6560         5.42
      0.6570         5.46
      0.6580         5.46
      0.6590         5.49
      0.6600         5.50
      0.6610         5.64
      0.6620         5.79
      0.6630         5.89
      0.6640         5.88
      0.6650         5.84
      0.6660         5.80
      0.6670         5.86
      0.6680         5.84
      0.6690         5.96
      0.6700         5.95
      0.6710         6.02
      0.6720         6.08
      0.6730         6.13
      0.6740         6.09
      0.6750         6.03
      0.6760         5.95
      0.6770         5.94
      0.6780         6.05
      0.6790         6.14
      0.6800         6.22
      0.6810         6.22
      0.6820         6.30
      0.6830         6.33
      0.6840         6.45
      0.6850         6.55
      0.6860         6.59
      0.6870         6.57
      0.6880         6.59
      0.6890         6.51
      0.6900         6.44
      0.6910         6.46
      0.6920         6.48
      0.6930         6.55
      0.6940         6.57
      0.6950         6.58
      0.6960         6.58
      0.6970         6.58
      0.6980         6.60
      0.6990         6.49
      0.7000         6.57
      0.7010         6.62
      0.7020         6.58
      0.7030         6.63
      0.7040         6.60
      0.7050         6.54
      0.7060         6.62
      0.7070         6.63
      0.7080         6.79
      0.7090         6.84
      0.7100         6.83
      0.7110         6.87
      0.7120         6.80
      0.7130         6.80
      0.7140         6.82
      0.7150         6.86
      0.7160         6.87
      0.7170         6.88
      0.7180         6.91
      0.7190         6.96
      0.7200         6.92
      0.7210         6.90
      0.7220         6.89
      0.7230         6.83
      0.7240         6.91
      0.7250         6.90
      0.7260         6.86
      0.7270         6.94
      0.7280         6.83
      0.7290         6.78
      0.7300         6.94
      0.7310         7.03
      0.7320         7.04
      0.7330         7.08
      0.7340         7.16
      0.7350         7.22
      0.7360         7.37
      0.7370         7.45
      0.7380         7.52
      0.7390         7.60
      0.7400         7.64
      0.7410         7.69
      0.7420         7.77
      0.7430         7.79
      0.7440         7.76
      0.7450         7.88
      0.7460         7.94
      0.7470         7.91
      0.7480         7.95
      0.7490         8.01
      0.7500         8.03
      0.7510         8.03
      0.7520         8.07
      0.7530         8.06
      0.7540         8.00
      0.7550         7.93
      0.7560         7.89
      0.7570         7.85
      0.7580         7.74
      0.7590         7.72
      0.7600         7.74
      0.7610         7.79
      0.7620         7.83
      0.7630         7.79
      0.7640         7.92
      0.7650         7.92
      0.7660         7.91
      0.7670         7.92
      0.7680         7.96
      0.7690         8.08
      0.7700         8.02
      0.7710         7.99
      0.7720         8.02
      0.7730         8.10
      0.7740         8.07
      0.7750         8.14
      0.7760         8.13
      0.7770         8.22
      0.7780         8.21
      0.7790         8.25
      0.7800         8.26
      0.7810         8.22
      0.7820         8.13
      0.7830         8.13
      0.7840         8.09
      0.7850         8.07
      0.7860         8.10
      0.7870         8.08
      0.7880         8.08
      0.7890         8.01
      0.7900         8.06
      0.7910         8.08
      0.7920         8.09
      0.7930         8.03
      0.7940         8.06
      0.7950         8.02
      0.7960         8.05
      0.7970         8.09
      0.7980         8.17
      0.7990         8.26
      0.8000         8.26
      0.8010         8.29
      0.8020         8.38
      0.8030         8.49
      0.8040         8.41
      0.8050         8.46
      0.8060         8.52
      0.8070         8.56
      0.8080         8.53
      0.8090         8.59
      0.8100         8.60
      0.8110         8.56
      0.8120         8.53
      0.8130         8.48
      0.8140         8.53
      0.8150         8.64
      0.8160         8.63
      0.8170         8.53
      0.8180         8.59
      0.8190         8.53
      0.8200         8.60
      0.8210         8.62
      0.8220         8.60
      0.8230         8.48
      0.8240         8.55
      0.8250         8.57
      0.8260         8.63
      0.8270         8.60
      0.8280         8.58
      0.8290         8.60
      0.8300         8.53
      0.8310         8.50
      0.8320         8.53
      0.8330         8.64
      0.8340         8.62
      0.8350         8.58
      0.8360         8.60
      0.8370         8.60
      0.8380         8.64
      0.8390         8.64
      0.8400         8.56
      0.8410         8.59
      0.8420         8.54
      0.8430         8.63
      0.8440         8.60
      0.8450         8.50
      0.8460         8.39
      0.8470         8.42
      0.8480         8.42
      0.8490         8.47
      0.8500         8.55
      0.8510         8.51
      0.8520         8.50
      0.8530         8.50
      0.8540         8.55
      0.8550         8.65
      0.8560         8.74
      0.8570         8.78
      0.8580         8.78
      0.8590         8.86
      0.8600         8.87
      0.8610         8.70
      0.8620         8.73
      0.8630         8.81
      0.8640         8.81
      0.8650         8.92
      0.8660         8.84
      0.8670         8.87
      0.8680         8.93
      0.8690         8.88
      0.8700         8.88
      0.8710         8.96
      0.8720         9.02
      0.8730         9.02
      0.8740         8.99
      0.8750         8.98
      0.8760         8.86
      0.8770         8.94
      0.8780         8.90
      0.8790         8.82
      0.8800         8.83
      0.8810         8.89
      0.8820         8.95
      0.8830         8.93
      0.8840         8.99
      0.8850         9.05
      0.8860         9.25
      0.8870         9.32
      0.8880         9.39
      0.8890         9.39
      0.8900         9.39
      0.8910         9.45
      0.8920         9.39
      0.8930         9.40
      0.8940         9.47
      0.8950         9.44
      0.8960         9.43
      0.8970         9.40
      0.8980         9.43
      0.8990         9.39
      0.9000         9.43
      0.9010         9.51
      0.9020         9.46
      0.9030         9.50
      0.9040         9.53
      0.9050         9.43
      0.9060         9.30
      0.9070         9.22
      0.9080         9.16
      0.9090         9.19
      0.9100         9.27
      0.9110         9.24
      0.9120         9.36
      0.9130         9.43
      0.9140         9.43
      0.9150         9.39
      0.9160         9.49
      0.9170         9.51
      0.9180         9.44
      0.9190         9.47
      0.9200         9.47
      0.9210         9.47
      0.9220         9.55
      0.9230         9.55
      0.9240         9.57
      0.9250         9.53
      0.9260         9.59
      0.9270         9.47
      0.9280         9.52
      0.9290         9.59
      0.9300         9.48
      0.9310         9.47
      0.9320         9.32
      0.9330         9.24
      0.9340         9.16
      0.9350         9.18
      0.9360         9.11
      0.9370         9.10
      0.9380         9.18
      0.9390         9.28
      0.9400         9.24
      0.9410         9.21
      0.9420         9.19
      0.9430         9.20
      0.9440         9.13
      0.9450         9.33
      0.9460         9.39
      0.9470         9.51
      0.9480         9.39
      0.9490         9.32
      0.9500         9.39
      0.9510         9.39
      0.9520         9.48
      0.9530         9.46
      0.9540         9.50
      0.9550         9.48
      0.9560         9.53
      0.9570         9.43
      0.9580         9.29
      0.9590         9.21
      0.9600         9.22
      0.9610         9.19
      0.9620         9.18
      0.9630         9.18
      0.9640         9.17
      0.9650         9.02
      0.9660         9.01
      0.9670         9.06
      0.9680         9.17
      0.9690         9.22
      0.9700         9.18
      0.9710         9.26
      0.9720         9.23
      0.9730         9.34
      0.9740         9.42
      0.9750         9.43
      0.9760         9.42
      0.9770         9.43
      0.9780         9.49
      0.9790         9.50
      0.9800         9.53
      0.9810         9.54
      0.9820         9.50
      0.9830         9.41
      0.9840         9.51
      0.9850         9.57
      0.9860         9.61
      0.9870         9.60
      0.9880         9.59
      0.9890         9.55
      0.9900         9.69
      0.9910         9.65
      0.9920         9.65
      0.9930         9.60
      0.9940         9.64
      0.9950         9.65
      0.9960         9.80
      0.9970         9.85
      0.9980        10.00
      0.9990        10.04
      1.0000        10.04
      1.0010        10.17
      1.0020        10.32
      1.0030        10.38
      1.0040        10.32
      1.0050        10.32
      1.0060        10.33
      1.0070        10.33
      1.0080        10.36
      1.0090        10.40
      1.0100        10.34
      1.0110        10.34
      1.0120        10.34
      1.0130        10.33
      1.0140        10.25
      1.0150        10.36
      1.0160        10.32
      1.0170        10.32
      1.0180        10.16
      1.0190        10.21
      1.0200        10.16
      1.0210        10.08
      1.0220         9.89
      1.0230         9.86
      1.0240         9.88
      1.0250         9.91
      1.0260         9.89
      1.0270         9.93
      1.0280         9.97
      1.0290         9.90
      1.0300         9.82
      1.0310         9.89
      1.0320         9.96
      1.0330         9.90
      1.0340         9.81
      1.0350         9.77
      1.0360         9.68
      1.0370         9.63
      1.0380         9.62
      1.0390         9.53
      1.0400         9.59
      1.0410         9.66
      1.0420         9.86
      1.0430         9.93
      1.0440         9.88
      1.0450         9.80
      1.0460         9.81
      1.0470         9.85
      1.0480         9.80
      1.0490         9.96
      1.0500         9.96
      1.0510         9.91
      1.0520         9.84
      1.0530        10.04
      1.0540        10.20
      1.0550        10.16
      1.0560        10.24
      1.0570        10.36
      1.0580        10.42
      1.0590        10.34
      1.0600        10.44
      1.0610        10.46
      1.0620        10.41
      1.0630        10.51
      1.0640        10.67
      1.0650        10.78
      1.0660        10.71
      1.0670        10.76
      1.0680        10.67
      1.0690        10.58
      1.0700        10.64
      1.0710        10.69
      1.0720        10.73
      1.0730        10.64
      1.0740        10.51
      1.0750        10.47
      1.0760        10.41
      1.0770        10.47
      1.0780        10.55
      1.0790        10.68
      1.0800        10.61
      1.0810        10.58
      1.0820        10.48
      1.0830        10.42
      1.0840        10.38
      1.0850        10.37
      1.0860        10.48
      1.0870        10.45
      1.0880        10.62
      1.0890        10.68
      1.0900        10.70
      1.0910        10.64
      1.0920        10.73
      1.0930        10.84
      1.0940        10.89
      1.0950        11.02
      1.0960        11.12
      1.0970        11.11
      1.0980        11.13
      1.0990        11.15
      1.1000        11.20
      1.1010        11.28
      1.1020        11.51
      1.1030        11.50
      1.1040        11.47
      1.1050        11.45
      1.1060        11.36
      1.1070        11.38
      1.1080        11.30
      1.1090        11.26
      1.1100        11.26
      1.1110        11.26
      1.1120        11.30
      1.1130        11.20
      1.1140        11.28
      1.1150        11.26
      1.1160        11.19
      1.1170        11.16
      1.1180        11.15
      1.1190        11.16
      1.1200        11.13
      1.1210        11.08
      1.1220        10.99
      1.1230        11.07
      1.1240        11.05
      1.1250        11.08
      1.1260        11.12
      1.1270        11.08
      1.1280        11.04
      1.1290        10.98
      1.1300        10.97
      1.1310        11.01
      1.1320        11.00
      1.1330        10.95
      1.1340        10.99
      1.1350        11.04
      1.1360        11.07
      1.1370        11.19
      1.1380        11.19
      1.1390        11.24
      1.1400        11.38
      1.1410        11.48
      1.1420        11.54
      1.1430        11.42
      1.1440        11.46
      1.1450        11.43
      1.1460        11.54
      1.1470        11.50
      1.1480        11.58
      1.1490        11.66
      1.1500        11.67
      1.1510        11.71
      1.1520        11.68
      1.1530        11.83
      1.1540        11.78
      1.1550        11.83
      1.1560        11.82
      1.1570        11.71
      1.1580        11.77
      1.1590        11.71
      1.1600        11.60
      1.1610        11.55
      1.1620        11.53
      1.1630        11.61
      1.1640        11.69
      1.1650        11.76
      1.1660        11.70
      1.1670        11.74
      1.1680        11.69
      1.1690        11.71
      1.1700        11.81
      1.1710        11.81
      1.1720        11.89
      1.1730        11.89
      1.1740        11.94
      1.1750        11.91
      1.1760        12.06
      1.1770        12.15
      1.1780        12.18
      1.1790        12.27
      1.1800        12.29
      1.1810        12.29
      1.1820        12.42
      1.1830        12.33
      1.1840        12.36
      1.1850        12.39
      1.1860        12.41
      1.1870        12.41
      1.1880        12.53
      1.1890        12.53
      1.1900        12.50
      1.1910        12.53
      1.1920        12.49
      1.1930        12.48
      1.1940        12.44
      1.1950        12.37
      1.1960        12.18
      1.1970        12.10
      1.1980        12.14
      1.1990        12.18
      1.2000        12.21
      1.2010        12.22
      1.2020        12.18
      1.2030        12.34
      1.2040        12.25
      1.2050        12.26
      1.2060        12.26
      1.2070        12.38
      1.2080        12.35
      1.2090        12.39
      1.2100        12.37
      1.2110        12.43
      1.2120        12.35
      1.2130        12.43
      1.2140        12.47
      1.2150        12.53
      1.2160        12.72
      1.2170        12.80
      1.2180        12.72
      1.2190        12.71
      1.2200        12.63
      1.2210        12.63
      1.2220        12.56
      1.2230        12.43
      1.2240        12.50
      1.2250        12.50
      1.2260        12.47
      1.2270        12.55
      1.2280        12.59
      1.2290        12.66
      1.2300        12.76
      1.2310        12.80
      1.2320        12.92
      1.2330        12.92
      1.2340        12.94
      1.2350        12.97
      1.2360        12.92
      1.2370        12.94
      1.2380        12.94
      1.2390        12.86
      1.2400        13.05
      1.2410        13.09
      1.2420        13.19
      1.2430        13.33
      1.2440        13.36
      1.2450        13.43
      1.2460        13.54
      1.2470        13.38
      1.2480        13.49
      1.2490        13.38
      1.2500        13.31
      1.2510        13.41
      1.2520        13.39
      1.2530        13.41
      1.2540        13.42
      1.2550        13.38
      1.2560        13.37
      1.2570        13.31
      1.2580        13.35
      1.2590        13.42
      1.2600        13.36
      1.2610        13.40
      1.2620        13.38
      1.2630        13.35
      1.2640        13.36
      1.2650        13.36
      1.2660        13.34
      1.2670        13.45
      1.2680        13.42
      1.2690        13.49
      1.2700        13.53
      1.2710        13.36
      1.2720        13.32
      1.2730        13.20
      1.2740        13.20
      1.2750        13.21
      1.2760        13.23
      1.2770        13.25
      1.2780        13.28
      1.2790        13.34
      1.2800        13.30
      1.2810        13.28
      1.2820        13.18
      1.2830        13.13
      1.2840        13.08
      1.2850        13.11
      1.2860        13.11
      1.2870        13.11
      1.2880        13.15
      1.2890        13.05
      1.2900        13.07
      1.2910        13.04
      1.2920        13.05
      1.2930        13.08
      1.2940        13.07
      1.2950        13.15
      1.2960        13.15
      1.2970        13.13
      1.2980        13.13
      1.2990        13.09
      1.3000        13.17
      1.3010        13.20
      1.3020        13.23
      1.3030        13.33
      1.3040        13.36
      1.3050        13.42
      1.3060        13.36
      1.3070        13.34
      1.3080        13.23
      1.3090        13.34
      1.3100        13.34
      1.3110        13.48
      1.3120        13.48
      1.3130        13.50
      1.3140        13.55
      1.3150        13.43
      1.3160        13.54
      1.3170        13.59
      1.3180        13.56
      1.3190        13.60
      1.3200        13.52
      1.3210        13.44
      1.3220        13.58
      1.3230        13.59
      1.3240        13.65
      1.3250        13.55
      1.3260        13.64
      1.3270        13.61
      1.3280        13.61
      1.3290        13.67
      1.3300        13.61
      1.3310        13.51
      1.3320        13.50
      1.3330        13.62
      1.3340        13.62
      1.3350        13.74
      1.3360        13.63
      1.3370        13.57
      1.3380        13.62
      1.3390        13.65
      1.3400        13.66
      1.3410        13.72
      1.3420        13.65
      1.3430        13.64
      1.3440        13.54
      1.3450        13.46
      1.3460        13.48
      1.3470        13.55
      1.3480        13.55
      1.3490        13.53
      1.3500        13.65
      1.3510        13.70
      1.3520        13.74
      1.3530        13.62
      1.3540        13.64
      1.3550        13.60
      1.3560        13.67
      1.3570        13.72
      1.3580        13.69
      1.3590        13.65
      1.3600        13.74
      1.3610        13.74
      1.3620        13.82
      1.3630        13.84
      1.3640        13.82
      1.3650        13.94
      1.3660        13.94
      1.3670        13.90
      1.3680        14.01
      1.3690        14.05
      1.3700        14.06
      1.3710        14.11
      1.3720        14.10
      1.3730        14.25
      1.3740        14.26
      1.3750        14.33
      1.3760        14.36
      1.3770        14.42
      1.3780        14.55
      1.3790        14.59
      1.3800        14.55
      1.3810        14.58
      1.3820        14.57
      1.3830        14.49
      1.3840        14.55
      1.3850        14.47
      1.3860        14.50
      1.3870        14.49
      1.3880        14.41
      1.3890        14.39
      1.3900        14.33
      1.3910        14.30
      1.3920        14.41
      1.3930        14.37
      1.3940        14.40
      1.3950        14.44
      1.3960        14.30
      1.3970        14.25
      1.3980        14.14
      1.3990        14.20
      1.4000        14.21
      1.4010        14.26
      1.4020        14.32
      1.4030        14.42
      1.4040        14.42
      1.4050        14.53
      1.4060        14.53
      1.4070        14.57
      1.4080        14.62
      1.4090        14.62
      1.4100        14.61
      1.4110        14.58
      1.4120        14.50
      1.4130        14.53
      1.4140        14.41
      1.4150        14.39
      1.4160        14.60
      1.4170        14.54
      1.4180        14.65
      1.4190        14.56
      1.4200        14.60
      1.4210        14.67
      1.4220        14.57
      1.4230        14.39
      1.4240        14.43
      1.4250        14.39
      1.4260        14.32
      1.4270        14.40
      1.4280        14.32
      1.4290        14.34
      1.4300        14.31
      1.4310        14.35
      1.4320        14.43
      1.4330        14.40
      1.4340        14.51
      1.4350        14.51
      1.4360        14.53
      1.4370        14.61
      1.4380        14.61
      1.4390        14.60
      1.4400        14.61
      1.4410        14.50
      1.4420        14.56
      1.4430        14.73
      1.4440        14.74
      1.4450        14.77
      1.4460        14.84
      1.4470        14.80
      1.4480        14.92
      1.4490        14.90
      1.4500        14.94
      1.4510        14.93
      1.4520        14.92
      1.4530        14.88
      1.4540        14.88
      1.4550        14.87
      1.4560        14.73
      1.4570        14.69
      1.4580        14.66
      1.4590        14.71
      1.4600        14.70
      1.4610        14.68
      1.4620        14.66
      1.4630        14.66
      1.4640        14.64
      1.4650        14.60
      1.4660        14.53
      1.4670        14.51
      1.4680        14.56
      1.4690        14.60
      1.4700        14.63
      1.4710        14.61
      1.4720        14.65
      1.4730        14.71
      1.4740        14.68
      1.4750        14.60
      1.4760        14.67
      1.4770        14.75
      1.4780        14.80
      1.4790        14.79
      1.4800        14.80
      1.4810        14.73
      1.4820        14.76
      1.4830        14.75
      1.4840        14.79
      1.4850        14.78
      1.4860        14.87
      1.4870        14.86
      1.4880        14.75
      1.4890        14.75
      1.4900        14.90
      1.4910        14.95
      1.4920        14.87
      1.4930        14.90
      1.4940        15.00
      1.4950        15.07
      1.4960        15.10
      1.4970        15.16
      1.4980        15.10
      1.4990        15.20
      1.5000        15.22
      1.5010        15.32
      1.5020        15.39
      1.5030        15.47
      1.5040        15.51
      1.5050        15.62
      1.5060        15.58
      1.5070        15.64
      1.5080        15.67
      1.5090        15.67
      1.5100        15.58
      1.5110        15.65
      1.5120        15.78
      1.5130        15.70
      1.5140        15.65
      1.5150        15.63
      1.5160        15.63
      1.5170        15.59
      1.5180        15.71
      1.5190        15.65
      1.5200        15.75
      1.5210        15.79
      1.5220        15.85
      1.5230        15.87
      1.5240        15.91
      1.5250        15.99
      1.5260        16.05
      1.5270        16.07
      1.5280        16.22
      1.5290        16.26
      1.5300        16.31
      1.5310        16.35
      1.5320        16.39
      1.5330        16.56
      1.5340        16.63
      1.5350        16.71
      1.5360        16.71
      1.5370        16.64
      1.5380        16.61
      1.5390        16.67
      1.5400        16.67
      1.5410        16.69
      1.5420        16.78
      1.5430        16.77
      1.5440        16.70
      1.5450        16.66
      1.5460        16.70
      1.5470        16.82
      1.5480        16.81
      1.5490        16.82
      1.5500        16.84
      1.5510        16.91
      1.5520        16.85
      1.5530        16.89
      1.5540        16.91
      1.5550        16.97
      1.5560        17.13
      1.5570        17.25
      1.5580        17.31
      1.5590        17.25
      1.5600        17.24
      1.5610        17.38
      1.5620        17.36
      1.5630        17.34
      1.5640        17.39
      1.5650        17.48
      1.5660        17.45
      1.5670        17.49
      1.5680        17.44
      1.5690        17.45
      1.5700        17.47
      1.5710        17.44
      1.5720        17.45
      1.5730        17.36
      1.5740        17.31
      1.5750        17.31
      1.5760        17.21
      1.5770        17.32
      1.5780        17.32
      1.5790        17.47
      1.5800        17.47
      1.5810        17.41
      1.5820        17.36
      1.5830        17.40
      1.5840        17.33
      1.5850        17.30
      1.5860        17.33
      1.5870        17.21
      1.5880        17.28
      1.5890        17.28
      1.5900        17.27
      1.5910        17.23
      1.5920        17.29
      1.5930        17.29
      1.5940        17.37
      1.5950        17.33
      1.5960        17.36
      1.5970        17.25
      1.5980        17.27
      1.5990        17.21
      1.6000        17.34
      1.6010        17.26
      1.6020        17.23
      1.6030        17.23
      1.6040        17.39
      1.6050        17.28
      1.6060        17.34
      1.6070        17.35
      1.6080        17.34
      1.6090        17.30
      1.6100        17.40
      1.6110        17.43
      1.6120        17.45
      1.6130        17.47
      1.6140        17.51
      1.6150        17.67
      1.6160        17.67
      1.6170        17.80
      1.6180        17.75
      1.6190        17.79
      1.6200        17.72
      1.6210        17.76
      1.6220        17.84
      1.6230        17.82
      1.6240        17.84
      1.6250        17.95
      1.6260        17.92
      1.6270        18.06
      1.6280        17.98
      1.6290        18.02
      1.6300        17.95
      1.6310        17.90
      1.6320        17.90
      1.6330        17.95
      1.6340        17.98
      1.6350        17.91
      1.6360        17.96
      1.6370        17.88
      1.6380        18.00
      1.6390        18.06
      1.6400        18.12
      1.6410        18.23
      1.6420        18.27
      1.6430        18.36
      1.6440        18.31
      1.6450        18.32
      1.6460        18.32
      1.6470        18.22
      1.6480        18.35
      1.6490        18.46
      1.6500        18.53
      1.6510        18.59
      1.6520        18.52
      1.6530        18.59
      1.6540        18.58
      1.6550        18.50
      1.6560        18.44
      1.6570        18.48
      1.6580        18.55
      1.6590        18.58
      1.6600        18.54
      1.6610        18.53
      1.6620        18.61
      1.6630        18.56
      1.6640        18.70
      1.6650        18.82
      1.6660        18.98
      1.6670        19.08
      1.6680        19.02
      1.6690        19.12
      1.6700        19.20
      1.6710        19.39
      1.6720        19.51
      1.6730        19.49
      1.6740        19.53
      1.6750        19.71
      1.6760        19.87
      1.6770        19.95
      1.6780        19.96
      1.6790        19.99
      1.6800        20.12
      1.6810        20.24
      1.6820        20.34
      1.6830        20.50
      1.6840        20.42
      1.6850        20.46
      1.6860        20.50
      1.6870        20.50
      1.6880        20.63
      1.6890        20.67
      1.6900        20.66
      1.6910        20.64
      1.6920        20.70
      1.6930        20.84
      1.6940        21.00
      1.6950        21.02
      1.6960        21.06
      1.6970        21.20
      1.6980        21.25
      1.6990        21.26
      1.7000        21.29
      1.7010        21.29
      1.7020        21.23
      1.7030        21.27
      1.7040        21.41
      1.7050        21.42
      1.7060        21.45
      1.7070        21.58
      1.7080        21.63
      1.7090        21.63
      1.7100        21.70
      1.7110        21.77
      1.7120        21.77
      1.7130        21.81
      1.7140        21.81
      1.7150        21.82
      1.7160        21.85
      1.7170        21.73
      1.7180        21.70
      1.7190        21.78
      1.7200        21.71
      1.7210        21.77
      1.7220        21.74
      1.7230        21.71
      1.7240        21.77
      1.7250        21.77
      1.7260        21.85
      1.7270        21.86
      1.7280        21.91
      1.7290        21.97
      1.7300        21.99
      1.7310        21.93
      1.7320        21.96
      1.7330        21.95
      1.7340        21.91
      1.7350        22.03
      1.7360        22.02
      1.7370        22.12
      1.7380        22.17
      1.7390        22.23
      1.7400        22.30
      1.7410        22.29
      1.7420        22.26
      1.7430        22.33
      1.7440        22.36
      1.7450        22.35
      1.7460        22.28
      1.7470        22.31
      1.7480        22.31
      1.7490        22.22
      1.7500        22.21
      1.7510        22.24
      1.7520        22.29
      1.7530        22.30
      1.7540        22.32
      1.7550        22.22
      1.7560        22.22
      1.7570        22.14
      1.7580        22.11
      1.7590        22.01
      1.7600        21.96
      1.7610        21.88
      1.7620        21.89
      1.7630        21.88
      1.7640        21.88
      1.7650        21.97
      1.7660        22.01
      1.7670        21.96
      1.7680        21.86
      1.7690        21.85
      1.7700        21.81
      1.7710        21.75
      1.7720        21.81
      1.7730        21.78
      1.7740        21.77
      1.7750        21.88
      1.7760        21.89
      1.7770        21.97
      1.7780        22.05
      1.7790        22.05
      1.7800        22.13
      1.7810        22.13
      1.7820        22.20
      1.7830        22.24
      1.7840        22.17
      1.7850        22.12
      1.7860        22.06
      1.7870        22.13
      1.7880        22.25
      1.7890        22.33
      1.7900        22.34
      1.7910        22.54
      1.7920        22.45
      1.7930        22.44
      1.7940        22.49
      1.7950        22.41
      1.7960        22.38
      1.7970        22.34
      1.7980        22.32
      1.7990        22.42
      1.8000        22.40
      1.8010        22.46
      1.8020        22.45
      1.8030        22.41
      1.8040        22.41
      1.8050        22.48
      1.8060        22.49
      1.8070        22.53
      1.8080        22.52
      1.8090        22.64
      1.8100        22.73
      1.8110        22.55
      1.8120        22.59
      1.8130        22.61
      1.8140        22.64
      1.8150        22.80
      1.8160        22.95
      1.8170        22.96
      1.8180        22.89
      1.8190        22.93
      1.8200        22.96
      1.8210        23.01
      1.8220        23.11
      1.8230        23.16
      1.8240        23.24
      1.8250        23.28
      1.8260        23.40
      1.8270        23.43
      1.8280        23.47
      1.8290        23.44
      1.8300        23.49
      1.8310        23.61
      1.8320        23.71
      1.8330        23.77
      1.8340        23.82
      1.8350        23.77
      1.8360        23.77
      1.8370        23.89
      1.8380        23.97
      1.8390        23.95
      1.8400        24.03
      1.8410        24.12
      1.8420        24.19
      1.8430        24.21
      1.8440        24.20
      1.8450        24.21
      1.8460        24.16
      1.8470        24.05
      1.8480        24.02
      1.8490        23.98
      1.8500        23.93
      1.8510        23.94
      1.8520        23.86
      1.8530        23.91
      1.8540        23.82
      1.8550        23.87
      1.8560        23.95
      1.8570        23.95
      1.8580        23.90
      1.8590        23.85
      1.8600        23.74
      1.8610        23.71
      1.8620        23.65
      1.8630        23.54
      1.8640        23.55
      1.8650        23.50
      1.8660        23.50
      1.8670        23.60
      1.8680        23.62
      1.8690        23.68
      1.8700        23.74
      1.8710        23.74
      1.8720        23.76
      1.8730        23.84
      1.8740        23.93
      1.8750        23.90
      1.8760        23.82
      1.8770        23.82
      1.8780        23.90
      1.8790        24.00
      1.8800        24.09
      1.8810        24.01
      1.8820        24.03
      1.8830        24.13
      1.8840        24.21
      1.8850        24.24
      1.8860        24.32
      1.8870        24.29
      1.8880        24.39
      1.8890        24.41
      1.8900        24.48
      1.8910        24.51
      1.8920        24.56
      1.8930        24.47
      1.8940        24.43
      1.8950        24.39
      1.8960        24.47
      1.8970        24.47
      1.8980        24.66
      1.8990        24.74
      1.9000        24.86
      1.9010        24.93
      1.9020        24.95
      1.9030        24.99
      1.9040        25.01
      1.9050        25.04
      1.9060        25.17
      1.9070        25.28
      1.9080        25.29
      1.9090        25.29
      1.9100        25.33
      1.9110        25.39
      1.9120        25.43
      1.9130        25.49
      1.9140        25.59
      1.9150        25.63
      1.9160        25.63
      1.9170        25.74
      1.9180        25.67
      1.9190        25.67
      1.9200        25.62
      1.9210        25.71
      1.9220        25.71
      1.9230        25.83
      1.9240        25.87
      1.9250        25.94
      1.9260        25.85
      1.9270        25.86
      1.9280        25.85
      1.9290        25.93
      1.9300        25.93
      1.9310        26.01
      1.9320        26.09
      1.9330        26.19
      1.9340        26.25
      1.9350        26.32
      1.9360        26.39
      1.9370        26.39
      1.9380        26.40
      1.9390        26.44
      1.9400        26.51
      1.9410        26.54
      1.9420        26.62
      1.9430        26.51
      1.9440        26.54
      1.9450        26.58
      1.9460        26.46
      1.9470        26.46
      1.9480        26.47
      1.9490        26.51
      1.9500        26.61
      1.9510        26.55
      1.9520        26.54
      1.9530        26.54
      1.9540        26.53
      1.9550        26.63
      1.9560        26.60
      1.9570        26.54
      1.9580        26.62
      1.9590        26.61
      1.9600        26.53
      1.9610        26.56
      1.9620        26.61
      1.9630        26.72
      1.9640        26.74
      1.9650        26.74
      1.9660        26.95
      1.9670        26.96
      1.9680        27.01
      1.9690        27.04
      1.9700        26.98
      1.9710        26.96
      1.9720        27.00
      1.9730        26.94
      1.9740        26.98
      1.9750        27.00
      1.9760        27.13
      1.9770        27.20
      1.9780        27.16
      1.9790        27.12
      1.9800        27.27
      1.9810        27.28
      1.9820        27.24
      1.9830        27.31
      1.9840        27.31
      1.9850        27.32
      1.9860        27.26
      1.9870        27.38
      1.9880        27.32
      1.9890        27.32
      1.9900        27.34
      1.9910        27.44
      1.9920        27.46
      1.9930        27.52
      1.9940        27.55
      1.9950        27.50
      1.9960        27.44
      1.9970        27.49
      1.9980        27.52
      1.9990        27.61
      2.0000        27.60
      2.0010        27.63
      2.0020        27.71
      2.0030        27.68
      2.0040        27.66
      2.0050        27.71
      2.0060        27.72
      2.0070        27.68
      2.0080        27.75
      2.0090        27.80
      2.0100        27.87
      2.0110        27.91
      2.0120        27.91
      2.0130        27.98
      2.0140        28.00
      2.0150        28.00
      2.0160        28.02
      2.0170        28.00
      2.0180        28.12
      2.0190        28.04
      2.0200        28.05
      2.0210        27.96
      2.0220        27.96
      2.0230        27.96
      2.0240        28.04
      2.0250        28.12
      2.0260        28.27
      2.0270        28.29
      2.0280        28.33
      2.0290        28.35
      2.0300        28.40
      2.0310        28.39
      2.0320        28.51
      2.0330        28.44
      2.0340        28.47
      2.0350        28.57
      2.0360        28.58
      2.0370        28.65
      2.0380        28.58
      2.0390        28.61
      2.0400        28.65
      2.0410        28.73
      2.0420        28.77
      2.0430        28.90
      2.0440        28.92
      2.0450        28.88
      2.0460        28.88
      2.0470        28.90
      2.0480        28.89
      2.0490        28.90
      2.0500        28.76
      2.0510        28.75
      2.0520        28.60
      2.0530        28.65
      2.0540        28.69
      2.0550        28.61
      2.0560        28.56
      2.0570        28.52
      2.0580        28.60
      2.0590        28.57
      2.0600        28.59
      2.0610        28.63
      2.0620        28.52
      2.0630        28.49
      2.0640        28.41
      2.0650        28.39
      2.0660        28.46
      2.0670        28.48
      2.0680        28.58
      2.0690        28.55
      2.0700        28.58
      2.0710        28.62
      2.0720        28.81
      2.0730        28.77
      2.0740        28.78
      2.0750        28.89
      2.0760        28.89
      2.0770        28.81
      2.0780        28.81
      2.0790        29.02
      2.0800        29.06
      2.0810        28.99
      2.0820        29.11
      2.0830        29.00
      2.0840        29.02
      2.0850        29.08
      2.0860        29.03
      2.0870        28.96
      2.0880        29.00
      2.0890        28.94
      2.0900        28.94
      2.0910        28.98
      2.0920        28.82
      2.0930        28.82
      2.0940        28.75
      2.0950        28.67
      2.0960        28.77
      2.0970        28.82
      2.0980        28.74
      2.0990        28.66
      2.1000        28.62
      2.1010        28.59
      2.1020        28.49
      2.1030        28.49
      2.1040        28.53
      2.1050        28.51
      2.1060        28.49
      2.1070        28.55
      2.1080        28.49
      2.1090        28.50
      2.1100        28.51
      2.1110        28.40
      2.1120        28.39
      2.1130        28.42
      2.1140        28.38
      2.1150        28.39
      2.1160        28.35
      2.1170        28.37
      2.1180        28.37
      2.1190        28.40
      2.1200        28.47
      2.1210        28.58
      2.1220        28.54
      2.1230        28.60
      2.1240        28.59
      2.1250        28.58
      2.1260        28.46
      2.1270        28.42
      2.1280        28.38
      2.1290        28.43
      2.1300        28.42
      2.1310        28.53
      2.1320        28.55
      2.1330        28.66
      2.1340        28.70
      2.1350        28.77
      2.1360        28.74
      2.1370        28.75
      2.1380        28.80
      2.1390        28.70
      2.1400        28.68
      2.1410        28.74
      2.1420        28.89
      2.1430        28.96
      2.1440        29.01
      2.1450        28.99
      2.1460        29.12
      2.1470        29.15
      2.1480        29.17
      2.1490        29.12
      2.1500        29.23
      2.1510        29.12
      2.1520        29.18
      2.1530        29.11
      2.1540        29.19
      2.1550        29.13
      2.1560        29.07
      2.1570        29.07
      2.1580        29.01
      2.1590        29.05
      2.1600        29.03
      2.1610        29.00
      2.1620        28.92
      2.1630        28.88
      2.1640        28.84
      2.1650        28.88
      2.1660        28.83
      2.1670        28.84
      2.1680        28.84
      2.1690        28.84
      2.1700        28.84
      2.1710        28.86
      2.1720        28.77
      2.1730        28.74
      2.1740        28.64
      2.1750        28.58
      2.1760        28.58
      2.1770        28.50
      2.1780        28.50
      2.1790        28.38
      2.1800        28.23
      2.1810        28.15
      2.1820        28.19
      2.1830        28.10
      2.1840        28.21
      2.1850        28.21
      2.1860        28.18
      2.1870        28.10
      2.1880        28.05
      2.1890        27.96
      2.1900        27.81
      2.1910        27.80
      2.1920        27.81
      2.1930        27.82
      2.1940        27.81
      2.1950        27.85
      2.1960        27.93
      2.1970        27.96
      2.1980        27.91
      2.1990        28.10
      2.2000        28.21
      2.2010        28.22
      2.2020        28.16
      2.2030        28.13
      2.2040        27.95
      2.2050        27.87
      2.2060        27.87
      2.2070        27.82
      2.2080        27.73
      2.2090        27.74
      2.2100        27.74
      2.2110        27.70
      2.2120        27.65
      2.2130        27.57
      2.2140        27.60
      2.2150        27.60
      2.2160        27.44
      2.2170        27.46
      2.2180        27.57
      2.2190        27.50
      2.2200        27.45
      2.2210        27.43
      2.2220        27.47
      2.2230        27.44
      2.2240        27.58
      2.2250        27.64
      2.2260        27.59
      2.2270        27.66
      2.2280        27.75
      2.2290        27.82
      2.2300        27.83
      2.2310        27.90
      2.2320        28.01
      2.2330        28.03
      2.2340        28.09
      2.2350        28.11
      2.2360        28.22
      2.2370        28.23
      2.2380        28.10
      2.2390        28.06
      2.2400        28.13
      2.2410        28.04
      2.2420        28.02
      2.2430        28.09
      2.2440        27.90
      2.2450        27.82
      2.2460        27.93
      2.2470        27.98
      2.2480        27.94
      2.2490        28.02
      2.2500        28.03
      2.2510        28.00
      2.2520        28.02
      2.2530        28.14
      2.2540        28.06
      2.2550        28.10
      2.2560        28.19
      2.2570        28.27
      2.2580        28.34
      2.2590        28.43
      2.2600        28.47
      2.2610        28.69
      2.2620        28.69
      2.2630        28.70
      2.2640        28.86
      2.2650        28.92
      2.2660        28.96
      2.2670        28.89
      2.2680        28.97
      2.2690        28.98
      2.2700        29.08
      2.2710        29.20
      2.2720        29.15
      2.2730        29.09
      2.2740        29.17
      2.2750        29.20
      2.2760        29.15
      2.2770        29.14
      2.2780        29.15
      2.2790        29.22
      2.2800        29.19
      2.2810        29.08
      2.2820        29.14
      2.2830        29.26
      2.2840        29.24
      2.2850        29.35
      2.2860        29.36
      2.2870        29.40
      2.2880        29.54
      2.2890        29.52
      2.2900        29.51
      2.2910        29.52
      2.2920        29.48
      2.2930        29.49
      2.2940        29.60
      2.2950        29.59
      2.2960        29.67
      2.2970        29.67
      2.2980        29.77
      2.2990        29.68
      2.3000        29.64
      2.3010        29.64
      2.3020        29.66
      2.3030        29.60
      2.3040        29.66
      2.3050        29.54
      2.3060        29.57
      2.3070        29.52
      2.3080        29.44
      2.3090        29.43
      2.3100        29.48
      2.3110        29.47
      2.3120        29.62
      2.3130        29.59
      2.3140        29.52
      2.3150        29.51
      2.3160        29.47
      2.3170        29.45
      2.3180        29.42
      2.3190        29.56
      2.3200        29.66
      2.3210        29.66
      2.3220        29.66
      2.3230        29.72
      2.3240        29.73
      2.3250        29.78
      2.3260        29.62
      2.3270        29.69
      2.3280        29.66
      2.3290        29.66
      2.3300        29.58
      2.3310        29.50
      2.3320        29.47
      2.3330        29.42
      2.3340        29.38
      2.3350        29.26
      2.3360        29.25
      2.3370        29.26
      2.3380        29.24
      2.3390        29.13
      2.3400        29.09
      2.3410        29.16
      2.3420        29.20
      2.3430        29.17
      2.3440        29.18
      2.3450        29.34
      2.3460        29.48
      2.3470        29.49
      2.3480        29.64
      2.3490        29.66
      2.3500        29.76
      2.3510        29.89
      2.3520        29.83
      2.3530        29.98
      2.3540        30.04
      2.3550        30.12
      2.3560        30.22
      2.3570        30.22
      2.3580        30.25
      2.3590        30.26
      2.3600        30.23
      2.3610        30.17
      2.3620        30.17
      2.3630        30.17
      2.3640        30.10
      2.3650        30.03
      2.3660        30.06
      2.3670        30.07
      2.3680        29.91
      2.3690        29.91
      2.3700        29.89
      2.3710        29.88
      2.3720        30.00
      2.3730        29.94
      2.3740        29.85
      2.3750        29.96
      2.3760        29.96
      2.3770        29.99
      2.3780        29.97
      2.3790        30.00
      2.3800        30.07
      2.3810        30.11
      2.3820        30.16
      2.3830        30.15
      2.3840        30.23
      2.3850        30.16
      2.3860        30.13
      2.3870        30.07
      2.3880        30.13
      2.3890        30.07
      2.3900        30.08
      2.3910        29.97
      2.3920        29.85
      2.3930        29.85
      2.3940        29.82
      2.3950        29.69
      2.3960        29.54
      2.3970        29.59
      2.3980        29.58
      2.3990        29.50
      2.4000        29.48
      2.4010        29.59
      2.4020        29.59
      2.4030        29.60
      2.4040        29.57
      2.4050        29.71
      2.4060        29.67
      2.4070        29.75
      2.4080        29.73
      2.4090        29.83
      2.4100        29.79
      2.4110        29.85
      2.4120        29.92
      2.4130        29.92
      2.4140        30.02
      2.4150        30.07
      2.4160        30.21
      2.4170        30.14
      2.4180        30.22
      2.4190        30.26
      2.4200        30.21
      2.4210        30.21
      2.4220        30.12
      2.4230        30.09
      2.4240        30.05
      2.4250        29.94
      2.4260        29.98
      2.4270        29.98
      2.4280        29.99
      2.4290        29.97
      2.4300        30.05
      2.4310        30.14
      2.4320        30.14
      2.4330        30.19
      2.4340        30.11
      2.4350        30.14
      2.4360        30.14
      2.4370        30.11
      2.4380        30.08
      2.4390        30.00
      2.4400        30.05
      2.4410        29.93
      2.4420        29.96
      2.4430        29.97
      2.4440        29.92
      2.4450        29.81
      2.4460        29.76
      2.4470        29.80
      2.4480        29.79
      2.4490        29.69
      2.4500        29.59
      2.4510        29.44
      2.4520        29.40
      2.4530        29.31
      2.4540        29.35
      2.4550        29.27
      2.4560        29.12
      2.4570        29.13
      2.4580        28.99
      2.4590        28.96
      2.4600        28.96
      2.4610        28.97
      2.4620        28.97
      2.4630        28.92
      2.4640        28.92
      2.4650        29.02
      2.4660        29.02
      2.4670        28.93
      2.4680        28.88
      2.4690        28.87
      2.4700        28.90
      2.4710        28.97
      2.4720        29.04
      2.4730        29.08
      2.4740        28.96
      2.4750        29.05
      2.4760        29.06
      2.4770        29.08
      2.4780        29.17
      2.4790        29.22
      2.4800        29.22
      2.4810        29.16
      2.4820        29.08
      2.4830        29.00
      2.4840        29.09
      2.4850        28.98
      2.4860        28.97
      2.4870        28.94
      2.4880        28.92
      2.4890        29.02
      2.4900        28.94
      2.4910        28.90
      2.4920        28.84
      2.4930        28.87
      2.4940        28.85
      2.4950        28.73
      2.4960        28.71
      2.4970        28.62
      2.4980        28.49
      2.4990        28.44
      2.5000        28.37
      2.5010        28.35
      2.5020        28.37
      2.5030        28.43
      2.5040        28.35
      2.5050        28.37
      2.5060        28.33
      2.5070        28.26
      2.5080        28.27
      2.5090        28.25
      2.5100        28.24
      2.5110        28.06
      2.5120        27.99
      2.5130        27.94
      2.5140        28.04
      2.5150        27.98
      2.5160        28.01
      2.5170        28.03
      2.5180        28.13
      2.5190        28.14
      2.5200        28.09
      2.5210        28.15
      2.5220        28.11
      2.5230        28.08
      2.5240        28.03
      2.5250        28.03
      2.5260        28.03
      2.5270        28.11
      2.5280        28.04
      2.5290        27.99
      2.5300        28.07
      2.5310        28.14
      2.5320        28.15
      2.5330        28.00
      2.5340        27.92
      2.5350        27.98
      2.5360        27.92
      2.5370        27.80
      2.5380        27.74
      2.5390        27.68
      2.5400        27.67
      2.5410        27.60
      2.5420        27.52
      2.5430        27.55
      2.5440        27.46
      2.5450        27.40
      2.5460        27.35
      2.5470        27.17
      2.5480        27.21
      2.5490        27.16
      2.5500        27.00
      2.5510        27.02
      2.5520        27.04
      2.5530        26.98
      2.5540        26.91
      2.5550        26.87
      2.5560        26.81
      2.5570        26.88
      2.5580        26.85
      2.5590        26.77
      2.5600        26.69
      2.5610        26.64
      2.5620        26.62
      2.5630        26.53
      2.5640        26.52
      2.5650        26.40
      2.5660        26.36
      2.5670        26.30
      2.5680        26.11
      2.5690        26.06
      2.5700        26.05
      2.5710        25.95
      2.5720        25.83
      2.5730        25.82
      2.5740        25.81
      2.5750        25.74
      2.5760        25.74
      2.5770        25.68
      2.5780        25.49
      2.5790        25.45
      2.5800        25.36
      2.5810        25.26
      2.5820        25.14
      2.5830        25.08
      2.5840        24.98
      2.5850        24.93
      2.5860        24.78
      2.5870        24.77
      2.5880        24.77
      2.5890        24.66
      2.5900        24.53
      2.5910        24.54
      2.5920        24.44
      2.5930        24.38
      2.5940        24.29
      2.5950        24.30
      2.5960        24.25
      2.5970        24.21
      2.5980        24.27
      2.5990        24.27
      2.6000        24.31
      2.6010        24.26
      2.6020        24.28
      2.6030        24.21
      2.6040        24.32
      2.6050        24.25
      2.6060        24.26
      2.6070        24.25
      2.6080        24.18
      2.6090        24.17
      2.6100        24.18
      2.6110        24.01
      2.6120        24.03
      2.6130        23.99
      2.6140        23.91
      2.6150        23.79
      2.6160        23.70
      2.6170        23.66
      2.6180        23.51
      2.6190        23.35
      2.6200        23.12
      2.6210        23.11
      2.6220        22.98
      2.6230        22.86
      2.6240        22.64
      2.6250        22.58
      2.6260        22.49
      2.6270        22.48
      2.6280        22.42
      2.6290        22.31
      2.6300        22.23
      2.6310        22.13
      2.6320        22.05
      2.6330        21.96
      2.6340        21.89
      2.6350        21.70
      2.6360        21.49
      2.6370        21.30
      2.6380        21.30
      2.6390        21.19
      2.6400        21.21
      2.6410        21.04
      2.6420        20.97
      2.6430        20.84
      2.6440        20.77
      2.6450        20.72
      2.6460        20.64
      2.6470        20.32
      2.6480        20.14
      2.6490        20.06
      2.6500        20.00
      2.6510        19.86
      2.6520        19.69
      2.6530        19.54
      2.6540        19.43
      2.6550        19.33
      2.6560        19.25
      2.6570        19.13
      2.6580        18.94
      2.6590        18.83
      2.6600        18.65
      2.6610        18.54
      2.6620        18.40
      2.6630        18.38
      2.6640        18.15
      2.6650        18.06
      2.6660        17.82
      2.6670        17.81
      2.6680        17.77
      2.6690        17.68
      2.6700        17.54
      2.6710        17.45
      2.6720        17.25
      2.6730        17.05
      2.6740        16.97
      2.6750        16.98
      2.6760        16.95
      2.6770        16.77
      2.6780        16.75
      2.6790        16.77
      2.6800        16.72
      2.6810        16.59
      2.6820        16.49
      2.6830        16.39
      2.6840        16.37
      2.6850        16.19
      2.6860        16.23
      2.6870        16.09
      2.6880        16.00
      2.6890        15.91
      2.6900        15.75
      2.6910        15.67
      2.6920        15.64
      2.6930        15.68
      2.6940        15.60
      2.6950        15.50
      2.6960        15.36
      2.6970        15.33
      2.6980        15.19
      2.6990        15.03
      2.7000        14.98
      2.7010        14.90
      2.7020        14.93
      2.7030        14.79
      2.7040        14.75
      2.7050        14.72
      2.7060        14.55
      2.7070        14.48
      2.7080        14.40
      2.7090        14.27
      2.7100        14.19
      2.7110        14.19
      2.7120        14.12
      2.7130        13.99
      2.7140        13.86
      2.7150        13.68
      2.7160        13.62
      2.7170        13.52
      2.7180        13.35
      2.7190        13.20
      2.7200        13.08
      2.7210        13.02
      2.7220        12.84
      2.7230        12.62
      2.7240        12.46
      2.7250        12.35
      2.7260        12.28
      2.7270        12.07
      2.7280        11.89
      2.7290        11.77
      2.7300        11.65
      2.7310        11.41
      2.7320        11.29
      2.7330        11.23
      2.7340        11.14
      2.7350        11.03
      2.7360        10.85
      2.7370        10.67
      2.7380        10.49
      2.7390        10.38
      2.7400        10.22
      2.7410         9.95
      2.7420         9.79
      2.7430         9.74
      2.7440         9.64
      2.7450         9.46
      2.7460         9.31
      2.7470         9.37
      2.7480         9.20
      2.7490         9.04
      2.7500         8.89
      2.7510         8.77
      2.7520         8.60
      2.7530         8.38
      2.7540         8.21
      2.7550         8.05
      2.7560         8.13
      2.7570         8.07
      2.7580         8.11
      2.7590         8.09
      2.7600         8.05
      2.7610         8.00
      2.7620         7.98
      2.7630         7.90
      2.7640         7.83
      2.7650         7.90
      2.7660         7.83
      2.7670         7.66
      2.7680         7.67
      2.7690         7.66
      2.7700         7.60
      2.7710         7.59
      2.7720         7.48
      2.7730         7.57
      2.7740         7.55
      2.7750         7.54
      2.7760         7.33
      2.7770         7.21
      2.7780         7.18
      2.7790         7.14
      2.7800         7.07
      2.7810         7.10
      2.7820         7.06
      2.7830         7.00
      2.7840         7.00
      2.7850         6.78
      2.7860         6.66
      2.7870         6.62
      2.7880         6.54
      2.7890         6.45
      2.7900         6.47
      2.7910         6.39
      2.7920         6.45
      2.7930         6.28
      2.7940         6.30
      2.7950         6.23
      2.7960         6.15
      2.7970         6.12
      2.7980         6.09
      2.7990         6.03
      2.8000         5.92
      2.8010         5.86
      2.8020         5.78
      2.8030         5.79
      2.8040         5.63
      2.8050         5.56
      2.8060         5.40
      2.8070         5.32
      2.8080         5.17
      2.8090         5.01
      2.8100         4.81
      2.8110         4.65
      2.8120         4.48
      2.8130         4.45
      2.8140         4.31
      2.8150         4.21
      2.8160         4.29
      2.8170         4.29
      2.8180         4.14
      2.8190         4.01
      2.8200         3.98
      2.8210         3.94
      2.8220         3.87
      2.8230         3.74
      2.8240         3.66
      2.8250         3.64
      2.8260         3.68
      2.8270         3.68
      2.8280         3.72
      2.8290         3.62
      2.8300         3.52
      2.8310         3.58
      2.8320         3.61
      2.8330         3.41
      2.8340         3.33
      2.8350         3.31
      2.8360         3.09
      2.8370         2.43
      2.8380         2.32
      2.8390         2.18
      2.8400         2.08
      2.8410         1.99
      2.8420         1.85
      2.8430         1.25
      2.8440         1.00
      2.8450         1.00
      2.8460         1.00
      2.8470         1.00
      2.8480         1.00
      2.8490         1.00
      2.8500         1.00
      2.8510         1.00
      2.8520         1.00
      2.8530         1.00
      2.8540         1.00
      2.8550         1.00
      2.8560         1.00
      2.8570         1.00
      2.8580         1.00
      2.8590         1.00
      2.8600         1.00
      2.8610         1.00
      2.8620         1.00
      2.8630         1.10
      2.8640         1.15
      2.8650         1.11
      2.8660         1.11
      2.8670         1.00
      2.8680         1.19
      2.8690         1.75
      2.8700         1.77
      2.8710         1.75
      2.8720         1.73
      2.8730         1.74
      2.8740         1.70
      2.8750         2.24
      2.8760         1.62
      2.8770         1.00
      2.8780         1.00
      2.8790         1.00
      2.8800         1.00
      2.8810         1.00
      2.8820         1.00
      2.8830         1.00
      2.8840         1.00
      2.8850         1.00
      2.8860         1.00
      2.8870         1.00
      2.8880         1.00
      2.8890         1.00
      2.8900         1.00
      2.8910         1.00
      2.8920         1.00
      2.8930         1.00
      2.8940         1.00
      2.8950         1.00
      2.8960         1.00
      2.8970         1.00
      2.8980         1.00
      2.8990         1.00
      2.9000         1.00
      2.9010         1.00
      2.9020         1.00
      2.9030         1.00
      2.9040         1.00
      2.9050         1.00
      2.9060         1.00
      2.9070         1.00
      2.9080         1.00
      2.9090         1.00
      2.9100         1.00
      2.9110         1.00
      2.9120         1.00
      2.9130         1.00
      2.9140         1.00
      2.9150         1.00
      2.9160         1.00
      2.9170         1.00
      2.9180         1.00
      2.9190         1.00
      2.9200         1.00
      2.9210         1.00
      2.9220         1.00
      2.9230         1.00
      2.9240         1.00
      2.9250         1.00
      2.9260         1.00
      2.9270         1.00
      2.9280         1.00
      2.9290         1.00
      2.9300         1.00
      2.9310         1.00
      2.9320         1.00
      2.9330         1.00
      2.9340         1.00
      2.9350         1.00
      2.9360         1.00
      2.9370         1.00
      2.9380         1.00
      2.9390         1.00
      2.9400         1.00
      2.9410         1.00
      2.9420         1.00
      2.9430         1.00
      2.9440         1.00
      2.9450         1.00
      2.9460         1.00
      2.9470         1.00
      2.9480         1.00
      2.9490         1.00
      2.9500         1.00
      2.9510         1.00
      2.9520         1.00
      2.9530         1.00
      2.9540         1.00
      2.9550         1.00
      2.9560         1.00
      2.9570         1.00
      2.9580         1.00
      2.9590         1.00
      2.9600         1.00
      2.9610         1.00
      2.9620         1.00
      2.9630         1.00
      2.9640         1.00
      2.9650         1.00
      2.9660         1.00
      2.9670         1.00
      2.9680         1.00
      2.9690         1.00
      2.9700         1.00
      2.9710         1.00
      2.9720         1.00
      2.9730         1.00
      2.9740         1.00
      2.9750         1.00
      2.9760         1.00
      2.9770         1.00
      2.9780         1.00
      2.9790         1.00
      2.9800         1.00
      2.9810         1.00
      2.9820         1.00
      2.9830         1.00
      2.9840         1.00
      2.9850         1.00
      2.9860         1.00
      2.9870         1.00
      2.9880         1.00
      2.9890         1.00
      2.9900         1.00
      2.9910         1.00
      2.9920         1.00
      2.9930         1.00
      2.9940         1.00
      2.9950         1.00
      2.9960         1.00
      2.9970         1.00
      2.9980         1.00
      2.9990         1.00
