        Time   Palpation Force
      0.0000         1.00
      0.0010         1.00
      0.0020         1.00
      0.0030         1.00
      0.0040         1.00
      0.0050         1.00
      0.0060         1.00
      0.0070         1.00
      0.0080         1.00
      0.0090         1.00
      0.0100         1.00
      0.0110         1.00
      0.0120         1.00
      0.0130         1.00
      0.0140         1.00
      0.0150         1.00
      0.0160         1.00
      0.0170         1.00
      0.0180         1.00
      0.0190         1.00
      0.0200         1.00
      0.0210         1.00
      0.0220         1.00
      0.0230         1.00
      0.0240         1.00
      0.0250         1.00
      0.0260         1.00
      0.0270         1.00
      0.0280         1.00
      0.0290         1.00
      0.0300         1.00
      0.0310         1.00
      0.0320         1.00
      0.0330         1.00
      0.0340         1.00
      0.0350         1.00
      0.0360         1.00
      0.0370         1.00
      0.0380         1.00
      0.0390         1.00
      0.0400         1.00
      0.0410         1.00
      0.0420         1.00
      0.0430         1.00
      0.0440         1.00
      0.0450         1.00
      0.0460         1.00
      0.0470         1.00
      0.0480         1.00
      0.0490         1.00
      0.0500         1.00
      0.0510         1.00
      0.0520         1.00
      0.0530         1.00
      0.0540         1.00
      0.0550         1.00
      0.0560         1.00
      0.0570         1.00
      0.0580         1.00
      0.0590         1.00
      0.0600         1.00
      0.0610         1.00
      0.0620         1.00
      0.0630         1.00
      0.0640         1.00
      0.0650         1.00
      0.0660         1.00
      0.0670         1.00
      0.0680         1.00
      0.0690         1.00
      0.0700         1.00
      0.0710         1.00
      0.0720         1.00
      0.0730         1.00
      0.0740         1.00
      0.0750         1.00
      0.0760         1.00
      0.0770         1.00
      0.0780         1.00
      0.0790         1.00
      0.0800         1.00
      0.0810         1.00
      0.0820         1.00
      0.0830         1.00
      0.0840         1.00
      0.0850         1.00
      0.0860         1.00
      0.0870         1.00
      0.0880         1.00
      0.0890         1.00
      0.0900         1.00
      0.0910         1.00
      0.0920         1.00
      0.0930         1.00
      0.0940         1.00
      0.0950         1.00
      0.0960         1.00
      0.0970         1.00
      0.0980         1.00
      0.0990         1.00
      0.1000         1.00
      0.1010         1.00
      0.1020         1.00
      0.1030         1.00
      0.1040         1.00
      0.1050         1.00
      0.1060         1.00
      0.1070         1.00
      0.1080         1.00
      0.1090         1.00
      0.1100         1.00
      0.1110         1.00
      0.1120         1.00
      0.1130         1.00
      0.1140         1.00
      0.1150         1.00
      0.1160         1.00
      0.1170         1.00
      0.1180         1.00
      0.1190         1.00
      0.1200         1.00
      0.1210         1.00
      0.1220         1.00
      0.1230         1.00
      0.1240         1.00
      0.1250         1.00
      0.1260         1.00
      0.1270         1.00
      0.1280         1.00
      0.1290         1.00
      0.1300         1.00
      0.1310         1.00
      0.1320         1.00
      0.1330         1.00
      0.1340         1.00
      0.1350         1.00
      0.1360         1.00
      0.1370         1.00
      0.1380         1.00
      0.1390         1.00
      0.1400         1.00
      0.1410         1.00
      0.1420         1.00
      0.1430         1.00
      0.1440         1.00
      0.1450         1.00
      0.1460         1.00
      0.1470         1.00
      0.1480         1.00
      0.1490         1.00
      0.1500         1.00
      0.1510         1.00
      0.1520         1.00
      0.1530         1.00
      0.1540         1.00
      0.1550         1.00
      0.1560         1.00
      0.1570         1.00
      0.1580         1.00
      0.1590         1.00
      0.1600         1.00
      0.1610         1.00
      0.1620         1.00
      0.1630         1.00
      0.1640         1.00
      0.1650         1.00
      0.1660         1.00
      0.1670         1.00
      0.1680         1.00
      0.1690         1.00
      0.1700         1.00
      0.1710         1.00
      0.1720         1.00
      0.1730         1.00
      0.1740         1.00
      0.1750         1.00
      0.1760         1.00
      0.1770         1.00
      0.1780         1.00
      0.1790         1.00
      0.1800         1.00
      0.1810         1.00
      0.1820         1.00
      0.1830         1.00
      0.1840         1.00
      0.1850         1.00
      0.1860         1.00
      0.1870         1.00
      0.1880         1.00
      0.1890         1.00
      0.1900         1.00
      0.1910         1.00
      0.1920         1.00
      0.1930         1.00
      0.1940         1.00
      0.1950         1.00
      0.1960         1.00
      0.1970         1.00
      0.1980         1.00
      0.1990         1.00
      0.2000         1.00
      0.2010         1.00
      0.2020         1.00
      0.2030         1.00
      0.2040         1.00
      0.2050         1.00
      0.2060         1.00
      0.2070         1.00
      0.2080         1.00
      0.2090         1.00
      0.2100         1.00
      0.2110         1.00
      0.2120         1.00
      0.2130         1.00
      0.2140         1.00
      0.2150         1.00
      0.2160         1.00
      0.2170         1.00
      0.2180         1.00
      0.2190         1.00
      0.2200         1.00
      0.2210         1.00
      0.2220         1.00
      0.2230         1.00
      0.2240         1.00
      0.2250         1.00
      0.2260         1.00
      0.2270         1.00
      0.2280         1.00
      0.2290         1.00
      0.2300         1.00
      0.2310         1.00
      0.2320         1.00
      0.2330         1.00
      0.2340         1.00
      0.2350         1.00
      0.2360         1.00
      0.2370         1.00
      0.2380         1.00
      0.2390         1.00
      0.2400         1.00
      0.2410         1.00
      0.2420         1.00
      0.2430         1.00
      0.2440         1.00
      0.2450         1.00
      0.2460         1.00
      0.2470         1.00
      0.2480         1.00
      0.2490         1.00
      0.2500         1.00
      0.2510         1.00
      0.2520         1.00
      0.2530         1.00
      0.2540         1.00
      0.2550         1.00
      0.2560         1.00
      0.2570         1.00
      0.2580         1.00
      0.2590         1.00
      0.2600         1.00
      0.2610         1.00
      0.2620         1.00
      0.2630         1.00
      0.2640         1.00
      0.2650         1.00
      0.2660         1.00
      0.2670         1.00
      0.2680         1.00
      0.2690         1.00
      0.2700         1.00
      0.2710         1.00
      0.2720         1.00
      0.2730         1.00
      0.2740         1.00
      0.2750         1.00
      0.2760         1.00
      0.2770         1.00
      0.2780         1.00
      0.2790         1.00
      0.2800         1.00
      0.2810         1.00
      0.2820         1.00
      0.2830         1.00
      0.2840         1.00
      0.2850         1.00
      0.2860         1.00
      0.2870         1.00
      0.2880         1.00
      0.2890         1.00
      0.2900         1.00
      0.2910         1.00
      0.2920         1.00
      0.2930         1.00
      0.2940         1.00
      0.2950         1.00
      0.2960         1.00
      0.2970         1.00
      0.2980         1.00
      0.2990         1.00
      0.3000         1.00
      0.3010         1.00
      0.3020         1.00
      0.3030         1.00
      0.3040         1.00
      0.3050         1.00
      0.3060         1.00
      0.3070         1.00
      0.3080         1.00
      0.3090         1.00
      0.3100         1.00
      0.3110         1.00
      0.3120         1.00
      0.3130         1.00
      0.3140         1.00
      0.3150         1.00
      0.3160         1.00
      0.3170         1.00
      0.3180         1.00
      0.3190         1.00
      0.3200         1.00
      0.3210         1.00
      0.3220         1.00
      0.3230         1.00
      0.3240         1.00
      0.3250         1.00
      0.3260         1.00
      0.3270         1.00
      0.3280         1.00
      0.3290         1.00
      0.3300         1.00
      0.3310         1.00
      0.3320         1.00
      0.3330         1.00
      0.3340         1.00
      0.3350         1.00
      0.3360         1.00
      0.3370         1.00
      0.3380         1.00
      0.3390         1.00
      0.3400         1.00
      0.3410         1.00
      0.3420         1.00
      0.3430         1.00
      0.3440         1.00
      0.3450         1.00
      0.3460         1.00
      0.3470         1.00
      0.3480         1.00
      0.3490         1.00
      0.3500         1.00
      0.3510         1.00
      0.3520         1.00
      0.3530         1.00
      0.3540         1.00
      0.3550         1.00
      0.3560         1.00
      0.3570         1.00
      0.3580         1.00
      0.3590         1.00
      0.3600         1.00
      0.3610         1.00
      0.3620         1.00
      0.3630         1.00
      0.3640         1.00
      0.3650         1.00
      0.3660         1.00
      0.3670         1.00
      0.3680         1.00
      0.3690         1.00
      0.3700         1.00
      0.3710         1.00
      0.3720         1.00
      0.3730         1.00
      0.3740         1.00
      0.3750         1.00
      0.3760         1.00
      0.3770         1.00
      0.3780         1.00
      0.3790         1.00
      0.3800         1.00
      0.3810         1.00
      0.3820         1.00
      0.3830         1.00
      0.3840         1.00
      0.3850         1.00
      0.3860         1.00
      0.3870         1.00
      0.3880         1.00
      0.3890         1.00
      0.3900         1.00
      0.3910         1.00
      0.3920         1.00
      0.3930         1.00
      0.3940         1.00
      0.3950         1.00
      0.3960         1.00
      0.3970         1.00
      0.3980         1.00
      0.3990         1.00
      0.4000         1.00
      0.4010         1.00
      0.4020         1.00
      0.4030         1.00
      0.4040         1.00
      0.4050         1.00
      0.4060         1.00
      0.4070         1.00
      0.4080         1.00
      0.4090         1.00
      0.4100         1.00
      0.4110         1.00
      0.4120         1.00
      0.4130         1.00
      0.4140         1.00
      0.4150         1.00
      0.4160         1.00
      0.4170         1.00
      0.4180         1.00
      0.4190         1.00
      0.4200         1.00
      0.4210         1.00
      0.4220         1.00
      0.4230         1.00
      0.4240         1.00
      0.4250         1.00
      0.4260         1.00
      0.4270         1.00
      0.4280         1.00
      0.4290         1.00
      0.4300         1.00
      0.4310         1.00
      0.4320         1.00
      0.4330         1.00
      0.4340         1.00
      0.4350         1.00
      0.4360         1.00
      0.4370         1.00
      0.4380         1.00
      0.4390         1.00
      0.4400         1.00
      0.4410         1.00
      0.4420         1.00
      0.4430         1.00
      0.4440         1.00
      0.4450         1.00
      0.4460         1.00
      0.4470         1.00
      0.4480         1.00
      0.4490         1.00
      0.4500         1.00
      0.4510         1.00
      0.4520         1.00
      0.4530         1.00
      0.4540         1.00
      0.4550         1.00
      0.4560         1.00
      0.4570         1.00
      0.4580         1.00
      0.4590         1.00
      0.4600         1.00
      0.4610         1.00
      0.4620         1.00
      0.4630         1.00
      0.4640         1.00
      0.4650         1.00
      0.4660         1.00
      0.4670         1.00
      0.4680         1.00
      0.4690         1.00
      0.4700         1.00
      0.4710         1.00
      0.4720         1.00
      0.4730         1.00
      0.4740         1.00
      0.4750         1.00
      0.4760         1.00
      0.4770         1.00
      0.4780         1.00
      0.4790         1.00
      0.4800         1.00
      0.4810         1.00
      0.4820         1.00
      0.4830         1.00
      0.4840         1.00
      0.4850         1.00
      0.4860         1.05
      0.4870         1.15
      0.4880         1.15
      0.4890         1.26
      0.4900         1.33
      0.4910         1.39
      0.4920         1.42
      0.4930         1.53
      0.4940         2.12
      0.4950         2.19
      0.4960         2.34
      0.4970         2.40
      0.4980         2.44
      0.4990         2.49
      0.5000         2.50
      0.5010         2.56
      0.5020         2.63
      0.5030         2.56
      0.5040         2.63
      0.5050         2.67
      0.5060         2.67
      0.5070         2.72
      0.5080         2.80
      0.5090         2.81
      0.5100         2.88
      0.5110         2.91
      0.5120         2.99
      0.5130         3.51
      0.5140         3.54
      0.5150         3.59
      0.5160         3.65
      0.5170         3.73
      0.5180         3.77
      0.5190         3.82
      0.5200         3.85
      0.5210         3.99
      0.5220         4.07
      0.5230         3.64
      0.5240         3.74
      0.5250         3.79
      0.5260         3.90
      0.5270         4.39
      0.5280         3.92
      0.5290         3.97
      0.5300         4.05
      0.5310         4.15
      0.5320         4.27
      0.5330         4.34
      0.5340         4.38
      0.5350         4.40
      0.5360         5.00
      0.5370         5.04
      0.5380         5.14
      0.5390         5.33
      0.5400         5.49
      0.5410         5.49
      0.5420         5.49
      0.5430         5.58
      0.5440         5.68
      0.5450         5.66
      0.5460         5.68
      0.5470         5.75
      0.5480         5.90
      0.5490         6.06
      0.5500         6.11
      0.5510         6.17
      0.5520         6.18
      0.5530         6.22
      0.5540         6.33
      0.5550         6.41
      0.5560         6.48
      0.5570         6.53
      0.5580         6.58
      0.5590         6.67
      0.5600         6.65
      0.5610         6.74
      0.5620         6.97
      0.5630         7.01
      0.5640         7.05
      0.5650         7.11
      0.5660         7.23
      0.5670         7.29
      0.5680         7.26
      0.5690         7.27
      0.5700         7.38
      0.5710         7.40
      0.5720         7.51
      0.5730         7.53
      0.5740         7.59
      0.5750         7.66
      0.5760         7.64
      0.5770         7.70
      0.5780         7.76
      0.5790         7.72
      0.5800         7.85
      0.5810         7.89
      0.5820         7.82
      0.5830         7.86
      0.5840         7.82
      0.5850         7.90
      0.5860         8.01
      0.5870         7.99
      0.5880         8.11
      0.5890         8.17
      0.5900         8.20
      0.5910         8.33
      0.5920         8.37
      0.5930         8.45
      0.5940         8.46
      0.5950         8.53
      0.5960         8.57
      0.5970         8.64
      0.5980         8.73
      0.5990         8.79
      0.6000         8.96
      0.6010         9.00
      0.6020         9.09
      0.6030         9.17
      0.6040         9.29
      0.6050         9.35
      0.6060         9.30
      0.6070         9.36
      0.6080         9.38
      0.6090         9.38
      0.6100         9.42
      0.6110         9.41
      0.6120         9.37
      0.6130         9.36
      0.6140         9.36
      0.6150         9.44
      0.6160         9.55
      0.6170         9.56
      0.6180         9.55
      0.6190         9.60
      0.6200         9.49
      0.6210         9.57
      0.6220         9.67
      0.6230         9.73
      0.6240         9.71
      0.6250         9.72
      0.6260         9.77
      0.6270         9.90
      0.6280         9.99
      0.6290        10.03
      0.6300        10.03
      0.6310        10.06
      0.6320        10.11
      0.6330        10.17
      0.6340        10.26
      0.6350        10.22
      0.6360        10.16
      0.6370        10.21
      0.6380        10.28
      0.6390        10.36
      0.6400        10.44
      0.6410        10.42
      0.6420        10.47
      0.6430        10.42
      0.6440        10.55
      0.6450        10.59
      0.6460        10.59
      0.6470        10.59
      0.6480        10.57
      0.6490        10.57
      0.6500        10.53
      0.6510        10.58
      0.6520        10.55
      0.6530        10.66
      0.6540        10.63
      0.6550        10.71
      0.6560        10.78
      0.6570        10.82
      0.6580        10.78
      0.6590        10.74
      0.6600        10.83
      0.6610        10.87
      0.6620        10.84
      0.6630        10.87
      0.6640        10.86
      0.6650        10.89
      0.6660        10.94
      0.6670        10.97
      0.6680        10.91
      0.6690        10.93
      0.6700        11.02
      0.6710        11.01
      0.6720        11.15
      0.6730        11.16
      0.6740        11.21
      0.6750        11.27
      0.6760        11.28
      0.6770        11.24
      0.6780        11.36
      0.6790        11.40
      0.6800        11.38
      0.6810        11.41
      0.6820        11.41
      0.6830        11.43
      0.6840        11.43
      0.6850        11.42
      0.6860        11.48
      0.6870        11.53
      0.6880        11.60
      0.6890        11.65
      0.6900        11.72
      0.6910        11.72
      0.6920        11.63
      0.6930        11.64
      0.6940        11.57
      0.6950        11.47
      0.6960        11.47
      0.6970        11.57
      0.6980        11.51
      0.6990        11.54
      0.7000        11.48
      0.7010        11.48
      0.7020        11.51
      0.7030        11.48
      0.7040        11.51
      0.7050        11.50
      0.7060        11.39
      0.7070        11.31
      0.7080        11.27
      0.7090        11.25
      0.7100        11.15
      0.7110        11.18
      0.7120        11.18
      0.7130        11.12
      0.7140        11.16
      0.7150        11.20
      0.7160        11.20
      0.7170        11.10
      0.7180        11.05
      0.7190        11.01
      0.7200        10.94
      0.7210        10.94
      0.7220        10.82
      0.7230        10.84
      0.7240        10.69
      0.7250        10.61
      0.7260        10.61
      0.7270        10.61
      0.7280        10.64
      0.7290        10.62
      0.7300        10.65
      0.7310        10.61
      0.7320        10.60
      0.7330        10.60
      0.7340        10.62
      0.7350        10.64
      0.7360        10.60
      0.7370        10.63
      0.7380        10.67
      0.7390        10.65
      0.7400        10.67
      0.7410        10.62
      0.7420        10.63
      0.7430        10.70
      0.7440        10.79
      0.7450        10.90
      0.7460        10.91
      0.7470        10.89
      0.7480        10.85
      0.7490        10.78
      0.7500        10.73
      0.7510        10.72
      0.7520        10.72
      0.7530        10.66
      0.7540        10.60
      0.7550        10.49
      0.7560        10.57
      0.7570        10.49
      0.7580        10.48
      0.7590        10.48
      0.7600        10.44
      0.7610        10.41
      0.7620        10.49
      0.7630        10.37
      0.7640        10.38
      0.7650        10.30
      0.7660        10.23
      0.7670        10.26
      0.7680        10.22
      0.7690        10.20
      0.7700        10.25
      0.7710        10.29
      0.7720        10.28
      0.7730        10.33
      0.7740        10.34
      0.7750        10.43
      0.7760        10.37
      0.7770        10.38
      0.7780        10.38
      0.7790        10.40
      0.7800        10.33
      0.7810        10.33
      0.7820        10.28
      0.7830        10.30
      0.7840        10.25
      0.7850        10.18
      0.7860        10.20
      0.7870        10.12
      0.7880        10.14
      0.7890        10.16
      0.7900        10.12
      0.7910        10.06
      0.7920        10.08
      0.7930        10.01
      0.7940         9.92
      0.7950         9.85
      0.7960         9.82
      0.7970         9.91
      0.7980         9.83
      0.7990         9.87
      0.8000         9.91
      0.8010         9.87
      0.8020         9.87
      0.8030         9.90
      0.8040         9.86
      0.8050         9.89
      0.8060         9.89
      0.8070         9.96
      0.8080        10.05
      0.8090        10.05
      0.8100        10.00
      0.8110         9.96
      0.8120         9.94
      0.8130         9.96
      0.8140         9.95
      0.8150         9.92
      0.8160         9.92
      0.8170         9.77
      0.8180         9.83
      0.8190         9.68
      0.8200         9.60
      0.8210         9.69
      0.8220         9.65
      0.8230         9.69
      0.8240         9.66
      0.8250         9.66
      0.8260         9.65
      0.8270         9.59
      0.8280         9.54
      0.8290         9.50
      0.8300         9.51
      0.8310         9.55
      0.8320         9.54
      0.8330         9.56
      0.8340         9.58
      0.8350         9.62
      0.8360         9.56
      0.8370         9.55
      0.8380         9.48
      0.8390         9.55
      0.8400         9.62
      0.8410         9.53
      0.8420         9.45
      0.8430         9.39
      0.8440         9.45
      0.8450         9.41
      0.8460         9.45
      0.8470         9.43
      0.8480         9.46
      0.8490         9.45
      0.8500         9.43
      0.8510         9.31
      0.8520         9.33
      0.8530         9.28
      0.8540         9.26
      0.8550         9.21
      0.8560         9.23
      0.8570         9.24
      0.8580         9.39
      0.8590         9.41
      0.8600         9.54
      0.8610         9.52
      0.8620         9.53
      0.8630         9.46
      0.8640         9.40
      0.8650         9.33
      0.8660         9.27
      0.8670         9.24
      0.8680         9.14
      0.8690         9.18
      0.8700         9.17
      0.8710         9.25
      0.8720         9.13
      0.8730         9.05
      0.8740         9.10
      0.8750         9.11
      0.8760         9.03
      0.8770         9.00
      0.8780         8.85
      0.8790         8.76
      0.8800         8.61
      0.8810         8.60
      0.8820         8.63
      0.8830         8.60
      0.8840         8.71
      0.8850         8.81
      0.8860         8.79
      0.8870         8.84
      0.8880         8.91
      0.8890         8.77
      0.8900         8.73
      0.8910         8.80
      0.8920         8.84
      0.8930         8.96
      0.8940         8.93
      0.8950         8.94
      0.8960         9.04
      0.8970         9.07
      0.8980         9.05
      0.8990         9.04
      0.9000         9.04
      0.9010         9.05
      0.9020         9.04
      0.9030         9.12
      0.9040         9.03
      0.9050         9.01
      0.9060         8.99
      0.9070         9.01
      0.9080         9.01
      0.9090         9.12
      0.9100         9.20
      0.9110         9.12
      0.9120         9.18
      0.9130         9.13
      0.9140         9.15
      0.9150         9.11
      0.9160         9.09
      0.9170         9.08
      0.9180         9.24
      0.9190         9.27
      0.9200         9.33
      0.9210         9.45
      0.9220         9.53
      0.9230         9.47
      0.9240         9.49
      0.9250         9.50
      0.9260         9.64
      0.9270         9.62
      0.9280         9.59
      0.9290         9.66
      0.9300         9.61
      0.9310         9.54
      0.9320         9.55
      0.9330         9.54
      0.9340         9.55
      0.9350         9.61
      0.9360         9.55
      0.9370         9.59
      0.9380         9.46
      0.9390         9.50
      0.9400         9.46
      0.9410         9.39
      0.9420         9.36
      0.9430         9.43
      0.9440         9.40
      0.9450         9.39
      0.9460         9.30
      0.9470         9.28
      0.9480         9.28
      0.9490         9.25
      0.9500         9.35
      0.9510         9.45
      0.9520         9.44
      0.9530         9.47
      0.9540         9.51
      0.9550         9.47
      0.9560         9.56
      0.9570         9.52
      0.9580         9.54
      0.9590         9.55
      0.9600         9.62
      0.9610         9.65
      0.9620         9.65
      0.9630         9.65
      0.9640         9.69
      0.9650         9.76
      0.9660         9.85
      0.9670         9.93
      0.9680         9.88
      0.9690         9.88
      0.9700         9.84
      0.9710         9.80
      0.9720         9.81
      0.9730         9.84
      0.9740         9.81
      0.9750         9.86
      0.9760         9.87
      0.9770         9.86
      0.9780         9.90
      0.9790         9.91
      0.9800         9.85
      0.9810         9.82
      0.9820         9.78
      0.9830         9.69
      0.9840         9.66
      0.9850         9.65
      0.9860         9.59
      0.9870         9.54
      0.9880         9.50
      0.9890         9.47
      0.9900         9.49
      0.9910         9.49
      0.9920         9.43
      0.9930         9.42
      0.9940         9.39
      0.9950         9.37
      0.9960         9.33
      0.9970         9.34
      0.9980         9.31
      0.9990         9.23
      1.0000         9.29
      1.0010         9.28
      1.0020         9.38
      1.0030         9.48
      1.0040         9.51
      1.0050         9.54
      1.0060         9.41
      1.0070         9.37
      1.0080         9.47
      1.0090         9.46
      1.0100         9.48
      1.0110         9.49
      1.0120         9.56
      1.0130         9.59
      1.0140         9.59
      1.0150         9.60
      1.0160         9.60
      1.0170         9.58
      1.0180         9.60
      1.0190         9.68
      1.0200         9.64
      1.0210         9.63
      1.0220         9.63
      1.0230         9.62
      1.0240         9.68
      1.0250         9.62
      1.0260         9.81
      1.0270         9.87
      1.0280         9.83
      1.0290         9.80
      1.0300         9.84
      1.0310         9.86
      1.0320         9.88
      1.0330         9.88
      1.0340         9.83
      1.0350         9.81
      1.0360         9.89
      1.0370         9.97
      1.0380         9.96
      1.0390         9.85
      1.0400         9.83
      1.0410         9.81
      1.0420         9.73
      1.0430         9.68
      1.0440         9.51
      1.0450         9.55
      1.0460         9.48
      1.0470         9.47
      1.0480         9.46
      1.0490         9.51
      1.0500         9.42
      1.0510         9.42
      1.0520         9.30
      1.0530         9.27
      1.0540         9.31
      1.0550         9.35
      1.0560         9.28
      1.0570         9.26
      1.0580         9.30
      1.0590         9.44
      1.0600         9.50
      1.0610         9.47
      1.0620         9.51
      1.0630         9.54
      1.0640         9.63
      1.0650         9.59
      1.0660         9.67
      1.0670         9.67
      1.0680         9.75
      1.0690         9.72
      1.0700         9.71
      1.0710         9.75
      1.0720         9.75
      1.0730         9.73
      1.0740         9.70
      1.0750         9.63
      1.0760         9.63
      1.0770         9.62
      1.0780         9.54
      1.0790         9.35
      1.0800         9.30
      1.0810         9.33
      1.0820         9.23
      1.0830         9.22
      1.0840         9.27
      1.0850         9.36
      1.0860         9.27
      1.0870         9.27
      1.0880         9.30
      1.0890         9.31
      1.0900         9.32
      1.0910         9.33
      1.0920         9.40
      1.0930         9.41
      1.0940         9.48
      1.0950         9.53
      1.0960         9.48
      1.0970         9.53
      1.0980         9.57
      1.0990         9.68
      1.1000         9.72
      1.1010         9.76
      1.1020         9.78
      1.1030         9.87
      1.1040         9.77
      1.1050         9.67
      1.1060         9.77
      1.1070         9.73
      1.1080         9.59
      1.1090         9.59
      1.1100         9.59
      1.1110         9.61
      1.1120         9.54
      1.1130         9.50
      1.1140         9.55
      1.1150         9.58
      1.1160         9.60
      1.1170         9.61
      1.1180         9.59
      1.1190         9.57
      1.1200         9.59
      1.1210         9.57
      1.1220         9.55
      1.1230         9.47
      1.1240         9.52
      1.1250         9.47
      1.1260         9.43
      1.1270         9.51
      1.1280         9.59
      1.1290         9.59
      1.1300         9.58
      1.1310         9.48
      1.1320         9.50
      1.1330         9.62
      1.1340         9.53
      1.1350         9.43
      1.1360         9.41
      1.1370         9.37
      1.1380         9.41
      1.1390         9.46
      1.1400         9.50
      1.1410         9.54
      1.1420         9.60
      1.1430         9.58
      1.1440         9.61
      1.1450         9.66
      1.1460         9.65
      1.1470         9.72
      1.1480         9.62
      1.1490         9.62
      1.1500         9.66
      1.1510         9.66
      1.1520         9.71
      1.1530         9.66
      1.1540         9.73
      1.1550         9.79
      1.1560         9.79
      1.1570         9.74
      1.1580         9.73
      1.1590         9.69
      1.1600         9.59
      1.1610         9.54
      1.1620         9.59
      1.1630         9.70
      1.1640         9.70
      1.1650         9.77
      1.1660         9.74
      1.1670         9.67
      1.1680         9.76
      1.1690         9.80
      1.1700         9.80
      1.1710         9.80
      1.1720         9.76
      1.1730         9.77
      1.1740         9.68
      1.1750         9.67
      1.1760         9.75
      1.1770         9.76
      1.1780         9.75
      1.1790         9.76
      1.1800         9.76
      1.1810         9.81
      1.1820         9.74
      1.1830         9.61
      1.1840         9.55
      1.1850         9.47
      1.1860         9.48
      1.1870         9.46
      1.1880         9.39
      1.1890         9.35
      1.1900         9.36
      1.1910         9.38
      1.1920         9.43
      1.1930         9.46
      1.1940         9.54
      1.1950         9.55
      1.1960         9.54
      1.1970         9.54
      1.1980         9.54
      1.1990         9.53
      1.2000         9.50
      1.2010         9.55
      1.2020         9.61
      1.2030         9.66
      1.2040         9.67
      1.2050         9.75
      1.2060         9.75
      1.2070         9.72
      1.2080         9.76
      1.2090         9.82
      1.2100         9.80
      1.2110         9.94
      1.2120         9.99
      1.2130         9.98
      1.2140         9.98
      1.2150         9.90
      1.2160         9.84
      1.2170         9.87
      1.2180         9.90
      1.2190         9.89
      1.2200         9.86
      1.2210         9.79
      1.2220         9.70
      1.2230         9.66
      1.2240         9.58
      1.2250         9.50
      1.2260         9.45
      1.2270         9.46
      1.2280         9.45
      1.2290         9.41
      1.2300         9.43
      1.2310         9.30
      1.2320         9.14
      1.2330         9.10
      1.2340         9.08
      1.2350         9.12
      1.2360         9.18
      1.2370         9.15
      1.2380         9.14
      1.2390         9.15
      1.2400         9.19
      1.2410         9.17
      1.2420         9.25
      1.2430         9.24
      1.2440         9.33
      1.2450         9.36
      1.2460         9.37
      1.2470         9.44
      1.2480         9.39
      1.2490         9.33
      1.2500         9.27
      1.2510         9.26
      1.2520         9.35
      1.2530         9.38
      1.2540         9.42
      1.2550         9.42
      1.2560         9.34
      1.2570         9.34
      1.2580         9.27
      1.2590         9.29
      1.2600         9.25
      1.2610         9.21
      1.2620         9.18
      1.2630         9.11
      1.2640         9.09
      1.2650         9.06
      1.2660         9.00
      1.2670         8.96
      1.2680         9.02
      1.2690         9.02
      1.2700         8.99
      1.2710         9.01
      1.2720         9.01
      1.2730         8.90
      1.2740         8.81
      1.2750         8.72
      1.2760         8.78
      1.2770         8.80
      1.2780         8.82
      1.2790         8.74
      1.2800         8.78
      1.2810         8.76
      1.2820         8.68
      1.2830         8.84
      1.2840         8.84
      1.2850         8.80
      1.2860         8.87
      1.2870         8.83
      1.2880         8.81
      1.2890         8.75
      1.2900         8.79
      1.2910         8.73
      1.2920         8.72
      1.2930         8.76
      1.2940         8.80
      1.2950         8.85
      1.2960         8.84
      1.2970         8.82
      1.2980         8.81
      1.2990         8.88
      1.3000         8.92
      1.3010         8.93
      1.3020         9.01
      1.3030         8.96
      1.3040         8.98
      1.3050         8.94
      1.3060         8.90
      1.3070         8.89
      1.3080         8.92
      1.3090         9.01
      1.3100         8.99
      1.3110         9.03
      1.3120         8.96
      1.3130         9.00
      1.3140         9.03
      1.3150         9.08
      1.3160         9.04
      1.3170         9.11
      1.3180         9.15
      1.3190         9.10
      1.3200         8.99
      1.3210         8.97
      1.3220         8.89
      1.3230         8.92
      1.3240         8.93
      1.3250         8.97
      1.3260         9.01
      1.3270         9.06
      1.3280         9.05
      1.3290         9.05
      1.3300         9.13
      1.3310         9.18
      1.3320         9.22
      1.3330         9.24
      1.3340         9.18
      1.3350         9.17
      1.3360         9.11
      1.3370         9.05
      1.3380         8.99
      1.3390         9.04
      1.3400         9.04
      1.3410         9.01
      1.3420         9.10
      1.3430         9.05
      1.3440         8.96
      1.3450         9.00
      1.3460         8.94
      1.3470         8.80
      1.3480         8.82
      1.3490         8.77
      1.3500         8.69
      1.3510         8.66
      1.3520         8.65
      1.3530         8.57
      1.3540         8.57
      1.3550         8.54
      1.3560         8.60
      1.3570         8.60
      1.3580         8.64
      1.3590         8.62
      1.3600         8.68
      1.3610         8.78
      1.3620         8.77
      1.3630         8.73
      1.3640         8.75
      1.3650         8.78
      1.3660         8.88
      1.3670         9.00
      1.3680         8.89
      1.3690         8.92
      1.3700         8.92
      1.3710         8.88
      1.3720         8.85
      1.3730         8.84
      1.3740         8.88
      1.3750         8.89
      1.3760         8.93
      1.3770         8.95
      1.3780         8.92
      1.3790         8.97
      1.3800         9.01
      1.3810         9.00
      1.3820         9.10
      1.3830         9.13
      1.3840         9.20
      1.3850         9.18
      1.3860         9.13
      1.3870         9.21
      1.3880         9.25
      1.3890         9.28
      1.3900         9.30
      1.3910         9.31
      1.3920         9.39
      1.3930         9.40
      1.3940         9.26
      1.3950         9.21
      1.3960         9.21
      1.3970         9.18
      1.3980         9.20
      1.3990         9.19
      1.4000         9.08
      1.4010         9.03
      1.4020         8.91
      1.4030         8.92
      1.4040         8.89
      1.4050         8.85
      1.4060         8.88
      1.4070         8.79
      1.4080         8.83
      1.4090         8.77
      1.4100         8.77
      1.4110         8.72
      1.4120         8.64
      1.4130         8.68
      1.4140         8.84
      1.4150         8.94
      1.4160         8.86
      1.4170         8.87
      1.4180         8.91
      1.4190         8.93
      1.4200         9.03
      1.4210         9.03
      1.4220         9.02
      1.4230         9.07
      1.4240         9.02
      1.4250         8.98
      1.4260         8.93
      1.4270         8.89
      1.4280         8.92
      1.4290         8.97
      1.4300         8.93
      1.4310         8.97
      1.4320         9.03
      1.4330         9.03
      1.4340         8.92
      1.4350         8.86
      1.4360         8.90
      1.4370         8.97
      1.4380         8.98
      1.4390         8.93
      1.4400         8.88
      1.4410         8.97
      1.4420         9.00
      1.4430         9.00
      1.4440         9.10
      1.4450         9.17
      1.4460         9.20
      1.4470         9.21
      1.4480         9.19
      1.4490         9.21
      1.4500         9.28
      1.4510         9.36
      1.4520         9.38
      1.4530         9.41
      1.4540         9.48
      1.4550         9.44
      1.4560         9.47
      1.4570         9.41
      1.4580         9.33
      1.4590         9.36
      1.4600         9.40
      1.4610         9.39
      1.4620         9.34
      1.4630         9.28
      1.4640         9.20
      1.4650         9.23
      1.4660         9.28
      1.4670         9.35
      1.4680         9.42
      1.4690         9.36
      1.4700         9.31
      1.4710         9.24
      1.4720         9.21
      1.4730         9.22
      1.4740         9.22
      1.4750         9.26
      1.4760         9.32
      1.4770         9.40
      1.4780         9.39
      1.4790         9.45
      1.4800         9.47
      1.4810         9.40
      1.4820         9.44
      1.4830         9.43
      1.4840         9.43
      1.4850         9.27
      1.4860         9.20
      1.4870         9.12
      1.4880         9.04
      1.4890         9.04
      1.4900         9.00
      1.4910         9.03
      1.4920         9.07
      1.4930         8.99
      1.4940         8.96
      1.4950         8.97
      1.4960         9.00
      1.4970         8.88
      1.4980         8.87
      1.4990         8.77
      1.5000         8.76
      1.5010         8.77
      1.5020         8.83
      1.5030         8.78
      1.5040         8.77
      1.5050         8.86
      1.5060         8.93
      1.5070         8.97
      1.5080         9.01
      1.5090         9.02
      1.5100         9.05
      1.5110         9.03
      1.5120         9.10
      1.5130         9.18
      1.5140         9.23
      1.5150         9.27
      1.5160         9.05
      1.5170         9.11
      1.5180         9.15
      1.5190         9.21
      1.5200         9.18
      1.5210         9.18
      1.5220         9.14
      1.5230         9.16
      1.5240         9.24
      1.5250         9.37
      1.5260         9.38
      1.5270         9.44
      1.5280         9.43
      1.5290         9.40
      1.5300         9.43
      1.5310         9.44
      1.5320         9.41
      1.5330         9.42
      1.5340         9.37
      1.5350         9.44
      1.5360         9.53
      1.5370         9.60
      1.5380         9.64
      1.5390         9.67
      1.5400         9.72
      1.5410         9.73
      1.5420         9.69
      1.5430         9.68
      1.5440         9.64
      1.5450         9.59
      1.5460         9.56
      1.5470         9.46
      1.5480         9.44
      1.5490         9.44
      1.5500         9.46
      1.5510         9.43
      1.5520         9.41
      1.5530         9.35
      1.5540         9.50
      1.5550         9.45
      1.5560         9.53
      1.5570         9.49
      1.5580         9.50
      1.5590         9.45
      1.5600         9.41
      1.5610         9.42
      1.5620         9.50
      1.5630         9.65
      1.5640         9.62
      1.5650         9.56
      1.5660         9.52
      1.5670         9.59
      1.5680         9.60
      1.5690         9.66
      1.5700         9.64
      1.5710         9.71
      1.5720         9.64
      1.5730         9.60
      1.5740         9.52
      1.5750         9.44
      1.5760         9.42
      1.5770         9.39
      1.5780         9.35
      1.5790         9.34
      1.5800         9.33
      1.5810         9.31
      1.5820         9.32
      1.5830         9.28
      1.5840         9.31
      1.5850         9.39
      1.5860         9.35
      1.5870         9.35
      1.5880         9.36
      1.5890         9.43
      1.5900         9.48
      1.5910         9.39
      1.5920         9.39
      1.5930         9.40
      1.5940         9.35
      1.5950         9.29
      1.5960         9.26
      1.5970         9.28
      1.5980         9.33
      1.5990         9.36
      1.6000         9.32
      1.6010         9.35
      1.6020         9.23
      1.6030         9.24
      1.6040         9.23
      1.6050         9.17
      1.6060         9.18
      1.6070         9.15
      1.6080         9.12
      1.6090         9.07
      1.6100         8.95
      1.6110         8.95
      1.6120         8.92
      1.6130         9.03
      1.6140         9.08
      1.6150         9.19
      1.6160         9.22
      1.6170         9.14
      1.6180         9.12
      1.6190         9.09
      1.6200         9.17
      1.6210         9.15
      1.6220         9.20
      1.6230         9.15
      1.6240         9.13
      1.6250         9.17
      1.6260         9.19
      1.6270         9.21
      1.6280         9.20
      1.6290         9.16
      1.6300         9.19
      1.6310         9.23
      1.6320         9.25
      1.6330         9.21
      1.6340         9.20
      1.6350         9.17
      1.6360         9.24
      1.6370         9.35
      1.6380         9.36
      1.6390         9.31
      1.6400         9.29
      1.6410         9.21
      1.6420         9.20
      1.6430         9.12
      1.6440         9.21
      1.6450         9.12
      1.6460         9.24
      1.6470         9.24
      1.6480         9.24
      1.6490         9.25
      1.6500         9.24
      1.6510         9.19
      1.6520         9.22
      1.6530         9.17
      1.6540         9.17
      1.6550         9.17
      1.6560         9.13
      1.6570         9.06
      1.6580         8.91
      1.6590         8.97
      1.6600         8.95
      1.6610         9.01
      1.6620         8.98
      1.6630         9.06
      1.6640         9.02
      1.6650         9.06
      1.6660         9.01
      1.6670         8.97
      1.6680         8.97
      1.6690         8.97
      1.6700         8.99
      1.6710         9.02
      1.6720         9.07
      1.6730         9.10
      1.6740         9.10
      1.6750         9.16
      1.6760         9.07
      1.6770         9.12
      1.6780         9.26
      1.6790         9.30
      1.6800         9.25
      1.6810         9.32
      1.6820         9.31
      1.6830         9.34
      1.6840         9.38
      1.6850         9.38
      1.6860         9.35
      1.6870         9.36
      1.6880         9.34
      1.6890         9.30
      1.6900         9.38
      1.6910         9.39
      1.6920         9.32
      1.6930         9.23
      1.6940         9.23
      1.6950         9.20
      1.6960         9.26
      1.6970         9.24
      1.6980         9.18
      1.6990         9.16
      1.7000         9.16
      1.7010         9.12
      1.7020         9.17
      1.7030         9.17
      1.7040         9.02
      1.7050         9.06
      1.7060         9.06
      1.7070         9.09
      1.7080         9.17
      1.7090         9.26
      1.7100         9.24
      1.7110         9.22
      1.7120         9.18
      1.7130         9.26
      1.7140         9.30
      1.7150         9.17
      1.7160         9.18
      1.7170         9.12
      1.7180         9.16
      1.7190         9.13
      1.7200         9.17
      1.7210         9.11
      1.7220         9.05
      1.7230         9.00
      1.7240         9.10
      1.7250         9.10
      1.7260         9.11
      1.7270         9.08
      1.7280         9.08
      1.7290         9.01
      1.7300         8.95
      1.7310         8.92
      1.7320         8.93
      1.7330         8.95
      1.7340         8.91
      1.7350         8.98
      1.7360         8.93
      1.7370         8.94
      1.7380         8.92
      1.7390         8.92
      1.7400         8.90
      1.7410         8.95
      1.7420         9.03
      1.7430         9.01
      1.7440         8.99
      1.7450         8.95
      1.7460         8.89
      1.7470         8.83
      1.7480         8.75
      1.7490         8.74
      1.7500         8.74
      1.7510         8.74
      1.7520         8.81
      1.7530         8.79
      1.7540         8.82
      1.7550         8.76
      1.7560         8.82
      1.7570         8.86
      1.7580         8.77
      1.7590         8.70
      1.7600         8.63
      1.7610         8.64
      1.7620         8.57
      1.7630         8.53
      1.7640         8.46
      1.7650         8.45
      1.7660         8.41
      1.7670         8.42
      1.7680         8.49
      1.7690         8.55
      1.7700         8.58
      1.7710         8.61
      1.7720         8.58
      1.7730         8.64
      1.7740         8.56
      1.7750         8.56
      1.7760         8.50
      1.7770         8.49
      1.7780         8.59
      1.7790         8.65
      1.7800         8.71
      1.7810         8.65
      1.7820         8.64
      1.7830         8.80
      1.7840         8.88
      1.7850         8.94
      1.7860         9.03
      1.7870         9.15
      1.7880         9.07
      1.7890         9.06
      1.7900         9.08
      1.7910         9.07
      1.7920         9.04
      1.7930         9.03
      1.7940         9.07
      1.7950         9.13
      1.7960         9.19
      1.7970         9.19
      1.7980         9.21
      1.7990         9.17
      1.8000         9.25
      1.8010         9.40
      1.8020         9.45
      1.8030         9.33
      1.8040         9.37
      1.8050         9.39
      1.8060         9.41
      1.8070         9.40
      1.8080         9.51
      1.8090         9.47
      1.8100         9.42
      1.8110         9.35
      1.8120         9.34
      1.8130         9.27
      1.8140         9.18
      1.8150         9.14
      1.8160         9.14
      1.8170         9.14
      1.8180         9.18
      1.8190         9.24
      1.8200         9.23
      1.8210         9.17
      1.8220         9.09
      1.8230         9.13
      1.8240         9.10
      1.8250         9.01
      1.8260         8.94
      1.8270         8.93
      1.8280         8.90
      1.8290         8.99
      1.8300         9.05
      1.8310         9.07
      1.8320         9.07
      1.8330         9.14
      1.8340         9.26
      1.8350         9.29
      1.8360         9.24
      1.8370         9.26
      1.8380         9.20
      1.8390         9.17
      1.8400         9.16
      1.8410         9.18
      1.8420         9.25
      1.8430         9.26
      1.8440         9.22
      1.8450         9.24
      1.8460         9.27
      1.8470         9.17
      1.8480         9.13
      1.8490         9.08
      1.8500         9.04
      1.8510         9.06
      1.8520         9.12
      1.8530         9.06
      1.8540         9.05
      1.8550         9.06
      1.8560         9.10
      1.8570         9.09
      1.8580         9.05
      1.8590         9.09
      1.8600         9.10
      1.8610         9.01
      1.8620         9.00
      1.8630         9.01
      1.8640         9.04
      1.8650         9.04
      1.8660         9.00
      1.8670         8.99
      1.8680         8.98
      1.8690         8.92
      1.8700         9.00
      1.8710         9.02
      1.8720         8.95
      1.8730         8.94
      1.8740         8.88
      1.8750         8.87
      1.8760         8.87
      1.8770         8.79
      1.8780         8.85
      1.8790         8.80
      1.8800         8.70
      1.8810         8.80
      1.8820         8.84
      1.8830         8.85
      1.8840         8.85
      1.8850         8.87
      1.8860         8.94
      1.8870         8.93
      1.8880         8.91
      1.8890         8.97
      1.8900         8.91
      1.8910         8.90
      1.8920         8.99
      1.8930         9.03
      1.8940         8.98
      1.8950         8.94
      1.8960         8.96
      1.8970         9.00
      1.8980         8.96
      1.8990         8.87
      1.9000         8.87
      1.9010         8.80
      1.9020         8.83
      1.9030         8.79
      1.9040         8.81
      1.9050         8.80
      1.9060         8.86
      1.9070         8.97
      1.9080         9.05
      1.9090         9.04
      1.9100         8.99
      1.9110         8.97
      1.9120         8.95
      1.9130         8.98
      1.9140         9.08
      1.9150         9.15
      1.9160         9.11
      1.9170         9.08
      1.9180         9.16
      1.9190         9.23
      1.9200         9.20
      1.9210         9.20
      1.9220         9.09
      1.9230         9.12
      1.9240         9.08
      1.9250         9.12
      1.9260         9.08
      1.9270         9.04
      1.9280         8.98
      1.9290         8.99
      1.9300         9.11
      1.9310         9.15
      1.9320         9.12
      1.9330         9.05
      1.9340         9.04
      1.9350         8.99
      1.9360         8.99
      1.9370         9.00
      1.9380         8.98
      1.9390         9.05
      1.9400         9.12
      1.9410         9.10
      1.9420         9.10
      1.9430         9.06
      1.9440         9.10
      1.9450         9.06
      1.9460         9.03
      1.9470         9.05
      1.9480         9.05
      1.9490         8.99
      1.9500         8.86
      1.9510         8.85
      1.9520         8.87
      1.9530         8.93
      1.9540         8.89
      1.9550         8.94
      1.9560         8.92
      1.9570         8.96
      1.9580         8.93
      1.9590         8.87
      1.9600         8.92
      1.9610         8.97
      1.9620         8.95
      1.9630         8.91
      1.9640         8.85
      1.9650         8.88
      1.9660         8.81
      1.9670         8.81
      1.9680         8.87
      1.9690         8.91
      1.9700         8.91
      1.9710         8.89
      1.9720         8.93
      1.9730         8.90
      1.9740         8.96
      1.9750         8.96
      1.9760         8.97
      1.9770         9.01
      1.9780         9.01
      1.9790         9.09
      1.9800         9.01
      1.9810         8.93
      1.9820         8.94
      1.9830         9.00
      1.9840         9.04
      1.9850         9.02
      1.9860         9.09
      1.9870         9.08
      1.9880         9.07
      1.9890         9.09
      1.9900         9.21
      1.9910         9.23
      1.9920         9.11
      1.9930         9.09
      1.9940         9.01
      1.9950         8.97
      1.9960         8.97
      1.9970         9.00
      1.9980         8.97
      1.9990         8.92
      2.0000         9.01
      2.0010         9.08
      2.0020         9.13
      2.0030         9.14
      2.0040         9.08
      2.0050         9.02
      2.0060         9.01
      2.0070         9.04
      2.0080         9.06
      2.0090         9.02
      2.0100         9.01
      2.0110         9.02
      2.0120         9.04
      2.0130         9.01
      2.0140         9.03
      2.0150         9.05
      2.0160         9.11
      2.0170         9.01
      2.0180         8.96
      2.0190         8.91
      2.0200         8.84
      2.0210         8.81
      2.0220         8.77
      2.0230         8.79
      2.0240         8.85
      2.0250         8.89
      2.0260         8.90
      2.0270         8.89
      2.0280         8.88
      2.0290         8.88
      2.0300         8.92
      2.0310         8.88
      2.0320         8.93
      2.0330         8.89
      2.0340         9.01
      2.0350         9.05
      2.0360         8.98
      2.0370         9.02
      2.0380         9.11
      2.0390         9.15
      2.0400         9.12
      2.0410         9.19
      2.0420         9.27
      2.0430         9.34
      2.0440         9.30
      2.0450         9.28
      2.0460         9.26
      2.0470         9.21
      2.0480         9.15
      2.0490         9.19
      2.0500         9.25
      2.0510         9.27
      2.0520         9.26
      2.0530         9.23
      2.0540         9.08
      2.0550         9.06
      2.0560         9.12
      2.0570         9.15
      2.0580         9.12
      2.0590         9.23
      2.0600         9.19
      2.0610         9.20
      2.0620         9.20
      2.0630         9.13
      2.0640         9.17
      2.0650         9.19
      2.0660         9.17
      2.0670         9.19
      2.0680         9.16
      2.0690         9.17
      2.0700         8.99
      2.0710         9.03
      2.0720         9.03
      2.0730         9.12
      2.0740         9.16
      2.0750         9.16
      2.0760         9.15
      2.0770         9.10
      2.0780         9.09
      2.0790         9.00
      2.0800         9.03
      2.0810         9.00
      2.0820         9.02
      2.0830         9.05
      2.0840         9.01
      2.0850         9.08
      2.0860         9.12
      2.0870         9.18
      2.0880         9.22
      2.0890         9.24
      2.0900         9.36
      2.0910         9.34
      2.0920         9.35
      2.0930         9.35
      2.0940         9.44
      2.0950         9.40
      2.0960         9.40
      2.0970         9.29
      2.0980         9.32
      2.0990         9.37
      2.1000         9.48
      2.1010         9.46
      2.1020         9.46
      2.1030         9.42
      2.1040         9.36
      2.1050         9.32
      2.1060         9.26
      2.1070         9.20
      2.1080         9.23
      2.1090         9.15
      2.1100         9.15
      2.1110         9.11
      2.1120         9.10
      2.1130         9.10
      2.1140         9.06
      2.1150         9.11
      2.1160         9.07
      2.1170         9.19
      2.1180         9.24
      2.1190         9.22
      2.1200         9.19
      2.1210         9.19
      2.1220         9.15
      2.1230         9.03
      2.1240         9.11
      2.1250         9.12
      2.1260         9.15
      2.1270         9.16
      2.1280         9.11
      2.1290         9.12
      2.1300         9.04
      2.1310         9.04
      2.1320         9.03
      2.1330         9.05
      2.1340         9.03
      2.1350         8.98
      2.1360         8.98
      2.1370         8.93
      2.1380         8.87
      2.1390         8.92
      2.1400         8.83
      2.1410         8.85
      2.1420         8.86
      2.1430         8.90
      2.1440         8.96
      2.1450         8.93
      2.1460         8.97
      2.1470         8.97
      2.1480         9.08
      2.1490         9.09
      2.1500         9.08
      2.1510         9.09
      2.1520         9.10
      2.1530         9.13
      2.1540         9.20
      2.1550         9.30
      2.1560         9.37
      2.1570         9.37
      2.1580         9.32
      2.1590         9.24
      2.1600         9.22
      2.1610         9.15
      2.1620         9.12
      2.1630         9.19
      2.1640         9.11
      2.1650         9.12
      2.1660         9.06
      2.1670         9.15
      2.1680         9.09
      2.1690         9.07
      2.1700         9.13
      2.1710         9.13
      2.1720         9.22
      2.1730         9.12
      2.1740         9.02
      2.1750         9.00
      2.1760         9.01
      2.1770         9.04
      2.1780         9.08
      2.1790         9.16
      2.1800         9.24
      2.1810         9.29
      2.1820         9.31
      2.1830         9.33
      2.1840         9.43
      2.1850         9.44
      2.1860         9.44
      2.1870         9.41
      2.1880         9.34
      2.1890         9.35
      2.1900         9.31
      2.1910         9.32
      2.1920         9.24
      2.1930         9.31
      2.1940         9.31
      2.1950         9.15
      2.1960         9.14
      2.1970         9.12
      2.1980         9.15
      2.1990         9.01
      2.2000         8.99
      2.2010         9.08
      2.2020         9.07
      2.2030         9.08
      2.2040         9.05
      2.2050         9.03
      2.2060         9.09
      2.2070         9.04
      2.2080         9.04
      2.2090         9.02
      2.2100         9.02
      2.2110         9.07
      2.2120         9.07
      2.2130         9.09
      2.2140         9.10
      2.2150         9.22
      2.2160         9.13
      2.2170         9.17
      2.2180         9.20
      2.2190         9.22
      2.2200         9.29
      2.2210         9.23
      2.2220         9.24
      2.2230         9.19
      2.2240         9.12
      2.2250         9.08
      2.2260         9.03
      2.2270         9.05
      2.2280         9.12
      2.2290         9.15
      2.2300         9.18
      2.2310         9.24
      2.2320         9.25
      2.2330         9.20
      2.2340         9.23
      2.2350         9.19
      2.2360         9.27
      2.2370         9.22
      2.2380         9.18
      2.2390         9.22
      2.2400         9.28
      2.2410         9.29
      2.2420         9.22
      2.2430         9.29
      2.2440         9.32
      2.2450         9.40
      2.2460         9.35
      2.2470         9.39
      2.2480         9.33
      2.2490         9.29
      2.2500         9.33
      2.2510         9.19
      2.2520         9.16
      2.2530         9.15
      2.2540         9.15
      2.2550         9.20
      2.2560         9.15
      2.2570         9.20
      2.2580         9.22
      2.2590         9.22
      2.2600         9.13
      2.2610         9.05
      2.2620         9.08
      2.2630         8.99
      2.2640         8.93
      2.2650         8.92
      2.2660         9.01
      2.2670         8.93
      2.2680         9.00
      2.2690         9.06
      2.2700         9.04
      2.2710         9.05
      2.2720         9.08
      2.2730         9.04
      2.2740         9.02
      2.2750         8.90
      2.2760         8.84
      2.2770         8.77
      2.2780         8.81
      2.2790         8.84
      2.2800         8.80
      2.2810         8.81
      2.2820         8.92
      2.2830         8.93
      2.2840         8.99
      2.2850         8.93
      2.2860         8.92
      2.2870         8.92
      2.2880         8.88
      2.2890         8.78
      2.2900         8.73
      2.2910         8.70
      2.2920         8.66
      2.2930         8.74
      2.2940         8.72
      2.2950         8.83
      2.2960         8.92
      2.2970         8.92
      2.2980         8.94
      2.2990         8.92
      2.3000         8.96
      2.3010         8.99
      2.3020         8.90
      2.3030         8.86
      2.3040         8.82
      2.3050         8.83
      2.3060         8.81
      2.3070         8.77
      2.3080         8.78
      2.3090         8.74
      2.3100         8.80
      2.3110         8.83
      2.3120         8.84
      2.3130         8.88
      2.3140         8.89
      2.3150         8.80
      2.3160         8.81
      2.3170         8.89
      2.3180         8.80
      2.3190         8.78
      2.3200         8.76
      2.3210         8.79
      2.3220         8.87
      2.3230         8.87
      2.3240         8.90
      2.3250         8.91
      2.3260         8.99
      2.3270         9.05
      2.3280         8.98
      2.3290         9.02
      2.3300         8.93
      2.3310         8.87
      2.3320         8.81
      2.3330         8.78
      2.3340         8.74
      2.3350         8.77
      2.3360         8.73
      2.3370         8.65
      2.3380         8.65
      2.3390         8.53
      2.3400         8.54
      2.3410         8.53
      2.3420         8.44
      2.3430         8.46
      2.3440         8.54
      2.3450         8.45
      2.3460         7.89
      2.3470         7.88
      2.3480         8.41
      2.3490         7.96
      2.3500         8.53
      2.3510         8.55
      2.3520         8.59
      2.3530         8.53
      2.3540         8.54
      2.3550         8.56
      2.3560         8.55
      2.3570         8.55
      2.3580         8.63
      2.3590         8.70
      2.3600         8.55
      2.3610         8.50
      2.3620         8.52
      2.3630         8.58
      2.3640         8.52
      2.3650         8.55
      2.3660         8.54
      2.3670         8.52
      2.3680         8.48
      2.3690         8.48
      2.3700         8.48
      2.3710         8.52
      2.3720         8.51
      2.3730         8.58
      2.3740         8.60
      2.3750         8.60
      2.3760         8.59
      2.3770         8.60
      2.3780         8.50
      2.3790         8.51
      2.3800         8.59
      2.3810         8.58
      2.3820         8.56
      2.3830         8.47
      2.3840         8.40
      2.3850         8.43
      2.3860         8.43
      2.3870         8.44
      2.3880         8.52
      2.3890         8.44
      2.3900         8.42
      2.3910         8.40
      2.3920         8.40
      2.3930         8.27
      2.3940         8.23
      2.3950         8.20
      2.3960         8.23
      2.3970         8.19
      2.3980         8.31
      2.3990         8.28
      2.4000         8.36
      2.4010         8.35
      2.4020         8.36
      2.4030         8.46
      2.4040         8.46
      2.4050         8.46
      2.4060         8.47
      2.4070         8.54
      2.4080         8.50
      2.4090         8.51
      2.4100         8.45
      2.4110         8.44
      2.4120         8.47
      2.4130         8.56
      2.4140         8.56
      2.4150         8.56
      2.4160         8.60
      2.4170         8.69
      2.4180         8.61
      2.4190         8.64
      2.4200         8.56
      2.4210         8.68
      2.4220         8.70
      2.4230         8.67
      2.4240         8.65
      2.4250         8.59
      2.4260         8.58
      2.4270         8.51
      2.4280         8.51
      2.4290         8.61
      2.4300         8.66
      2.4310         8.67
      2.4320         8.62
      2.4330         8.59
      2.4340         8.69
      2.4350         8.70
      2.4360         8.63
      2.4370         8.58
      2.4380         8.59
      2.4390         8.55
      2.4400         8.62
      2.4410         8.51
      2.4420         8.48
      2.4430         8.49
      2.4440         8.52
      2.4450         8.61
      2.4460         8.61
      2.4470         8.60
      2.4480         8.60
      2.4490         8.54
      2.4500         8.48
      2.4510         8.55
      2.4520         8.58
      2.4530         8.47
      2.4540         8.39
      2.4550         8.35
      2.4560         8.33
      2.4570         8.33
      2.4580         8.25
      2.4590         8.30
      2.4600         8.19
      2.4610         8.28
      2.4620         8.27
      2.4630         8.26
      2.4640         8.26
      2.4650         8.26
      2.4660         8.22
      2.4670         8.23
      2.4680         8.27
      2.4690         8.25
      2.4700         8.29
      2.4710         8.25
      2.4720         8.21
      2.4730         8.34
      2.4740         8.43
      2.4750         8.49
      2.4760         8.47
      2.4770         8.44
      2.4780         8.51
      2.4790         8.51
      2.4800         8.60
      2.4810         8.51
      2.4820         8.54
      2.4830         8.50
      2.4840         8.50
      2.4850         8.39
      2.4860         8.46
      2.4870         8.44
      2.4880         8.28
      2.4890         8.35
      2.4900         8.36
      2.4910         8.33
      2.4920         8.44
      2.4930         8.44
      2.4940         8.40
      2.4950         8.37
      2.4960         8.40
      2.4970         8.38
      2.4980         8.34
      2.4990         8.38
      2.5000         8.36
      2.5010         8.30
      2.5020         8.32
      2.5030         8.41
      2.5040         8.41
      2.5050         8.53
      2.5060         8.49
      2.5070         8.46
      2.5080         8.56
      2.5090         8.47
      2.5100         8.43
      2.5110         8.40
      2.5120         8.35
      2.5130         8.28
      2.5140         8.20
      2.5150         8.18
      2.5160         8.20
      2.5170         8.31
      2.5180         8.34
      2.5190         8.34
      2.5200         8.32
      2.5210         8.36
      2.5220         8.35
      2.5230         8.28
      2.5240         8.31
      2.5250         8.29
      2.5260         8.31
      2.5270         8.29
      2.5280         8.35
      2.5290         8.41
      2.5300         8.43
      2.5310         8.41
      2.5320         8.40
      2.5330         8.45
      2.5340         8.50
      2.5350         8.57
      2.5360         8.63
      2.5370         8.55
      2.5380         8.49
      2.5390         8.41
      2.5400         8.36
      2.5410         8.37
      2.5420         8.35
      2.5430         8.35
      2.5440         8.32
      2.5450         8.31
      2.5460         8.29
      2.5470         8.40
      2.5480         8.39
      2.5490         8.30
      2.5500         8.27
      2.5510         8.28
      2.5520         8.28
      2.5530         8.27
      2.5540         8.25
      2.5550         8.21
      2.5560         8.15
      2.5570         8.15
      2.5580         8.20
      2.5590         8.21
      2.5600         8.29
      2.5610         8.25
      2.5620         8.28
      2.5630         8.27
      2.5640         8.27
      2.5650         8.23
      2.5660         8.24
      2.5670         8.15
      2.5680         8.16
      2.5690         8.28
      2.5700         8.30
      2.5710         8.20
      2.5720         8.19
      2.5730         8.22
      2.5740         7.65
      2.5750         8.18
      2.5760         8.27
      2.5770         8.29
      2.5780         8.25
      2.5790         8.23
      2.5800         8.18
      2.5810         8.27
      2.5820         8.30
      2.5830         8.31
      2.5840         8.31
      2.5850         8.29
      2.5860         8.28
      2.5870         8.32
      2.5880         8.28
      2.5890         8.21
      2.5900         8.24
      2.5910         8.34
      2.5920         8.37
      2.5930         8.42
      2.5940         8.50
      2.5950         8.42
      2.5960         8.36
      2.5970         8.25
      2.5980         8.34
      2.5990         8.33
      2.6000         8.36
      2.6010         8.33
      2.6020         8.31
      2.6030         8.31
      2.6040         8.29
      2.6050         8.39
      2.6060         8.36
      2.6070         8.41
      2.6080         8.33
      2.6090         8.43
      2.6100         8.48
      2.6110         8.41
      2.6120         8.39
      2.6130         8.32
      2.6140         8.27
      2.6150         8.32
      2.6160         8.32
      2.6170         8.39
      2.6180         8.36
      2.6190         8.40
      2.6200         8.45
      2.6210         8.35
      2.6220         8.43
      2.6230         8.40
      2.6240         8.41
      2.6250         8.33
      2.6260         8.35
      2.6270         8.27
      2.6280         8.30
      2.6290         8.26
      2.6300         8.16
      2.6310         8.15
      2.6320         8.15
      2.6330         8.12
      2.6340         8.18
      2.6350         8.19
      2.6360         8.15
      2.6370         8.19
      2.6380         8.15
      2.6390         8.15
      2.6400         8.12
      2.6410         8.27
      2.6420         8.20
      2.6430         8.23
      2.6440         8.25
      2.6450         8.25
      2.6460         8.25
      2.6470         8.25
      2.6480         8.24
      2.6490         8.18
      2.6500         8.24
      2.6510         8.32
      2.6520         8.29
      2.6530         8.30
      2.6540         8.33
      2.6550         8.33
      2.6560         8.41
      2.6570         8.44
      2.6580         8.41
      2.6590         8.40
      2.6600         8.43
      2.6610         8.37
      2.6620         8.35
      2.6630         8.25
      2.6640         8.23
      2.6650         8.31
      2.6660         8.36
      2.6670         8.41
      2.6680         8.48
      2.6690         8.54
      2.6700         8.51
      2.6710         8.53
      2.6720         8.60
      2.6730         8.65
      2.6740         8.71
      2.6750         8.72
      2.6760         8.67
      2.6770         8.66
      2.6780         8.70
      2.6790         8.71
      2.6800         8.68
      2.6810         8.67
      2.6820         8.63
      2.6830         8.72
      2.6840         8.70
      2.6850         8.62
      2.6860         8.56
      2.6870         8.50
      2.6880         8.46
      2.6890         8.40
      2.6900         8.37
      2.6910         8.22
      2.6920         8.18
      2.6930         8.19
      2.6940         8.08
      2.6950         7.95
      2.6960         7.97
      2.6970         7.96
      2.6980         7.96
      2.6990         7.97
      2.7000         7.92
      2.7010         7.96
      2.7020         8.00
      2.7030         8.08
      2.7040         8.08
      2.7050         8.17
      2.7060         8.21
      2.7070         8.30
      2.7080         8.44
      2.7090         8.44
      2.7100         8.42
      2.7110         8.57
      2.7120         8.53
      2.7130         8.48
      2.7140         8.48
      2.7150         8.51
      2.7160         8.54
      2.7170         8.50
      2.7180         8.54
      2.7190         8.56
      2.7200         8.62
      2.7210         8.59
      2.7220         8.53
      2.7230         8.43
      2.7240         8.39
      2.7250         8.27
      2.7260         8.28
      2.7270         8.32
      2.7280         8.22
      2.7290         8.16
      2.7300         8.24
      2.7310         8.18
      2.7320         8.28
      2.7330         8.29
      2.7340         8.31
      2.7350         8.43
      2.7360         8.40
      2.7370         8.43
      2.7380         8.38
      2.7390         8.30
      2.7400         8.28
      2.7410         8.22
      2.7420         8.27
      2.7430         8.28
      2.7440         8.31
      2.7450         8.36
      2.7460         8.29
      2.7470         8.22
      2.7480         8.25
      2.7490         8.30
      2.7500         8.26
      2.7510         8.31
      2.7520         7.80
      2.7530         7.82
      2.7540         7.84
      2.7550         8.29
      2.7560         8.33
      2.7570         8.37
      2.7580         8.37
      2.7590         8.38
      2.7600         8.39
      2.7610         8.43
      2.7620         8.50
      2.7630         8.47
      2.7640         8.51
      2.7650         8.54
      2.7660         8.56
      2.7670         8.54
      2.7680         8.55
      2.7690         8.56
      2.7700         8.59
      2.7710         8.59
      2.7720         8.58
      2.7730         8.50
      2.7740         8.47
      2.7750         8.51
      2.7760         8.44
      2.7770         8.39
      2.7780         8.43
      2.7790         8.50
      2.7800         8.53
      2.7810         8.59
      2.7820         8.47
      2.7830         8.44
      2.7840         8.40
      2.7850         8.43
      2.7860         8.52
      2.7870         8.54
      2.7880         8.47
      2.7890         8.47
      2.7900         8.46
      2.7910         8.46
      2.7920         8.59
      2.7930         8.66
      2.7940         8.73
      2.7950         8.68
      2.7960         8.72
      2.7970         8.68
      2.7980         8.68
      2.7990         8.70
      2.8000         8.62
      2.8010         8.61
      2.8020         8.70
      2.8030         8.76
      2.8040         8.85
      2.8050         8.80
      2.8060         8.74
      2.8070         8.81
      2.8080         8.84
      2.8090         8.90
      2.8100         8.92
      2.8110         8.90
      2.8120         8.80
      2.8130         8.76
      2.8140         8.66
      2.8150         8.66
      2.8160         8.70
      2.8170         8.85
      2.8180         8.87
      2.8190         8.83
      2.8200         8.90
      2.8210         8.88
      2.8220         8.89
      2.8230         8.99
      2.8240         9.01
      2.8250         9.03
      2.8260         8.99
      2.8270         8.88
      2.8280         8.88
      2.8290         8.87
      2.8300         8.84
      2.8310         8.91
      2.8320         8.90
      2.8330         9.02
      2.8340         9.11
      2.8350         9.10
      2.8360         9.06
      2.8370         9.00
      2.8380         8.97
      2.8390         8.94
      2.8400         9.02
      2.8410         8.97
      2.8420         8.89
      2.8430         8.81
      2.8440         8.78
      2.8450         8.82
      2.8460         8.90
      2.8470         9.05
      2.8480         9.12
      2.8490         9.10
      2.8500         9.10
      2.8510         9.05
      2.8520         9.09
      2.8530         8.98
      2.8540         8.93
      2.8550         9.01
      2.8560         8.95
      2.8570         8.93
      2.8580         8.99
      2.8590         8.99
      2.8600         9.00
      2.8610         9.08
      2.8620         9.09
      2.8630         8.98
      2.8640         8.97
      2.8650         8.93
      2.8660         8.92
      2.8670         8.77
      2.8680         8.76
      2.8690         8.77
      2.8700         8.78
      2.8710         8.81
      2.8720         8.78
      2.8730         8.84
      2.8740         8.77
      2.8750         8.80
      2.8760         8.86
      2.8770         8.96
      2.8780         8.92
      2.8790         8.94
      2.8800         8.82
      2.8810         8.85
      2.8820         8.89
      2.8830         9.04
      2.8840         9.01
      2.8850         8.98
      2.8860         9.02
      2.8870         9.14
      2.8880         9.09
      2.8890         9.09
      2.8900         9.08
      2.8910         9.06
      2.8920         9.08
      2.8930         9.01
      2.8940         9.03
      2.8950         8.88
      2.8960         8.87
      2.8970         8.80
      2.8980         8.77
      2.8990         8.77
      2.9000         8.85
      2.9010         8.80
      2.9020         8.84
      2.9030         8.84
      2.9040         8.94
      2.9050         9.06
      2.9060         9.06
      2.9070         9.05
      2.9080         9.11
      2.9090         9.06
      2.9100         9.06
      2.9110         9.02
      2.9120         9.10
      2.9130         9.21
      2.9140         9.26
      2.9150         9.39
      2.9160         9.37
      2.9170         9.31
      2.9180         9.28
      2.9190         9.28
      2.9200         9.26
      2.9210         9.24
      2.9220         9.14
      2.9230         9.06
      2.9240         8.94
      2.9250         8.80
      2.9260         8.77
      2.9270         8.74
      2.9280         8.63
      2.9290         8.67
      2.9300         8.62
      2.9310         8.70
      2.9320         8.62
      2.9330         8.57
      2.9340         8.57
      2.9350         8.58
      2.9360         8.56
      2.9370         8.63
      2.9380         8.67
      2.9390         8.68
      2.9400         8.62
      2.9410         8.71
      2.9420         8.74
      2.9430         8.80
      2.9440         8.82
      2.9450         8.90
      2.9460         8.82
      2.9470         8.82
      2.9480         8.83
      2.9490         8.82
      2.9500         8.97
      2.9510         8.90
      2.9520         8.84
      2.9530         8.86
      2.9540         8.80
      2.9550         8.77
      2.9560         8.72
      2.9570         8.71
      2.9580         8.73
      2.9590         8.69
      2.9600         8.69
      2.9610         8.61
      2.9620         8.62
      2.9630         8.53
      2.9640         8.57
      2.9650         8.51
      2.9660         8.54
      2.9670         8.49
      2.9680         8.50
      2.9690         8.54
      2.9700         8.46
      2.9710         8.50
      2.9720         8.55
      2.9730         8.50
      2.9740         8.48
      2.9750         8.45
      2.9760         8.58
      2.9770         8.54
      2.9780         8.54
      2.9790         8.58
      2.9800         8.56
      2.9810         8.59
      2.9820         8.58
      2.9830         8.71
      2.9840         8.67
      2.9850         8.67
      2.9860         8.63
      2.9870         8.66
      2.9880         8.70
      2.9890         8.66
      2.9900         8.74
      2.9910         8.73
      2.9920         8.81
      2.9930         8.86
      2.9940         8.91
      2.9950         8.79
      2.9960         8.74
      2.9970         8.76
      2.9980         8.86
      2.9990         8.85
