        Time   Palpation Force
      0.0000         1.00
      0.0010         1.00
      0.0020         1.00
      0.0030         1.00
      0.0040         1.00
      0.0050         1.00
      0.0060         1.00
      0.0070         1.00
      0.0080         1.00
      0.0090         1.00
      0.0100         1.00
      0.0110         1.00
      0.0120         1.00
      0.0130         1.00
      0.0140         1.00
      0.0150         1.00
      0.0160         1.00
      0.0170         1.00
      0.0180         1.00
      0.0190         1.00
      0.0200         1.00
      0.0210         1.00
      0.0220         1.00
      0.0230         1.00
      0.0240         1.00
      0.0250         1.00
      0.0260         1.00
      0.0270         1.00
      0.0280         1.00
      0.0290         1.00
      0.0300         1.00
      0.0310         1.00
      0.0320         1.00
      0.0330         1.00
      0.0340         1.00
      0.0350         1.00
      0.0360         1.00
      0.0370         1.00
      0.0380         1.00
      0.0390         1.00
      0.0400         1.00
      0.0410         1.00
      0.0420         1.00
      0.0430         1.00
      0.0440         1.00
      0.0450         1.00
      0.0460         1.00
      0.0470         1.00
      0.0480         1.00
      0.0490         1.00
      0.0500         1.00
      0.0510         1.00
      0.0520         1.00
      0.0530         1.00
      0.0540         1.00
      0.0550         1.00
      0.0560         1.00
      0.0570         1.00
      0.0580         1.00
      0.0590         1.00
      0.0600         1.00
      0.0610         1.00
      0.0620         1.00
      0.0630         1.00
      0.0640         1.00
      0.0650         1.00
      0.0660         1.00
      0.0670         1.00
      0.0680         1.00
      0.0690         1.00
      0.0700         1.00
      0.0710         1.00
      0.0720         1.00
      0.0730         1.00
      0.0740         1.00
      0.0750         1.00
      0.0760         1.00
      0.0770         1.00
      0.0780         1.00
      0.0790         1.00
      0.0800         1.00
      0.0810         1.00
      0.0820         1.00
      0.0830         1.00
      0.0840         1.00
      0.0850         1.00
      0.0860         1.00
      0.0870         1.00
      0.0880         1.00
      0.0890         1.00
      0.0900         1.00
      0.0910         1.00
      0.0920         1.00
      0.0930         1.00
      0.0940         1.00
      0.0950         1.00
      0.0960         1.00
      0.0970         1.00
      0.0980         1.00
      0.0990         1.00
      0.1000         1.00
      0.1010         1.00
      0.1020         1.00
      0.1030         1.00
      0.1040         1.00
      0.1050         1.00
      0.1060         1.00
      0.1070         1.00
      0.1080         1.00
      0.1090         1.00
      0.1100         1.00
      0.1110         1.00
      0.1120         1.00
      0.1130         1.00
      0.1140         1.00
      0.1150         1.00
      0.1160         1.00
      0.1170         1.00
      0.1180         1.00
      0.1190         1.00
      0.1200         1.00
      0.1210         1.00
      0.1220         1.00
      0.1230         1.00
      0.1240         1.00
      0.1250         1.00
      0.1260         1.00
      0.1270         1.00
      0.1280         1.00
      0.1290         1.00
      0.1300         1.00
      0.1310         1.00
      0.1320         1.00
      0.1330         1.00
      0.1340         1.00
      0.1350         1.00
      0.1360         1.00
      0.1370         1.00
      0.1380         1.00
      0.1390         1.00
      0.1400         1.00
      0.1410         1.00
      0.1420         1.00
      0.1430         1.00
      0.1440         1.00
      0.1450         1.00
      0.1460         1.00
      0.1470         1.00
      0.1480         1.00
      0.1490         1.00
      0.1500         1.00
      0.1510         1.00
      0.1520         1.00
      0.1530         1.00
      0.1540         1.00
      0.1550         1.00
      0.1560         1.00
      0.1570         1.00
      0.1580         1.00
      0.1590         1.00
      0.1600         1.00
      0.1610         1.00
      0.1620         1.00
      0.1630         1.00
      0.1640         1.00
      0.1650         1.00
      0.1660         1.00
      0.1670         1.00
      0.1680         1.00
      0.1690         1.00
      0.1700         1.00
      0.1710         1.00
      0.1720         1.00
      0.1730         1.00
      0.1740         1.00
      0.1750         1.00
      0.1760         1.00
      0.1770         1.00
      0.1780         1.00
      0.1790         1.00
      0.1800         1.00
      0.1810         1.00
      0.1820         1.00
      0.1830         1.00
      0.1840         1.00
      0.1850         1.00
      0.1860         1.00
      0.1870         1.00
      0.1880         1.00
      0.1890         1.00
      0.1900         1.00
      0.1910         1.00
      0.1920         1.00
      0.1930         1.00
      0.1940         1.00
      0.1950         1.00
      0.1960         1.00
      0.1970         1.00
      0.1980         1.00
      0.1990         1.00
      0.2000         1.00
      0.2010         1.00
      0.2020         1.00
      0.2030         1.00
      0.2040         1.00
      0.2050         1.00
      0.2060         1.00
      0.2070         1.00
      0.2080         1.00
      0.2090         1.00
      0.2100         1.00
      0.2110         1.00
      0.2120         1.00
      0.2130         1.00
      0.2140         1.00
      0.2150         1.00
      0.2160         1.00
      0.2170         1.00
      0.2180         1.00
      0.2190         1.00
      0.2200         1.00
      0.2210         1.00
      0.2220         1.00
      0.2230         1.00
      0.2240         1.00
      0.2250         1.00
      0.2260         1.00
      0.2270         1.00
      0.2280         1.00
      0.2290         1.00
      0.2300         1.00
      0.2310         1.00
      0.2320         1.00
      0.2330         1.00
      0.2340         1.00
      0.2350         1.00
      0.2360         1.00
      0.2370         1.00
      0.2380         1.00
      0.2390         1.00
      0.2400         1.00
      0.2410         1.00
      0.2420         1.00
      0.2430         1.00
      0.2440         1.00
      0.2450         1.00
      0.2460         1.00
      0.2470         1.00
      0.2480         1.00
      0.2490         1.00
      0.2500         1.00
      0.2510         1.00
      0.2520         1.00
      0.2530         1.00
      0.2540         1.00
      0.2550         1.00
      0.2560         1.00
      0.2570         1.00
      0.2580         1.00
      0.2590         1.00
      0.2600         1.00
      0.2610         1.00
      0.2620         1.00
      0.2630         1.00
      0.2640         1.00
      0.2650         1.00
      0.2660         1.00
      0.2670         1.00
      0.2680         1.00
      0.2690         1.00
      0.2700         1.00
      0.2710         1.00
      0.2720         1.00
      0.2730         1.00
      0.2740         1.00
      0.2750         1.00
      0.2760         1.00
      0.2770         1.00
      0.2780         1.00
      0.2790         1.00
      0.2800         1.00
      0.2810         1.00
      0.2820         1.00
      0.2830         1.00
      0.2840         1.00
      0.2850         1.00
      0.2860         1.00
      0.2870         1.00
      0.2880         1.00
      0.2890         1.00
      0.2900         1.00
      0.2910         1.00
      0.2920         1.00
      0.2930         1.00
      0.2940         1.00
      0.2950         1.00
      0.2960         1.00
      0.2970         1.00
      0.2980         1.00
      0.2990         1.00
      0.3000         1.00
      0.3010         1.00
      0.3020         1.00
      0.3030         1.00
      0.3040         1.00
      0.3050         1.00
      0.3060         1.00
      0.3070         1.00
      0.3080         1.00
      0.3090         1.00
      0.3100         1.00
      0.3110         1.00
      0.3120         1.00
      0.3130         1.00
      0.3140         1.00
      0.3150         1.00
      0.3160         1.00
      0.3170         1.00
      0.3180         1.00
      0.3190         1.00
      0.3200         1.00
      0.3210         1.00
      0.3220         1.00
      0.3230         1.00
      0.3240         1.00
      0.3250         1.00
      0.3260         1.00
      0.3270         1.00
      0.3280         1.00
      0.3290         1.00
      0.3300         1.00
      0.3310         1.00
      0.3320         1.00
      0.3330         1.00
      0.3340         1.00
      0.3350         1.00
      0.3360         1.00
      0.3370         1.00
      0.3380         1.00
      0.3390         1.00
      0.3400         1.00
      0.3410         1.00
      0.3420         1.00
      0.3430         1.00
      0.3440         1.00
      0.3450         1.00
      0.3460         1.00
      0.3470         1.00
      0.3480         1.00
      0.3490         1.00
      0.3500         1.00
      0.3510         1.00
      0.3520         1.00
      0.3530         1.00
      0.3540         1.00
      0.3550         1.00
      0.3560         1.00
      0.3570         1.00
      0.3580         1.00
      0.3590         1.00
      0.3600         1.00
      0.3610         1.00
      0.3620         1.00
      0.3630         1.00
      0.3640         1.00
      0.3650         1.00
      0.3660         1.00
      0.3670         1.00
      0.3680         1.00
      0.3690         1.00
      0.3700         1.00
      0.3710         1.00
      0.3720         1.00
      0.3730         1.00
      0.3740         1.00
      0.3750         1.00
      0.3760         1.00
      0.3770         1.00
      0.3780         1.00
      0.3790         1.00
      0.3800         1.00
      0.3810         1.00
      0.3820         1.00
      0.3830         1.00
      0.3840         1.00
      0.3850         1.00
      0.3860         1.00
      0.3870         1.00
      0.3880         1.00
      0.3890         1.00
      0.3900         1.00
      0.3910         1.00
      0.3920         1.00
      0.3930         1.00
      0.3940         1.00
      0.3950         1.00
      0.3960         1.00
      0.3970         1.00
      0.3980         1.00
      0.3990         1.00
      0.4000         1.00
      0.4010         1.00
      0.4020         1.00
      0.4030         1.00
      0.4040         1.00
      0.4050         1.00
      0.4060         1.00
      0.4070         1.00
      0.4080         1.00
      0.4090         1.00
      0.4100         1.00
      0.4110         1.00
      0.4120         1.00
      0.4130         1.00
      0.4140         1.00
      0.4150         1.00
      0.4160         1.00
      0.4170         1.00
      0.4180         1.00
      0.4190         1.00
      0.4200         1.00
      0.4210         1.00
      0.4220         1.00
      0.4230         1.00
      0.4240         1.00
      0.4250         1.00
      0.4260         1.00
      0.4270         1.00
      0.4280         1.00
      0.4290         1.00
      0.4300         1.00
      0.4310         1.00
      0.4320         1.00
      0.4330         1.00
      0.4340         1.00
      0.4350         1.00
      0.4360         1.00
      0.4370         1.00
      0.4380         1.00
      0.4390         1.00
      0.4400         1.00
      0.4410         1.00
      0.4420         1.00
      0.4430         1.00
      0.4440         1.00
      0.4450         1.00
      0.4460         1.00
      0.4470         1.00
      0.4480         1.00
      0.4490         1.00
      0.4500         1.00
      0.4510         1.00
      0.4520         1.00
      0.4530         1.00
      0.4540         1.00
      0.4550         1.00
      0.4560         1.00
      0.4570         1.00
      0.4580         1.00
      0.4590         1.00
      0.4600         1.00
      0.4610         1.00
      0.4620         1.00
      0.4630         1.00
      0.4640         1.00
      0.4650         1.00
      0.4660         1.00
      0.4670         1.00
      0.4680         1.00
      0.4690         1.00
      0.4700         1.00
      0.4710         1.00
      0.4720         1.00
      0.4730         1.00
      0.4740         1.00
      0.4750         1.00
      0.4760         1.00
      0.4770         1.00
      0.4780         1.00
      0.4790         1.00
      0.4800         1.00
      0.4810         1.00
      0.4820         1.00
      0.4830         1.00
      0.4840         1.00
      0.4850         1.00
      0.4860         1.00
      0.4870         1.00
      0.4880         1.00
      0.4890         1.00
      0.4900         1.00
      0.4910         1.00
      0.4920         1.00
      0.4930         1.00
      0.4940         1.00
      0.4950         1.00
      0.4960         1.00
      0.4970         1.00
      0.4980         1.00
      0.4990         1.00
      0.5000         1.00
      0.5010         1.00
      0.5020         1.00
      0.5030         1.00
      0.5040         1.00
      0.5050         1.00
      0.5060         1.00
      0.5070         1.00
      0.5080         1.00
      0.5090         1.00
      0.5100         1.00
      0.5110         1.00
      0.5120         1.00
      0.5130         1.00
      0.5140         1.00
      0.5150         1.00
      0.5160         1.00
      0.5170         1.00
      0.5180         1.00
      0.5190         1.00
      0.5200         1.00
      0.5210         1.00
      0.5220         1.00
      0.5230         1.00
      0.5240         1.00
      0.5250         1.00
      0.5260         1.00
      0.5270         1.00
      0.5280         1.00
      0.5290         1.00
      0.5300         1.00
      0.5310         1.00
      0.5320         1.00
      0.5330         1.00
      0.5340         1.00
      0.5350         1.00
      0.5360         1.00
      0.5370         1.00
      0.5380         1.00
      0.5390         1.00
      0.5400         1.00
      0.5410         1.00
      0.5420         1.00
      0.5430         1.00
      0.5440         1.00
      0.5450         1.00
      0.5460         1.00
      0.5470         1.00
      0.5480         1.00
      0.5490         1.00
      0.5500         1.00
      0.5510         1.00
      0.5520         1.00
      0.5530         1.00
      0.5540         1.00
      0.5550         1.00
      0.5560         1.00
      0.5570         1.00
      0.5580         1.00
      0.5590         1.00
      0.5600         1.00
      0.5610         1.00
      0.5620         1.00
      0.5630         1.00
      0.5640         1.00
      0.5650         1.00
      0.5660         1.00
      0.5670         1.00
      0.5680         1.00
      0.5690         1.00
      0.5700         1.00
      0.5710         1.00
      0.5720         1.00
      0.5730         1.00
      0.5740         1.00
      0.5750         1.00
      0.5760         1.00
      0.5770         1.00
      0.5780         1.00
      0.5790         1.00
      0.5800         1.00
      0.5810         1.00
      0.5820         1.00
      0.5830         1.00
      0.5840         1.00
      0.5850         1.00
      0.5860         1.00
      0.5870         1.00
      0.5880         1.00
      0.5890         1.00
      0.5900         1.00
      0.5910         1.00
      0.5920         1.00
      0.5930         1.00
      0.5940         1.00
      0.5950         1.00
      0.5960         1.00
      0.5970         1.00
      0.5980         1.00
      0.5990         1.00
      0.6000         1.00
      0.6010         1.00
      0.6020         1.00
      0.6030         1.00
      0.6040         1.00
      0.6050         1.00
      0.6060         1.00
      0.6070         1.00
      0.6080         1.00
      0.6090         1.00
      0.6100         1.00
      0.6110         1.00
      0.6120         1.00
      0.6130         1.00
      0.6140         1.00
      0.6150         1.00
      0.6160         1.00
      0.6170         1.00
      0.6180         1.00
      0.6190         1.00
      0.6200         1.00
      0.6210         1.00
      0.6220         1.00
      0.6230         1.00
      0.6240         1.00
      0.6250         1.00
      0.6260         1.00
      0.6270         1.00
      0.6280         1.00
      0.6290         1.00
      0.6300         1.00
      0.6310         1.00
      0.6320         1.00
      0.6330         1.00
      0.6340         1.00
      0.6350         1.00
      0.6360         1.00
      0.6370         1.00
      0.6380         1.00
      0.6390         1.00
      0.6400         1.00
      0.6410         1.00
      0.6420         1.00
      0.6430         1.00
      0.6440         1.00
      0.6450         1.00
      0.6460         1.00
      0.6470         1.00
      0.6480         1.00
      0.6490         1.00
      0.6500         1.00
      0.6510         1.00
      0.6520         1.00
      0.6530         1.00
      0.6540         1.00
      0.6550         1.00
      0.6560         1.00
      0.6570         1.00
      0.6580         1.00
      0.6590         1.00
      0.6600         1.00
      0.6610         1.00
      0.6620         1.00
      0.6630         1.00
      0.6640         1.00
      0.6650         1.00
      0.6660         1.00
      0.6670         1.00
      0.6680         1.00
      0.6690         1.00
      0.6700         1.00
      0.6710         1.00
      0.6720         1.00
      0.6730         1.00
      0.6740         1.00
      0.6750         1.00
      0.6760         1.00
      0.6770         1.00
      0.6780         1.00
      0.6790         1.00
      0.6800         1.00
      0.6810         1.00
      0.6820         1.00
      0.6830         1.00
      0.6840         1.00
      0.6850         1.00
      0.6860         1.00
      0.6870         1.00
      0.6880         1.00
      0.6890         1.00
      0.6900         1.00
      0.6910         1.00
      0.6920         1.00
      0.6930         1.00
      0.6940         1.00
      0.6950         1.00
      0.6960         1.00
      0.6970         1.00
      0.6980         1.00
      0.6990         1.00
      0.7000         1.00
      0.7010         1.00
      0.7020         1.00
      0.7030         1.00
      0.7040         1.00
      0.7050         1.00
      0.7060         1.00
      0.7070         1.00
      0.7080         1.00
      0.7090         1.00
      0.7100         1.00
      0.7110         1.00
      0.7120         1.00
      0.7130         1.00
      0.7140         1.00
      0.7150         1.00
      0.7160         1.00
      0.7170         1.00
      0.7180         1.00
      0.7190         1.00
      0.7200         1.00
      0.7210         1.00
      0.7220         1.00
      0.7230         1.00
      0.7240         1.00
      0.7250         1.00
      0.7260         1.00
      0.7270         1.00
      0.7280         1.00
      0.7290         1.00
      0.7300         1.00
      0.7310         1.00
      0.7320         1.00
      0.7330         1.00
      0.7340         1.00
      0.7350         1.00
      0.7360         1.00
      0.7370         1.00
      0.7380         1.00
      0.7390         1.00
      0.7400         1.00
      0.7410         1.00
      0.7420         1.00
      0.7430         1.00
      0.7440         1.00
      0.7450         1.00
      0.7460         1.00
      0.7470         1.00
      0.7480         1.00
      0.7490         1.00
      0.7500         1.00
      0.7510         1.00
      0.7520         1.00
      0.7530         1.00
      0.7540         1.00
      0.7550         1.00
      0.7560         1.00
      0.7570         1.00
      0.7580         1.00
      0.7590         1.00
      0.7600         1.00
      0.7610         1.00
      0.7620         1.00
      0.7630         1.00
      0.7640         1.00
      0.7650         1.00
      0.7660         1.00
      0.7670         1.00
      0.7680         1.00
      0.7690         1.00
      0.7700         1.00
      0.7710         1.00
      0.7720         1.00
      0.7730         1.00
      0.7740         1.00
      0.7750         1.00
      0.7760         1.00
      0.7770         1.00
      0.7780         1.00
      0.7790         1.00
      0.7800         1.00
      0.7810         1.00
      0.7820         1.00
      0.7830         1.00
      0.7840         1.00
      0.7850         1.00
      0.7860         1.00
      0.7870         1.00
      0.7880         1.00
      0.7890         1.00
      0.7900         1.00
      0.7910         1.00
      0.7920         1.00
      0.7930         1.00
      0.7940         1.00
      0.7950         1.00
      0.7960         1.00
      0.7970         1.00
      0.7980         1.00
      0.7990         1.00
      0.8000         1.00
      0.8010         1.00
      0.8020         1.00
      0.8030         1.00
      0.8040         1.00
      0.8050         1.00
      0.8060         1.00
      0.8070         1.00
      0.8080         1.00
      0.8090         1.00
      0.8100         1.00
      0.8110         1.00
      0.8120         1.00
      0.8130         1.00
      0.8140         1.00
      0.8150         1.00
      0.8160         1.00
      0.8170         1.00
      0.8180         1.00
      0.8190         1.00
      0.8200         1.00
      0.8210         1.00
      0.8220         1.00
      0.8230         1.00
      0.8240         1.00
      0.8250         1.00
      0.8260         1.00
      0.8270         1.00
      0.8280         1.00
      0.8290         1.00
      0.8300         1.00
      0.8310         1.00
      0.8320         1.00
      0.8330         1.00
      0.8340         1.00
      0.8350         1.00
      0.8360         1.00
      0.8370         1.00
      0.8380         1.00
      0.8390         1.00
      0.8400         1.00
      0.8410         1.00
      0.8420         1.00
      0.8430         1.00
      0.8440         1.00
      0.8450         1.00
      0.8460         1.00
      0.8470         1.00
      0.8480         1.00
      0.8490         1.00
      0.8500         1.00
      0.8510         1.00
      0.8520         1.00
      0.8530         1.00
      0.8540         1.00
      0.8550         1.00
      0.8560         1.00
      0.8570         1.00
      0.8580         1.00
      0.8590         1.00
      0.8600         1.00
      0.8610         1.00
      0.8620         1.00
      0.8630         1.00
      0.8640         1.00
      0.8650         1.00
      0.8660         1.00
      0.8670         1.00
      0.8680         1.00
      0.8690         1.00
      0.8700         1.00
      0.8710         1.00
      0.8720         1.00
      0.8730         1.00
      0.8740         1.00
      0.8750         1.00
      0.8760         1.00
      0.8770         1.00
      0.8780         1.00
      0.8790         1.00
      0.8800         1.00
      0.8810         1.00
      0.8820         1.00
      0.8830         1.00
      0.8840         1.00
      0.8850         1.00
      0.8860         1.00
      0.8870         1.00
      0.8880         1.00
      0.8890         1.00
      0.8900         1.00
      0.8910         1.00
      0.8920         1.00
      0.8930         1.00
      0.8940         1.00
      0.8950         1.00
      0.8960         1.00
      0.8970         1.00
      0.8980         1.00
      0.8990         1.00
      0.9000         1.00
      0.9010         1.00
      0.9020         1.00
      0.9030         1.00
      0.9040         1.00
      0.9050         1.00
      0.9060         1.00
      0.9070         1.00
      0.9080         1.00
      0.9090         1.00
      0.9100         1.00
      0.9110         1.00
      0.9120         1.00
      0.9130         1.00
      0.9140         1.00
      0.9150         1.00
      0.9160         1.00
      0.9170         1.00
      0.9180         1.00
      0.9190         1.00
      0.9200         1.00
      0.9210         1.00
      0.9220         1.00
      0.9230         1.00
      0.9240         1.00
      0.9250         1.00
      0.9260         1.00
      0.9270         1.00
      0.9280         1.00
      0.9290         1.00
      0.9300         1.00
      0.9310         1.00
      0.9320         1.00
      0.9330         1.00
      0.9340         1.00
      0.9350         1.00
      0.9360         1.00
      0.9370         1.00
      0.9380         1.00
      0.9390         1.00
      0.9400         1.00
      0.9410         1.00
      0.9420         1.00
      0.9430         1.00
      0.9440         1.00
      0.9450         1.00
      0.9460         1.00
      0.9470         1.00
      0.9480         1.00
      0.9490         1.00
      0.9500         1.00
      0.9510         1.00
      0.9520         1.00
      0.9530         1.00
      0.9540         1.00
      0.9550         1.00
      0.9560         1.01
      0.9570         1.03
      0.9580         1.01
      0.9590         1.03
      0.9600         1.04
      0.9610         1.03
      0.9620         1.08
      0.9630         1.11
      0.9640         1.14
      0.9650         1.14
      0.9660         1.14
      0.9670         1.09
      0.9680         1.14
      0.9690         1.16
      0.9700         1.15
      0.9710         1.18
      0.9720         1.23
      0.9730         1.27
      0.9740         1.27
      0.9750         1.30
      0.9760         1.33
      0.9770         1.34
      0.9780         1.39
      0.9790         1.43
      0.9800         1.43
      0.9810         1.52
      0.9820         1.49
      0.9830         1.54
      0.9840         1.58
      0.9850         1.65
      0.9860         1.60
      0.9870         1.60
      0.9880         1.60
      0.9890         1.58
      0.9900         1.56
      0.9910         1.58
      0.9920         1.58
      0.9930         2.10
      0.9940         2.04
      0.9950         2.10
      0.9960         2.12
      0.9970         2.14
      0.9980         2.15
      0.9990         2.12
      1.0000         2.69
      1.0010         2.68
      1.0020         2.83
      1.0030         2.80
      1.0040         2.76
      1.0050         2.73
      1.0060         2.71
      1.0070         2.78
      1.0080         2.76
      1.0090         2.26
      1.0100         2.29
      1.0110         2.23
      1.0120         2.27
      1.0130         2.29
      1.0140         2.40
      1.0150         1.87
      1.0160         1.82
      1.0170         1.76
      1.0180         1.78
      1.0190         1.83
      1.0200         2.36
      1.0210         1.84
      1.0220         1.84
      1.0230         1.79
      1.0240         1.78
      1.0250         1.80
      1.0260         1.86
      1.0270         1.83
      1.0280         1.83
      1.0290         1.87
      1.0300         1.87
      1.0310         1.86
      1.0320         1.88
      1.0330         1.90
      1.0340         1.87
      1.0350         1.88
      1.0360         1.91
      1.0370         1.95
      1.0380         1.99
      1.0390         2.02
      1.0400         2.05
      1.0410         2.02
      1.0420         2.01
      1.0430         2.03
      1.0440         2.01
      1.0450         2.03
      1.0460         1.94
      1.0470         1.90
      1.0480         1.88
      1.0490         1.83
      1.0500         1.83
      1.0510         1.84
      1.0520         1.82
      1.0530         1.79
      1.0540         2.26
      1.0550         2.27
      1.0560         1.80
      1.0570         2.36
      1.0580         2.26
      1.0590         2.26
      1.0600         2.80
      1.0610         2.83
      1.0620         2.81
      1.0630         2.31
      1.0640         1.80
      1.0650         1.82
      1.0660         1.88
      1.0670         1.97
      1.0680         1.97
      1.0690         1.99
      1.0700         2.03
      1.0710         2.05
      1.0720         2.07
      1.0730         2.12
      1.0740         2.12
      1.0750         2.07
      1.0760         2.03
      1.0770         2.02
      1.0780         2.03
      1.0790         1.99
      1.0800         2.01
      1.0810         1.94
      1.0820         1.91
      1.0830         2.42
      1.0840         1.88
      1.0850         1.84
      1.0860         2.38
      1.0870         2.40
      1.0880         1.91
      1.0890         1.90
      1.0900         2.38
      1.0910         1.80
      1.0920         1.80
      1.0930         1.75
      1.0940         1.79
      1.0950         1.86
      1.0960         1.84
      1.0970         1.90
      1.0980         1.92
      1.0990         1.94
      1.1000         1.92
      1.1010         1.94
      1.1020         1.91
      1.1030         1.90
      1.1040         1.90
      1.1050         1.88
      1.1060         1.82
      1.1070         1.75
      1.1080         1.71
      1.1090         1.64
      1.1100         1.64
      1.1110         1.63
      1.1120         2.13
      1.1130         2.22
      1.1140         2.22
      1.1150         2.21
      1.1160         2.28
      1.1170         2.24
      1.1180         2.25
      1.1190         2.24
      1.1200         2.28
      1.1210         2.27
      1.1220         2.36
      1.1230         2.32
      1.1240         2.31
      1.1250         1.86
      1.1260         1.88
      1.1270         1.94
      1.1280         1.92
      1.1290         1.97
      1.1300         1.99
      1.1310         2.06
      1.1320         2.09
      1.1330         2.05
      1.1340         2.02
      1.1350         2.02
      1.1360         1.91
      1.1370         1.86
      1.1380         1.82
      1.1390         1.79
      1.1400         1.82
      1.1410         1.86
      1.1420         2.32
      1.1430         2.36
      1.1440         2.33
      1.1450         2.41
      1.1460         2.44
      1.1470         2.92
      1.1480         2.52
      1.1490         2.59
      1.1500         2.61
      1.1510         2.57
      1.1520         2.05
      1.1530         2.12
      1.1540         2.13
      1.1550         2.14
      1.1560         2.22
      1.1570         2.28
      1.1580         2.33
      1.1590         2.36
      1.1600         2.86
      1.1610         2.93
      1.1620         2.93
      1.1630         2.94
      1.1640         3.02
      1.1650         3.00
      1.1660         2.99
      1.1670         3.05
      1.1680         3.03
      1.1690         3.01
      1.1700         3.01
      1.1710         3.55
      1.1720         3.61
      1.1730         3.57
      1.1740         3.70
      1.1750         3.78
      1.1760         3.86
      1.1770         3.92
      1.1780         3.94
      1.1790         3.99
      1.1800         4.04
      1.1810         4.00
      1.1820         4.05
      1.1830         4.14
      1.1840         4.12
      1.1850         4.08
      1.1860         4.14
      1.1870         4.11
      1.1880         4.10
      1.1890         3.70
      1.1900         3.73
      1.1910         3.69
      1.1920         3.73
      1.1930         3.81
      1.1940         3.81
      1.1950         3.86
      1.1960         3.84
      1.1970         3.82
      1.1980         3.82
      1.1990         4.35
      1.2000         4.41
      1.2010         4.48
      1.2020         4.54
      1.2030         4.58
      1.2040         4.72
      1.2050         4.78
      1.2060         4.77
      1.2070         4.77
      1.2080         4.88
      1.2090         4.99
      1.2100         5.04
      1.2110         5.18
      1.2120         5.25
      1.2130         5.28
      1.2140         5.40
      1.2150         5.33
      1.2160         5.44
      1.2170         5.43
      1.2180         5.45
      1.2190         5.43
      1.2200         4.90
      1.2210         4.90
      1.2220         4.96
      1.2230         5.51
      1.2240         4.96
      1.2250         5.50
      1.2260         5.60
      1.2270         5.72
      1.2280         5.72
      1.2290         5.67
      1.2300         5.67
      1.2310         5.67
      1.2320         5.68
      1.2330         5.71
      1.2340         5.72
      1.2350         5.83
      1.2360         5.86
      1.2370         5.91
      1.2380         5.99
      1.2390         6.07
      1.2400         6.09
      1.2410         6.14
      1.2420         6.14
      1.2430         6.14
      1.2440         6.10
      1.2450         6.12
      1.2460         6.20
      1.2470         6.28
      1.2480         6.35
      1.2490         6.39
      1.2500         6.43
      1.2510         6.44
      1.2520         6.47
      1.2530         6.54
      1.2540         6.48
      1.2550         6.56
      1.2560         6.55
      1.2570         6.51
      1.2580         6.57
      1.2590         6.60
      1.2600         6.68
      1.2610         6.71
      1.2620         6.76
      1.2630         6.82
      1.2640         6.90
      1.2650         7.03
      1.2660         6.99
      1.2670         6.95
      1.2680         6.90
      1.2690         6.95
      1.2700         6.98
      1.2710         6.97
      1.2720         6.96
      1.2730         6.96
      1.2740         6.96
      1.2750         6.97
      1.2760         7.05
      1.2770         7.18
      1.2780         7.08
      1.2790         7.10
      1.2800         7.10
      1.2810         7.12
      1.2820         7.14
      1.2830         7.12
      1.2840         7.09
      1.2850         6.99
      1.2860         7.09
      1.2870         7.07
      1.2880         7.15
      1.2890         7.12
      1.2900         7.13
      1.2910         7.13
      1.2920         7.20
      1.2930         7.23
      1.2940         7.28
      1.2950         7.23
      1.2960         7.20
      1.2970         7.24
      1.2980         7.35
      1.2990         7.31
      1.3000         7.31
      1.3010         7.34
      1.3020         7.26
      1.3030         7.26
      1.3040         7.29
      1.3050         7.36
      1.3060         7.34
      1.3070         7.37
      1.3080         7.40
      1.3090         7.47
      1.3100         7.45
      1.3110         7.55
      1.3120         7.55
      1.3130         7.57
      1.3140         7.59
      1.3150         7.52
      1.3160         7.71
      1.3170         7.74
      1.3180         7.73
      1.3190         7.81
      1.3200         7.81
      1.3210         7.86
      1.3220         8.05
      1.3230         8.09
      1.3240         8.18
      1.3250         8.17
      1.3260         8.24
      1.3270         8.25
      1.3280         8.25
      1.3290         8.28
      1.3300         8.49
      1.3310         8.45
      1.3320         8.51
      1.3330         8.53
      1.3340         8.58
      1.3350         8.72
      1.3360         8.61
      1.3370         8.61
      1.3380         8.58
      1.3390         8.53
      1.3400         8.55
      1.3410         8.53
      1.3420         8.47
      1.3430         8.49
      1.3440         8.54
      1.3450         8.54
      1.3460         8.50
      1.3470         8.58
      1.3480         8.62
      1.3490         8.59
      1.3500         8.36
      1.3510         8.39
      1.3520         8.42
      1.3530         8.44
      1.3540         8.38
      1.3550         8.32
      1.3560         8.34
      1.3570         8.23
      1.3580         8.22
      1.3590         8.26
      1.3600         8.34
      1.3610         8.30
      1.3620         8.24
      1.3630         8.25
      1.3640         8.21
      1.3650         8.25
      1.3660         8.25
      1.3670         8.27
      1.3680         8.37
      1.3690         8.35
      1.3700         8.40
      1.3710         8.42
      1.3720         8.40
      1.3730         8.43
      1.3740         8.45
      1.3750         8.54
      1.3760         8.54
      1.3770         8.62
      1.3780         8.70
      1.3790         8.73
      1.3800         8.63
      1.3810         8.68
      1.3820         8.72
      1.3830         8.74
      1.3840         8.77
      1.3850         8.78
      1.3860         8.79
      1.3870         8.69
      1.3880         8.58
      1.3890         8.61
      1.3900         8.67
      1.3910         8.68
      1.3920         8.66
      1.3930         8.64
      1.3940         8.70
      1.3950         8.66
      1.3960         8.69
      1.3970         8.67
      1.3980         8.13
      1.3990         8.09
      1.4000         8.14
      1.4010         8.11
      1.4020         8.11
      1.4030         8.06
      1.4040         8.55
      1.4050         8.03
      1.4060         8.50
      1.4070         8.11
      1.4080         8.64
      1.4090         8.71
      1.4100         8.70
      1.4110         8.67
      1.4120         8.66
      1.4130         8.72
      1.4140         8.71
      1.4150         8.75
      1.4160         8.69
      1.4170         8.73
      1.4180         8.82
      1.4190         8.85
      1.4200         8.91
      1.4210         8.89
      1.4220         8.98
      1.4230         9.01
      1.4240         9.00
      1.4250         9.02
      1.4260         9.05
      1.4270         9.11
      1.4280         9.13
      1.4290         9.02
      1.4300         9.11
      1.4310         9.11
      1.4320         9.15
      1.4330         9.13
      1.4340         9.14
      1.4350         9.17
      1.4360         9.22
      1.4370         9.22
      1.4380         9.18
      1.4390         9.21
      1.4400         9.22
      1.4410         9.34
      1.4420         9.29
      1.4430         9.30
      1.4440         9.29
      1.4450         9.26
      1.4460         9.28
      1.4470         9.12
      1.4480         9.09
      1.4490         9.25
      1.4500         9.21
      1.4510         9.23
      1.4520         9.23
      1.4530         9.23
      1.4540         9.24
      1.4550         9.21
      1.4560         9.17
      1.4570         9.09
      1.4580         9.09
      1.4590         9.10
      1.4600         9.03
      1.4610         9.01
      1.4620         9.06
      1.4630         9.05
      1.4640         9.09
      1.4650         9.14
      1.4660         9.18
      1.4670         9.20
      1.4680         9.30
      1.4690         9.23
      1.4700         9.21
      1.4710         9.26
      1.4720         9.30
      1.4730         9.29
      1.4740         9.34
      1.4750         9.33
      1.4760         9.32
      1.4770         9.48
      1.4780         9.48
      1.4790         9.54
      1.4800         9.55
      1.4810         9.52
      1.4820         9.55
      1.4830         9.54
      1.4840         9.47
      1.4850         9.51
      1.4860         9.46
      1.4870         9.47
      1.4880         9.32
      1.4890         9.40
      1.4900         9.45
      1.4910         9.42
      1.4920         9.40
      1.4930         9.40
      1.4940         9.36
      1.4950         9.27
      1.4960         9.33
      1.4970         9.33
      1.4980         9.31
      1.4990         9.35
      1.5000         9.34
      1.5010         9.38
      1.5020         9.33
      1.5030         9.37
      1.5040         9.48
      1.5050         9.42
      1.5060         9.45
      1.5070         9.49
      1.5080         9.59
      1.5090         9.48
      1.5100         9.44
      1.5110         9.46
      1.5120         9.55
      1.5130         9.56
      1.5140         9.55
      1.5150         9.65
      1.5160         9.67
      1.5170         9.59
      1.5180         9.64
      1.5190         9.56
      1.5200         9.60
      1.5210         9.62
      1.5220         9.65
      1.5230         9.65
      1.5240         9.61
      1.5250         9.64
      1.5260         9.63
      1.5270         9.59
      1.5280         9.51
      1.5290         9.48
      1.5300         9.57
      1.5310         9.64
      1.5320         9.59
      1.5330         9.49
      1.5340         9.49
      1.5350         9.45
      1.5360         9.38
      1.5370         9.38
      1.5380         9.40
      1.5390         9.41
      1.5400         9.40
      1.5410         9.36
      1.5420         9.40
      1.5430         9.47
      1.5440         9.47
      1.5450         9.46
      1.5460         9.45
      1.5470         9.53
      1.5480         9.63
      1.5490         9.68
      1.5500         9.63
      1.5510         9.54
      1.5520         9.48
      1.5530         9.49
      1.5540         9.53
      1.5550         9.54
      1.5560         9.56
      1.5570         9.61
      1.5580         9.57
      1.5590         9.56
      1.5600         9.61
      1.5610         9.65
      1.5620         9.55
      1.5630         9.40
      1.5640         9.36
      1.5650         9.40
      1.5660         9.36
      1.5670         9.36
      1.5680         9.31
      1.5690         9.27
      1.5700         9.21
      1.5710         9.16
      1.5720         9.17
      1.5730         9.23
      1.5740         9.20
      1.5750         9.21
      1.5760         9.25
      1.5770         9.23
      1.5780         9.26
      1.5790         9.24
      1.5800         9.16
      1.5810         9.15
      1.5820         9.25
      1.5830         9.33
      1.5840         9.34
      1.5850         9.33
      1.5860         9.40
      1.5870         9.37
      1.5880         9.42
      1.5890         9.40
      1.5900         9.41
      1.5910         9.40
      1.5920         9.33
      1.5930         9.28
      1.5940         9.20
      1.5950         9.18
      1.5960         9.14
      1.5970         9.06
      1.5980         9.02
      1.5990         9.04
      1.6000         9.09
      1.6010         9.04
      1.6020         8.91
      1.6030         8.86
      1.6040         8.90
      1.6050         8.93
      1.6060         8.89
      1.6070         8.94
      1.6080         8.97
      1.6090         9.09
      1.6100         9.14
      1.6110         9.27
      1.6120         9.30
      1.6130         9.34
      1.6140         9.42
      1.6150         9.44
      1.6160         9.54
      1.6170         9.58
      1.6180         9.62
      1.6190         9.69
      1.6200         9.61
      1.6210         9.59
      1.6220         9.67
      1.6230         9.69
      1.6240         9.65
      1.6250         9.57
      1.6260         9.58
      1.6270         9.52
      1.6280         9.41
      1.6290         9.36
      1.6300         9.41
      1.6310         9.36
      1.6320         9.43
      1.6330         9.46
      1.6340         9.42
      1.6350         9.38
      1.6360         9.33
      1.6370         9.36
      1.6380         9.37
      1.6390         9.26
      1.6400         9.33
      1.6410         9.38
      1.6420         9.34
      1.6430         9.27
      1.6440         9.37
      1.6450         9.39
      1.6460         9.39
      1.6470         9.41
      1.6480         9.47
      1.6490         9.38
      1.6500         9.19
      1.6510         9.26
      1.6520         9.18
      1.6530         9.13
      1.6540         9.09
      1.6550         9.09
      1.6560         9.06
      1.6570         9.08
      1.6580         9.04
      1.6590         9.05
      1.6600         9.06
      1.6610         9.05
      1.6620         9.07
      1.6630         9.10
      1.6640         9.01
      1.6650         8.98
      1.6660         8.95
      1.6670         8.92
      1.6680         8.86
      1.6690         9.00
      1.6700         9.03
      1.6710         9.00
      1.6720         9.06
      1.6730         9.05
      1.6740         9.18
      1.6750         9.12
      1.6760         9.15
      1.6770         9.07
      1.6780         9.03
      1.6790         9.03
      1.6800         8.94
      1.6810         8.94
      1.6820         8.96
      1.6830         8.95
      1.6840         8.95
      1.6850         8.98
      1.6860         8.94
      1.6870         8.95
      1.6880         8.97
      1.6890         8.91
      1.6900         8.90
      1.6910         8.83
      1.6920         8.89
      1.6930         8.83
      1.6940         8.75
      1.6950         8.79
      1.6960         8.70
      1.6970         8.72
      1.6980         8.79
      1.6990         8.86
      1.7000         9.03
      1.7010         9.00
      1.7020         8.97
      1.7030         9.08
      1.7040         9.11
      1.7050         9.03
      1.7060         9.08
      1.7070         9.05
      1.7080         9.02
      1.7090         8.92
      1.7100         8.99
      1.7110         8.90
      1.7120         8.87
      1.7130         8.83
      1.7140         8.87
      1.7150         8.83
      1.7160         8.84
      1.7170         8.82
      1.7180         8.74
      1.7190         8.72
      1.7200         8.64
      1.7210         8.64
      1.7220         8.60
      1.7230         8.55
      1.7240         8.57
      1.7250         8.56
      1.7260         8.60
      1.7270         8.53
      1.7280         8.55
      1.7290         8.68
      1.7300         8.65
      1.7310         8.71
      1.7320         8.68
      1.7330         8.76
      1.7340         8.72
      1.7350         8.80
      1.7360         8.89
      1.7370         8.91
      1.7380         8.87
      1.7390         8.79
      1.7400         8.71
      1.7410         8.68
      1.7420         8.63
      1.7430         8.65
      1.7440         8.52
      1.7450         8.62
      1.7460         8.57
      1.7470         8.59
      1.7480         8.56
      1.7490         8.49
      1.7500         8.41
      1.7510         8.45
      1.7520         8.42
      1.7530         8.36
      1.7540         8.45
      1.7550         8.45
      1.7560         8.39
      1.7570         8.39
      1.7580         8.52
      1.7590         8.59
      1.7600         8.59
      1.7610         8.70
      1.7620         8.80
      1.7630         8.74
      1.7640         8.80
      1.7650         8.70
      1.7660         8.72
      1.7670         8.73
      1.7680         8.85
      1.7690         8.80
      1.7700         8.88
      1.7710         8.86
      1.7720         8.84
      1.7730         8.91
      1.7740         8.82
      1.7750         8.74
      1.7760         8.67
      1.7770         8.75
      1.7780         8.77
      1.7790         8.73
      1.7800         8.82
      1.7810         8.74
      1.7820         8.70
      1.7830         8.60
      1.7840         8.68
      1.7850         8.72
      1.7860         8.62
      1.7870         8.68
      1.7880         8.66
      1.7890         8.63
      1.7900         8.65
      1.7910         8.73
      1.7920         8.69
      1.7930         8.72
      1.7940         8.75
      1.7950         8.76
      1.7960         8.77
      1.7970         8.68
      1.7980         8.57
      1.7990         8.49
      1.8000         8.43
      1.8010         8.52
      1.8020         8.49
      1.8030         8.59
      1.8040         8.51
      1.8050         8.51
      1.8060         8.58
      1.8070         8.53
      1.8080         8.47
      1.8090         8.53
      1.8100         8.53
      1.8110         8.47
      1.8120         8.55
      1.8130         8.52
      1.8140         8.52
      1.8150         8.59
      1.8160         8.64
      1.8170         8.67
      1.8180         8.75
      1.8190         8.77
      1.8200         8.81
      1.8210         8.77
      1.8220         8.77
      1.8230         8.73
      1.8240         8.69
      1.8250         8.72
      1.8260         8.65
      1.8270         8.67
      1.8280         8.67
      1.8290         8.63
      1.8300         8.62
      1.8310         8.64
      1.8320         8.59
      1.8330         8.54
      1.8340         8.56
      1.8350         8.48
      1.8360         8.51
      1.8370         8.43
      1.8380         8.40
      1.8390         8.45
      1.8400         8.48
      1.8410         8.45
      1.8420         8.51
      1.8430         8.52
      1.8440         8.50
      1.8450         8.57
      1.8460         8.62
      1.8470         8.61
      1.8480         8.65
      1.8490         8.60
      1.8500         8.61
      1.8510         8.52
      1.8520         8.56
      1.8530         8.56
      1.8540         8.40
      1.8550         8.41
      1.8560         8.36
      1.8570         8.40
      1.8580         8.32
      1.8590         8.26
      1.8600         8.20
      1.8610         8.16
      1.8620         7.63
      1.8630         8.15
      1.8640         8.21
      1.8650         7.63
      1.8660         7.64
      1.8670         7.59
      1.8680         7.60
      1.8690         8.13
      1.8700         8.13
      1.8710         8.17
      1.8720         8.21
      1.8730         8.34
      1.8740         8.44
      1.8750         8.45
      1.8760         8.57
      1.8770         8.63
      1.8780         8.71
      1.8790         8.80
      1.8800         8.84
      1.8810         8.84
      1.8820         8.88
      1.8830         8.89
      1.8840         8.81
      1.8850         8.81
      1.8860         8.81
      1.8870         8.88
      1.8880         8.91
      1.8890         8.88
      1.8900         8.91
      1.8910         8.91
      1.8920         8.73
      1.8930         8.68
      1.8940         8.59
      1.8950         8.56
      1.8960         8.42
      1.8970         8.36
      1.8980         8.38
      1.8990         8.32
      1.9000         8.29
      1.9010         8.27
      1.9020         8.22
      1.9030         8.15
      1.9040         8.22
      1.9050         8.21
      1.9060         8.22
      1.9070         8.21
      1.9080         8.17
      1.9090         8.13
      1.9100         8.09
      1.9110         8.10
      1.9120         8.15
      1.9130         8.15
      1.9140         8.29
      1.9150         8.30
      1.9160         8.32
      1.9170         8.36
      1.9180         8.29
      1.9190         8.25
      1.9200         8.22
      1.9210         8.25
      1.9220         8.21
      1.9230         8.22
      1.9240         8.21
      1.9250         8.25
      1.9260         8.33
      1.9270         8.28
      1.9280         8.21
      1.9290         8.27
      1.9300         8.30
      1.9310         8.31
      1.9320         8.38
      1.9330         8.36
      1.9340         8.28
      1.9350         8.31
      1.9360         8.28
      1.9370         8.25
      1.9380         8.24
      1.9390         8.32
      1.9400         8.40
      1.9410         8.32
      1.9420         8.40
      1.9430         8.38
      1.9440         8.40
      1.9450         8.36
      1.9460         8.30
      1.9470         8.34
      1.9480         8.34
      1.9490         8.27
      1.9500         8.18
      1.9510         8.18
      1.9520         8.17
      1.9530         8.21
      1.9540         8.32
      1.9550         8.30
      1.9560         8.33
      1.9570         8.33
      1.9580         8.38
      1.9590         8.34
      1.9600         8.30
      1.9610         8.49
      1.9620         8.58
      1.9630         8.61
      1.9640         8.61
      1.9650         8.67
      1.9660         8.69
      1.9670         8.70
      1.9680         8.68
      1.9690         8.70
      1.9700         8.77
      1.9710         8.76
      1.9720         8.74
      1.9730         8.66
      1.9740         8.61
      1.9750         8.59
      1.9760         8.60
      1.9770         8.57
      1.9780         8.55
      1.9790         8.48
      1.9800         8.48
      1.9810         7.87
      1.9820         7.79
      1.9830         7.76
      1.9840         7.73
      1.9850         7.71
      1.9860         7.71
      1.9870         7.73
      1.9880         8.24
      1.9890         8.21
      1.9900         8.18
      1.9910         8.21
      1.9920         8.25
      1.9930         8.21
      1.9940         8.30
      1.9950         8.30
      1.9960         8.33
      1.9970         8.39
      1.9980         8.43
      1.9990         8.49
      2.0000         8.33
      2.0010         8.41
      2.0020         8.42
      2.0030         8.45
      2.0040         8.42
      2.0050         8.41
      2.0060         8.44
      2.0070         8.38
      2.0080         8.34
      2.0090         8.37
      2.0100         8.38
      2.0110         8.42
      2.0120         8.44
      2.0130         8.53
      2.0140         8.41
      2.0150         8.44
      2.0160         8.46
      2.0170         8.41
      2.0180         8.40
      2.0190         8.38
      2.0200         8.50
      2.0210         8.45
      2.0220         8.41
      2.0230         8.44
      2.0240         8.46
      2.0250         8.47
      2.0260         8.46
      2.0270         8.49
      2.0280         8.57
      2.0290         8.57
      2.0300         8.52
      2.0310         8.43
      2.0320         8.41
      2.0330         8.33
      2.0340         8.34
      2.0350         8.32
      2.0360         8.28
      2.0370         8.32
      2.0380         8.27
      2.0390         8.25
      2.0400         8.34
      2.0410         8.37
      2.0420         8.42
      2.0430         8.37
      2.0440         8.35
      2.0450         8.34
      2.0460         8.35
      2.0470         8.42
      2.0480         8.34
      2.0490         8.38
      2.0500         8.44
      2.0510         8.48
      2.0520         8.46
      2.0530         8.58
      2.0540         8.60
      2.0550         8.65
      2.0560         8.62
      2.0570         8.61
      2.0580         8.66
      2.0590         8.60
      2.0600         8.54
      2.0610         8.53
      2.0620         8.52
      2.0630         8.53
      2.0640         8.61
      2.0650         8.67
      2.0660         8.61
      2.0670         8.53
      2.0680         8.59
      2.0690         8.57
      2.0700         8.60
      2.0710         8.64
      2.0720         8.65
      2.0730         8.61
      2.0740         8.60
      2.0750         8.61
      2.0760         8.58
      2.0770         8.63
      2.0780         8.58
      2.0790         8.68
      2.0800         8.65
      2.0810         8.73
      2.0820         8.65
      2.0830         8.63
      2.0840         8.51
      2.0850         8.45
      2.0860         8.53
      2.0870         8.53
      2.0880         8.52
      2.0890         8.52
      2.0900         8.46
      2.0910         8.41
      2.0920         8.33
      2.0930         8.26
      2.0940         8.37
      2.0950         8.35
      2.0960         8.43
      2.0970         8.40
      2.0980         8.40
      2.0990         8.45
      2.1000         8.47
      2.1010         8.37
      2.1020         8.48
      2.1030         8.52
      2.1040         8.52
      2.1050         8.60
      2.1060         8.57
      2.1070         8.65
      2.1080         8.61
      2.1090         8.58
      2.1100         8.57
      2.1110         8.65
      2.1120         8.77
      2.1130         8.78
      2.1140         8.66
      2.1150         8.65
      2.1160         8.69
      2.1170         8.68
      2.1180         8.69
      2.1190         8.68
      2.1200         8.75
      2.1210         8.76
      2.1220         8.76
      2.1230         8.76
      2.1240         8.84
      2.1250         8.77
      2.1260         8.78
      2.1270         8.75
      2.1280         8.78
      2.1290         8.76
      2.1300         8.82
      2.1310         8.76
      2.1320         8.77
      2.1330         8.80
      2.1340         8.85
      2.1350         8.83
      2.1360         8.79
      2.1370         8.80
      2.1380         8.78
      2.1390         8.74
      2.1400         8.66
      2.1410         8.77
      2.1420         8.76
      2.1430         8.70
      2.1440         8.65
      2.1450         8.64
      2.1460         8.63
      2.1470         8.58
      2.1480         8.61
      2.1490         8.58
      2.1500         8.54
      2.1510         8.50
      2.1520         8.45
      2.1530         8.40
      2.1540         8.30
      2.1550         8.37
      2.1560         8.36
      2.1570         8.36
      2.1580         8.39
      2.1590         8.39
      2.1600         8.37
      2.1610         8.37
      2.1620         8.40
      2.1630         8.42
      2.1640         8.44
      2.1650         8.48
      2.1660         8.54
      2.1670         8.56
      2.1680         8.60
      2.1690         8.64
      2.1700         8.69
      2.1710         8.70
      2.1720         8.63
      2.1730         8.55
      2.1740         8.55
      2.1750         8.51
      2.1760         8.53
      2.1770         8.54
      2.1780         8.46
      2.1790         8.53
      2.1800         8.56
      2.1810         8.49
      2.1820         8.41
      2.1830         8.44
      2.1840         8.51
      2.1850         8.47
      2.1860         8.36
      2.1870         8.40
      2.1880         8.33
      2.1890         8.34
      2.1900         8.34
      2.1910         8.33
      2.1920         8.35
      2.1930         8.46
      2.1940         8.46
      2.1950         8.52
      2.1960         8.45
      2.1970         8.41
      2.1980         8.47
      2.1990         8.39
      2.2000         8.41
      2.2010         8.37
      2.2020         8.33
      2.2030         8.27
      2.2040         8.20
      2.2050         8.21
      2.2060         8.27
      2.2070         8.18
      2.2080         8.15
      2.2090         8.09
      2.2100         8.03
      2.2110         7.99
      2.2120         8.04
      2.2130         8.08
      2.2140         8.18
      2.2150         8.12
      2.2160         8.12
      2.2170         8.18
      2.2180         8.12
      2.2190         8.16
      2.2200         8.11
      2.2210         8.11
      2.2220         8.24
      2.2230         8.30
      2.2240         8.33
      2.2250         8.30
      2.2260         8.23
      2.2270         8.26
      2.2280         8.37
      2.2290         8.45
      2.2300         8.39
      2.2310         8.49
      2.2320         8.54
      2.2330         8.46
      2.2340         8.46
      2.2350         8.40
      2.2360         8.38
      2.2370         8.37
      2.2380         8.48
      2.2390         8.43
      2.2400         8.45
      2.2410         8.56
      2.2420         8.49
      2.2430         8.41
      2.2440         8.44
      2.2450         8.45
      2.2460         8.53
      2.2470         8.57
      2.2480         8.49
      2.2490         8.59
      2.2500         8.72
      2.2510         8.68
      2.2520         8.59
      2.2530         8.61
      2.2540         8.60
      2.2550         8.66
      2.2560         8.73
      2.2570         8.79
      2.2580         8.77
      2.2590         8.89
      2.2600         8.76
      2.2610         8.68
      2.2620         8.64
      2.2630         8.70
      2.2640         8.61
      2.2650         8.68
      2.2660         8.68
      2.2670         8.64
      2.2680         8.67
      2.2690         8.45
      2.2700         8.39
      2.2710         8.37
      2.2720         8.47
      2.2730         8.49
      2.2740         8.52
      2.2750         8.52
      2.2760         8.56
      2.2770         8.48
      2.2780         8.45
      2.2790         8.44
      2.2800         8.60
      2.2810         8.59
      2.2820         8.65
      2.2830         8.59
      2.2840         8.61
      2.2850         8.49
      2.2860         8.42
      2.2870         8.54
      2.2880         8.53
      2.2890         8.65
      2.2900         8.68
      2.2910         8.66
      2.2920         8.60
      2.2930         8.60
      2.2940         8.54
      2.2950         8.57
      2.2960         8.46
      2.2970         8.48
      2.2980         8.46
      2.2990         8.41
      2.3000         8.32
      2.3010         8.22
      2.3020         8.24
      2.3030         8.25
      2.3040         8.26
      2.3050         8.37
      2.3060         8.37
      2.3070         8.28
      2.3080         8.28
      2.3090         8.20
      2.3100         8.21
      2.3110         8.26
      2.3120         8.22
      2.3130         8.22
      2.3140         8.23
      2.3150         8.14
      2.3160         8.19
      2.3170         8.12
      2.3180         8.15
      2.3190         8.17
      2.3200         8.16
      2.3210         8.29
      2.3220         8.19
      2.3230         8.15
      2.3240         8.08
      2.3250         8.05
      2.3260         8.05
      2.3270         8.03
      2.3280         8.12
      2.3290         8.11
      2.3300         8.03
      2.3310         7.95
      2.3320         7.98
      2.3330         7.99
      2.3340         7.95
      2.3350         7.96
      2.3360         7.98
      2.3370         7.96
      2.3380         7.93
      2.3390         7.84
      2.3400         7.88
      2.3410         7.78
      2.3420         7.80
      2.3430         7.88
      2.3440         7.93
      2.3450         7.95
      2.3460         7.90
      2.3470         7.86
      2.3480         7.77
      2.3490         7.75
      2.3500         7.79
      2.3510         7.78
      2.3520         7.79
      2.3530         7.77
      2.3540         7.77
      2.3550         7.72
      2.3560         7.69
      2.3570         7.70
      2.3580         7.71
      2.3590         7.69
      2.3600         7.69
      2.3610         7.73
      2.3620         7.82
      2.3630         7.76
      2.3640         7.75
      2.3650         7.29
      2.3660         7.86
      2.3670         7.99
      2.3680         7.94
      2.3690         8.00
      2.3700         7.95
      2.3710         7.99
      2.3720         7.95
      2.3730         7.96
      2.3740         8.03
      2.3750         8.12
      2.3760         8.00
      2.3770         8.07
      2.3780         7.96
      2.3790         8.01
      2.3800         8.09
      2.3810         8.03
      2.3820         8.03
      2.3830         8.07
      2.3840         8.14
      2.3850         8.07
      2.3860         7.98
      2.3870         7.91
      2.3880         7.88
      2.3890         7.95
      2.3900         8.02
      2.3910         7.99
      2.3920         8.00
      2.3930         8.03
      2.3940         7.92
      2.3950         7.87
      2.3960         7.95
      2.3970         7.92
      2.3980         8.00
      2.3990         7.96
      2.4000         7.91
      2.4010         8.03
      2.4020         7.99
      2.4030         7.99
      2.4040         7.96
      2.4050         7.90
      2.4060         7.97
      2.4070         7.98
      2.4080         8.09
      2.4090         7.97
      2.4100         7.96
      2.4110         7.91
      2.4120         7.93
      2.4130         7.90
      2.4140         7.91
      2.4150         7.95
      2.4160         7.99
      2.4170         7.98
      2.4180         7.99
      2.4190         8.04
      2.4200         7.99
      2.4210         7.91
      2.4220         7.96
      2.4230         7.95
      2.4240         7.96
      2.4250         8.08
      2.4260         8.10
      2.4270         8.07
      2.4280         8.00
      2.4290         8.07
      2.4300         8.12
      2.4310         8.22
      2.4320         8.23
      2.4330         8.18
      2.4340         8.20
      2.4350         8.18
      2.4360         8.20
      2.4370         8.22
      2.4380         8.24
      2.4390         8.27
      2.4400         8.26
      2.4410         8.20
      2.4420         8.15
      2.4430         8.23
      2.4440         8.19
      2.4450         8.14
      2.4460         7.56
      2.4470         7.58
      2.4480         7.61
      2.4490         8.09
      2.4500         8.03
      2.4510         8.08
      2.4520         8.10
      2.4530         8.19
      2.4540         8.22
      2.4550         8.24
      2.4560         8.26
      2.4570         8.31
      2.4580         8.27
      2.4590         8.27
      2.4600         8.31
      2.4610         8.37
      2.4620         8.37
      2.4630         8.32
      2.4640         8.36
      2.4650         8.30
      2.4660         8.41
      2.4670         8.38
      2.4680         8.38
      2.4690         8.34
      2.4700         8.28
      2.4710         8.20
      2.4720         8.10
      2.4730         8.05
      2.4740         8.05
      2.4750         7.97
      2.4760         7.81
      2.4770         7.78
      2.4780         7.79
      2.4790         7.66
      2.4800         7.61
      2.4810         7.57
      2.4820         7.56
      2.4830         7.57
      2.4840         7.52
      2.4850         7.60
      2.4860         7.57
      2.4870         7.68
      2.4880         7.65
      2.4890         7.61
      2.4900         7.64
      2.4910         7.65
      2.4920         7.65
      2.4930         7.65
      2.4940         7.62
      2.4950         7.73
      2.4960         7.71
      2.4970         7.69
      2.4980         7.68
      2.4990         7.77
      2.5000         7.74
      2.5010         7.72
      2.5020         7.73
      2.5030         7.64
      2.5040         7.57
      2.5050         7.53
      2.5060         7.44
      2.5070         7.38
      2.5080         7.38
      2.5090         7.45
      2.5100         7.51
      2.5110         7.48
      2.5120         7.60
      2.5130         7.60
      2.5140         7.57
      2.5150         7.52
      2.5160         7.65
      2.5170         7.66
      2.5180         7.76
      2.5190         7.70
      2.5200         7.85
      2.5210         7.92
      2.5220         7.89
      2.5230         7.94
      2.5240         8.09
      2.5250         8.09
      2.5260         8.20
      2.5270         8.08
      2.5280         8.12
      2.5290         8.05
      2.5300         8.06
      2.5310         8.11
      2.5320         8.02
      2.5330         8.01
      2.5340         7.99
      2.5350         7.98
      2.5360         7.94
      2.5370         7.94
      2.5380         7.94
      2.5390         7.94
      2.5400         7.46
      2.5410         7.46
      2.5420         7.48
      2.5430         8.01
      2.5440         7.90
      2.5450         7.90
      2.5460         7.88
      2.5470         7.95
      2.5480         7.96
      2.5490         7.96
      2.5500         7.90
      2.5510         7.90
      2.5520         7.93
      2.5530         7.81
      2.5540         7.83
      2.5550         7.81
      2.5560         7.81
      2.5570         7.76
      2.5580         7.75
      2.5590         7.84
      2.5600         7.78
      2.5610         7.73
      2.5620         7.80
      2.5630         7.77
      2.5640         7.82
      2.5650         7.84
      2.5660         7.82
      2.5670         7.79
      2.5680         7.78
      2.5690         7.82
      2.5700         7.90
      2.5710         7.87
      2.5720         7.80
      2.5730         7.99
      2.5740         8.00
      2.5750         8.03
      2.5760         7.96
      2.5770         8.07
      2.5780         8.03
      2.5790         8.03
      2.5800         8.09
      2.5810         8.16
      2.5820         8.09
      2.5830         8.05
      2.5840         8.03
      2.5850         8.07
      2.5860         8.12
      2.5870         8.16
      2.5880         8.15
      2.5890         8.18
      2.5900         8.15
      2.5910         8.15
      2.5920         8.16
      2.5930         8.19
      2.5940         8.16
      2.5950         8.26
      2.5960         8.31
      2.5970         8.27
      2.5980         8.22
      2.5990         8.12
      2.6000         8.09
      2.6010         8.00
      2.6020         7.99
      2.6030         8.05
      2.6040         8.03
      2.6050         7.97
      2.6060         8.00
      2.6070         7.96
      2.6080         7.97
      2.6090         8.04
      2.6100         7.97
      2.6110         7.93
      2.6120         7.97
      2.6130         7.90
      2.6140         7.94
      2.6150         7.81
      2.6160         7.88
      2.6170         7.81
      2.6180         7.81
      2.6190         7.76
      2.6200         7.76
      2.6210         7.85
      2.6220         7.91
      2.6230         7.80
      2.6240         7.81
      2.6250         7.80
      2.6260         7.75
      2.6270         7.84
      2.6280         7.85
      2.6290         7.80
      2.6300         7.80
      2.6310         7.85
      2.6320         7.81
      2.6330         7.77
      2.6340         7.73
      2.6350         7.85
      2.6360         7.80
      2.6370         7.84
      2.6380         7.85
      2.6390         7.93
      2.6400         7.95
      2.6410         7.95
      2.6420         7.92
      2.6430         7.93
      2.6440         8.03
      2.6450         7.99
      2.6460         7.89
      2.6470         7.81
      2.6480         7.79
      2.6490         7.75
      2.6500         7.78
      2.6510         7.82
      2.6520         7.88
      2.6530         7.92
      2.6540         7.98
      2.6550         7.95
      2.6560         8.05
      2.6570         8.06
      2.6580         8.13
      2.6590         8.17
      2.6600         8.15
      2.6610         8.15
      2.6620         8.19
      2.6630         8.25
      2.6640         8.19
      2.6650         8.22
      2.6660         8.35
      2.6670         8.39
      2.6680         8.38
      2.6690         8.43
      2.6700         8.53
      2.6710         8.44
      2.6720         8.49
      2.6730         8.50
      2.6740         8.50
      2.6750         8.39
      2.6760         8.33
      2.6770         8.30
      2.6780         8.25
      2.6790         8.22
      2.6800         8.19
      2.6810         8.11
      2.6820         8.03
      2.6830         7.96
      2.6840         7.91
      2.6850         7.94
      2.6860         7.98
      2.6870         8.02
      2.6880         7.99
      2.6890         7.94
      2.6900         7.84
      2.6910         7.95
      2.6920         7.89
      2.6930         7.90
      2.6940         7.90
      2.6950         8.01
      2.6960         7.98
      2.6970         8.02
      2.6980         8.08
      2.6990         8.05
      2.7000         8.04
      2.7010         8.05
      2.7020         8.18
      2.7030         8.30
      2.7040         8.30
      2.7050         8.21
      2.7060         8.14
      2.7070         8.11
      2.7080         8.18
      2.7090         8.11
      2.7100         8.18
      2.7110         8.06
      2.7120         7.99
      2.7130         7.95
      2.7140         7.93
      2.7150         7.93
      2.7160         7.97
      2.7170         7.99
      2.7180         7.91
      2.7190         8.03
      2.7200         8.11
      2.7210         8.10
      2.7220         8.14
      2.7230         8.12
      2.7240         8.23
      2.7250         8.29
      2.7260         8.29
      2.7270         8.22
      2.7280         8.23
      2.7290         8.32
      2.7300         8.32
      2.7310         8.35
      2.7320         8.41
      2.7330         8.39
      2.7340         8.42
      2.7350         8.33
      2.7360         8.36
      2.7370         8.38
      2.7380         8.45
      2.7390         8.29
      2.7400         8.21
      2.7410         8.28
      2.7420         8.15
      2.7430         8.07
      2.7440         8.01
      2.7450         8.09
      2.7460         8.13
      2.7470         8.23
      2.7480         8.14
      2.7490         8.13
      2.7500         8.06
      2.7510         8.13
      2.7520         8.15
      2.7530         8.25
      2.7540         8.26
      2.7550         8.34
      2.7560         8.31
      2.7570         8.23
      2.7580         8.22
      2.7590         8.35
      2.7600         8.37
      2.7610         8.25
      2.7620         8.23
      2.7630         8.27
      2.7640         8.29
      2.7650         8.27
      2.7660         8.22
      2.7670         8.15
      2.7680         8.17
      2.7690         8.17
      2.7700         8.21
      2.7710         8.19
      2.7720         8.18
      2.7730         8.10
      2.7740         8.09
      2.7750         8.11
      2.7760         8.10
      2.7770         8.07
      2.7780         8.06
      2.7790         7.92
      2.7800         7.98
      2.7810         8.08
      2.7820         8.14
      2.7830         8.00
      2.7840         8.02
      2.7850         8.03
      2.7860         8.04
      2.7870         8.04
      2.7880         8.00
      2.7890         8.03
      2.7900         8.00
      2.7910         8.02
      2.7920         8.00
      2.7930         7.99
      2.7940         7.97
      2.7950         7.99
      2.7960         7.99
      2.7970         7.98
      2.7980         7.99
      2.7990         8.13
      2.8000         8.09
      2.8010         8.13
      2.8020         8.17
      2.8030         8.29
      2.8040         8.30
      2.8050         8.21
      2.8060         8.26
      2.8070         8.33
      2.8080         8.46
      2.8090         8.43
      2.8100         8.46
      2.8110         8.43
      2.8120         8.49
      2.8130         8.51
      2.8140         8.54
      2.8150         8.47
      2.8160         8.43
      2.8170         8.56
      2.8180         8.52
      2.8190         8.40
      2.8200         8.44
      2.8210         8.39
      2.8220         8.26
      2.8230         8.24
      2.8240         8.24
      2.8250         8.31
      2.8260         8.23
      2.8270         8.15
      2.8280         8.02
      2.8290         8.03
      2.8300         7.99
      2.8310         8.02
      2.8320         8.01
      2.8330         8.03
      2.8340         8.06
      2.8350         8.06
      2.8360         8.10
      2.8370         8.04
      2.8380         8.05
      2.8390         8.18
      2.8400         8.20
      2.8410         8.19
      2.8420         8.28
      2.8430         8.25
      2.8440         8.20
      2.8450         8.20
      2.8460         8.17
      2.8470         8.23
      2.8480         8.24
      2.8490         8.20
      2.8500         8.24
      2.8510         8.12
      2.8520         8.05
      2.8530         7.92
      2.8540         7.89
      2.8550         7.86
      2.8560         7.84
      2.8570         7.85
      2.8580         7.89
      2.8590         7.84
      2.8600         7.68
      2.8610         7.68
      2.8620         7.71
      2.8630         7.77
      2.8640         7.73
      2.8650         7.63
      2.8660         7.68
      2.8670         7.63
      2.8680         7.69
      2.8690         7.68
      2.8700         7.66
      2.8710         7.80
      2.8720         7.85
      2.8730         8.03
      2.8740         8.01
      2.8750         8.04
      2.8760         8.00
      2.8770         7.95
      2.8780         7.89
      2.8790         7.80
      2.8800         7.84
      2.8810         7.81
      2.8820         7.73
      2.8830         7.72
      2.8840         7.73
      2.8850         7.79
      2.8860         7.75
      2.8870         7.75
      2.8880         7.70
      2.8890         7.82
      2.8900         7.87
      2.8910         7.83
      2.8920         7.79
      2.8930         7.72
      2.8940         7.75
      2.8950         7.75
      2.8960         7.76
      2.8970         7.82
      2.8980         7.87
      2.8990         7.96
      2.9000         8.02
      2.9010         8.04
      2.9020         8.10
      2.9030         8.12
      2.9040         8.17
      2.9050         8.34
      2.9060         8.36
      2.9070         8.36
      2.9080         8.46
      2.9090         8.32
      2.9100         8.28
      2.9110         8.25
      2.9120         8.22
      2.9130         8.25
      2.9140         8.15
      2.9150         8.23
      2.9160         8.29
      2.9170         8.17
      2.9180         8.19
      2.9190         8.25
      2.9200         8.21
      2.9210         8.21
      2.9220         8.17
      2.9230         8.19
      2.9240         8.21
      2.9250         8.08
      2.9260         8.08
      2.9270         8.11
      2.9280         8.04
      2.9290         8.08
      2.9300         8.09
      2.9310         8.11
      2.9320         8.11
      2.9330         8.08
      2.9340         8.15
      2.9350         8.00
      2.9360         7.95
      2.9370         7.98
      2.9380         7.91
      2.9390         7.88
      2.9400         7.88
      2.9410         7.95
      2.9420         8.05
      2.9430         7.99
      2.9440         7.99
      2.9450         8.02
      2.9460         7.97
      2.9470         7.95
      2.9480         8.02
      2.9490         8.06
      2.9500         8.08
      2.9510         8.12
      2.9520         8.12
      2.9530         8.09
      2.9540         8.10
      2.9550         8.29
      2.9560         8.27
      2.9570         8.34
      2.9580         8.35
      2.9590         8.27
      2.9600         8.31
      2.9610         8.30
      2.9620         8.31
      2.9630         8.31
      2.9640         8.23
      2.9650         8.22
      2.9660         8.33
      2.9670         8.37
      2.9680         8.33
      2.9690         8.37
      2.9700         8.26
      2.9710         8.24
      2.9720         8.30
      2.9730         8.34
      2.9740         8.32
      2.9750         8.24
      2.9760         8.37
      2.9770         8.40
      2.9780         8.36
      2.9790         8.45
      2.9800         8.44
      2.9810         8.41
      2.9820         8.34
      2.9830         8.38
      2.9840         8.48
      2.9850         8.48
      2.9860         8.46
      2.9870         8.39
      2.9880         8.37
      2.9890         8.28
      2.9900         8.45
      2.9910         8.39
      2.9920         8.40
      2.9930         8.42
      2.9940         8.51
      2.9950         8.51
      2.9960         8.38
      2.9970         8.30
      2.9980         8.35
      2.9990         8.33
