        Time   Palpation Force
      0.0000         1.00
      0.0010         1.00
      0.0020         1.00
      0.0030         1.00
      0.0040         1.00
      0.0050         1.00
      0.0060         1.00
      0.0070         1.00
      0.0080         1.00
      0.0090         1.00
      0.0100         1.00
      0.0110         1.00
      0.0120         1.00
      0.0130         1.00
      0.0140         1.00
      0.0150         1.00
      0.0160         1.00
      0.0170         1.00
      0.0180         1.00
      0.0190         1.00
      0.0200         1.00
      0.0210         1.00
      0.0220         1.00
      0.0230         1.00
      0.0240         1.00
      0.0250         1.00
      0.0260         1.00
      0.0270         1.00
      0.0280         1.00
      0.0290         1.00
      0.0300         1.00
      0.0310         1.00
      0.0320         1.00
      0.0330         1.00
      0.0340         1.00
      0.0350         1.00
      0.0360         1.00
      0.0370         1.00
      0.0380         1.00
      0.0390         1.00
      0.0400         1.00
      0.0410         1.00
      0.0420         1.00
      0.0430         1.00
      0.0440         1.00
      0.0450         1.00
      0.0460         1.00
      0.0470         1.00
      0.0480         1.00
      0.0490         1.00
      0.0500         1.00
      0.0510         1.00
      0.0520         1.00
      0.0530         1.00
      0.0540         1.00
      0.0550         1.00
      0.0560         1.00
      0.0570         1.00
      0.0580         1.00
      0.0590         1.00
      0.0600         1.00
      0.0610         1.00
      0.0620         1.00
      0.0630         1.00
      0.0640         1.00
      0.0650         1.00
      0.0660         1.00
      0.0670         1.00
      0.0680         1.00
      0.0690         1.00
      0.0700         1.00
      0.0710         1.00
      0.0720         1.00
      0.0730         1.00
      0.0740         1.00
      0.0750         1.00
      0.0760         1.00
      0.0770         1.00
      0.0780         1.00
      0.0790         1.00
      0.0800         1.00
      0.0810         1.00
      0.0820         1.00
      0.0830         1.00
      0.0840         1.00
      0.0850         1.00
      0.0860         1.00
      0.0870         1.00
      0.0880         1.00
      0.0890         1.00
      0.0900         1.00
      0.0910         1.00
      0.0920         1.00
      0.0930         1.00
      0.0940         1.00
      0.0950         1.00
      0.0960         1.05
      0.0970         1.13
      0.0980         1.16
      0.0990         1.14
      0.1000         1.13
      0.1010         1.12
      0.1020         1.22
      0.1030         1.22
      0.1040         1.27
      0.1050         1.00
      0.1060         1.00
      0.1070         1.00
      0.1080         1.00
      0.1090         1.00
      0.1100         1.00
      0.1110         1.00
      0.1120         1.00
      0.1130         1.00
      0.1140         1.00
      0.1150         1.00
      0.1160         1.00
      0.1170         1.00
      0.1180         1.00
      0.1190         1.00
      0.1200         1.00
      0.1210         1.00
      0.1220         1.00
      0.1230         1.00
      0.1240         1.00
      0.1250         1.00
      0.1260         1.00
      0.1270         1.00
      0.1280         1.00
      0.1290         1.00
      0.1300         1.00
      0.1310         1.00
      0.1320         1.00
      0.1330         1.00
      0.1340         1.00
      0.1350         1.00
      0.1360         1.00
      0.1370         1.00
      0.1380         1.00
      0.1390         1.00
      0.1400         1.00
      0.1410         1.00
      0.1420         1.00
      0.1430         1.00
      0.1440         1.00
      0.1450         1.00
      0.1460         1.00
      0.1470         1.00
      0.1480         1.00
      0.1490         1.00
      0.1500         1.00
      0.1510         1.00
      0.1520         1.00
      0.1530         1.00
      0.1540         1.00
      0.1550         1.00
      0.1560         1.00
      0.1570         1.00
      0.1580         1.00
      0.1590         1.00
      0.1600         1.00
      0.1610         1.00
      0.1620         1.00
      0.1630         1.00
      0.1640         1.00
      0.1650         1.00
      0.1660         1.00
      0.1670         1.00
      0.1680         1.00
      0.1690         1.00
      0.1700         1.00
      0.1710         1.00
      0.1720         1.00
      0.1730         1.00
      0.1740         1.00
      0.1750         1.00
      0.1760         1.00
      0.1770         1.00
      0.1780         1.00
      0.1790         1.13
      0.1800         1.00
      0.1810         1.00
      0.1820         1.00
      0.1830         1.00
      0.1840         1.00
      0.1850         1.00
      0.1860         1.00
      0.1870         1.00
      0.1880         1.00
      0.1890         1.00
      0.1900         1.00
      0.1910         1.00
      0.1920         1.00
      0.1930         1.00
      0.1940         1.00
      0.1950         1.00
      0.1960         1.00
      0.1970         1.00
      0.1980         1.00
      0.1990         1.00
      0.2000         1.00
      0.2010         1.00
      0.2020         1.00
      0.2030         1.00
      0.2040         1.00
      0.2050         1.00
      0.2060         1.00
      0.2070         1.00
      0.2080         1.00
      0.2090         1.00
      0.2100         1.00
      0.2110         1.00
      0.2120         1.00
      0.2130         1.00
      0.2140         1.00
      0.2150         1.00
      0.2160         1.00
      0.2170         1.00
      0.2180         1.00
      0.2190         1.00
      0.2200         1.00
      0.2210         1.00
      0.2220         1.00
      0.2230         1.00
      0.2240         1.00
      0.2250         1.00
      0.2260         1.00
      0.2270         1.00
      0.2280         1.00
      0.2290         1.00
      0.2300         1.00
      0.2310         1.00
      0.2320         1.00
      0.2330         1.00
      0.2340         1.00
      0.2350         1.00
      0.2360         1.00
      0.2370         1.00
      0.2380         1.00
      0.2390         1.00
      0.2400         1.00
      0.2410         1.00
      0.2420         1.00
      0.2430         1.00
      0.2440         1.00
      0.2450         1.00
      0.2460         1.00
      0.2470         1.00
      0.2480         1.00
      0.2490         1.00
      0.2500         1.00
      0.2510         1.00
      0.2520         1.00
      0.2530         1.00
      0.2540         1.00
      0.2550         1.00
      0.2560         1.00
      0.2570         1.00
      0.2580         1.00
      0.2590         1.00
      0.2600         1.00
      0.2610         1.00
      0.2620         1.00
      0.2630         1.00
      0.2640         1.00
      0.2650         1.00
      0.2660         1.00
      0.2670         1.00
      0.2680         1.00
      0.2690         1.00
      0.2700         1.00
      0.2710         1.00
      0.2720         1.00
      0.2730         1.00
      0.2740         1.00
      0.2750         1.00
      0.2760         1.00
      0.2770         1.00
      0.2780         1.00
      0.2790         1.00
      0.2800         1.00
      0.2810         1.00
      0.2820         1.00
      0.2830         1.00
      0.2840         1.00
      0.2850         1.00
      0.2860         1.00
      0.2870         1.00
      0.2880         1.00
      0.2890         1.00
      0.2900         1.00
      0.2910         1.00
      0.2920         1.00
      0.2930         1.00
      0.2940         1.00
      0.2950         1.00
      0.2960         1.00
      0.2970         1.00
      0.2980         1.00
      0.2990         1.00
      0.3000         1.00
      0.3010         1.00
      0.3020         1.00
      0.3030         1.00
      0.3040         1.00
      0.3050         1.00
      0.3060         1.00
      0.3070         1.00
      0.3080         1.03
      0.3090         1.00
      0.3100         1.09
      0.3110         1.09
      0.3120         1.00
      0.3130         1.00
      0.3140         1.00
      0.3150         1.00
      0.3160         1.00
      0.3170         1.00
      0.3180         1.00
      0.3190         1.18
      0.3200         1.17
      0.3210         1.18
      0.3220         1.13
      0.3230         1.17
      0.3240         1.12
      0.3250         1.00
      0.3260         1.00
      0.3270         1.00
      0.3280         1.00
      0.3290         1.00
      0.3300         1.00
      0.3310         1.00
      0.3320         1.00
      0.3330         1.00
      0.3340         1.00
      0.3350         1.00
      0.3360         1.00
      0.3370         1.00
      0.3380         1.00
      0.3390         1.00
      0.3400         1.00
      0.3410         1.00
      0.3420         1.00
      0.3430         1.00
      0.3440         1.00
      0.3450         1.00
      0.3460         1.00
      0.3470         1.29
      0.3480         1.32
      0.3490         1.28
      0.3500         1.32
      0.3510         1.29
      0.3520         1.20
      0.3530         1.14
      0.3540         1.00
      0.3550         1.00
      0.3560         1.00
      0.3570         1.00
      0.3580         1.00
      0.3590         1.00
      0.3600         1.00
      0.3610         1.00
      0.3620         1.00
      0.3630         1.00
      0.3640         1.00
      0.3650         1.00
      0.3660         1.00
      0.3670         1.00
      0.3680         1.00
      0.3690         1.00
      0.3700         1.00
      0.3710         1.00
      0.3720         1.00
      0.3730         1.00
      0.3740         1.00
      0.3750         1.00
      0.3760         1.00
      0.3770         1.00
      0.3780         1.00
      0.3790         1.00
      0.3800         1.00
      0.3810         1.00
      0.3820         1.00
      0.3830         1.05
      0.3840         1.06
      0.3850         1.07
      0.3860         1.00
      0.3870         1.00
      0.3880         1.00
      0.3890         1.00
      0.3900         1.00
      0.3910         1.00
      0.3920         1.00
      0.3930         1.00
      0.3940         1.00
      0.3950         1.00
      0.3960         1.00
      0.3970         1.00
      0.3980         1.00
      0.3990         1.00
      0.4000         1.00
      0.4010         1.00
      0.4020         1.00
      0.4030         1.00
      0.4040         1.00
      0.4050         1.00
      0.4060         1.00
      0.4070         1.00
      0.4080         1.00
      0.4090         1.00
      0.4100         1.00
      0.4110         1.00
      0.4120         1.00
      0.4130         1.00
      0.4140         1.00
      0.4150         1.00
      0.4160         1.00
      0.4170         1.00
      0.4180         1.00
      0.4190         1.00
      0.4200         1.00
      0.4210         1.00
      0.4220         1.00
      0.4230         1.00
      0.4240         1.00
      0.4250         1.00
      0.4260         1.00
      0.4270         1.00
      0.4280         1.00
      0.4290         1.00
      0.4300         1.00
      0.4310         1.00
      0.4320         1.00
      0.4330         1.00
      0.4340         1.00
      0.4350         1.00
      0.4360         1.00
      0.4370         1.00
      0.4380         1.00
      0.4390         1.00
      0.4400         1.00
      0.4410         1.00
      0.4420         1.00
      0.4430         1.00
      0.4440         1.00
      0.4450         1.00
      0.4460         1.00
      0.4470         1.00
      0.4480         1.00
      0.4490         1.00
      0.4500         1.00
      0.4510         1.00
      0.4520         1.00
      0.4530         1.00
      0.4540         1.00
      0.4550         1.00
      0.4560         1.00
      0.4570         1.00
      0.4580         1.00
      0.4590         1.00
      0.4600         1.00
      0.4610         1.00
      0.4620         1.00
      0.4630         1.00
      0.4640         1.00
      0.4650         1.00
      0.4660         1.00
      0.4670         1.00
      0.4680         1.20
      0.4690         1.00
      0.4700         1.00
      0.4710         1.00
      0.4720         1.20
      0.4730         1.22
      0.4740         1.18
      0.4750         1.00
      0.4760         1.00
      0.4770         1.00
      0.4780         1.00
      0.4790         1.24
      0.4800         1.00
      0.4810         1.00
      0.4820         1.00
      0.4830         1.00
      0.4840         1.00
      0.4850         1.00
      0.4860         1.03
      0.4870         1.09
      0.4880         1.04
      0.4890         1.07
      0.4900         1.04
      0.4910         1.02
      0.4920         1.02
      0.4930         1.00
      0.4940         1.04
      0.4950         1.10
      0.4960         1.55
      0.4970         1.55
      0.4980         1.65
      0.4990         1.67
      0.5000         1.66
      0.5010         1.63
      0.5020         1.69
      0.5030         1.64
      0.5040         1.63
      0.5050         1.67
      0.5060         1.64
      0.5070         1.62
      0.5080         1.70
      0.5090         1.71
      0.5100         1.74
      0.5110         1.87
      0.5120         1.94
      0.5130         1.97
      0.5140         1.98
      0.5150         1.93
      0.5160         2.00
      0.5170         2.01
      0.5180         1.97
      0.5190         1.96
      0.5200         1.97
      0.5210         2.00
      0.5220         2.03
      0.5230         2.04
      0.5240         2.20
      0.5250         2.24
      0.5260         2.20
      0.5270         2.34
      0.5280         2.32
      0.5290         2.38
      0.5300         2.44
      0.5310         2.44
      0.5320         2.53
      0.5330         2.58
      0.5340         2.63
      0.5350         3.24
      0.5360         3.32
      0.5370         3.44
      0.5380         3.46
      0.5390         3.55
      0.5400         3.56
      0.5410         3.67
      0.5420         3.74
      0.5430         3.82
      0.5440         3.87
      0.5450         3.94
      0.5460         3.97
      0.5470         4.04
      0.5480         4.12
      0.5490         4.24
      0.5500         4.24
      0.5510         4.18
      0.5520         4.14
      0.5530         4.21
      0.5540         4.26
      0.5550         4.34
      0.5560         4.32
      0.5570         4.32
      0.5580         4.43
      0.5590         4.47
      0.5600         4.48
      0.5610         4.53
      0.5620         4.61
      0.5630         4.63
      0.5640         4.56
      0.5650         4.65
      0.5660         4.87
      0.5670         4.88
      0.5680         4.97
      0.5690         4.95
      0.5700         5.08
      0.5710         5.20
      0.5720         5.27
      0.5730         5.31
      0.5740         5.46
      0.5750         5.50
      0.5760         5.70
      0.5770         5.86
      0.5780         5.89
      0.5790         5.92
      0.5800         6.04
      0.5810         6.13
      0.5820         6.20
      0.5830         6.30
      0.5840         6.42
      0.5850         6.48
      0.5860         5.92
      0.5870         6.01
      0.5880         6.06
      0.5890         6.69
      0.5900         6.74
      0.5910         6.82
      0.5920         6.90
      0.5930         6.98
      0.5940         6.94
      0.5950         7.04
      0.5960         7.11
      0.5970         7.15
      0.5980         7.24
      0.5990         7.40
      0.6000         7.46
      0.6010         7.46
      0.6020         7.51
      0.6030         7.54
      0.6040         7.67
      0.6050         7.64
      0.6060         7.72
      0.6070         7.77
      0.6080         7.87
      0.6090         7.92
      0.6100         7.95
      0.6110         7.99
      0.6120         7.59
      0.6130         7.61
      0.6140         8.19
      0.6150         7.75
      0.6160         8.25
      0.6170         8.28
      0.6180         8.45
      0.6190         8.52
      0.6200         8.65
      0.6210         8.80
      0.6220         8.89
      0.6230         9.05
      0.6240         9.08
      0.6250         9.24
      0.6260         9.35
      0.6270         9.51
      0.6280         9.56
      0.6290         9.64
      0.6300        10.26
      0.6310        10.46
      0.6320        10.62
      0.6330        10.72
      0.6340        10.88
      0.6350        11.00
      0.6360        11.07
      0.6370        11.23
      0.6380        11.29
      0.6390        11.38
      0.6400        11.48
      0.6410        11.52
      0.6420        11.59
      0.6430        11.67
      0.6440        11.78
      0.6450        11.89
      0.6460        11.98
      0.6470        11.97
      0.6480        12.16
      0.6490        12.17
      0.6500        12.24
      0.6510        12.25
      0.6520        12.27
      0.6530        12.32
      0.6540        12.32
      0.6550        12.29
      0.6560        12.41
      0.6570        12.35
      0.6580        12.30
      0.6590        12.35
      0.6600        12.35
      0.6610        12.28
      0.6620        12.27
      0.6630        11.80
      0.6640        12.29
      0.6650        12.18
      0.6660        12.19
      0.6670        12.23
      0.6680        12.10
      0.6690        12.17
      0.6700        12.33
      0.6710        12.34
      0.6720        12.41
      0.6730        12.49
      0.6740        12.54
      0.6750        12.67
      0.6760        12.72
      0.6770        12.81
      0.6780        12.97
      0.6790        13.03
      0.6800        13.13
      0.6810        13.31
      0.6820        13.40
      0.6830        13.43
      0.6840        13.51
      0.6850        13.62
      0.6860        13.70
      0.6870        13.68
      0.6880        13.82
      0.6890        13.78
      0.6900        13.67
      0.6910        13.70
      0.6920        13.65
      0.6930        13.72
      0.6940        13.57
      0.6950        13.49
      0.6960        13.44
      0.6970        13.44
      0.6980        12.95
      0.6990        13.41
      0.7000        12.86
      0.7010        12.86
      0.7020        12.84
      0.7030        12.87
      0.7040        12.92
      0.7050        13.01
      0.7060        13.01
      0.7070        13.01
      0.7080        13.00
      0.7090        13.07
      0.7100        13.15
      0.7110        13.13
      0.7120        13.17
      0.7130        13.68
      0.7140        13.79
      0.7150        13.24
      0.7160        13.27
      0.7170        13.27
      0.7180        13.27
      0.7190        13.30
      0.7200        13.37
      0.7210        13.38
      0.7220        13.44
      0.7230        13.95
      0.7240        13.40
      0.7250        13.32
      0.7260        13.85
      0.7270        13.99
      0.7280        13.95
      0.7290        13.90
      0.7300        13.41
      0.7310        13.42
      0.7320        13.41
      0.7330        13.41
      0.7340        13.43
      0.7350        13.43
      0.7360        13.41
      0.7370        13.46
      0.7380        13.34
      0.7390        13.43
      0.7400        13.47
      0.7410        13.43
      0.7420        13.47
      0.7430        13.39
      0.7440        13.45
      0.7450        13.47
      0.7460        13.49
      0.7470        13.40
      0.7480        13.37
      0.7490        13.38
      0.7500        13.34
      0.7510        13.34
      0.7520        13.93
      0.7530        13.34
      0.7540        13.33
      0.7550        13.45
      0.7560        13.48
      0.7570        13.49
      0.7580        14.12
      0.7590        13.60
      0.7600        13.59
      0.7610        13.67
      0.7620        13.67
      0.7630        13.75
      0.7640        13.83
      0.7650        13.83
      0.7660        13.80
      0.7670        13.96
      0.7680        14.01
      0.7690        14.05
      0.7700        14.07
      0.7710        14.16
      0.7720        14.04
      0.7730        14.09
      0.7740        14.09
      0.7750        14.07
      0.7760        14.03
      0.7770        14.07
      0.7780        14.14
      0.7790        14.08
      0.7800        14.55
      0.7810        14.04
      0.7820        14.00
      0.7830        14.06
      0.7840        14.52
      0.7850        14.51
      0.7860        14.47
      0.7870        14.38
      0.7880        14.53
      0.7890        14.49
      0.7900        14.53
      0.7910        14.50
      0.7920        14.57
      0.7930        14.61
      0.7940        14.64
      0.7950        14.66
      0.7960        14.80
      0.7970        14.77
      0.7980        14.70
      0.7990        14.76
      0.8000        14.12
      0.8010        14.08
      0.8020        14.54
      0.8030        13.97
      0.8040        13.91
      0.8050        13.87
      0.8060        13.89
      0.8070        14.33
      0.8080        14.13
      0.8090        14.04
      0.8100        13.56
      0.8110        13.50
      0.8120        13.44
      0.8130        13.42
      0.8140        13.39
      0.8150        13.43
      0.8160        13.32
      0.8170        13.41
      0.8180        13.34
      0.8190        13.36
      0.8200        13.52
      0.8210        13.48
      0.8220        13.51
      0.8230        13.52
      0.8240        13.56
      0.8250        13.63
      0.8260        13.60
      0.8270        13.52
      0.8280        13.58
      0.8290        13.62
      0.8300        13.62
      0.8310        13.69
      0.8320        13.68
      0.8330        13.69
      0.8340        13.76
      0.8350        13.68
      0.8360        13.66
      0.8370        14.09
      0.8380        13.56
      0.8390        13.45
      0.8400        13.37
      0.8410        13.36
      0.8420        13.38
      0.8430        13.41
      0.8440        13.38
      0.8450        13.29
      0.8460        13.28
      0.8470        13.38
      0.8480        13.34
      0.8490        13.42
      0.8500        13.39
      0.8510        13.38
      0.8520        13.46
      0.8530        13.46
      0.8540        13.37
      0.8550        13.36
      0.8560        13.28
      0.8570        13.26
      0.8580        13.30
      0.8590        13.18
      0.8600        13.16
      0.8610        13.23
      0.8620        13.19
      0.8630        13.15
      0.8640        13.19
      0.8650        13.29
      0.8660        13.35
      0.8670        13.41
      0.8680        14.02
      0.8690        13.42
      0.8700        13.46
      0.8710        13.41
      0.8720        13.24
      0.8730        13.24
      0.8740        13.33
      0.8750        13.30
      0.8760        13.33
      0.8770        13.34
      0.8780        13.29
      0.8790        13.48
      0.8800        13.56
      0.8810        13.48
      0.8820        13.54
      0.8830        13.52
      0.8840        13.50
      0.8850        13.50
      0.8860        13.49
      0.8870        13.41
      0.8880        13.39
      0.8890        13.37
      0.8900        13.25
      0.8910        13.23
      0.8920        13.33
      0.8930        13.26
      0.8940        13.22
      0.8950        13.22
      0.8960        13.22
      0.8970        13.13
      0.8980        13.18
      0.8990        13.06
      0.9000        13.48
      0.9010        13.46
      0.9020        12.91
      0.9030        12.82
      0.9040        13.27
      0.9050        13.25
      0.9060        13.27
      0.9070        13.28
      0.9080        13.19
      0.9090        13.28
      0.9100        13.35
      0.9110        13.33
      0.9120        12.75
      0.9130        12.81
      0.9140        12.77
      0.9150        13.32
      0.9160        13.41
      0.9170        13.46
      0.9180        13.46
      0.9190        13.58
      0.9200        13.53
      0.9210        13.61
      0.9220        13.55
      0.9230        13.64
      0.9240        13.66
      0.9250        13.62
      0.9260        13.05
      0.9270        13.02
      0.9280        12.96
      0.9290        12.94
      0.9300        12.88
      0.9310        12.89
      0.9320        13.01
      0.9330        13.46
      0.9340        12.94
      0.9350        12.89
      0.9360        12.93
      0.9370        12.85
      0.9380        12.86
      0.9390        12.91
      0.9400        12.91
      0.9410        12.87
      0.9420        12.96
      0.9430        13.00
      0.9440        13.03
      0.9450        13.03
      0.9460        13.03
      0.9470        13.00
      0.9480        13.58
      0.9490        13.56
      0.9500        13.07
      0.9510        13.04
      0.9520        13.59
      0.9530        13.64
      0.9540        13.66
      0.9550        13.63
      0.9560        13.60
      0.9570        13.56
      0.9580        13.50
      0.9590        13.37
      0.9600        13.49
      0.9610        13.65
      0.9620        13.57
      0.9630        13.04
      0.9640        13.57
      0.9650        13.06
      0.9660        13.09
      0.9670        13.08
      0.9680        13.08
      0.9690        13.06
      0.9700        13.56
      0.9710        13.60
      0.9720        13.04
      0.9730        13.02
      0.9740        13.15
      0.9750        13.14
      0.9760        12.99
      0.9770        13.03
      0.9780        12.96
      0.9790        13.01
      0.9800        13.42
      0.9810        13.33
      0.9820        13.33
      0.9830        13.22
      0.9840        13.15
      0.9850        13.01
      0.9860        12.99
      0.9870        13.01
      0.9880        12.91
      0.9890        12.84
      0.9900        12.29
      0.9910        12.26
      0.9920        12.27
      0.9930        12.27
      0.9940        12.14
      0.9950        12.18
      0.9960        12.32
      0.9970        12.31
      0.9980        12.30
      0.9990        12.20
      1.0000        12.28
      1.0010        12.24
      1.0020        12.25
      1.0030        12.33
      1.0040        12.29
      1.0050        12.42
      1.0060        12.46
      1.0070        12.54
      1.0080        12.55
      1.0090        12.62
      1.0100        13.14
      1.0110        13.14
      1.0120        13.17
      1.0130        13.24
      1.0140        13.30
      1.0150        13.26
      1.0160        13.23
      1.0170        13.27
      1.0180        12.80
      1.0190        12.80
      1.0200        12.72
      1.0210        12.68
      1.0220        12.66
      1.0230        12.60
      1.0240        12.63
      1.0250        12.63
      1.0260        12.59
      1.0270        12.46
      1.0280        12.48
      1.0290        12.39
      1.0300        12.41
      1.0310        12.43
      1.0320        12.35
      1.0330        12.80
      1.0340        12.74
      1.0350        12.28
      1.0360        12.21
      1.0370        12.20
      1.0380        12.11
      1.0390        12.17
      1.0400        12.21
      1.0410        12.31
      1.0420        12.30
      1.0430        12.84
      1.0440        12.39
      1.0450        12.35
      1.0460        12.29
      1.0470        12.34
      1.0480        12.35
      1.0490        12.38
      1.0500        12.80
      1.0510        12.30
      1.0520        12.41
      1.0530        12.41
      1.0540        12.39
      1.0550        12.86
      1.0560        12.84
      1.0570        12.91
      1.0580        13.03
      1.0590        12.92
      1.0600        12.92
      1.0610        12.88
      1.0620        12.95
      1.0630        12.38
      1.0640        12.77
      1.0650        12.22
      1.0660        12.80
      1.0670        12.26
      1.0680        12.19
      1.0690        12.20
      1.0700        12.28
      1.0710        12.20
      1.0720        12.11
      1.0730        12.09
      1.0740        12.06
      1.0750        12.06
      1.0760        12.13
      1.0770        12.15
      1.0780        12.11
      1.0790        12.17
      1.0800        12.16
      1.0810        12.16
      1.0820        12.12
      1.0830        12.17
      1.0840        12.20
      1.0850        12.28
      1.0860        12.26
      1.0870        12.35
      1.0880        12.38
      1.0890        12.36
      1.0900        12.36
      1.0910        12.42
      1.0920        12.43
      1.0930        12.94
      1.0940        12.97
      1.0950        12.96
      1.0960        12.87
      1.0970        12.83
      1.0980        12.74
      1.0990        12.66
      1.1000        12.61
      1.1010        12.59
      1.1020        12.55
      1.1030        12.53
      1.1040        12.54
      1.1050        12.42
      1.1060        11.92
      1.1070        11.85
      1.1080        11.84
      1.1090        11.88
      1.1100        11.87
      1.1110        11.87
      1.1120        11.84
      1.1130        11.94
      1.1140        11.86
      1.1150        11.87
      1.1160        11.91
      1.1170        11.88
      1.1180        11.95
      1.1190        12.46
      1.1200        12.56
      1.1210        12.53
      1.1220        12.60
      1.1230        12.07
      1.1240        12.61
      1.1250        12.75
      1.1260        12.71
      1.1270        12.72
      1.1280        12.76
      1.1290        12.72
      1.1300        12.68
      1.1310        12.64
      1.1320        12.78
      1.1330        12.70
      1.1340        12.72
      1.1350        12.77
      1.1360        12.78
      1.1370        12.26
      1.1380        12.26
      1.1390        12.33
      1.1400        12.33
      1.1410        12.33
      1.1420        12.21
      1.1430        12.19
      1.1440        12.17
      1.1450        12.16
      1.1460        12.08
      1.1470        12.11
      1.1480        12.04
      1.1490        11.99
      1.1500        12.04
      1.1510        12.00
      1.1520        11.88
      1.1530        11.88
      1.1540        11.87
      1.1550        11.71
      1.1560        11.66
      1.1570        11.71
      1.1580        11.67
      1.1590        11.65
      1.1600        11.74
      1.1610        11.78
      1.1620        11.97
      1.1630        12.05
      1.1640        12.04
      1.1650        12.10
      1.1660        12.24
      1.1670        12.26
      1.1680        12.25
      1.1690        12.29
      1.1700        12.28
      1.1710        12.36
      1.1720        12.40
      1.1730        12.37
      1.1740        12.37
      1.1750        12.49
      1.1760        12.45
      1.1770        12.39
      1.1780        12.47
      1.1790        12.51
      1.1800        12.47
      1.1810        12.43
      1.1820        12.37
      1.1830        12.23
      1.1840        12.17
      1.1850        12.09
      1.1860        12.11
      1.1870        12.11
      1.1880        12.15
      1.1890        12.18
      1.1900        12.15
      1.1910        12.10
      1.1920        12.53
      1.1930        12.55
      1.1940        12.56
      1.1950        12.02
      1.1960        12.05
      1.1970        12.12
      1.1980        12.08
      1.1990        12.08
      1.2000        12.01
      1.2010        11.99
      1.2020        11.98
      1.2030        12.06
      1.2040        12.10
      1.2050        12.10
      1.2060        12.00
      1.2070        11.96
      1.2080        12.01
      1.2090        11.99
      1.2100        11.94
      1.2110        11.95
      1.2120        11.95
      1.2130        11.94
      1.2140        11.93
      1.2150        11.95
      1.2160        11.91
      1.2170        11.86
      1.2180        11.87
      1.2190        11.77
      1.2200        11.86
      1.2210        11.92
      1.2220        11.89
      1.2230        11.94
      1.2240        11.93
      1.2250        11.90
      1.2260        11.94
      1.2270        11.94
      1.2280        11.94
      1.2290        11.95
      1.2300        11.98
      1.2310        12.01
      1.2320        12.13
      1.2330        12.28
      1.2340        12.33
      1.2350        12.31
      1.2360        12.41
      1.2370        12.47
      1.2380        12.45
      1.2390        12.51
      1.2400        12.46
      1.2410        12.47
      1.2420        12.54
      1.2430        12.42
      1.2440        12.46
      1.2450        12.47
      1.2460        12.43
      1.2470        12.48
      1.2480        12.48
      1.2490        12.48
      1.2500        12.50
      1.2510        12.90
      1.2520        12.30
      1.2530        12.21
      1.2540        12.20
      1.2550        12.20
      1.2560        12.21
      1.2570        12.21
      1.2580        12.20
      1.2590        12.18
      1.2600        12.17
      1.2610        12.10
      1.2620        12.00
      1.2630        11.98
      1.2640        12.07
      1.2650        12.04
      1.2660        12.06
      1.2670        12.03
      1.2680        11.95
      1.2690        12.04
      1.2700        12.06
      1.2710        12.18
      1.2720        12.19
      1.2730        12.27
      1.2740        12.24
      1.2750        12.30
      1.2760        12.79
      1.2770        12.29
      1.2780        12.31
      1.2790        12.38
      1.2800        12.41
      1.2810        12.94
      1.2820        13.01
      1.2830        13.14
      1.2840        13.07
      1.2850        13.19
      1.2860        13.38
      1.2870        13.33
      1.2880        13.25
      1.2890        13.10
      1.2900        13.11
      1.2910        13.12
      1.2920        13.09
      1.2930        12.48
      1.2940        12.97
      1.2950        13.01
      1.2960        13.01
      1.2970        13.00
      1.2980        12.96
      1.2990        12.94
      1.3000        13.00
      1.3010        12.93
      1.3020        12.94
      1.3030        12.42
      1.3040        12.33
      1.3050        12.17
      1.3060        12.13
      1.3070        12.06
      1.3080        12.09
      1.3090        12.19
      1.3100        12.14
      1.3110        12.09
      1.3120        12.05
      1.3130        12.08
      1.3140        12.02
      1.3150        12.05
      1.3160        12.01
      1.3170        11.97
      1.3180        11.99
      1.3190        12.04
      1.3200        11.98
      1.3210        12.02
      1.3220        11.99
      1.3230        12.03
      1.3240        12.07
      1.3250        12.10
      1.3260        12.07
      1.3270        12.18
      1.3280        12.22
      1.3290        12.19
      1.3300        12.19
      1.3310        12.18
      1.3320        12.26
      1.3330        12.72
      1.3340        12.31
      1.3350        12.19
      1.3360        12.74
      1.3370        12.14
      1.3380        12.09
      1.3390        12.02
      1.3400        12.00
      1.3410        12.08
      1.3420        12.64
      1.3430        12.68
      1.3440        12.15
      1.3450        12.25
      1.3460        12.20
      1.3470        12.12
      1.3480        12.20
      1.3490        12.16
      1.3500        12.25
      1.3510        12.25
      1.3520        12.24
      1.3530        12.18
      1.3540        12.14
      1.3550        12.25
      1.3560        12.23
      1.3570        12.35
      1.3580        12.35
      1.3590        12.31
      1.3600        12.34
      1.3610        12.29
      1.3620        12.26
      1.3630        12.21
      1.3640        12.22
      1.3650        12.13
      1.3660        12.17
      1.3670        12.23
      1.3680        12.64
      1.3690        12.14
      1.3700        12.11
      1.3710        12.14
      1.3720        12.11
      1.3730        12.18
      1.3740        12.17
      1.3750        12.15
      1.3760        12.17
      1.3770        12.13
      1.3780        12.10
      1.3790        12.07
      1.3800        12.14
      1.3810        12.10
      1.3820        12.07
      1.3830        12.10
      1.3840        12.08
      1.3850        12.09
      1.3860        12.06
      1.3870        12.06
      1.3880        12.14
      1.3890        12.17
      1.3900        12.17
      1.3910        12.14
      1.3920        12.13
      1.3930        12.13
      1.3940        12.15
      1.3950        12.06
      1.3960        12.04
      1.3970        12.04
      1.3980        12.05
      1.3990        12.12
      1.4000        12.06
      1.4010        12.02
      1.4020        12.04
      1.4030        12.10
      1.4040        12.04
      1.4050        12.06
      1.4060        12.05
      1.4070        12.03
      1.4080        11.95
      1.4090        11.90
      1.4100        11.91
      1.4110        12.00
      1.4120        12.02
      1.4130        12.16
      1.4140        12.12
      1.4150        12.22
      1.4160        12.27
      1.4170        12.27
      1.4180        12.32
      1.4190        12.39
      1.4200        12.39
      1.4210        12.44
      1.4220        12.48
      1.4230        12.40
      1.4240        12.51
      1.4250        12.50
      1.4260        12.58
      1.4270        12.59
      1.4280        12.62
      1.4290        12.61
      1.4300        12.61
      1.4310        12.57
      1.4320        12.54
      1.4330        12.39
      1.4340        12.41
      1.4350        12.38
      1.4360        12.34
      1.4370        12.39
      1.4380        12.39
      1.4390        12.33
      1.4400        12.25
      1.4410        12.26
      1.4420        12.31
      1.4430        12.37
      1.4440        12.29
      1.4450        12.29
      1.4460        12.25
      1.4470        12.27
      1.4480        12.27
      1.4490        12.26
      1.4500        12.26
      1.4510        12.29
      1.4520        12.29
      1.4530        12.33
      1.4540        12.35
      1.4550        12.31
      1.4560        12.32
      1.4570        12.27
      1.4580        12.24
      1.4590        12.26
      1.4600        12.30
      1.4610        12.27
      1.4620        12.21
      1.4630        12.18
      1.4640        12.25
      1.4650        12.22
      1.4660        12.28
      1.4670        12.25
      1.4680        12.30
      1.4690        12.37
      1.4700        12.31
      1.4710        12.25
      1.4720        12.25
      1.4730        12.21
      1.4740        12.17
      1.4750        12.21
      1.4760        12.25
      1.4770        12.30
      1.4780        12.38
      1.4790        12.33
      1.4800        12.45
      1.4810        12.40
      1.4820        12.37
      1.4830        12.29
      1.4840        12.18
      1.4850        12.26
      1.4860        12.22
      1.4870        12.24
      1.4880        12.20
      1.4890        12.12
      1.4900        12.12
      1.4910        12.10
      1.4920        12.07
      1.4930        12.09
      1.4940        12.07
      1.4950        12.02
      1.4960        12.03
      1.4970        11.94
      1.4980        11.87
      1.4990        11.96
      1.5000        11.87
      1.5010        11.95
      1.5020        11.94
      1.5030        12.04
      1.5040        12.61
      1.5050        12.61
      1.5060        12.55
      1.5070        12.53
      1.5080        12.48
      1.5090        12.53
      1.5100        12.56
      1.5110        12.60
      1.5120        12.70
      1.5130        12.67
      1.5140        12.73
      1.5150        12.71
      1.5160        12.66
      1.5170        12.81
      1.5180        12.75
      1.5190        12.75
      1.5200        12.74
      1.5210        12.69
      1.5220        12.26
      1.5230        12.24
      1.5240        12.30
      1.5250        12.30
      1.5260        12.38
      1.5270        12.44
      1.5280        12.50
      1.5290        12.47
      1.5300        12.51
      1.5310        12.47
      1.5320        12.39
      1.5330        12.42
      1.5340        12.41
      1.5350        12.45
      1.5360        12.43
      1.5370        12.41
      1.5380        12.50
      1.5390        12.46
      1.5400        12.46
      1.5410        12.46
      1.5420        12.38
      1.5430        12.40
      1.5440        12.37
      1.5450        12.38
      1.5460        12.34
      1.5470        12.25
      1.5480        12.24
      1.5490        12.36
      1.5500        12.29
      1.5510        12.34
      1.5520        12.44
      1.5530        12.45
      1.5540        12.48
      1.5550        12.53
      1.5560        12.53
      1.5570        12.54
      1.5580        12.54
      1.5590        12.49
      1.5600        12.47
      1.5610        12.49
      1.5620        12.50
      1.5630        12.42
      1.5640        12.37
      1.5650        12.90
      1.5660        12.88
      1.5670        12.42
      1.5680        12.49
      1.5690        12.45
      1.5700        12.49
      1.5710        12.49
      1.5720        12.42
      1.5730        12.44
      1.5740        12.46
      1.5750        12.41
      1.5760        12.44
      1.5770        12.38
      1.5780        12.35
      1.5790        12.41
      1.5800        12.39
      1.5810        12.30
      1.5820        12.35
      1.5830        12.40
      1.5840        12.40
      1.5850        12.39
      1.5860        12.47
      1.5870        12.51
      1.5880        12.97
      1.5890        12.92
      1.5900        12.99
      1.5910        13.00
      1.5920        13.08
      1.5930        13.14
      1.5940        13.07
      1.5950        13.07
      1.5960        13.07
      1.5970        13.17
      1.5980        12.65
      1.5990        12.72
      1.6000        12.76
      1.6010        12.86
      1.6020        12.83
      1.6030        12.84
      1.6040        12.99
      1.6050        13.03
      1.6060        13.01
      1.6070        12.95
      1.6080        12.92
      1.6090        12.90
      1.6100        12.78
      1.6110        12.77
      1.6120        12.76
      1.6130        12.72
      1.6140        12.73
      1.6150        12.64
      1.6160        12.56
      1.6170        12.52
      1.6180        12.49
      1.6190        12.49
      1.6200        12.48
      1.6210        12.38
      1.6220        12.37
      1.6230        12.33
      1.6240        12.25
      1.6250        12.18
      1.6260        12.20
      1.6270        12.16
      1.6280        12.25
      1.6290        12.27
      1.6300        12.36
      1.6310        12.39
      1.6320        12.34
      1.6330        12.28
      1.6340        12.31
      1.6350        12.40
      1.6360        12.47
      1.6370        12.48
      1.6380        12.53
      1.6390        12.48
      1.6400        12.55
      1.6410        13.09
      1.6420        12.52
      1.6430        12.52
      1.6440        12.54
      1.6450        13.03
      1.6460        13.03
      1.6470        13.07
      1.6480        13.01
      1.6490        13.03
      1.6500        12.98
      1.6510        12.99
      1.6520        12.99
      1.6530        12.94
      1.6540        12.91
      1.6550        12.85
      1.6560        12.86
      1.6570        12.75
      1.6580        12.74
      1.6590        12.74
      1.6600        12.70
      1.6610        12.17
      1.6620        12.24
      1.6630        12.22
      1.6640        12.17
      1.6650        12.20
      1.6660        12.18
      1.6670        12.08
      1.6680        12.10
      1.6690        12.10
      1.6700        12.13
      1.6710        12.17
      1.6720        12.29
      1.6730        12.34
      1.6740        12.35
      1.6750        12.43
      1.6760        12.43
      1.6770        12.50
      1.6780        12.49
      1.6790        12.50
      1.6800        12.48
      1.6810        12.58
      1.6820        13.03
      1.6830        13.10
      1.6840        13.10
      1.6850        13.05
      1.6860        13.04
      1.6870        13.12
      1.6880        13.01
      1.6890        12.48
      1.6900        12.51
      1.6910        12.46
      1.6920        12.50
      1.6930        12.50
      1.6940        12.40
      1.6950        12.36
      1.6960        12.37
      1.6970        12.40
      1.6980        12.43
      1.6990        12.45
      1.7000        12.52
      1.7010        12.48
      1.7020        12.45
      1.7030        12.40
      1.7040        12.46
      1.7050        12.61
      1.7060        12.68
      1.7070        12.72
      1.7080        12.81
      1.7090        12.74
      1.7100        12.68
      1.7110        12.73
      1.7120        12.66
      1.7130        12.64
      1.7140        12.67
      1.7150        12.61
      1.7160        12.63
      1.7170        12.61
      1.7180        12.56
      1.7190        12.43
      1.7200        12.32
      1.7210        12.31
      1.7220        12.35
      1.7230        12.36
      1.7240        12.25
      1.7250        12.14
      1.7260        12.08
      1.7270        12.05
      1.7280        12.09
      1.7290        12.20
      1.7300        12.17
      1.7310        12.24
      1.7320        12.24
      1.7330        12.20
      1.7340        12.20
      1.7350        12.32
      1.7360        12.85
      1.7370        12.25
      1.7380        12.82
      1.7390        12.93
      1.7400        13.03
      1.7410        13.10
      1.7420        13.16
      1.7430        13.10
      1.7440        13.16
      1.7450        12.72
      1.7460        12.74
      1.7470        12.71
      1.7480        12.62
      1.7490        12.72
      1.7500        12.79
      1.7510        12.64
      1.7520        12.60
      1.7530        12.65
      1.7540        12.66
      1.7550        12.60
      1.7560        12.63
      1.7570        12.71
      1.7580        12.67
      1.7590        12.76
      1.7600        12.67
      1.7610        12.59
      1.7620        12.56
      1.7630        12.57
      1.7640        12.59
      1.7650        12.49
      1.7660        12.52
      1.7670        12.53
      1.7680        12.48
      1.7690        12.37
      1.7700        12.28
      1.7710        12.28
      1.7720        12.32
      1.7730        12.25
      1.7740        12.22
      1.7750        12.28
      1.7760        12.21
      1.7770        12.17
      1.7780        12.19
      1.7790        12.16
      1.7800        12.27
      1.7810        12.33
      1.7820        12.35
      1.7830        12.36
      1.7840        12.41
      1.7850        12.48
      1.7860        12.55
      1.7870        12.55
      1.7880        12.70
      1.7890        12.68
      1.7900        12.71
      1.7910        12.72
      1.7920        12.68
      1.7930        12.77
      1.7940        12.83
      1.7950        12.80
      1.7960        13.34
      1.7970        13.40
      1.7980        13.52
      1.7990        13.54
      1.8000        13.56
      1.8010        13.57
      1.8020        13.55
      1.8030        13.57
      1.8040        13.55
      1.8050        13.55
      1.8060        13.42
      1.8070        13.39
      1.8080        13.31
      1.8090        13.22
      1.8100        13.16
      1.8110        13.16
      1.8120        13.20
      1.8130        12.71
      1.8140        12.74
      1.8150        12.75
      1.8160        12.70
      1.8170        12.67
      1.8180        12.64
      1.8190        12.61
      1.8200        12.61
      1.8210        12.60
      1.8220        12.59
      1.8230        12.57
      1.8240        12.60
      1.8250        12.67
      1.8260        12.76
      1.8270        12.81
      1.8280        12.80
      1.8290        12.80
      1.8300        12.83
      1.8310        12.76
      1.8320        12.73
      1.8330        12.83
      1.8340        12.77
      1.8350        12.71
      1.8360        12.82
      1.8370        12.76
      1.8380        12.82
      1.8390        12.79
      1.8400        12.86
      1.8410        12.84
      1.8420        12.94
      1.8430        12.92
      1.8440        12.88
      1.8450        12.85
      1.8460        12.85
      1.8470        12.82
      1.8480        12.97
      1.8490        13.04
      1.8500        13.03
      1.8510        13.05
      1.8520        13.01
      1.8530        12.91
      1.8540        12.97
      1.8550        12.97
      1.8560        12.92
      1.8570        12.95
      1.8580        13.34
      1.8590        13.33
      1.8600        13.28
      1.8610        13.37
      1.8620        12.80
      1.8630        13.41
      1.8640        13.47
      1.8650        13.40
      1.8660        12.79
      1.8670        12.82
      1.8680        13.21
      1.8690        13.23
      1.8700        13.26
      1.8710        13.30
      1.8720        13.41
      1.8730        12.91
      1.8740        12.85
      1.8750        12.92
      1.8760        12.93
      1.8770        12.89
      1.8780        12.92
      1.8790        12.88
      1.8800        12.83
      1.8810        12.68
      1.8820        12.61
      1.8830        12.53
      1.8840        12.42
      1.8850        12.49
      1.8860        12.54
      1.8870        12.49
      1.8880        12.49
      1.8890        12.49
      1.8900        12.44
      1.8910        12.39
      1.8920        12.31
      1.8930        12.27
      1.8940        12.28
      1.8950        12.27
      1.8960        12.31
      1.8970        12.32
      1.8980        12.38
      1.8990        12.40
      1.9000        12.43
      1.9010        12.53
      1.9020        12.63
      1.9030        12.65
      1.9040        12.68
      1.9050        12.71
      1.9060        12.71
      1.9070        12.73
      1.9080        12.72
      1.9090        12.74
      1.9100        12.80
      1.9110        12.76
      1.9120        12.77
      1.9130        12.79
      1.9140        12.75
      1.9150        12.69
      1.9160        12.65
      1.9170        12.72
      1.9180        12.64
      1.9190        12.60
      1.9200        12.70
      1.9210        13.20
      1.9220        13.09
      1.9230        13.16
      1.9240        13.16
      1.9250        13.08
      1.9260        12.54
      1.9270        12.58
      1.9280        12.64
      1.9290        12.65
      1.9300        12.62
      1.9310        12.70
      1.9320        12.74
      1.9330        12.77
      1.9340        12.79
      1.9350        12.83
      1.9360        12.89
      1.9370        12.86
      1.9380        12.89
      1.9390        12.97
      1.9400        12.96
      1.9410        12.97
      1.9420        13.14
      1.9430        13.11
      1.9440        13.12
      1.9450        13.18
      1.9460        13.16
      1.9470        13.20
      1.9480        13.19
      1.9490        13.12
      1.9500        13.69
      1.9510        13.69
      1.9520        13.16
      1.9530        13.15
      1.9540        13.19
      1.9550        13.72
      1.9560        13.67
      1.9570        13.27
      1.9580        13.87
      1.9590        13.35
      1.9600        13.39
      1.9610        13.83
      1.9620        13.29
      1.9630        13.26
      1.9640        13.28
      1.9650        13.23
      1.9660        13.24
      1.9670        13.22
      1.9680        13.34
      1.9690        13.41
      1.9700        13.46
      1.9710        13.50
      1.9720        13.50
      1.9730        13.51
      1.9740        13.45
      1.9750        13.49
      1.9760        13.51
      1.9770        13.35
      1.9780        13.25
      1.9790        13.29
      1.9800        13.29
      1.9810        13.29
      1.9820        13.34
      1.9830        13.41
      1.9840        13.40
      1.9850        13.47
      1.9860        13.39
      1.9870        13.37
      1.9880        13.28
      1.9890        13.24
      1.9900        13.22
      1.9910        13.74
      1.9920        13.73
      1.9930        13.81
      1.9940        13.83
      1.9950        13.79
      1.9960        13.25
      1.9970        13.86
      1.9980        13.86
      1.9990        13.34
      2.0000        13.79
      2.0010        13.88
      2.0020        13.29
      2.0030        13.76
      2.0040        13.75
      2.0050        13.22
      2.0060        13.33
      2.0070        13.37
      2.0080        13.31
      2.0090        13.33
      2.0100        13.26
      2.0110        13.19
      2.0120        13.17
      2.0130        13.14
      2.0140        13.21
      2.0150        13.17
      2.0160        13.21
      2.0170        13.16
      2.0180        13.19
      2.0190        13.13
      2.0200        13.18
      2.0210        13.09
      2.0220        13.19
      2.0230        13.18
      2.0240        13.18
      2.0250        13.14
      2.0260        13.10
      2.0270        13.11
      2.0280        13.16
      2.0290        13.16
      2.0300        13.18
      2.0310        13.69
      2.0320        13.80
      2.0330        13.72
      2.0340        13.65
      2.0350        13.76
      2.0360        13.69
      2.0370        13.61
      2.0380        13.53
      2.0390        13.55
      2.0400        13.54
      2.0410        13.54
      2.0420        13.43
      2.0430        13.40
      2.0440        13.52
      2.0450        13.48
      2.0460        13.43
      2.0470        13.43
      2.0480        12.87
      2.0490        12.90
      2.0500        12.92
      2.0510        12.94
      2.0520        12.86
      2.0530        12.90
      2.0540        13.01
      2.0550        12.95
      2.0560        13.09
      2.0570        13.15
      2.0580        13.21
      2.0590        13.28
      2.0600        13.33
      2.0610        13.31
      2.0620        13.31
      2.0630        13.42
      2.0640        13.29
      2.0650        13.29
      2.0660        13.37
      2.0670        13.30
      2.0680        13.29
      2.0690        13.26
      2.0700        13.21
      2.0710        13.18
      2.0720        13.19
      2.0730        13.27
      2.0740        13.27
      2.0750        13.27
      2.0760        13.23
      2.0770        13.25
      2.0780        13.22
      2.0790        13.15
      2.0800        13.18
      2.0810        13.23
      2.0820        13.25
      2.0830        13.18
      2.0840        13.21
      2.0850        13.23
      2.0860        13.29
      2.0870        13.30
      2.0880        13.93
      2.0890        13.95
      2.0900        13.95
      2.0910        13.99
      2.0920        14.06
      2.0930        13.90
      2.0940        13.90
      2.0950        13.95
      2.0960        14.01
      2.0970        13.94
      2.0980        13.98
      2.0990        14.01
      2.1000        14.04
      2.1010        13.97
      2.1020        13.87
      2.1030        13.98
      2.1040        14.03
      2.1050        13.52
      2.1060        13.48
      2.1070        13.49
      2.1080        13.46
      2.1090        13.48
      2.1100        13.53
      2.1110        13.54
      2.1120        13.55
      2.1130        13.57
      2.1140        13.53
      2.1150        13.51
      2.1160        13.49
      2.1170        13.49
      2.1180        13.52
      2.1190        13.52
      2.1200        13.41
      2.1210        13.38
      2.1220        13.93
      2.1230        13.88
      2.1240        13.36
      2.1250        13.92
      2.1260        14.00
      2.1270        13.93
      2.1280        13.88
      2.1290        13.85
      2.1300        13.85
      2.1310        13.88
      2.1320        13.79
      2.1330        13.23
      2.1340        13.83
      2.1350        13.79
      2.1360        13.75
      2.1370        13.83
      2.1380        13.27
      2.1390        13.27
      2.1400        13.35
      2.1410        13.36
      2.1420        13.88
      2.1430        13.90
      2.1440        13.88
      2.1450        13.89
      2.1460        13.87
      2.1470        13.95
      2.1480        13.98
      2.1490        14.04
      2.1500        14.16
      2.1510        14.14
      2.1520        14.18
      2.1530        14.23
      2.1540        14.17
      2.1550        14.27
      2.1560        14.24
      2.1570        14.25
      2.1580        13.70
      2.1590        14.17
      2.1600        14.10
      2.1610        13.63
      2.1620        13.57
      2.1630        14.04
      2.1640        14.10
      2.1650        13.54
      2.1660        13.46
      2.1670        13.40
      2.1680        13.87
      2.1690        13.92
      2.1700        13.34
      2.1710        13.82
      2.1720        13.86
      2.1730        13.84
      2.1740        13.91
      2.1750        13.92
      2.1760        14.02
      2.1770        14.03
      2.1780        14.15
      2.1790        14.17
      2.1800        14.19
      2.1810        14.26
      2.1820        14.30
      2.1830        14.37
      2.1840        14.21
      2.1850        14.16
      2.1860        14.17
      2.1870        14.25
      2.1880        14.21
      2.1890        14.04
      2.1900        14.07
      2.1910        14.02
      2.1920        14.01
      2.1930        14.06
      2.1940        14.11
      2.1950        13.63
      2.1960        13.66
      2.1970        13.61
      2.1980        13.54
      2.1990        13.60
      2.2000        13.65
      2.2010        13.70
      2.2020        13.61
      2.2030        13.54
      2.2040        13.65
      2.2050        13.80
      2.2060        13.77
      2.2070        13.76
      2.2080        13.84
      2.2090        13.92
      2.2100        13.89
      2.2110        13.99
      2.2120        13.95
      2.2130        13.86
      2.2140        13.79
      2.2150        13.69
      2.2160        13.66
      2.2170        13.67
      2.2180        13.70
      2.2190        13.66
      2.2200        13.70
      2.2210        13.70
      2.2220        13.78
      2.2230        13.79
      2.2240        13.83
      2.2250        13.81
      2.2260        13.83
      2.2270        13.86
      2.2280        13.87
      2.2290        13.80
      2.2300        13.82
      2.2310        13.76
      2.2320        13.82
      2.2330        13.87
      2.2340        14.33
      2.2350        14.33
      2.2360        13.76
      2.2370        13.75
      2.2380        14.24
      2.2390        14.24
      2.2400        14.17
      2.2410        14.13
      2.2420        14.11
      2.2430        14.11
      2.2440        14.15
      2.2450        14.04
      2.2460        13.48
      2.2470        13.50
      2.2480        13.46
      2.2490        13.50
      2.2500        13.46
      2.2510        13.48
      2.2520        13.56
      2.2530        13.48
      2.2540        13.49
      2.2550        13.57
      2.2560        13.68
      2.2570        13.65
      2.2580        13.69
      2.2590        13.73
      2.2600        13.75
      2.2610        13.84
      2.2620        13.83
      2.2630        13.87
      2.2640        13.83
      2.2650        13.86
      2.2660        13.94
      2.2670        13.87
      2.2680        13.82
      2.2690        13.87
      2.2700        13.94
      2.2710        13.91
      2.2720        13.83
      2.2730        13.90
      2.2740        13.86
      2.2750        13.86
      2.2760        13.84
      2.2770        13.90
      2.2780        13.89
      2.2790        13.97
      2.2800        13.96
      2.2810        13.96
      2.2820        13.98
      2.2830        13.94
      2.2840        13.95
      2.2850        13.94
      2.2860        13.97
      2.2870        14.02
      2.2880        14.06
      2.2890        13.97
      2.2900        13.90
      2.2910        13.94
      2.2920        13.94
      2.2930        13.92
      2.2940        14.06
      2.2950        14.06
      2.2960        13.99
      2.2970        14.03
      2.2980        14.02
      2.2990        13.97
      2.3000        13.95
      2.3010        13.87
      2.3020        13.82
      2.3030        13.89
      2.3040        13.83
      2.3050        13.85
      2.3060        13.75
      2.3070        13.71
      2.3080        13.75
      2.3090        13.78
      2.3100        13.77
      2.3110        13.74
      2.3120        13.75
      2.3130        13.84
      2.3140        14.34
      2.3150        14.27
      2.3160        13.83
      2.3170        13.78
      2.3180        13.87
      2.3190        13.84
      2.3200        13.84
      2.3210        13.83
      2.3220        13.85
      2.3230        13.79
      2.3240        13.89
      2.3250        13.85
      2.3260        13.97
      2.3270        14.03
      2.3280        13.97
      2.3290        13.95
      2.3300        14.08
      2.3310        14.09
      2.3320        14.18
      2.3330        14.13
      2.3340        14.15
      2.3350        14.60
      2.3360        14.09
      2.3370        14.15
      2.3380        14.19
      2.3390        14.24
      2.3400        14.29
      2.3410        14.29
      2.3420        14.30
      2.3430        14.35
      2.3440        14.29
      2.3450        14.36
      2.3460        14.33
      2.3470        14.34
      2.3480        14.38
      2.3490        14.42
      2.3500        14.37
      2.3510        14.38
      2.3520        14.36
      2.3530        14.37
      2.3540        14.32
      2.3550        14.38
      2.3560        14.41
      2.3570        14.93
      2.3580        14.85
      2.3590        14.82
      2.3600        14.90
      2.3610        14.85
      2.3620        14.93
      2.3630        14.90
      2.3640        14.94
      2.3650        14.82
      2.3660        14.78
      2.3670        14.74
      2.3680        14.74
      2.3690        14.79
      2.3700        14.30
      2.3710        14.32
      2.3720        14.34
      2.3730        14.33
      2.3740        14.37
      2.3750        14.38
      2.3760        14.42
      2.3770        14.46
      2.3780        14.45
      2.3790        14.45
      2.3800        14.46
      2.3810        14.58
      2.3820        14.58
      2.3830        14.57
      2.3840        14.50
      2.3850        14.57
      2.3860        14.56
      2.3870        14.55
      2.3880        14.53
      2.3890        14.52
      2.3900        14.53
      2.3910        14.45
      2.3920        14.41
      2.3930        14.53
      2.3940        15.04
      2.3950        14.57
      2.3960        14.55
      2.3970        14.47
      2.3980        14.45
      2.3990        14.40
      2.4000        14.40
      2.4010        14.38
      2.4020        14.38
      2.4030        14.44
      2.4040        14.40
      2.4050        14.42
      2.4060        14.38
      2.4070        14.40
      2.4080        14.43
      2.4090        14.45
      2.4100        14.42
      2.4110        14.50
      2.4120        14.52
      2.4130        14.44
      2.4140        14.40
      2.4150        14.36
      2.4160        14.32
      2.4170        14.37
      2.4180        14.37
      2.4190        14.39
      2.4200        14.36
      2.4210        14.35
      2.4220        14.33
      2.4230        14.32
      2.4240        14.32
      2.4250        14.35
      2.4260        14.36
      2.4270        14.85
      2.4280        14.81
      2.4290        14.78
      2.4300        14.73
      2.4310        14.70
      2.4320        14.66
      2.4330        14.72
      2.4340        14.69
      2.4350        14.72
      2.4360        14.91
      2.4370        14.93
      2.4380        14.93
      2.4390        15.03
      2.4400        14.97
      2.4410        14.96
      2.4420        15.01
      2.4430        15.08
      2.4440        15.10
      2.4450        15.08
      2.4460        15.10
      2.4470        15.07
      2.4480        15.14
      2.4490        15.06
      2.4500        15.10
      2.4510        15.08
      2.4520        15.08
      2.4530        15.05
      2.4540        15.21
      2.4550        15.20
      2.4560        15.08
      2.4570        15.13
      2.4580        15.16
      2.4590        15.06
      2.4600        15.10
      2.4610        15.12
      2.4620        15.14
      2.4630        14.43
      2.4640        14.47
      2.4650        14.48
      2.4660        14.40
      2.4670        14.41
      2.4680        14.38
      2.4690        14.41
      2.4700        14.42
      2.4710        14.42
      2.4720        14.37
      2.4730        14.39
      2.4740        14.36
      2.4750        14.36
      2.4760        14.29
      2.4770        14.21
      2.4780        14.24
      2.4790        14.76
      2.4800        14.20
      2.4810        14.65
      2.4820        14.61
      2.4830        14.80
      2.4840        14.73
      2.4850        14.76
      2.4860        14.86
      2.4870        14.98
      2.4880        15.04
      2.4890        14.96
      2.4900        15.01
      2.4910        14.99
      2.4920        15.01
      2.4930        14.99
      2.4940        14.98
      2.4950        15.01
      2.4960        15.01
      2.4970        14.99
      2.4980        15.14
      2.4990        15.15
      2.5000        15.21
      2.5010        15.30
      2.5020        15.25
      2.5030        15.22
      2.5040        15.32
      2.5050        15.24
      2.5060        14.67
      2.5070        14.69
      2.5080        14.57
      2.5090        14.60
      2.5100        14.52
      2.5110        14.52
      2.5120        14.48
      2.5130        14.45
      2.5140        14.42
      2.5150        14.33
      2.5160        14.33
      2.5170        14.25
      2.5180        14.17
      2.5190        14.13
      2.5200        14.18
      2.5210        14.22
      2.5220        14.25
      2.5230        14.23
      2.5240        14.19
      2.5250        14.71
      2.5260        14.76
      2.5270        14.74
      2.5280        14.78
      2.5290        14.90
      2.5300        14.89
      2.5310        14.94
      2.5320        14.89
      2.5330        14.94
      2.5340        14.93
      2.5350        14.94
      2.5360        15.04
      2.5370        15.10
      2.5380        15.10
      2.5390        15.13
      2.5400        15.09
      2.5410        14.58
      2.5420        14.56
      2.5430        14.55
      2.5440        14.56
      2.5450        14.63
      2.5460        14.59
      2.5470        14.60
      2.5480        14.54
      2.5490        14.41
      2.5500        14.36
      2.5510        14.45
      2.5520        14.53
      2.5530        14.62
      2.5540        14.55
      2.5550        14.62
      2.5560        14.55
      2.5570        14.55
      2.5580        14.54
      2.5590        14.56
      2.5600        14.52
      2.5610        14.40
      2.5620        14.37
      2.5630        14.41
      2.5640        14.43
      2.5650        14.45
      2.5660        14.48
      2.5670        14.48
      2.5680        15.03
      2.5690        15.07
      2.5700        14.59
      2.5710        14.58
      2.5720        14.58
      2.5730        14.47
      2.5740        14.52
      2.5750        14.45
      2.5760        14.40
      2.5770        14.40
      2.5780        14.38
      2.5790        14.32
      2.5800        14.29
      2.5810        14.38
      2.5820        14.36
      2.5830        14.38
      2.5840        14.42
      2.5850        14.33
      2.5860        14.32
      2.5870        14.28
      2.5880        14.25
      2.5890        14.30
      2.5900        14.34
      2.5910        14.33
      2.5920        14.34
      2.5930        14.37
      2.5940        14.41
      2.5950        14.90
      2.5960        14.85
      2.5970        14.85
      2.5980        14.85
      2.5990        14.92
      2.6000        14.96
      2.6010        14.88
      2.6020        14.86
      2.6030        14.73
      2.6040        14.73
      2.6050        14.65
      2.6060        14.10
      2.6070        14.05
      2.6080        14.66
      2.6090        14.05
      2.6100        14.07
      2.6110        14.63
      2.6120        14.66
      2.6130        14.14
      2.6140        14.07
      2.6150        14.10
      2.6160        14.15
      2.6170        14.23
      2.6180        14.29
      2.6190        14.31
      2.6200        14.38
      2.6210        14.30
      2.6220        14.37
      2.6230        14.39
      2.6240        14.28
      2.6250        14.41
      2.6260        14.40
      2.6270        14.45
      2.6280        14.34
      2.6290        14.40
      2.6300        14.37
      2.6310        14.35
      2.6320        14.29
      2.6330        14.28
      2.6340        14.32
      2.6350        14.31
      2.6360        14.34
      2.6370        14.30
      2.6380        14.25
      2.6390        14.22
      2.6400        14.17
      2.6410        14.27
      2.6420        14.30
      2.6430        14.30
      2.6440        14.31
      2.6450        14.21
      2.6460        14.30
      2.6470        14.33
      2.6480        14.38
      2.6490        14.41
      2.6500        14.36
      2.6510        14.30
      2.6520        14.26
      2.6530        14.25
      2.6540        14.27
      2.6550        14.26
      2.6560        14.28
      2.6570        14.25
      2.6580        14.24
      2.6590        14.18
      2.6600        14.23
      2.6610        14.17
      2.6620        14.13
      2.6630        14.08
      2.6640        14.17
      2.6650        14.14
      2.6660        14.08
      2.6670        14.01
      2.6680        14.06
      2.6690        14.00
      2.6700        14.56
      2.6710        14.63
      2.6720        14.64
      2.6730        14.64
      2.6740        14.55
      2.6750        14.51
      2.6760        14.42
      2.6770        14.34
      2.6780        14.39
      2.6790        14.44
      2.6800        13.94
      2.6810        13.90
      2.6820        14.32
      2.6830        14.38
      2.6840        14.35
      2.6850        14.41
      2.6860        13.86
      2.6870        13.94
      2.6880        14.37
      2.6890        13.85
      2.6900        13.80
      2.6910        13.75
      2.6920        13.82
      2.6930        13.82
      2.6940        13.87
      2.6950        13.98
      2.6960        14.01
      2.6970        14.06
      2.6980        14.06
      2.6990        14.15
      2.7000        14.13
      2.7010        14.17
      2.7020        14.22
      2.7030        14.18
      2.7040        14.14
      2.7050        14.14
      2.7060        14.70
      2.7070        14.75
      2.7080        14.84
      2.7090        14.90
      2.7100        14.37
      2.7110        14.87
      2.7120        14.32
      2.7130        14.34
      2.7140        14.28
      2.7150        14.14
      2.7160        14.21
      2.7170        14.18
      2.7180        14.14
      2.7190        14.05
      2.7200        14.07
      2.7210        14.10
      2.7220        14.12
      2.7230        14.24
      2.7240        14.25
      2.7250        14.21
      2.7260        14.25
      2.7270        14.23
      2.7280        14.29
      2.7290        14.31
      2.7300        14.37
      2.7310        14.41
      2.7320        14.33
      2.7330        14.80
      2.7340        14.83
      2.7350        14.92
      2.7360        14.95
      2.7370        14.91
      2.7380        14.94
      2.7390        14.86
      2.7400        14.80
      2.7410        14.76
      2.7420        14.77
      2.7430        14.74
      2.7440        14.81
      2.7450        14.93
      2.7460        14.91
      2.7470        14.81
      2.7480        14.62
      2.7490        14.56
      2.7500        14.50
      2.7510        14.47
      2.7520        14.51
      2.7530        14.52
      2.7540        14.51
      2.7550        14.48
      2.7560        14.41
      2.7570        14.53
      2.7580        14.55
      2.7590        14.56
      2.7600        14.60
      2.7610        14.57
      2.7620        14.66
      2.7630        14.67
      2.7640        14.60
      2.7650        14.55
      2.7660        14.51
      2.7670        14.48
      2.7680        14.51
      2.7690        14.51
      2.7700        14.54
      2.7710        14.58
      2.7720        14.62
      2.7730        14.51
      2.7740        14.00
      2.7750        14.05
      2.7760        13.98
      2.7770        13.94
      2.7780        13.96
      2.7790        14.01
      2.7800        14.05
      2.7810        14.09
      2.7820        14.02
      2.7830        13.94
      2.7840        13.97
      2.7850        13.92
      2.7860        14.03
      2.7870        14.10
      2.7880        14.06
      2.7890        14.07
      2.7900        14.14
      2.7910        14.14
      2.7920        14.12
      2.7930        14.14
      2.7940        14.17
      2.7950        14.64
      2.7960        14.66
      2.7970        14.73
      2.7980        14.71
      2.7990        14.67
      2.8000        14.61
      2.8010        14.13
      2.8020        14.10
      2.8030        14.14
      2.8040        14.06
      2.8050        14.11
      2.8060        14.05
      2.8070        14.01
      2.8080        14.08
      2.8090        14.06
      2.8100        13.95
      2.8110        13.93
      2.8120        13.94
      2.8130        13.93
      2.8140        14.02
      2.8150        14.06
      2.8160        14.10
      2.8170        14.15
      2.8180        14.17
      2.8190        14.22
      2.8200        14.20
      2.8210        14.18
      2.8220        14.28
      2.8230        14.32
      2.8240        14.39
      2.8250        14.38
      2.8260        14.34
      2.8270        14.41
      2.8280        14.45
      2.8290        14.48
      2.8300        14.53
      2.8310        14.56
      2.8320        14.53
      2.8330        14.47
      2.8340        14.41
      2.8350        14.41
      2.8360        14.38
      2.8370        14.30
      2.8380        14.29
      2.8390        14.24
      2.8400        14.29
      2.8410        14.41
      2.8420        14.34
      2.8430        14.37
      2.8440        14.34
      2.8450        14.92
      2.8460        15.02
      2.8470        14.99
      2.8480        14.99
      2.8490        14.91
      2.8500        14.90
      2.8510        14.80
      2.8520        14.84
      2.8530        14.95
      2.8540        14.85
      2.8550        14.81
      2.8560        14.91
      2.8570        14.95
      2.8580        14.96
      2.8590        14.89
      2.8600        14.86
      2.8610        14.66
      2.8620        14.81
      2.8630        14.77
      2.8640        14.85
      2.8650        14.88
      2.8660        14.85
      2.8670        14.76
      2.8680        14.78
      2.8690        14.84
      2.8700        14.94
      2.8710        15.00
      2.8720        14.95
      2.8730        14.94
      2.8740        14.98
      2.8750        15.03
      2.8760        15.05
      2.8770        15.09
      2.8780        15.14
      2.8790        15.21
      2.8800        15.14
      2.8810        15.14
      2.8820        14.94
      2.8830        14.80
      2.8840        14.71
      2.8850        14.19
      2.8860        14.14
      2.8870        14.17
      2.8880        14.68
      2.8890        14.14
      2.8900        14.09
      2.8910        14.08
      2.8920        14.10
      2.8930        14.16
      2.8940        14.22
      2.8950        14.21
      2.8960        14.22
      2.8970        14.05
      2.8980        14.10
      2.8990        14.06
      2.9000        13.99
      2.9010        13.96
      2.9020        14.03
      2.9030        14.18
      2.9040        14.18
      2.9050        14.12
      2.9060        14.23
      2.9070        14.72
      2.9080        14.26
      2.9090        14.83
      2.9100        14.87
      2.9110        14.86
      2.9120        14.90
      2.9130        14.90
      2.9140        14.83
      2.9150        14.85
      2.9160        14.75
      2.9170        14.82
      2.9180        14.84
      2.9190        14.35
      2.9200        14.43
      2.9210        14.49
      2.9220        15.08
      2.9230        14.98
      2.9240        15.00
      2.9250        14.98
      2.9260        14.92
      2.9270        14.40
      2.9280        14.41
      2.9290        14.39
      2.9300        14.37
      2.9310        14.37
      2.9320        14.42
      2.9330        14.53
      2.9340        14.64
      2.9350        14.61
      2.9360        14.66
      2.9370        15.13
      2.9380        15.10
      2.9390        15.14
      2.9400        15.06
      2.9410        15.02
      2.9420        14.89
      2.9430        15.00
      2.9440        15.02
      2.9450        14.97
      2.9460        14.93
      2.9470        14.92
      2.9480        14.82
      2.9490        14.86
      2.9500        14.91
      2.9510        14.85
      2.9520        14.32
      2.9530        14.20
      2.9540        14.16
      2.9550        14.61
      2.9560        14.09
      2.9570        14.13
      2.9580        14.07
      2.9590        14.10
      2.9600        14.18
      2.9610        14.22
      2.9620        14.29
      2.9630        14.23
      2.9640        14.23
      2.9650        14.24
      2.9660        14.37
      2.9670        14.34
      2.9680        14.33
      2.9690        14.37
      2.9700        14.30
      2.9710        14.25
      2.9720        14.76
      2.9730        14.78
      2.9740        14.74
      2.9750        14.28
      2.9760        14.17
      2.9770        14.17
      2.9780        14.70
      2.9790        14.15
      2.9800        14.17
      2.9810        14.72
      2.9820        14.66
      2.9830        14.74
      2.9840        14.73
      2.9850        14.74
      2.9860        14.81
      2.9870        14.85
      2.9880        14.82
      2.9890        14.61
      2.9900        14.56
      2.9910        14.64
      2.9920        14.62
      2.9930        14.61
      2.9940        14.63
      2.9950        14.61
      2.9960        14.71
      2.9970        14.71
      2.9980        14.64
      2.9990        14.69
