        Time   Palpation Force
      0.0000         1.00
      0.0010         1.00
      0.0020         1.00
      0.0030         1.00
      0.0040         1.00
      0.0050         1.00
      0.0060         1.00
      0.0070         1.00
      0.0080         1.00
      0.0090         1.00
      0.0100         1.00
      0.0110         1.00
      0.0120         1.00
      0.0130         1.00
      0.0140         1.00
      0.0150         1.00
      0.0160         1.00
      0.0170         1.00
      0.0180         1.00
      0.0190         1.00
      0.0200         1.00
      0.0210         1.00
      0.0220         1.00
      0.0230         1.00
      0.0240         1.00
      0.0250         1.00
      0.0260         1.00
      0.0270         1.00
      0.0280         1.00
      0.0290         1.00
      0.0300         1.00
      0.0310         1.00
      0.0320         1.00
      0.0330         1.00
      0.0340         1.00
      0.0350         1.00
      0.0360         1.00
      0.0370         1.00
      0.0380         1.00
      0.0390         1.00
      0.0400         1.00
      0.0410         1.00
      0.0420         1.00
      0.0430         1.00
      0.0440         1.00
      0.0450         1.00
      0.0460         1.00
      0.0470         1.00
      0.0480         1.00
      0.0490         1.00
      0.0500         1.00
      0.0510         1.00
      0.0520         1.00
      0.0530         1.00
      0.0540         1.00
      0.0550         1.00
      0.0560         1.00
      0.0570         1.00
      0.0580         1.00
      0.0590         1.00
      0.0600         1.00
      0.0610         1.00
      0.0620         1.00
      0.0630         1.00
      0.0640         1.00
      0.0650         1.00
      0.0660         1.00
      0.0670         1.00
      0.0680         1.00
      0.0690         1.00
      0.0700         1.00
      0.0710         1.00
      0.0720         1.00
      0.0730         1.00
      0.0740         1.00
      0.0750         1.00
      0.0760         1.00
      0.0770         1.00
      0.0780         1.00
      0.0790         1.00
      0.0800         1.00
      0.0810         1.00
      0.0820         1.00
      0.0830         1.00
      0.0840         1.00
      0.0850         1.00
      0.0860         1.00
      0.0870         1.00
      0.0880         1.00
      0.0890         1.00
      0.0900         1.00
      0.0910         1.00
      0.0920         1.00
      0.0930         1.00
      0.0940         1.00
      0.0950         1.00
      0.0960         1.00
      0.0970         1.00
      0.0980         1.00
      0.0990         1.00
      0.1000         1.00
      0.1010         1.00
      0.1020         1.00
      0.1030         1.00
      0.1040         1.00
      0.1050         1.00
      0.1060         1.00
      0.1070         1.00
      0.1080         1.00
      0.1090         1.00
      0.1100         1.00
      0.1110         1.00
      0.1120         1.00
      0.1130         1.00
      0.1140         1.00
      0.1150         1.00
      0.1160         1.00
      0.1170         1.00
      0.1180         1.00
      0.1190         1.00
      0.1200         1.00
      0.1210         1.00
      0.1220         1.00
      0.1230         1.00
      0.1240         1.00
      0.1250         1.00
      0.1260         1.00
      0.1270         1.00
      0.1280         1.00
      0.1290         1.00
      0.1300         1.00
      0.1310         1.00
      0.1320         1.00
      0.1330         1.00
      0.1340         1.00
      0.1350         1.00
      0.1360         1.00
      0.1370         1.00
      0.1380         1.00
      0.1390         1.00
      0.1400         1.00
      0.1410         1.00
      0.1420         1.00
      0.1430         1.00
      0.1440         1.00
      0.1450         1.00
      0.1460         1.00
      0.1470         1.00
      0.1480         1.00
      0.1490         1.00
      0.1500         1.00
      0.1510         1.00
      0.1520         1.00
      0.1530         1.00
      0.1540         1.00
      0.1550         1.00
      0.1560         1.00
      0.1570         1.00
      0.1580         1.00
      0.1590         1.00
      0.1600         1.00
      0.1610         1.00
      0.1620         1.00
      0.1630         1.00
      0.1640         1.00
      0.1650         1.00
      0.1660         1.00
      0.1670         1.00
      0.1680         1.00
      0.1690         1.00
      0.1700         1.00
      0.1710         1.00
      0.1720         1.00
      0.1730         1.00
      0.1740         1.00
      0.1750         1.00
      0.1760         1.00
      0.1770         1.00
      0.1780         1.00
      0.1790         1.00
      0.1800         1.00
      0.1810         1.00
      0.1820         1.00
      0.1830         1.00
      0.1840         1.00
      0.1850         1.00
      0.1860         1.00
      0.1870         1.00
      0.1880         1.00
      0.1890         1.00
      0.1900         1.00
      0.1910         1.00
      0.1920         1.00
      0.1930         1.00
      0.1940         1.00
      0.1950         1.00
      0.1960         1.00
      0.1970         1.00
      0.1980         1.00
      0.1990         1.00
      0.2000         1.00
      0.2010         1.00
      0.2020         1.00
      0.2030         1.00
      0.2040         1.00
      0.2050         1.00
      0.2060         1.00
      0.2070         1.00
      0.2080         1.00
      0.2090         1.00
      0.2100         1.00
      0.2110         1.00
      0.2120         1.00
      0.2130         1.00
      0.2140         1.00
      0.2150         1.00
      0.2160         1.00
      0.2170         1.00
      0.2180         1.00
      0.2190         1.00
      0.2200         1.00
      0.2210         1.00
      0.2220         1.00
      0.2230         1.00
      0.2240         1.00
      0.2250         1.00
      0.2260         1.00
      0.2270         1.00
      0.2280         1.00
      0.2290         1.00
      0.2300         1.00
      0.2310         1.00
      0.2320         1.00
      0.2330         1.00
      0.2340         1.00
      0.2350         1.00
      0.2360         1.00
      0.2370         1.00
      0.2380         1.00
      0.2390         1.00
      0.2400         1.00
      0.2410         1.00
      0.2420         1.00
      0.2430         1.00
      0.2440         1.00
      0.2450         1.00
      0.2460         1.00
      0.2470         1.00
      0.2480         1.00
      0.2490         1.00
      0.2500         1.00
      0.2510         1.00
      0.2520         1.00
      0.2530         1.00
      0.2540         1.00
      0.2550         1.00
      0.2560         1.00
      0.2570         1.00
      0.2580         1.00
      0.2590         1.00
      0.2600         1.00
      0.2610         1.00
      0.2620         1.00
      0.2630         1.00
      0.2640         1.00
      0.2650         1.00
      0.2660         1.00
      0.2670         1.00
      0.2680         1.00
      0.2690         1.00
      0.2700         1.00
      0.2710         1.00
      0.2720         1.00
      0.2730         1.00
      0.2740         1.00
      0.2750         1.00
      0.2760         1.00
      0.2770         1.00
      0.2780         1.00
      0.2790         1.00
      0.2800         1.00
      0.2810         1.00
      0.2820         1.00
      0.2830         1.00
      0.2840         1.00
      0.2850         1.00
      0.2860         1.00
      0.2870         1.00
      0.2880         1.00
      0.2890         1.00
      0.2900         1.00
      0.2910         1.00
      0.2920         1.00
      0.2930         1.00
      0.2940         1.00
      0.2950         1.00
      0.2960         1.00
      0.2970         1.00
      0.2980         1.00
      0.2990         1.00
      0.3000         1.00
      0.3010         1.00
      0.3020         1.00
      0.3030         1.00
      0.3040         1.00
      0.3050         1.00
      0.3060         1.00
      0.3070         1.00
      0.3080         1.00
      0.3090         1.00
      0.3100         1.00
      0.3110         1.00
      0.3120         1.00
      0.3130         1.00
      0.3140         1.00
      0.3150         1.00
      0.3160         1.00
      0.3170         1.00
      0.3180         1.00
      0.3190         1.00
      0.3200         1.00
      0.3210         1.00
      0.3220         1.00
      0.3230         1.00
      0.3240         1.00
      0.3250         1.00
      0.3260         1.00
      0.3270         1.00
      0.3280         1.00
      0.3290         1.00
      0.3300         1.00
      0.3310         1.00
      0.3320         1.00
      0.3330         1.00
      0.3340         1.00
      0.3350         1.00
      0.3360         1.00
      0.3370         1.00
      0.3380         1.00
      0.3390         1.00
      0.3400         1.00
      0.3410         1.00
      0.3420         1.00
      0.3430         1.00
      0.3440         1.00
      0.3450         1.00
      0.3460         1.00
      0.3470         1.00
      0.3480         1.00
      0.3490         1.00
      0.3500         1.00
      0.3510         1.00
      0.3520         1.00
      0.3530         1.00
      0.3540         1.00
      0.3550         1.00
      0.3560         1.00
      0.3570         1.00
      0.3580         1.00
      0.3590         1.00
      0.3600         1.00
      0.3610         1.00
      0.3620         1.00
      0.3630         1.00
      0.3640         1.00
      0.3650         1.00
      0.3660         1.00
      0.3670         1.00
      0.3680         1.00
      0.3690         1.00
      0.3700         1.00
      0.3710         1.00
      0.3720         1.00
      0.3730         1.00
      0.3740         1.00
      0.3750         1.00
      0.3760         1.00
      0.3770         1.00
      0.3780         1.00
      0.3790         1.00
      0.3800         1.00
      0.3810         1.00
      0.3820         1.00
      0.3830         1.00
      0.3840         1.00
      0.3850         1.00
      0.3860         1.00
      0.3870         1.00
      0.3880         1.00
      0.3890         1.00
      0.3900         1.00
      0.3910         1.00
      0.3920         1.00
      0.3930         1.00
      0.3940         1.00
      0.3950         1.00
      0.3960         1.00
      0.3970         1.00
      0.3980         1.00
      0.3990         1.00
      0.4000         1.00
      0.4010         1.00
      0.4020         1.00
      0.4030         1.00
      0.4040         1.00
      0.4050         1.00
      0.4060         1.00
      0.4070         1.00
      0.4080         1.00
      0.4090         1.00
      0.4100         1.00
      0.4110         1.00
      0.4120         1.00
      0.4130         1.00
      0.4140         1.00
      0.4150         1.00
      0.4160         1.00
      0.4170         1.00
      0.4180         1.00
      0.4190         1.00
      0.4200         1.00
      0.4210         1.00
      0.4220         1.00
      0.4230         1.00
      0.4240         1.00
      0.4250         1.00
      0.4260         1.00
      0.4270         1.00
      0.4280         1.00
      0.4290         1.00
      0.4300         1.00
      0.4310         1.00
      0.4320         1.00
      0.4330         1.00
      0.4340         1.00
      0.4350         1.00
      0.4360         1.00
      0.4370         1.00
      0.4380         1.00
      0.4390         1.00
      0.4400         1.00
      0.4410         1.00
      0.4420         1.00
      0.4430         1.00
      0.4440         1.00
      0.4450         1.00
      0.4460         1.00
      0.4470         1.00
      0.4480         1.00
      0.4490         1.00
      0.4500         1.00
      0.4510         1.00
      0.4520         1.00
      0.4530         1.00
      0.4540         1.00
      0.4550         1.00
      0.4560         1.00
      0.4570         1.00
      0.4580         1.00
      0.4590         1.00
      0.4600         1.00
      0.4610         1.00
      0.4620         1.00
      0.4630         1.00
      0.4640         1.00
      0.4650         1.00
      0.4660         1.00
      0.4670         1.00
      0.4680         1.00
      0.4690         1.00
      0.4700         1.00
      0.4710         1.00
      0.4720         1.00
      0.4730         1.00
      0.4740         1.00
      0.4750         1.00
      0.4760         1.00
      0.4770         1.00
      0.4780         1.00
      0.4790         1.00
      0.4800         1.00
      0.4810         1.00
      0.4820         1.00
      0.4830         1.00
      0.4840         1.00
      0.4850         1.00
      0.4860         1.00
      0.4870         1.00
      0.4880         1.00
      0.4890         1.00
      0.4900         1.00
      0.4910         1.00
      0.4920         1.00
      0.4930         1.00
      0.4940         1.00
      0.4950         1.00
      0.4960         1.00
      0.4970         1.00
      0.4980         1.00
      0.4990         1.00
      0.5000         1.00
      0.5010         1.00
      0.5020         1.00
      0.5030         1.00
      0.5040         1.00
      0.5050         1.00
      0.5060         1.00
      0.5070         1.00
      0.5080         1.00
      0.5090         1.00
      0.5100         1.00
      0.5110         1.00
      0.5120         1.00
      0.5130         1.00
      0.5140         1.00
      0.5150         1.00
      0.5160         1.00
      0.5170         1.00
      0.5180         1.00
      0.5190         1.00
      0.5200         1.00
      0.5210         1.00
      0.5220         1.00
      0.5230         1.00
      0.5240         1.00
      0.5250         1.00
      0.5260         1.00
      0.5270         1.00
      0.5280         1.00
      0.5290         1.00
      0.5300         1.00
      0.5310         1.00
      0.5320         1.00
      0.5330         1.00
      0.5340         1.00
      0.5350         1.00
      0.5360         1.00
      0.5370         1.00
      0.5380         1.00
      0.5390         1.00
      0.5400         1.00
      0.5410         1.00
      0.5420         1.00
      0.5430         1.00
      0.5440         1.00
      0.5450         1.00
      0.5460         1.00
      0.5470         1.00
      0.5480         1.00
      0.5490         1.00
      0.5500         1.00
      0.5510         1.00
      0.5520         1.00
      0.5530         1.00
      0.5540         1.00
      0.5550         1.00
      0.5560         1.00
      0.5570         1.00
      0.5580         1.00
      0.5590         1.00
      0.5600         1.00
      0.5610         1.00
      0.5620         1.00
      0.5630         1.00
      0.5640         1.00
      0.5650         1.00
      0.5660         1.00
      0.5670         1.00
      0.5680         1.00
      0.5690         1.00
      0.5700         1.00
      0.5710         1.00
      0.5720         1.00
      0.5730         1.00
      0.5740         1.00
      0.5750         1.00
      0.5760         1.00
      0.5770         1.00
      0.5780         1.00
      0.5790         1.00
      0.5800         1.00
      0.5810         1.00
      0.5820         1.00
      0.5830         1.00
      0.5840         1.00
      0.5850         1.00
      0.5860         1.00
      0.5870         1.00
      0.5880         1.00
      0.5890         1.00
      0.5900         1.00
      0.5910         1.00
      0.5920         1.00
      0.5930         1.00
      0.5940         1.00
      0.5950         1.00
      0.5960         1.00
      0.5970         1.00
      0.5980         1.00
      0.5990         1.00
      0.6000         1.00
      0.6010         1.00
      0.6020         1.00
      0.6030         1.00
      0.6040         1.00
      0.6050         1.00
      0.6060         1.00
      0.6070         1.00
      0.6080         1.00
      0.6090         1.00
      0.6100         1.00
      0.6110         1.00
      0.6120         1.00
      0.6130         1.00
      0.6140         1.00
      0.6150         1.00
      0.6160         1.00
      0.6170         1.00
      0.6180         1.00
      0.6190         1.00
      0.6200         1.00
      0.6210         1.00
      0.6220         1.00
      0.6230         1.00
      0.6240         1.00
      0.6250         1.00
      0.6260         1.00
      0.6270         1.00
      0.6280         1.00
      0.6290         1.00
      0.6300         1.00
      0.6310         1.00
      0.6320         1.00
      0.6330         1.00
      0.6340         1.00
      0.6350         1.00
      0.6360         1.00
      0.6370         1.00
      0.6380         1.00
      0.6390         1.00
      0.6400         1.00
      0.6410         1.00
      0.6420         1.00
      0.6430         1.00
      0.6440         1.00
      0.6450         1.00
      0.6460         1.00
      0.6470         1.00
      0.6480         1.00
      0.6490         1.00
      0.6500         1.00
      0.6510         1.00
      0.6520         1.00
      0.6530         1.00
      0.6540         1.00
      0.6550         1.00
      0.6560         1.00
      0.6570         1.00
      0.6580         1.00
      0.6590         1.00
      0.6600         1.00
      0.6610         1.00
      0.6620         1.00
      0.6630         1.00
      0.6640         1.00
      0.6650         1.00
      0.6660         1.00
      0.6670         1.00
      0.6680         1.00
      0.6690         1.00
      0.6700         1.00
      0.6710         1.00
      0.6720         1.00
      0.6730         1.00
      0.6740         1.00
      0.6750         1.00
      0.6760         1.00
      0.6770         1.00
      0.6780         1.00
      0.6790         1.00
      0.6800         1.00
      0.6810         1.00
      0.6820         1.00
      0.6830         1.00
      0.6840         1.00
      0.6850         1.00
      0.6860         1.00
      0.6870         1.00
      0.6880         1.00
      0.6890         1.00
      0.6900         1.00
      0.6910         1.00
      0.6920         1.00
      0.6930         1.00
      0.6940         1.00
      0.6950         1.00
      0.6960         1.00
      0.6970         1.00
      0.6980         1.00
      0.6990         1.00
      0.7000         1.00
      0.7010         1.00
      0.7020         1.00
      0.7030         1.00
      0.7040         1.00
      0.7050         1.00
      0.7060         1.00
      0.7070         1.00
      0.7080         1.00
      0.7090         1.00
      0.7100         1.00
      0.7110         1.00
      0.7120         1.00
      0.7130         1.00
      0.7140         1.00
      0.7150         1.00
      0.7160         1.00
      0.7170         1.00
      0.7180         1.00
      0.7190         1.00
      0.7200         1.00
      0.7210         1.00
      0.7220         1.00
      0.7230         1.00
      0.7240         1.00
      0.7250         1.00
      0.7260         1.00
      0.7270         1.00
      0.7280         1.00
      0.7290         1.00
      0.7300         1.00
      0.7310         1.00
      0.7320         1.00
      0.7330         1.00
      0.7340         1.00
      0.7350         1.00
      0.7360         1.00
      0.7370         1.00
      0.7380         1.00
      0.7390         1.00
      0.7400         1.00
      0.7410         1.00
      0.7420         1.00
      0.7430         1.00
      0.7440         1.00
      0.7450         1.00
      0.7460         1.00
      0.7470         1.00
      0.7480         1.00
      0.7490         1.00
      0.7500         1.00
      0.7510         1.00
      0.7520         1.00
      0.7530         1.00
      0.7540         1.00
      0.7550         1.00
      0.7560         1.00
      0.7570         1.00
      0.7580         1.00
      0.7590         1.00
      0.7600         1.00
      0.7610         1.00
      0.7620         1.00
      0.7630         1.00
      0.7640         1.00
      0.7650         1.00
      0.7660         1.00
      0.7670         1.00
      0.7680         1.00
      0.7690         1.00
      0.7700         1.00
      0.7710         1.00
      0.7720         1.00
      0.7730         1.00
      0.7740         1.00
      0.7750         1.00
      0.7760         1.00
      0.7770         1.00
      0.7780         1.00
      0.7790         1.00
      0.7800         1.00
      0.7810         1.00
      0.7820         1.00
      0.7830         1.00
      0.7840         1.00
      0.7850         1.00
      0.7860         1.00
      0.7870         1.00
      0.7880         1.00
      0.7890         1.00
      0.7900         1.00
      0.7910         1.00
      0.7920         1.00
      0.7930         1.00
      0.7940         1.00
      0.7950         1.00
      0.7960         1.00
      0.7970         1.00
      0.7980         1.00
      0.7990         1.00
      0.8000         1.00
      0.8010         1.00
      0.8020         1.00
      0.8030         1.00
      0.8040         1.00
      0.8050         1.00
      0.8060         1.00
      0.8070         1.00
      0.8080         1.00
      0.8090         1.00
      0.8100         1.00
      0.8110         1.00
      0.8120         1.00
      0.8130         1.00
      0.8140         1.00
      0.8150         1.00
      0.8160         1.00
      0.8170         1.00
      0.8180         1.00
      0.8190         1.00
      0.8200         1.00
      0.8210         1.00
      0.8220         1.00
      0.8230         1.00
      0.8240         1.00
      0.8250         1.00
      0.8260         1.00
      0.8270         1.00
      0.8280         1.00
      0.8290         1.00
      0.8300         1.00
      0.8310         1.00
      0.8320         1.00
      0.8330         1.00
      0.8340         1.00
      0.8350         1.00
      0.8360         1.00
      0.8370         1.00
      0.8380         1.00
      0.8390         1.00
      0.8400         1.00
      0.8410         1.00
      0.8420         1.00
      0.8430         1.00
      0.8440         1.00
      0.8450         1.00
      0.8460         1.00
      0.8470         1.00
      0.8480         1.00
      0.8490         1.00
      0.8500         1.00
      0.8510         1.00
      0.8520         1.00
      0.8530         1.00
      0.8540         1.00
      0.8550         1.00
      0.8560         1.00
      0.8570         1.00
      0.8580         1.00
      0.8590         1.00
      0.8600         1.00
      0.8610         1.00
      0.8620         1.00
      0.8630         1.00
      0.8640         1.00
      0.8650         1.00
      0.8660         1.00
      0.8670         1.00
      0.8680         1.00
      0.8690         1.00
      0.8700         1.00
      0.8710         1.00
      0.8720         1.00
      0.8730         1.00
      0.8740         1.00
      0.8750         1.00
      0.8760         1.00
      0.8770         1.00
      0.8780         1.00
      0.8790         1.00
      0.8800         1.00
      0.8810         1.00
      0.8820         1.00
      0.8830         1.00
      0.8840         1.00
      0.8850         1.00
      0.8860         1.00
      0.8870         1.00
      0.8880         1.00
      0.8890         1.00
      0.8900         1.00
      0.8910         1.00
      0.8920         1.00
      0.8930         1.00
      0.8940         1.00
      0.8950         1.00
      0.8960         1.00
      0.8970         1.00
      0.8980         1.00
      0.8990         1.00
      0.9000         1.00
      0.9010         1.00
      0.9020         1.00
      0.9030         1.00
      0.9040         1.00
      0.9050         1.00
      0.9060         1.00
      0.9070         1.00
      0.9080         1.00
      0.9090         1.00
      0.9100         1.00
      0.9110         1.00
      0.9120         1.00
      0.9130         1.00
      0.9140         1.00
      0.9150         1.00
      0.9160         1.00
      0.9170         1.00
      0.9180         1.00
      0.9190         1.00
      0.9200         1.00
      0.9210         1.00
      0.9220         1.00
      0.9230         1.00
      0.9240         1.00
      0.9250         1.00
      0.9260         1.00
      0.9270         1.00
      0.9280         1.00
      0.9290         1.00
      0.9300         1.00
      0.9310         1.00
      0.9320         1.00
      0.9330         1.00
      0.9340         1.00
      0.9350         1.00
      0.9360         1.00
      0.9370         1.00
      0.9380         1.00
      0.9390         1.00
      0.9400         1.00
      0.9410         1.00
      0.9420         1.00
      0.9430         1.00
      0.9440         1.00
      0.9450         1.00
      0.9460         1.00
      0.9470         1.00
      0.9480         1.00
      0.9490         1.00
      0.9500         1.00
      0.9510         1.00
      0.9520         1.00
      0.9530         1.00
      0.9540         1.00
      0.9550         1.00
      0.9560         1.00
      0.9570         1.00
      0.9580         1.00
      0.9590         1.00
      0.9600         1.00
      0.9610         1.00
      0.9620         1.00
      0.9630         1.00
      0.9640         1.00
      0.9650         1.00
      0.9660         1.00
      0.9670         1.00
      0.9680         1.00
      0.9690         1.00
      0.9700         1.00
      0.9710         1.00
      0.9720         1.00
      0.9730         1.00
      0.9740         1.00
      0.9750         1.00
      0.9760         1.00
      0.9770         1.00
      0.9780         1.00
      0.9790         1.00
      0.9800         1.00
      0.9810         1.00
      0.9820         1.00
      0.9830         1.00
      0.9840         1.00
      0.9850         1.00
      0.9860         1.00
      0.9870         1.00
      0.9880         1.00
      0.9890         1.00
      0.9900         1.00
      0.9910         1.00
      0.9920         1.00
      0.9930         1.00
      0.9940         1.00
      0.9950         1.00
      0.9960         1.00
      0.9970         1.00
      0.9980         1.00
      0.9990         1.00
      1.0000         1.00
      1.0010         1.00
      1.0020         1.00
      1.0030         1.00
      1.0040         1.00
      1.0050         1.00
      1.0060         1.00
      1.0070         1.00
      1.0080         1.00
      1.0090         1.00
      1.0100         1.00
      1.0110         1.00
      1.0120         1.00
      1.0130         1.00
      1.0140         1.00
      1.0150         1.00
      1.0160         1.00
      1.0170         1.00
      1.0180         1.00
      1.0190         1.00
      1.0200         1.00
      1.0210         1.00
      1.0220         1.00
      1.0230         1.00
      1.0240         1.00
      1.0250         1.00
      1.0260         1.00
      1.0270         1.00
      1.0280         1.00
      1.0290         1.00
      1.0300         1.00
      1.0310         1.00
      1.0320         1.00
      1.0330         1.00
      1.0340         1.00
      1.0350         1.00
      1.0360         1.00
      1.0370         1.00
      1.0380         1.00
      1.0390         1.00
      1.0400         1.00
      1.0410         1.00
      1.0420         1.00
      1.0430         1.00
      1.0440         1.00
      1.0450         1.00
      1.0460         1.00
      1.0470         1.00
      1.0480         1.00
      1.0490         1.00
      1.0500         1.00
      1.0510         1.00
      1.0520         1.00
      1.0530         1.00
      1.0540         1.00
      1.0550         1.00
      1.0560         1.00
      1.0570         1.00
      1.0580         1.00
      1.0590         1.00
      1.0600         1.00
      1.0610         1.00
      1.0620         1.00
      1.0630         1.00
      1.0640         1.00
      1.0650         1.00
      1.0660         1.00
      1.0670         1.00
      1.0680         1.00
      1.0690         1.00
      1.0700         1.00
      1.0710         1.00
      1.0720         1.00
      1.0730         1.00
      1.0740         1.00
      1.0750         1.00
      1.0760         1.00
      1.0770         1.00
      1.0780         1.00
      1.0790         1.00
      1.0800         1.00
      1.0810         1.00
      1.0820         1.00
      1.0830         1.00
      1.0840         1.00
      1.0850         1.00
      1.0860         1.00
      1.0870         1.00
      1.0880         1.00
      1.0890         1.00
      1.0900         1.00
      1.0910         1.00
      1.0920         1.00
      1.0930         1.00
      1.0940         1.00
      1.0950         1.00
      1.0960         1.00
      1.0970         1.00
      1.0980         1.00
      1.0990         1.00
      1.1000         1.00
      1.1010         1.00
      1.1020         1.00
      1.1030         1.00
      1.1040         1.00
      1.1050         1.00
      1.1060         1.00
      1.1070         1.00
      1.1080         1.00
      1.1090         1.00
      1.1100         1.00
      1.1110         1.00
      1.1120         1.00
      1.1130         1.06
      1.1140         1.13
      1.1150         1.21
      1.1160         1.32
      1.1170         1.43
      1.1180         1.58
      1.1190         1.73
      1.1200         1.79
      1.1210         1.85
      1.1220         1.93
      1.1230         2.00
      1.1240         2.03
      1.1250         2.15
      1.1260         2.22
      1.1270         2.27
      1.1280         2.34
      1.1290         2.38
      1.1300         3.01
      1.1310         3.17
      1.1320         3.34
      1.1330         3.34
      1.1340         3.42
      1.1350         3.99
      1.1360         4.07
      1.1370         4.24
      1.1380         4.28
      1.1390         4.35
      1.1400         4.51
      1.1410         4.63
      1.1420         4.80
      1.1430         4.99
      1.1440         5.04
      1.1450         5.16
      1.1460         5.23
      1.1470         5.35
      1.1480         5.41
      1.1490         5.60
      1.1500         5.65
      1.1510         5.71
      1.1520         5.71
      1.1530         5.83
      1.1540         5.94
      1.1550         5.98
      1.1560         6.05
      1.1570         5.56
      1.1580         6.14
      1.1590         5.70
      1.1600         6.37
      1.1610         6.60
      1.1620         6.63
      1.1630         6.71
      1.1640         6.84
      1.1650         6.94
      1.1660         6.98
      1.1670         7.14
      1.1680         7.27
      1.1690         7.45
      1.1700         7.56
      1.1710         7.66
      1.1720         7.74
      1.1730         7.87
      1.1740         7.98
      1.1750         8.10
      1.1760         8.18
      1.1770         8.25
      1.1780         8.40
      1.1790         8.49
      1.1800         8.48
      1.1810         8.48
      1.1820         8.62
      1.1830         8.74
      1.1840         8.90
      1.1850         9.01
      1.1860         9.16
      1.1870         9.27
      1.1880         9.40
      1.1890         9.48
      1.1900         9.60
      1.1910         9.72
      1.1920         9.79
      1.1930        10.01
      1.1940        10.13
      1.1950        10.21
      1.1960        10.38
      1.1970        10.57
      1.1980        10.71
      1.1990        10.83
      1.2000        11.00
      1.2010        11.18
      1.2020        11.26
      1.2030        11.36
      1.2040        11.37
      1.2050        11.53
      1.2060        11.63
      1.2070        11.73
      1.2080        11.81
      1.2090        11.90
      1.2100        12.07
      1.2110        12.15
      1.2120        12.36
      1.2130        12.41
      1.2140        12.54
      1.2150        12.69
      1.2160        12.84
      1.2170        12.92
      1.2180        12.96
      1.2190        13.16
      1.2200        13.28
      1.2210        13.32
      1.2220        13.50
      1.2230        13.59
      1.2240        13.80
      1.2250        13.89
      1.2260        14.13
      1.2270        14.18
      1.2280        14.29
      1.2290        14.43
      1.2300        14.39
      1.2310        14.52
      1.2320        14.64
      1.2330        14.79
      1.2340        14.89
      1.2350        15.01
      1.2360        15.13
      1.2370        15.16
      1.2380        15.21
      1.2390        15.26
      1.2400        15.34
      1.2410        15.49
      1.2420        15.53
      1.2430        15.64
      1.2440        15.70
      1.2450        15.80
      1.2460        15.84
      1.2470        15.87
      1.2480        15.94
      1.2490        15.97
      1.2500        16.13
      1.2510        16.29
      1.2520        16.29
      1.2530        16.33
      1.2540        16.36
      1.2550        16.47
      1.2560        16.48
      1.2570        16.66
      1.2580        16.79
      1.2590        16.83
      1.2600        16.96
      1.2610        17.06
      1.2620        17.13
      1.2630        17.18
      1.2640        17.32
      1.2650        17.36
      1.2660        17.90
      1.2670        17.98
      1.2680        18.09
      1.2690        18.24
      1.2700        18.23
      1.2710        18.13
      1.2720        18.32
      1.2730        18.32
      1.2740        17.96
      1.2750        18.03
      1.2760        18.12
      1.2770        18.14
      1.2780        18.19
      1.2790        18.24
      1.2800        18.24
      1.2810        18.23
      1.2820        18.32
      1.2830        18.39
      1.2840        18.36
      1.2850        18.37
      1.2860        18.48
      1.2870        18.59
      1.2880        18.56
      1.2890        18.74
      1.2900        18.76
      1.2910        18.97
      1.2920        18.95
      1.2930        19.06
      1.2940        19.09
      1.2950        19.04
      1.2960        19.10
      1.2970        19.11
      1.2980        19.15
      1.2990        19.23
      1.3000        19.23
      1.3010        19.35
      1.3020        19.42
      1.3030        19.53
      1.3040        19.67
      1.3050        19.84
      1.3060        19.80
      1.3070        19.83
      1.3080        19.97
      1.3090        19.96
      1.3100        20.04
      1.3110        19.98
      1.3120        20.08
      1.3130        20.15
      1.3140        20.19
      1.3150        20.31
      1.3160        20.45
      1.3170        20.57
      1.3180        20.62
      1.3190        20.65
      1.3200        20.73
      1.3210        20.77
      1.3220        20.81
      1.3230        20.80
      1.3240        20.73
      1.3250        20.68
      1.3260        20.76
      1.3270        20.79
      1.3280        20.80
      1.3290        20.76
      1.3300        20.82
      1.3310        20.92
      1.3320        20.86
      1.3330        20.92
      1.3340        21.02
      1.3350        21.04
      1.3360        20.98
      1.3370        20.99
      1.3380        20.99
      1.3390        21.02
      1.3400        21.10
      1.3410        21.15
      1.3420        21.12
      1.3430        21.16
      1.3440        21.22
      1.3450        21.19
      1.3460        21.69
      1.3470        21.15
      1.3480        21.71
      1.3490        21.77
      1.3500        21.71
      1.3510        21.65
      1.3520        21.68
      1.3530        21.66
      1.3540        21.56
      1.3550        21.48
      1.3560        21.49
      1.3570        21.01
      1.3580        20.98
      1.3590        21.01
      1.3600        20.96
      1.3610        21.42
      1.3620        21.49
      1.3630        21.44
      1.3640        20.97
      1.3650        21.07
      1.3660        21.18
      1.3670        21.30
      1.3680        21.33
      1.3690        21.35
      1.3700        21.43
      1.3710        21.42
      1.3720        21.43
      1.3730        21.35
      1.3740        21.42
      1.3750        21.48
      1.3760        21.48
      1.3770        21.51
      1.3780        21.58
      1.3790        21.57
      1.3800        21.57
      1.3810        21.45
      1.3820        21.34
      1.3830        21.30
      1.3840        21.27
      1.3850        21.20
      1.3860        21.14
      1.3870        21.14
      1.3880        21.07
      1.3890        21.03
      1.3900        20.96
      1.3910        21.02
      1.3920        21.04
      1.3930        21.01
      1.3940        21.02
      1.3950        21.00
      1.3960        20.95
      1.3970        20.88
      1.3980        20.88
      1.3990        20.89
      1.4000        20.84
      1.4010        21.01
      1.4020        21.08
      1.4030        21.13
      1.4040        21.21
      1.4050        21.24
      1.4060        21.19
      1.4070        21.15
      1.4080        21.15
      1.4090        21.15
      1.4100        21.15
      1.4110        21.19
      1.4120        21.11
      1.4130        21.17
      1.4140        21.12
      1.4150        21.05
      1.4160        21.06
      1.4170        21.09
      1.4180        21.04
      1.4190        20.98
      1.4200        20.98
      1.4210        20.86
      1.4220        20.85
      1.4230        20.79
      1.4240        20.58
      1.4250        20.49
      1.4260        20.48
      1.4270        20.36
      1.4280        20.28
      1.4290        20.18
      1.4300        20.21
      1.4310        20.11
      1.4320        20.17
      1.4330        20.22
      1.4340        20.18
      1.4350        20.22
      1.4360        20.26
      1.4370        20.19
      1.4380        20.10
      1.4390        20.06
      1.4400        20.02
      1.4410        20.01
      1.4420        19.99
      1.4430        19.97
      1.4440        20.07
      1.4450        20.06
      1.4460        20.05
      1.4470        20.09
      1.4480        20.10
      1.4490        20.09
      1.4500        19.99
      1.4510        19.94
      1.4520        19.91
      1.4530        19.83
      1.4540        19.74
      1.4550        19.67
      1.4560        19.60
      1.4570        19.58
      1.4580        19.60
      1.4590        19.63
      1.4600        19.62
      1.4610        19.63
      1.4620        19.63
      1.4630        19.63
      1.4640        19.58
      1.4650        19.54
      1.4660        19.59
      1.4670        19.70
      1.4680        19.77
      1.4690        19.73
      1.4700        19.73
      1.4710        19.66
      1.4720        19.56
      1.4730        19.54
      1.4740        19.61
      1.4750        19.61
      1.4760        19.55
      1.4770        19.56
      1.4780        19.62
      1.4790        19.67
      1.4800        19.62
      1.4810        19.59
      1.4820        19.58
      1.4830        19.55
      1.4840        19.47
      1.4850        19.55
      1.4860        19.52
      1.4870        19.42
      1.4880        19.31
      1.4890        19.33
      1.4900        19.37
      1.4910        19.47
      1.4920        19.49
      1.4930        19.54
      1.4940        19.39
      1.4950        19.37
      1.4960        19.34
      1.4970        19.29
      1.4980        19.25
      1.4990        19.10
      1.5000        19.19
      1.5010        19.18
      1.5020        19.15
      1.5030        19.14
      1.5040        19.07
      1.5050        19.03
      1.5060        18.94
      1.5070        18.91
      1.5080        18.89
      1.5090        18.94
      1.5100        18.93
      1.5110        18.80
      1.5120        18.76
      1.5130        18.70
      1.5140        18.80
      1.5150        18.79
      1.5160        18.83
      1.5170        18.79
      1.5180        18.75
      1.5190        18.69
      1.5200        18.65
      1.5210        18.61
      1.5220        18.55
      1.5230        18.55
      1.5240        18.69
      1.5250        18.60
      1.5260        18.61
      1.5270        18.60
      1.5280        18.60
      1.5290        18.55
      1.5300        18.53
      1.5310        18.52
      1.5320        18.56
      1.5330        18.48
      1.5340        18.38
      1.5350        18.37
      1.5360        18.28
      1.5370        18.34
      1.5380        18.32
      1.5390        18.34
      1.5400        18.30
      1.5410        18.27
      1.5420        18.28
      1.5430        18.26
      1.5440        18.07
      1.5450        18.06
      1.5460        18.04
      1.5470        17.89
      1.5480        17.89
      1.5490        17.80
      1.5500        17.72
      1.5510        17.66
      1.5520        17.57
      1.5530        17.54
      1.5540        17.57
      1.5550        17.52
      1.5560        17.53
      1.5570        17.46
      1.5580        17.42
      1.5590        17.49
      1.5600        17.36
      1.5610        17.27
      1.5620        17.19
      1.5630        17.09
      1.5640        17.20
      1.5650        17.21
      1.5660        17.20
      1.5670        17.32
      1.5680        17.26
      1.5690        17.30
      1.5700        17.29
      1.5710        17.34
      1.5720        17.36
      1.5730        17.40
      1.5740        17.33
      1.5750        17.30
      1.5760        17.31
      1.5770        17.21
      1.5780        17.19
      1.5790        17.08
      1.5800        17.12
      1.5810        17.16
      1.5820        17.20
      1.5830        17.21
      1.5840        17.17
      1.5850        17.15
      1.5860        17.16
      1.5870        17.05
      1.5880        17.01
      1.5890        17.04
      1.5900        16.98
      1.5910        16.94
      1.5920        16.93
      1.5930        16.89
      1.5940        16.89
      1.5950        16.93
      1.5960        16.89
      1.5970        16.93
      1.5980        17.00
      1.5990        16.94
      1.6000        16.92
      1.6010        16.95
      1.6020        17.02
      1.6030        17.09
      1.6040        17.06
      1.6050        17.00
      1.6060        16.99
      1.6070        17.02
      1.6080        17.07
      1.6090        17.01
      1.6100        17.10
      1.6110        17.11
      1.6120        17.07
      1.6130        16.97
      1.6140        16.96
      1.6150        16.94
      1.6160        16.95
      1.6170        17.03
      1.6180        16.90
      1.6190        16.98
      1.6200        17.03
      1.6210        16.90
      1.6220        16.86
      1.6230        16.86
      1.6240        16.86
      1.6250        16.93
      1.6260        16.90
      1.6270        17.06
      1.6280        17.05
      1.6290        17.09
      1.6300        17.10
      1.6310        17.09
      1.6320        17.12
      1.6330        17.25
      1.6340        17.22
      1.6350        17.21
      1.6360        17.22
      1.6370        17.21
      1.6380        17.29
      1.6390        17.25
      1.6400        17.30
      1.6410        17.33
      1.6420        17.22
      1.6430        17.12
      1.6440        17.14
      1.6450        17.06
      1.6460        17.04
      1.6470        16.96
      1.6480        16.94
      1.6490        16.88
      1.6500        16.89
      1.6510        16.86
      1.6520        16.82
      1.6530        16.75
      1.6540        16.77
      1.6550        16.75
      1.6560        16.74
      1.6570        16.70
      1.6580        16.71
      1.6590        16.75
      1.6600        16.75
      1.6610        16.75
      1.6620        16.79
      1.6630        16.88
      1.6640        16.86
      1.6650        16.91
      1.6660        16.87
      1.6670        16.80
      1.6680        16.81
      1.6690        16.84
      1.6700        16.72
      1.6710        16.80
      1.6720        16.82
      1.6730        16.88
      1.6740        16.90
      1.6750        16.90
      1.6760        16.83
      1.6770        16.77
      1.6780        16.75
      1.6790        16.73
      1.6800        16.60
      1.6810        16.59
      1.6820        16.59
      1.6830        16.52
      1.6840        16.58
      1.6850        16.54
      1.6860        16.57
      1.6870        16.59
      1.6880        16.52
      1.6890        16.52
      1.6900        16.54
      1.6910        16.45
      1.6920        16.44
      1.6930        16.50
      1.6940        16.52
      1.6950        16.61
      1.6960        16.66
      1.6970        16.73
      1.6980        16.76
      1.6990        16.73
      1.7000        16.77
      1.7010        16.73
      1.7020        16.73
      1.7030        16.79
      1.7040        16.65
      1.7050        16.77
      1.7060        16.72
      1.7070        16.64
      1.7080        16.64
      1.7090        16.63
      1.7100        16.60
      1.7110        16.66
      1.7120        16.64
      1.7130        16.60
      1.7140        16.59
      1.7150        16.47
      1.7160        16.45
      1.7170        16.41
      1.7180        16.27
      1.7190        16.25
      1.7200        16.27
      1.7210        16.36
      1.7220        16.38
      1.7230        16.28
      1.7240        16.38
      1.7250        16.29
      1.7260        16.36
      1.7270        16.37
      1.7280        16.45
      1.7290        16.44
      1.7300        16.50
      1.7310        16.46
      1.7320        16.48
      1.7330        16.42
      1.7340        16.33
      1.7350        16.35
      1.7360        16.33
      1.7370        16.28
      1.7380        16.35
      1.7390        16.39
      1.7400        16.30
      1.7410        16.29
      1.7420        16.28
      1.7430        16.37
      1.7440        16.30
      1.7450        16.24
      1.7460        16.17
      1.7470        16.26
      1.7480        16.18
      1.7490        16.26
      1.7500        16.22
      1.7510        16.30
      1.7520        16.29
      1.7530        16.27
      1.7540        16.35
      1.7550        16.37
      1.7560        16.41
      1.7570        16.50
      1.7580        16.54
      1.7590        16.45
      1.7600        16.53
      1.7610        16.52
      1.7620        16.43
      1.7630        16.39
      1.7640        16.39
      1.7650        16.36
      1.7660        16.32
      1.7670        16.25
      1.7680        16.25
      1.7690        16.19
      1.7700        16.28
      1.7710        16.26
      1.7720        16.30
      1.7730        16.27
      1.7740        16.23
      1.7750        16.22
      1.7760        16.24
      1.7770        16.20
      1.7780        16.20
      1.7790        16.28
      1.7800        16.22
      1.7810        16.32
      1.7820        16.45
      1.7830        16.46
      1.7840        16.52
      1.7850        16.60
      1.7860        16.65
      1.7870        16.65
      1.7880        16.61
      1.7890        16.58
      1.7900        16.52
      1.7910        16.51
      1.7920        16.43
      1.7930        16.37
      1.7940        16.45
      1.7950        16.45
      1.7960        16.35
      1.7970        16.35
      1.7980        16.32
      1.7990        16.40
      1.8000        16.45
      1.8010        16.40
      1.8020        16.41
      1.8030        16.43
      1.8040        16.37
      1.8050        16.43
      1.8060        16.43
      1.8070        16.41
      1.8080        16.51
      1.8090        16.51
      1.8100        16.52
      1.8110        16.49
      1.8120        16.64
      1.8130        16.75
      1.8140        16.62
      1.8150        16.75
      1.8160        16.79
      1.8170        16.79
      1.8180        16.87
      1.8190        16.75
      1.8200        16.74
      1.8210        16.76
      1.8220        16.67
      1.8230        16.64
      1.8240        16.72
      1.8250        16.71
      1.8260        16.72
      1.8270        16.81
      1.8280        16.79
      1.8290        16.81
      1.8300        16.82
      1.8310        16.86
      1.8320        16.79
      1.8330        16.79
      1.8340        16.96
      1.8350        16.87
      1.8360        16.89
      1.8370        16.96
      1.8380        16.89
      1.8390        16.92
      1.8400        16.97
      1.8410        16.93
      1.8420        17.00
      1.8430        17.00
      1.8440        16.90
      1.8450        16.86
      1.8460        16.88
      1.8470        16.74
      1.8480        16.78
      1.8490        16.81
      1.8500        16.69
      1.8510        16.68
      1.8520        16.64
      1.8530        16.65
      1.8540        16.59
      1.8550        16.60
      1.8560        16.56
      1.8570        16.56
      1.8580        16.59
      1.8590        16.53
      1.8600        16.59
      1.8610        16.55
      1.8620        16.49
      1.8630        16.52
      1.8640        16.56
      1.8650        16.53
      1.8660        16.41
      1.8670        16.52
      1.8680        16.43
      1.8690        16.42
      1.8700        16.50
      1.8710        16.50
      1.8720        16.54
      1.8730        16.45
      1.8740        16.46
      1.8750        16.42
      1.8760        16.39
      1.8770        16.31
      1.8780        16.19
      1.8790        16.13
      1.8800        15.98
      1.8810        16.01
      1.8820        16.01
      1.8830        16.05
      1.8840        16.09
      1.8850        16.16
      1.8860        16.20
      1.8870        16.10
      1.8880        16.12
      1.8890        16.08
      1.8900        16.09
      1.8910        16.10
      1.8920        16.10
      1.8930        16.21
      1.8940        16.18
      1.8950        16.16
      1.8960        16.22
      1.8970        16.24
      1.8980        16.34
      1.8990        16.54
      1.9000        16.65
      1.9010        16.62
      1.9020        16.59
      1.9030        16.46
      1.9040        16.37
      1.9050        16.24
      1.9060        16.35
      1.9070        16.39
      1.9080        16.38
      1.9090        16.37
      1.9100        16.37
      1.9110        16.36
      1.9120        16.29
      1.9130        16.19
      1.9140        16.22
      1.9150        16.20
      1.9160        16.21
      1.9170        16.20
      1.9180        16.17
      1.9190        16.12
      1.9200        16.08
      1.9210        16.14
      1.9220        16.09
      1.9230        16.19
      1.9240        16.22
      1.9250        16.27
      1.9260        16.19
      1.9270        16.19
      1.9280        16.18
      1.9290        16.26
      1.9300        16.22
      1.9310        16.17
      1.9320        16.18
      1.9330        16.14
      1.9340        16.14
      1.9350        16.18
      1.9360        16.13
      1.9370        16.13
      1.9380        16.17
      1.9390        16.11
      1.9400        16.06
      1.9410        16.01
      1.9420        16.11
      1.9430        16.07
      1.9440        16.07
      1.9450        16.12
      1.9460        16.05
      1.9470        16.10
      1.9480        16.21
      1.9490        16.15
      1.9500        16.12
      1.9510        16.20
      1.9520        16.23
      1.9530        16.31
      1.9540        16.26
      1.9550        16.31
      1.9560        16.39
      1.9570        16.35
      1.9580        16.27
      1.9590        16.38
      1.9600        16.42
      1.9610        16.34
      1.9620        16.38
      1.9630        16.49
      1.9640        16.50
      1.9650        16.43
      1.9660        16.52
      1.9670        16.44
      1.9680        16.34
      1.9690        16.37
      1.9700        16.37
      1.9710        16.24
      1.9720        16.17
      1.9730        16.18
      1.9740        16.21
      1.9750        16.08
      1.9760        16.04
      1.9770        16.02
      1.9780        16.01
      1.9790        15.89
      1.9800        15.84
      1.9810        15.88
      1.9820        15.82
      1.9830        15.70
      1.9840        15.63
      1.9850        15.60
      1.9860        15.59
      1.9870        15.58
      1.9880        15.66
      1.9890        15.55
      1.9900        15.51
      1.9910        15.55
      1.9920        15.62
      1.9930        15.53
      1.9940        15.48
      1.9950        15.48
      1.9960        15.44
      1.9970        15.59
      1.9980        15.68
      1.9990        15.73
      2.0000        15.70
      2.0010        15.74
      2.0020        15.75
      2.0030        15.63
      2.0040        15.65
      2.0050        15.70
      2.0060        15.71
      2.0070        15.67
      2.0080        15.54
      2.0090        15.55
      2.0100        15.66
      2.0110        15.70
      2.0120        15.68
      2.0130        15.72
      2.0140        15.78
      2.0150        15.83
      2.0160        15.84
      2.0170        15.75
      2.0180        15.70
      2.0190        15.64
      2.0200        15.72
      2.0210        15.71
      2.0220        15.67
      2.0230        15.87
      2.0240        15.90
      2.0250        15.90
      2.0260        15.85
      2.0270        15.89
      2.0280        15.87
      2.0290        15.94
      2.0300        16.01
      2.0310        15.98
      2.0320        15.92
      2.0330        15.92
      2.0340        15.96
      2.0350        16.01
      2.0360        16.07
      2.0370        16.10
      2.0380        16.07
      2.0390        16.12
      2.0400        16.12
      2.0410        16.14
      2.0420        16.11
      2.0430        16.08
      2.0440        16.15
      2.0450        16.20
      2.0460        16.27
      2.0470        16.30
      2.0480        16.39
      2.0490        16.40
      2.0500        16.28
      2.0510        16.38
      2.0520        16.51
      2.0530        16.47
      2.0540        16.38
      2.0550        16.35
      2.0560        16.25
      2.0570        16.18
      2.0580        16.24
      2.0590        16.21
      2.0600        16.11
      2.0610        16.15
      2.0620        16.17
      2.0630        16.05
      2.0640        15.91
      2.0650        15.87
      2.0660        15.83
      2.0670        15.79
      2.0680        15.81
      2.0690        15.79
      2.0700        15.82
      2.0710        15.71
      2.0720        15.62
      2.0730        15.71
      2.0740        15.70
      2.0750        15.76
      2.0760        15.78
      2.0770        15.82
      2.0780        15.75
      2.0790        15.82
      2.0800        15.88
      2.0810        15.83
      2.0820        15.84
      2.0830        15.87
      2.0840        15.94
      2.0850        15.91
      2.0860        15.97
      2.0870        15.97
      2.0880        15.94
      2.0890        15.95
      2.0900        15.92
      2.0910        15.92
      2.0920        15.93
      2.0930        15.86
      2.0940        15.90
      2.0950        15.90
      2.0960        15.98
      2.0970        16.00
      2.0980        16.02
      2.0990        15.97
      2.1000        15.94
      2.1010        15.96
      2.1020        16.04
      2.1030        16.06
      2.1040        16.06
      2.1050        16.06
      2.1060        16.04
      2.1070        16.11
      2.1080        16.16
      2.1090        16.11
      2.1100        16.13
      2.1110        16.15
      2.1120        16.18
      2.1130        16.21
      2.1140        16.15
      2.1150        16.05
      2.1160        15.97
      2.1170        15.90
      2.1180        15.90
      2.1190        15.91
      2.1200        15.98
      2.1210        15.96
      2.1220        15.87
      2.1230        15.90
      2.1240        15.86
      2.1250        15.82
      2.1260        15.80
      2.1270        15.79
      2.1280        15.75
      2.1290        15.79
      2.1300        15.77
      2.1310        15.72
      2.1320        15.68
      2.1330        15.68
      2.1340        15.74
      2.1350        15.82
      2.1360        15.78
      2.1370        15.87
      2.1380        15.91
      2.1390        15.89
      2.1400        15.84
      2.1410        15.88
      2.1420        15.90
      2.1430        15.92
      2.1440        16.01
      2.1450        16.10
      2.1460        16.14
      2.1470        16.16
      2.1480        16.14
      2.1490        16.17
      2.1500        16.13
      2.1510        16.11
      2.1520        16.19
      2.1530        16.17
      2.1540        16.24
      2.1550        16.20
      2.1560        16.28
      2.1570        16.13
      2.1580        16.09
      2.1590        16.14
      2.1600        16.15
      2.1610        16.13
      2.1620        16.11
      2.1630        15.99
      2.1640        15.96
      2.1650        15.84
      2.1660        15.90
      2.1670        15.88
      2.1680        15.92
      2.1690        15.80
      2.1700        15.83
      2.1710        15.91
      2.1720        15.87
      2.1730        15.91
      2.1740        15.83
      2.1750        15.82
      2.1760        15.81
      2.1770        15.93
      2.1780        15.86
      2.1790        15.80
      2.1800        15.73
      2.1810        15.76
      2.1820        15.77
      2.1830        15.85
      2.1840        15.85
      2.1850        15.93
      2.1860        15.86
      2.1870        15.90
      2.1880        15.93
      2.1890        16.07
      2.1900        16.10
      2.1910        16.15
      2.1920        16.12
      2.1930        16.03
      2.1940        16.15
      2.1950        16.20
      2.1960        16.27
      2.1970        16.24
      2.1980        16.39
      2.1990        16.40
      2.2000        16.46
      2.2010        16.32
      2.2020        16.35
      2.2030        16.30
      2.2040        16.27
      2.2050        16.31
      2.2060        16.30
      2.2070        16.29
      2.2080        16.24
      2.2090        16.14
      2.2100        16.17
      2.2110        16.12
      2.2120        16.13
      2.2130        16.24
      2.2140        16.17
      2.2150        16.17
      2.2160        16.13
      2.2170        16.22
      2.2180        16.14
      2.2190        16.13
      2.2200        16.22
      2.2210        16.30
      2.2220        16.26
      2.2230        16.40
      2.2240        16.44
      2.2250        16.40
      2.2260        16.42
      2.2270        16.33
      2.2280        16.32
      2.2290        16.36
      2.2300        16.36
      2.2310        16.38
      2.2320        16.37
      2.2330        16.30
      2.2340        16.28
      2.2350        16.24
      2.2360        16.21
      2.2370        16.13
      2.2380        16.19
      2.2390        16.25
      2.2400        16.13
      2.2410        16.11
      2.2420        16.16
      2.2430        16.06
      2.2440        16.13
      2.2450        16.20
      2.2460        16.22
      2.2470        16.29
      2.2480        16.37
      2.2490        16.40
      2.2500        16.36
      2.2510        16.35
      2.2520        16.26
      2.2530        16.29
      2.2540        16.30
      2.2550        16.29
      2.2560        16.28
      2.2570        16.30
      2.2580        16.22
      2.2590        16.23
      2.2600        16.29
      2.2610        16.33
      2.2620        16.29
      2.2630        16.34
      2.2640        16.26
      2.2650        16.18
      2.2660        16.25
      2.2670        16.33
      2.2680        16.24
      2.2690        16.12
      2.2700        16.10
      2.2710        16.08
      2.2720        16.12
      2.2730        16.09
      2.2740        16.07
      2.2750        16.23
      2.2760        16.27
      2.2770        16.23
      2.2780        16.35
      2.2790        16.34
      2.2800        16.37
      2.2810        16.34
      2.2820        16.37
      2.2830        16.33
      2.2840        16.31
      2.2850        16.37
      2.2860        16.18
      2.2870        16.06
      2.2880        16.07
      2.2890        16.11
      2.2900        16.18
      2.2910        16.21
      2.2920        16.26
      2.2930        16.37
      2.2940        16.38
      2.2950        16.25
      2.2960        16.28
      2.2970        16.37
      2.2980        16.36
      2.2990        16.30
      2.3000        16.32
      2.3010        16.40
      2.3020        16.44
      2.3030        16.46
      2.3040        16.49
      2.3050        16.50
      2.3060        16.68
      2.3070        16.74
      2.3080        16.85
      2.3090        16.90
      2.3100        16.94
      2.3110        16.94
      2.3120        16.98
      2.3130        17.05
      2.3140        17.04
      2.3150        17.05
      2.3160        17.04
      2.3170        16.98
      2.3180        16.92
      2.3190        16.92
      2.3200        16.85
      2.3210        16.80
      2.3220        16.80
      2.3230        16.80
      2.3240        16.79
      2.3250        16.67
      2.3260        16.61
      2.3270        16.60
      2.3280        16.49
      2.3290        16.47
      2.3300        16.41
      2.3310        16.48
      2.3320        16.42
      2.3330        16.17
      2.3340        16.17
      2.3350        16.21
      2.3360        16.14
      2.3370        16.17
      2.3380        16.19
      2.3390        16.26
      2.3400        16.32
      2.3410        16.36
      2.3420        16.31
      2.3430        16.34
      2.3440        16.40
      2.3450        16.50
      2.3460        16.45
      2.3470        16.38
      2.3480        16.45
      2.3490        16.46
      2.3500        16.46
      2.3510        16.41
      2.3520        16.42
      2.3530        16.46
      2.3540        16.42
      2.3550        16.32
      2.3560        16.38
      2.3570        16.37
      2.3580        16.40
      2.3590        16.34
      2.3600        16.34
      2.3610        16.37
      2.3620        16.38
      2.3630        16.31
      2.3640        16.26
      2.3650        16.29
      2.3660        16.32
      2.3670        16.40
      2.3680        16.40
      2.3690        16.49
      2.3700        16.50
      2.3710        16.50
      2.3720        16.55
      2.3730        16.62
      2.3740        16.73
      2.3750        16.77
      2.3760        16.69
      2.3770        16.69
      2.3780        16.69
      2.3790        16.62
      2.3800        16.53
      2.3810        16.49
      2.3820        16.42
      2.3830        16.50
      2.3840        16.49
      2.3850        16.44
      2.3860        16.45
      2.3870        16.46
      2.3880        16.52
      2.3890        16.48
      2.3900        16.46
      2.3910        16.34
      2.3920        16.30
      2.3930        16.30
      2.3940        16.34
      2.3950        16.30
      2.3960        16.34
      2.3970        16.35
      2.3980        16.36
      2.3990        16.43
      2.4000        16.45
      2.4010        16.47
      2.4020        16.49
      2.4030        16.47
      2.4040        16.50
      2.4050        16.50
      2.4060        16.48
      2.4070        16.38
      2.4080        16.26
      2.4090        16.25
      2.4100        16.21
      2.4110        16.30
      2.4120        16.29
      2.4130        16.28
      2.4140        16.22
      2.4150        16.21
      2.4160        16.31
      2.4170        16.22
      2.4180        16.24
      2.4190        16.18
      2.4200        16.25
      2.4210        16.25
      2.4220        16.25
      2.4230        16.23
      2.4240        16.23
      2.4250        16.22
      2.4260        16.21
      2.4270        16.31
      2.4280        16.31
      2.4290        16.29
      2.4300        16.31
      2.4310        16.35
      2.4320        16.34
      2.4330        16.37
      2.4340        16.31
      2.4350        16.45
      2.4360        16.38
      2.4370        16.45
      2.4380        16.40
      2.4390        16.46
      2.4400        16.54
      2.4410        16.48
      2.4420        16.53
      2.4430        16.56
      2.4440        16.50
      2.4450        16.53
      2.4460        16.56
      2.4470        16.50
      2.4480        16.53
      2.4490        16.60
      2.4500        16.68
      2.4510        16.68
      2.4520        16.64
      2.4530        16.57
      2.4540        16.57
      2.4550        16.54
      2.4560        16.54
      2.4570        16.57
      2.4580        16.56
      2.4590        16.61
      2.4600        16.53
      2.4610        16.56
      2.4620        16.54
      2.4630        16.48
      2.4640        16.44
      2.4650        16.41
      2.4660        16.33
      2.4670        16.34
      2.4680        16.35
      2.4690        16.37
      2.4700        16.21
      2.4710        16.13
      2.4720        16.22
      2.4730        16.22
      2.4740        16.23
      2.4750        16.14
      2.4760        16.14
      2.4770        16.04
      2.4780        16.02
      2.4790        15.94
      2.4800        15.95
      2.4810        15.99
      2.4820        16.03
      2.4830        15.99
      2.4840        16.10
      2.4850        16.16
      2.4860        16.24
      2.4870        16.28
      2.4880        16.23
      2.4890        16.15
      2.4900        16.24
      2.4910        16.24
      2.4920        16.26
      2.4930        16.31
      2.4940        16.23
      2.4950        16.23
      2.4960        16.21
      2.4970        16.22
      2.4980        16.17
      2.4990        16.17
      2.5000        16.12
      2.5010        16.12
      2.5020        16.06
      2.5030        16.17
      2.5040        16.10
      2.5050        16.06
      2.5060        16.12
      2.5070        16.07
      2.5080        16.14
      2.5090        16.14
      2.5100        16.09
      2.5110        16.14
      2.5120        16.07
      2.5130        16.09
      2.5140        16.19
      2.5150        16.18
      2.5160        16.21
      2.5170        16.26
      2.5180        16.31
      2.5190        16.33
      2.5200        16.34
      2.5210        16.30
      2.5220        16.29
      2.5230        16.29
      2.5240        16.26
      2.5250        16.24
      2.5260        16.14
      2.5270        16.13
      2.5280        16.02
      2.5290        16.01
      2.5300        16.06
      2.5310        16.01
      2.5320        16.01
      2.5330        16.03
      2.5340        15.97
      2.5350        16.10
      2.5360        16.01
      2.5370        15.98
      2.5380        16.03
      2.5390        16.07
      2.5400        16.10
      2.5410        16.12
      2.5420        16.10
      2.5430        16.03
      2.5440        16.12
      2.5450        16.18
      2.5460        16.16
      2.5470        16.08
      2.5480        16.10
      2.5490        16.12
      2.5500        16.10
      2.5510        16.12
      2.5520        16.10
      2.5530        15.99
      2.5540        15.97
      2.5550        15.91
      2.5560        15.94
      2.5570        15.89
      2.5580        15.91
      2.5590        15.79
      2.5600        15.79
      2.5610        15.69
      2.5620        15.70
      2.5630        15.73
      2.5640        15.63
      2.5650        15.56
      2.5660        15.60
      2.5670        15.71
      2.5680        15.79
      2.5690        15.80
      2.5700        15.77
      2.5710        15.83
      2.5720        15.87
      2.5730        15.91
      2.5740        15.99
      2.5750        15.97
      2.5760        15.97
      2.5770        15.95
      2.5780        15.85
      2.5790        15.93
      2.5800        15.85
      2.5810        15.95
      2.5820        15.97
      2.5830        15.98
      2.5840        15.99
      2.5850        16.07
      2.5860        15.98
      2.5870        15.87
      2.5880        15.78
      2.5890        15.82
      2.5900        15.90
      2.5910        15.76
      2.5920        15.76
      2.5930        15.82
      2.5940        15.80
      2.5950        15.72
      2.5960        15.71
      2.5970        15.84
      2.5980        15.90
      2.5990        15.86
      2.6000        15.91
      2.6010        15.96
      2.6020        15.99
      2.6030        15.98
      2.6040        15.99
      2.6050        15.96
      2.6060        16.10
      2.6070        16.16
      2.6080        16.27
      2.6090        16.18
      2.6100        16.06
      2.6110        16.06
      2.6120        16.05
      2.6130        15.97
      2.6140        15.98
      2.6150        15.99
      2.6160        16.06
      2.6170        16.00
      2.6180        15.94
      2.6190        15.93
      2.6200        15.90
      2.6210        15.81
      2.6220        15.79
      2.6230        15.72
      2.6240        15.75
      2.6250        15.70
      2.6260        15.63
      2.6270        15.56
      2.6280        15.44
      2.6290        15.44
      2.6300        15.53
      2.6310        15.67
      2.6320        15.61
      2.6330        15.59
      2.6340        15.51
      2.6350        15.52
      2.6360        15.56
      2.6370        15.57
      2.6380        15.57
      2.6390        15.57
      2.6400        15.55
      2.6410        15.56
      2.6420        15.56
      2.6430        15.55
      2.6440        15.48
      2.6450        15.47
      2.6460        15.36
      2.6470        15.41
      2.6480        15.53
      2.6490        15.50
      2.6500        15.40
      2.6510        15.42
      2.6520        15.44
      2.6530        15.54
      2.6540        15.58
      2.6550        15.55
      2.6560        15.51
      2.6570        15.50
      2.6580        15.50
      2.6590        15.53
      2.6600        15.58
      2.6610        15.58
      2.6620        15.66
      2.6630        15.78
      2.6640        15.78
      2.6650        15.76
      2.6660        15.82
      2.6670        15.84
      2.6680        15.76
      2.6690        15.74
      2.6700        15.77
      2.6710        15.62
      2.6720        15.62
      2.6730        15.61
      2.6740        15.60
      2.6750        15.66
      2.6760        15.57
      2.6770        15.50
      2.6780        15.49
      2.6790        15.55
      2.6800        15.53
      2.6810        15.48
      2.6820        15.34
      2.6830        15.26
      2.6840        15.25
      2.6850        15.26
      2.6860        15.26
      2.6870        15.24
      2.6880        15.30
      2.6890        15.33
      2.6900        15.30
      2.6910        15.35
      2.6920        15.36
      2.6930        15.32
      2.6940        15.31
      2.6950        15.24
      2.6960        15.34
      2.6970        15.42
      2.6980        15.39
      2.6990        15.31
      2.7000        15.24
      2.7010        15.26
      2.7020        15.33
      2.7030        15.38
      2.7040        15.45
      2.7050        15.57
      2.7060        15.56
      2.7070        15.52
      2.7080        15.40
      2.7090        15.44
      2.7100        15.46
      2.7110        15.54
      2.7120        15.49
      2.7130        15.54
      2.7140        15.52
      2.7150        15.58
      2.7160        15.53
      2.7170        15.51
      2.7180        15.45
      2.7190        15.50
      2.7200        15.51
      2.7210        15.47
      2.7220        15.43
      2.7230        15.35
      2.7240        15.27
      2.7250        15.23
      2.7260        15.29
      2.7270        15.36
      2.7280        15.40
      2.7290        15.34
      2.7300        15.35
      2.7310        15.29
      2.7320        15.32
      2.7330        15.25
      2.7340        15.33
      2.7350        15.22
      2.7360        15.27
      2.7370        15.17
      2.7380        15.28
      2.7390        15.28
      2.7400        15.36
      2.7410        15.36
      2.7420        15.40
      2.7430        15.41
      2.7440        15.46
      2.7450        15.51
      2.7460        15.50
      2.7470        15.38
      2.7480        15.34
      2.7490        15.36
      2.7500        15.42
      2.7510        15.40
      2.7520        15.46
      2.7530        15.46
      2.7540        15.45
      2.7550        15.56
      2.7560        15.42
      2.7570        15.52
      2.7580        15.53
      2.7590        15.42
      2.7600        15.29
      2.7610        15.36
      2.7620        15.28
      2.7630        15.26
      2.7640        15.27
      2.7650        15.18
      2.7660        15.18
      2.7670        15.29
      2.7680        15.37
      2.7690        15.35
      2.7700        15.29
      2.7710        15.33
      2.7720        15.25
      2.7730        15.25
      2.7740        15.18
      2.7750        15.14
      2.7760        15.26
      2.7770        15.27
      2.7780        15.33
      2.7790        15.37
      2.7800        15.51
      2.7810        15.50
      2.7820        15.57
      2.7830        15.57
      2.7840        15.54
      2.7850        15.51
      2.7860        15.54
      2.7870        15.57
      2.7880        15.56
      2.7890        15.57
      2.7900        15.66
      2.7910        15.58
      2.7920        15.61
      2.7930        15.57
      2.7940        15.59
      2.7950        15.57
      2.7960        15.57
      2.7970        15.53
      2.7980        15.46
      2.7990        15.48
      2.8000        15.30
      2.8010        15.28
      2.8020        15.21
      2.8030        15.23
      2.8040        15.26
      2.8050        15.30
      2.8060        15.23
      2.8070        15.15
      2.8080        15.13
      2.8090        15.15
      2.8100        15.14
      2.8110        15.18
      2.8120        15.19
      2.8130        15.19
      2.8140        15.18
      2.8150        15.26
      2.8160        15.19
      2.8170        15.29
      2.8180        15.26
      2.8190        15.36
      2.8200        15.42
      2.8210        15.48
      2.8220        15.57
      2.8230        15.57
      2.8240        15.59
      2.8250        15.52
      2.8260        15.56
      2.8270        15.65
      2.8280        15.65
      2.8290        15.61
      2.8300        15.52
      2.8310        15.49
      2.8320        15.53
      2.8330        15.58
      2.8340        15.59
      2.8350        15.57
      2.8360        15.57
      2.8370        15.50
      2.8380        15.46
      2.8390        15.37
      2.8400        15.39
      2.8410        15.29
      2.8420        15.20
      2.8430        15.15
      2.8440        15.15
      2.8450        15.11
      2.8460        15.11
      2.8470        14.97
      2.8480        14.97
      2.8490        14.89
      2.8500        14.90
      2.8510        14.81
      2.8520        14.78
      2.8530        14.70
      2.8540        14.71
      2.8550        14.64
      2.8560        14.71
      2.8570        14.64
      2.8580        14.75
      2.8590        14.76
      2.8600        14.76
      2.8610        14.77
      2.8620        14.71
      2.8630        14.71
      2.8640        14.71
      2.8650        14.79
      2.8660        14.73
      2.8670        14.81
      2.8680        14.87
      2.8690        14.98
      2.8700        14.95
      2.8710        15.02
      2.8720        15.00
      2.8730        15.06
      2.8740        15.06
      2.8750        15.13
      2.8760        15.10
      2.8770        15.10
      2.8780        15.00
      2.8790        14.97
      2.8800        14.96
      2.8810        15.02
      2.8820        15.08
      2.8830        15.10
      2.8840        15.12
      2.8850        15.04
      2.8860        15.12
      2.8870        15.17
      2.8880        15.09
      2.8890        15.02
      2.8900        14.99
      2.8910        14.98
      2.8920        14.90
      2.8930        14.86
      2.8940        14.88
      2.8950        14.83
      2.8960        14.80
      2.8970        14.79
      2.8980        14.80
      2.8990        14.84
      2.9000        14.83
      2.9010        14.76
      2.9020        14.78
      2.9030        14.80
      2.9040        14.79
      2.9050        14.80
      2.9060        14.76
      2.9070        14.70
      2.9080        14.68
      2.9090        14.72
      2.9100        14.83
      2.9110        14.86
      2.9120        14.91
      2.9130        14.99
      2.9140        14.91
      2.9150        14.97
      2.9160        14.99
      2.9170        15.06
      2.9180        15.07
      2.9190        15.02
      2.9200        15.08
      2.9210        15.18
      2.9220        15.19
      2.9230        15.22
      2.9240        15.17
      2.9250        15.20
      2.9260        15.18
      2.9270        15.15
      2.9280        15.19
      2.9290        15.22
      2.9300        15.21
      2.9310        15.26
      2.9320        15.17
      2.9330        15.09
      2.9340        15.05
      2.9350        14.95
      2.9360        14.94
      2.9370        14.90
      2.9380        14.89
      2.9390        14.91
      2.9400        14.85
      2.9410        14.85
      2.9420        14.86
      2.9430        14.79
      2.9440        14.81
      2.9450        14.85
      2.9460        14.87
      2.9470        14.82
      2.9480        14.86
      2.9490        14.90
      2.9500        14.92
      2.9510        14.95
      2.9520        15.10
      2.9530        15.14
      2.9540        15.20
      2.9550        15.23
      2.9560        15.24
      2.9570        15.26
      2.9580        15.28
      2.9590        15.31
      2.9600        15.33
      2.9610        15.34
      2.9620        15.32
      2.9630        15.41
      2.9640        15.45
      2.9650        15.44
      2.9660        15.42
      2.9670        15.53
      2.9680        15.47
      2.9690        15.35
      2.9700        15.28
      2.9710        15.20
      2.9720        15.13
      2.9730        15.17
      2.9740        15.24
      2.9750        15.24
      2.9760        15.30
      2.9770        15.34
      2.9780        15.36
      2.9790        15.37
      2.9800        15.39
      2.9810        15.30
      2.9820        15.35
      2.9830        15.30
      2.9840        15.28
      2.9850        15.24
      2.9860        15.34
      2.9870        15.31
      2.9880        15.32
      2.9890        15.39
      2.9900        15.38
      2.9910        15.39
      2.9920        15.40
      2.9930        15.32
      2.9940        15.24
      2.9950        15.20
      2.9960        15.11
      2.9970        15.07
      2.9980        15.06
      2.9990        15.01
