        Time   Palpation Force
      0.0000         1.00
      0.0010         1.00
      0.0020         1.00
      0.0030         1.00
      0.0040         1.00
      0.0050         1.00
      0.0060         1.00
      0.0070         1.00
      0.0080         1.00
      0.0090         1.00
      0.0100         1.00
      0.0110         1.00
      0.0120         1.00
      0.0130         1.00
      0.0140         1.00
      0.0150         1.00
      0.0160         1.00
      0.0170         1.00
      0.0180         1.00
      0.0190         1.00
      0.0200         1.00
      0.0210         1.00
      0.0220         1.00
      0.0230         1.00
      0.0240         1.00
      0.0250         1.00
      0.0260         1.00
      0.0270         1.00
      0.0280         1.00
      0.0290         1.00
      0.0300         1.00
      0.0310         1.00
      0.0320         1.00
      0.0330         1.00
      0.0340         1.00
      0.0350         1.00
      0.0360         1.00
      0.0370         1.00
      0.0380         1.00
      0.0390         1.00
      0.0400         1.00
      0.0410         1.00
      0.0420         1.00
      0.0430         1.00
      0.0440         1.00
      0.0450         1.00
      0.0460         1.00
      0.0470         1.00
      0.0480         1.00
      0.0490         1.00
      0.0500         1.00
      0.0510         1.00
      0.0520         1.00
      0.0530         1.00
      0.0540         1.00
      0.0550         1.00
      0.0560         1.00
      0.0570         1.00
      0.0580         1.00
      0.0590         1.00
      0.0600         1.00
      0.0610         1.00
      0.0620         1.00
      0.0630         1.00
      0.0640         1.00
      0.0650         1.00
      0.0660         1.00
      0.0670         1.00
      0.0680         1.00
      0.0690         1.00
      0.0700         1.00
      0.0710         1.00
      0.0720         1.00
      0.0730         1.00
      0.0740         1.00
      0.0750         1.00
      0.0760         1.00
      0.0770         1.00
      0.0780         1.00
      0.0790         1.00
      0.0800         1.00
      0.0810         1.00
      0.0820         1.00
      0.0830         1.00
      0.0840         1.00
      0.0850         1.00
      0.0860         1.00
      0.0870         1.00
      0.0880         1.00
      0.0890         1.00
      0.0900         1.00
      0.0910         1.00
      0.0920         1.00
      0.0930         1.00
      0.0940         1.00
      0.0950         1.00
      0.0960         1.00
      0.0970         1.00
      0.0980         1.00
      0.0990         1.00
      0.1000         1.00
      0.1010         1.00
      0.1020         1.00
      0.1030         1.00
      0.1040         1.00
      0.1050         1.00
      0.1060         1.00
      0.1070         1.00
      0.1080         1.00
      0.1090         1.00
      0.1100         1.00
      0.1110         1.00
      0.1120         1.00
      0.1130         1.00
      0.1140         1.00
      0.1150         1.00
      0.1160         1.00
      0.1170         1.00
      0.1180         1.00
      0.1190         1.00
      0.1200         1.00
      0.1210         1.00
      0.1220         1.00
      0.1230         1.00
      0.1240         1.00
      0.1250         1.00
      0.1260         1.00
      0.1270         1.00
      0.1280         1.00
      0.1290         1.00
      0.1300         1.00
      0.1310         1.00
      0.1320         1.00
      0.1330         1.00
      0.1340         1.00
      0.1350         1.00
      0.1360         1.00
      0.1370         1.00
      0.1380         1.00
      0.1390         1.00
      0.1400         1.00
      0.1410         1.00
      0.1420         1.00
      0.1430         1.00
      0.1440         1.00
      0.1450         1.00
      0.1460         1.00
      0.1470         1.00
      0.1480         1.00
      0.1490         1.00
      0.1500         1.00
      0.1510         1.00
      0.1520         1.00
      0.1530         1.00
      0.1540         1.00
      0.1550         1.00
      0.1560         1.00
      0.1570         1.00
      0.1580         1.00
      0.1590         1.00
      0.1600         1.00
      0.1610         1.00
      0.1620         1.00
      0.1630         1.00
      0.1640         1.00
      0.1650         1.00
      0.1660         1.00
      0.1670         1.00
      0.1680         1.00
      0.1690         1.00
      0.1700         1.00
      0.1710         1.00
      0.1720         1.00
      0.1730         1.00
      0.1740         1.00
      0.1750         1.00
      0.1760         1.00
      0.1770         1.00
      0.1780         1.00
      0.1790         1.00
      0.1800         1.00
      0.1810         1.00
      0.1820         1.00
      0.1830         1.00
      0.1840         1.00
      0.1850         1.00
      0.1860         1.00
      0.1870         1.00
      0.1880         1.00
      0.1890         1.00
      0.1900         1.00
      0.1910         1.00
      0.1920         1.00
      0.1930         1.00
      0.1940         1.00
      0.1950         1.00
      0.1960         1.00
      0.1970         1.00
      0.1980         1.00
      0.1990         1.00
      0.2000         1.00
      0.2010         1.00
      0.2020         1.00
      0.2030         1.00
      0.2040         1.00
      0.2050         1.00
      0.2060         1.00
      0.2070         1.00
      0.2080         1.00
      0.2090         1.00
      0.2100         1.00
      0.2110         1.00
      0.2120         1.00
      0.2130         1.00
      0.2140         1.00
      0.2150         1.00
      0.2160         1.00
      0.2170         1.00
      0.2180         1.00
      0.2190         1.00
      0.2200         1.00
      0.2210         1.00
      0.2220         1.00
      0.2230         1.00
      0.2240         1.00
      0.2250         1.00
      0.2260         1.00
      0.2270         1.00
      0.2280         1.00
      0.2290         1.00
      0.2300         1.00
      0.2310         1.00
      0.2320         1.00
      0.2330         1.00
      0.2340         1.00
      0.2350         1.00
      0.2360         1.00
      0.2370         1.00
      0.2380         1.00
      0.2390         1.00
      0.2400         1.00
      0.2410         1.00
      0.2420         1.00
      0.2430         1.00
      0.2440         1.00
      0.2450         1.00
      0.2460         1.00
      0.2470         1.00
      0.2480         1.00
      0.2490         1.00
      0.2500         1.00
      0.2510         1.00
      0.2520         1.00
      0.2530         1.00
      0.2540         1.00
      0.2550         1.00
      0.2560         1.00
      0.2570         1.00
      0.2580         1.00
      0.2590         1.00
      0.2600         1.00
      0.2610         1.00
      0.2620         1.00
      0.2630         1.00
      0.2640         1.00
      0.2650         1.00
      0.2660         1.00
      0.2670         1.00
      0.2680         1.00
      0.2690         1.00
      0.2700         1.00
      0.2710         1.00
      0.2720         1.00
      0.2730         1.00
      0.2740         1.00
      0.2750         1.00
      0.2760         1.00
      0.2770         1.00
      0.2780         1.00
      0.2790         1.00
      0.2800         1.00
      0.2810         1.00
      0.2820         1.00
      0.2830         1.00
      0.2840         1.00
      0.2850         1.00
      0.2860         1.00
      0.2870         1.00
      0.2880         1.00
      0.2890         1.00
      0.2900         1.00
      0.2910         1.00
      0.2920         1.00
      0.2930         1.00
      0.2940         1.00
      0.2950         1.00
      0.2960         1.00
      0.2970         1.00
      0.2980         1.00
      0.2990         1.00
      0.3000         1.00
      0.3010         1.00
      0.3020         1.00
      0.3030         1.00
      0.3040         1.00
      0.3050         1.00
      0.3060         1.00
      0.3070         1.00
      0.3080         1.00
      0.3090         1.00
      0.3100         1.00
      0.3110         1.00
      0.3120         1.00
      0.3130         1.00
      0.3140         1.00
      0.3150         1.00
      0.3160         1.00
      0.3170         1.00
      0.3180         1.00
      0.3190         1.00
      0.3200         1.00
      0.3210         1.00
      0.3220         1.00
      0.3230         1.00
      0.3240         1.00
      0.3250         1.00
      0.3260         1.00
      0.3270         1.00
      0.3280         1.00
      0.3290         1.00
      0.3300         1.00
      0.3310         1.00
      0.3320         1.00
      0.3330         1.00
      0.3340         1.00
      0.3350         1.00
      0.3360         1.00
      0.3370         1.00
      0.3380         1.00
      0.3390         1.00
      0.3400         1.00
      0.3410         1.00
      0.3420         1.00
      0.3430         1.00
      0.3440         1.00
      0.3450         1.00
      0.3460         1.00
      0.3470         1.00
      0.3480         1.00
      0.3490         1.00
      0.3500         1.00
      0.3510         1.00
      0.3520         1.00
      0.3530         1.00
      0.3540         1.00
      0.3550         1.00
      0.3560         1.00
      0.3570         1.00
      0.3580         1.00
      0.3590         1.00
      0.3600         1.00
      0.3610         1.00
      0.3620         1.00
      0.3630         1.00
      0.3640         1.00
      0.3650         1.00
      0.3660         1.00
      0.3670         1.00
      0.3680         1.00
      0.3690         1.00
      0.3700         1.00
      0.3710         1.00
      0.3720         1.00
      0.3730         1.00
      0.3740         1.00
      0.3750         1.00
      0.3760         1.00
      0.3770         1.00
      0.3780         1.00
      0.3790         1.00
      0.3800         1.00
      0.3810         1.00
      0.3820         1.00
      0.3830         1.00
      0.3840         1.00
      0.3850         1.00
      0.3860         1.00
      0.3870         1.00
      0.3880         1.00
      0.3890         1.00
      0.3900         1.00
      0.3910         1.00
      0.3920         1.00
      0.3930         1.00
      0.3940         1.00
      0.3950         1.00
      0.3960         1.00
      0.3970         1.00
      0.3980         1.00
      0.3990         1.00
      0.4000         1.00
      0.4010         1.00
      0.4020         1.00
      0.4030         1.00
      0.4040         1.00
      0.4050         1.00
      0.4060         1.00
      0.4070         1.00
      0.4080         1.00
      0.4090         1.00
      0.4100         1.00
      0.4110         1.00
      0.4120         1.00
      0.4130         1.00
      0.4140         1.00
      0.4150         1.00
      0.4160         1.00
      0.4170         1.00
      0.4180         1.00
      0.4190         1.00
      0.4200         1.00
      0.4210         1.00
      0.4220         1.00
      0.4230         1.00
      0.4240         1.00
      0.4250         1.00
      0.4260         1.00
      0.4270         1.00
      0.4280         1.00
      0.4290         1.00
      0.4300         1.00
      0.4310         1.00
      0.4320         1.00
      0.4330         1.00
      0.4340         1.00
      0.4350         1.00
      0.4360         1.00
      0.4370         1.00
      0.4380         1.00
      0.4390         1.00
      0.4400         1.00
      0.4410         1.00
      0.4420         1.00
      0.4430         1.00
      0.4440         1.00
      0.4450         1.00
      0.4460         1.00
      0.4470         1.00
      0.4480         1.00
      0.4490         1.00
      0.4500         1.00
      0.4510         1.00
      0.4520         1.00
      0.4530         1.00
      0.4540         1.00
      0.4550         1.00
      0.4560         1.00
      0.4570         1.00
      0.4580         1.00
      0.4590         1.00
      0.4600         1.00
      0.4610         1.00
      0.4620         1.00
      0.4630         1.00
      0.4640         1.00
      0.4650         1.00
      0.4660         1.00
      0.4670         1.00
      0.4680         1.00
      0.4690         1.00
      0.4700         1.00
      0.4710         1.00
      0.4720         1.00
      0.4730         1.00
      0.4740         1.00
      0.4750         1.00
      0.4760         1.00
      0.4770         1.00
      0.4780         1.00
      0.4790         1.00
      0.4800         1.00
      0.4810         1.00
      0.4820         1.00
      0.4830         1.00
      0.4840         1.00
      0.4850         1.00
      0.4860         1.00
      0.4870         1.00
      0.4880         1.00
      0.4890         1.00
      0.4900         1.00
      0.4910         1.00
      0.4920         1.00
      0.4930         1.00
      0.4940         1.00
      0.4950         1.00
      0.4960         1.00
      0.4970         1.00
      0.4980         1.00
      0.4990         1.00
      0.5000         1.00
      0.5010         1.00
      0.5020         1.00
      0.5030         1.00
      0.5040         1.00
      0.5050         1.00
      0.5060         1.00
      0.5070         1.00
      0.5080         1.00
      0.5090         1.00
      0.5100         1.00
      0.5110         1.00
      0.5120         1.00
      0.5130         1.00
      0.5140         1.00
      0.5150         1.00
      0.5160         1.00
      0.5170         1.00
      0.5180         1.00
      0.5190         1.01
      0.5200         1.61
      0.5210         1.60
      0.5220         1.72
      0.5230         1.79
      0.5240         1.87
      0.5250         1.93
      0.5260         1.92
      0.5270         2.02
      0.5280         2.14
      0.5290         2.17
      0.5300         2.18
      0.5310         2.13
      0.5320         2.18
      0.5330         2.21
      0.5340         2.31
      0.5350         2.32
      0.5360         2.29
      0.5370         2.33
      0.5380         2.33
      0.5390         2.36
      0.5400         2.35
      0.5410         2.39
      0.5420         2.43
      0.5430         2.43
      0.5440         2.48
      0.5450         2.55
      0.5460         2.63
      0.5470         2.70
      0.5480         2.75
      0.5490         2.85
      0.5500         3.49
      0.5510         3.67
      0.5520         3.85
      0.5530         3.98
      0.5540         4.00
      0.5550         4.09
      0.5560         4.25
      0.5570         4.16
      0.5580         4.13
      0.5590         4.22
      0.5600         4.23
      0.5610         4.30
      0.5620         4.34
      0.5630         4.39
      0.5640         4.51
      0.5650         4.57
      0.5660         4.69
      0.5670         4.77
      0.5680         4.77
      0.5690         4.84
      0.5700         4.81
      0.5710         4.76
      0.5720         4.66
      0.5730         4.62
      0.5740         4.74
      0.5750         4.73
      0.5760         4.65
      0.5770         4.81
      0.5780         4.88
      0.5790         4.84
      0.5800         4.93
      0.5810         4.96
      0.5820         5.02
      0.5830         5.11
      0.5840         5.05
      0.5850         5.10
      0.5860         5.09
      0.5870         5.06
      0.5880         5.13
      0.5890         5.17
      0.5900         5.19
      0.5910         5.30
      0.5920         5.46
      0.5930         5.53
      0.5940         5.47
      0.5950         5.63
      0.5960         5.76
      0.5970         5.77
      0.5980         5.88
      0.5990         6.01
      0.6000         6.17
      0.6010         6.25
      0.6020         6.32
      0.6030         6.40
      0.6040         6.51
      0.6050         6.56
      0.6060         6.63
      0.6070         6.72
      0.6080         6.80
      0.6090         6.90
      0.6100         6.95
      0.6110         6.97
      0.6120         6.96
      0.6130         7.01
      0.6140         7.15
      0.6150         7.16
      0.6160         7.30
      0.6170         7.43
      0.6180         7.49
      0.6190         7.54
      0.6200         7.58
      0.6210         7.66
      0.6220         7.77
      0.6230         7.86
      0.6240         8.01
      0.6250         8.11
      0.6260         8.31
      0.6270         8.45
      0.6280         8.60
      0.6290         8.66
      0.6300         8.82
      0.6310         8.95
      0.6320         9.07
      0.6330         9.23
      0.6340         9.39
      0.6350         9.50
      0.6360         9.54
      0.6370         9.57
      0.6380         9.69
      0.6390         9.76
      0.6400         9.78
      0.6410         9.79
      0.6420         9.81
      0.6430         9.88
      0.6440         9.83
      0.6450         9.83
      0.6460         9.71
      0.6470         9.71
      0.6480         9.69
      0.6490         9.79
      0.6500         9.90
      0.6510         9.98
      0.6520         9.98
      0.6530         9.94
      0.6540         9.90
      0.6550         9.93
      0.6560        10.04
      0.6570        10.05
      0.6580        10.05
      0.6590        10.10
      0.6600        10.17
      0.6610        10.29
      0.6620        10.44
      0.6630        10.45
      0.6640        10.60
      0.6650        10.71
      0.6660        10.80
      0.6670        10.84
      0.6680        10.84
      0.6690        10.82
      0.6700        10.78
      0.6710        10.78
      0.6720        10.88
      0.6730        11.00
      0.6740        11.05
      0.6750        11.08
      0.6760        11.08
      0.6770        11.14
      0.6780        11.07
      0.6790        11.11
      0.6800        11.07
      0.6810        11.11
      0.6820        11.06
      0.6830        11.10
      0.6840        11.01
      0.6850        11.15
      0.6860        11.19
      0.6870        11.29
      0.6880        11.43
      0.6890        11.43
      0.6900        11.43
      0.6910        11.59
      0.6920        11.59
      0.6930        11.61
      0.6940        11.71
      0.6950        11.75
      0.6960        11.78
      0.6970        11.85
      0.6980        12.01
      0.6990        12.10
      0.7000        12.21
      0.7010        12.18
      0.7020        12.22
      0.7030        12.24
      0.7040        12.31
      0.7050        12.29
      0.7060        12.29
      0.7070        12.31
      0.7080        12.28
      0.7090        12.39
      0.7100        12.44
      0.7110        12.38
      0.7120        12.36
      0.7130        12.38
      0.7140        12.34
      0.7150        12.38
      0.7160        12.36
      0.7170        12.38
      0.7180        12.41
      0.7190        12.33
      0.7200        12.44
      0.7210        12.54
      0.7220        12.58
      0.7230        12.56
      0.7240        12.54
      0.7250        12.39
      0.7260        12.46
      0.7270        12.49
      0.7280        12.47
      0.7290        12.46
      0.7300        12.42
      0.7310        12.34
      0.7320        12.42
      0.7330        12.42
      0.7340        12.45
      0.7350        12.44
      0.7360        12.43
      0.7370        12.44
      0.7380        12.43
      0.7390        12.41
      0.7400        12.31
      0.7410        12.31
      0.7420        12.31
      0.7430        12.41
      0.7440        12.45
      0.7450        12.59
      0.7460        12.57
      0.7470        12.56
      0.7480        12.64
      0.7490        12.68
      0.7500        12.73
      0.7510        12.88
      0.7520        12.84
      0.7530        12.89
      0.7540        12.83
      0.7550        12.91
      0.7560        12.92
      0.7570        12.88
      0.7580        12.90
      0.7590        12.94
      0.7600        12.94
      0.7610        12.90
      0.7620        12.86
      0.7630        12.76
      0.7640        12.77
      0.7650        12.78
      0.7660        12.78
      0.7670        12.72
      0.7680        12.63
      0.7690        12.70
      0.7700        12.66
      0.7710        12.61
      0.7720        12.58
      0.7730        12.51
      0.7740        12.50
      0.7750        12.46
      0.7760        12.59
      0.7770        12.60
      0.7780        12.59
      0.7790        12.60
      0.7800        12.67
      0.7810        12.65
      0.7820        12.73
      0.7830        12.76
      0.7840        12.80
      0.7850        12.68
      0.7860        12.65
      0.7870        12.69
      0.7880        12.73
      0.7890        12.61
      0.7900        12.64
      0.7910        12.64
      0.7920        12.71
      0.7930        12.78
      0.7940        12.83
      0.7950        12.74
      0.7960        12.62
      0.7970        12.55
      0.7980        12.53
      0.7990        12.53
      0.8000        12.52
      0.8010        12.53
      0.8020        12.56
      0.8030        12.53
      0.8040        12.47
      0.8050        12.61
      0.8060        12.62
      0.8070        12.67
      0.8080        12.75
      0.8090        12.75
      0.8100        12.68
      0.8110        12.72
      0.8120        12.68
      0.8130        12.64
      0.8140        12.69
      0.8150        12.75
      0.8160        12.76
      0.8170        12.87
      0.8180        12.88
      0.8190        12.87
      0.8200        12.87
      0.8210        12.89
      0.8220        12.85
      0.8230        12.85
      0.8240        12.97
      0.8250        12.87
      0.8260        12.94
      0.8270        12.88
      0.8280        12.86
      0.8290        12.80
      0.8300        12.93
      0.8310        12.86
      0.8320        12.93
      0.8330        12.97
      0.8340        12.94
      0.8350        12.94
      0.8360        12.89
      0.8370        12.97
      0.8380        12.95
      0.8390        12.97
      0.8400        12.97
      0.8410        13.03
      0.8420        13.09
      0.8430        13.07
      0.8440        13.02
      0.8450        13.14
      0.8460        13.21
      0.8470        13.22
      0.8480        13.18
      0.8490        13.34
      0.8500        13.33
      0.8510        13.32
      0.8520        13.28
      0.8530        13.23
      0.8540        13.20
      0.8550        13.28
      0.8560        13.40
      0.8570        13.29
      0.8580        13.31
      0.8590        13.36
      0.8600        13.34
      0.8610        13.26
      0.8620        13.12
      0.8630        13.16
      0.8640        13.11
      0.8650        13.00
      0.8660        12.96
      0.8670        12.98
      0.8680        12.96
      0.8690        12.94
      0.8700        12.89
      0.8710        12.98
      0.8720        13.04
      0.8730        13.05
      0.8740        13.12
      0.8750        13.14
      0.8760        13.02
      0.8770        13.06
      0.8780        13.06
      0.8790        12.98
      0.8800        12.95
      0.8810        13.02
      0.8820        13.05
      0.8830        12.98
      0.8840        13.06
      0.8850        13.02
      0.8860        12.97
      0.8870        12.89
      0.8880        12.83
      0.8890        12.86
      0.8900        12.90
      0.8910        12.85
      0.8920        12.78
      0.8930        12.66
      0.8940        12.62
      0.8950        12.58
      0.8960        12.72
      0.8970        12.70
      0.8980        12.74
      0.8990        12.75
      0.9000        12.79
      0.9010        12.74
      0.9020        12.78
      0.9030        12.81
      0.9040        12.74
      0.9050        12.73
      0.9060        12.74
      0.9070        12.82
      0.9080        12.85
      0.9090        12.72
      0.9100        12.69
      0.9110        12.69
      0.9120        12.61
      0.9130        12.69
      0.9140        12.69
      0.9150        12.61
      0.9160        12.53
      0.9170        12.52
      0.9180        12.49
      0.9190        12.50
      0.9200        12.47
      0.9210        12.54
      0.9220        12.58
      0.9230        12.59
      0.9240        12.61
      0.9250        12.70
      0.9260        12.73
      0.9270        12.75
      0.9280        12.80
      0.9290        12.82
      0.9300        12.79
      0.9310        12.76
      0.9320        12.86
      0.9330        12.88
      0.9340        12.86
      0.9350        12.94
      0.9360        12.94
      0.9370        12.92
      0.9380        12.91
      0.9390        12.95
      0.9400        12.95
      0.9410        12.86
      0.9420        12.81
      0.9430        12.83
      0.9440        12.86
      0.9450        12.82
      0.9460        12.70
      0.9470        12.65
      0.9480        12.54
      0.9490        12.50
      0.9500        12.48
      0.9510        12.44
      0.9520        12.43
      0.9530        12.44
      0.9540        12.51
      0.9550        12.51
      0.9560        12.52
      0.9570        12.54
      0.9580        12.46
      0.9590        12.41
      0.9600        12.40
      0.9610        12.43
      0.9620        12.35
      0.9630        12.31
      0.9640        12.27
      0.9650        12.27
      0.9660        12.32
      0.9670        12.30
      0.9680        12.31
      0.9690        12.34
      0.9700        12.41
      0.9710        12.43
      0.9720        12.45
      0.9730        12.46
      0.9740        12.41
      0.9750        12.29
      0.9760        12.34
      0.9770        12.29
      0.9780        12.37
      0.9790        12.37
      0.9800        12.43
      0.9810        12.46
      0.9820        12.55
      0.9830        12.58
      0.9840        12.55
      0.9850        12.52
      0.9860        12.57
      0.9870        12.59
      0.9880        12.59
      0.9890        12.56
      0.9900        12.57
      0.9910        12.67
      0.9920        12.60
      0.9930        12.57
      0.9940        12.53
      0.9950        12.56
      0.9960        12.45
      0.9970        12.44
      0.9980        12.40
      0.9990        12.40
      1.0000        12.36
      1.0010        12.27
      1.0020        12.24
      1.0030        12.16
      1.0040        12.16
      1.0050        12.17
      1.0060        12.11
      1.0070        12.07
      1.0080        12.02
      1.0090        12.06
      1.0100        12.02
      1.0110        11.87
      1.0120        11.86
      1.0130        11.80
      1.0140        11.84
      1.0150        11.87
      1.0160        11.83
      1.0170        11.81
      1.0180        11.83
      1.0190        11.79
      1.0200        11.72
      1.0210        11.79
      1.0220        11.75
      1.0230        11.81
      1.0240        11.86
      1.0250        11.90
      1.0260        11.91
      1.0270        11.91
      1.0280        11.93
      1.0290        11.85
      1.0300        11.82
      1.0310        11.82
      1.0320        11.86
      1.0330        11.90
      1.0340        11.77
      1.0350        11.71
      1.0360        11.81
      1.0370        11.78
      1.0380        11.73
      1.0390        11.64
      1.0400        11.66
      1.0410        11.62
      1.0420        11.64
      1.0430        11.62
      1.0440        11.59
      1.0450        11.43
      1.0460        11.47
      1.0470        11.50
      1.0480        11.54
      1.0490        11.62
      1.0500        11.64
      1.0510        11.61
      1.0520        11.62
      1.0530        11.63
      1.0540        11.67
      1.0550        11.65
      1.0560        11.55
      1.0570        11.53
      1.0580        11.47
      1.0590        11.56
      1.0600        11.47
      1.0610        11.42
      1.0620        11.29
      1.0630        11.24
      1.0640        11.22
      1.0650        11.24
      1.0660        11.20
      1.0670        11.20
      1.0680        11.14
      1.0690        11.10
      1.0700        11.06
      1.0710        11.04
      1.0720        10.96
      1.0730        10.87
      1.0740        10.85
      1.0750        10.91
      1.0760        10.91
      1.0770        10.99
      1.0780        11.02
      1.0790        10.95
      1.0800        10.97
      1.0810        10.99
      1.0820        11.16
      1.0830        11.12
      1.0840        11.00
      1.0850        11.04
      1.0860        10.96
      1.0870        10.92
      1.0880        10.89
      1.0890        10.86
      1.0900        10.77
      1.0910        10.84
      1.0920        10.78
      1.0930        10.81
      1.0940        10.83
      1.0950        10.74
      1.0960        10.78
      1.0970        10.77
      1.0980        10.83
      1.0990        10.79
      1.1000        10.86
      1.1010        10.84
      1.1020        10.71
      1.1030        10.69
      1.1040        10.75
      1.1050        10.78
      1.1060        10.80
      1.1070        10.75
      1.1080        10.69
      1.1090        10.66
      1.1100        10.70
      1.1110        10.63
      1.1120        10.72
      1.1130        10.68
      1.1140        10.76
      1.1150        10.76
      1.1160        10.79
      1.1170        10.70
      1.1180        10.62
      1.1190        10.59
      1.1200        10.49
      1.1210        10.47
      1.1220        10.53
      1.1230        10.58
      1.1240        10.62
      1.1250        10.48
      1.1260        10.44
      1.1270        10.45
      1.1280        10.61
      1.1290        10.60
      1.1300        10.57
      1.1310        10.66
      1.1320        10.61
      1.1330        10.56
      1.1340        10.38
      1.1350        10.44
      1.1360        10.32
      1.1370        10.38
      1.1380        10.40
      1.1390        10.48
      1.1400        10.53
      1.1410        10.51
      1.1420        10.49
      1.1430        10.44
      1.1440        10.44
      1.1450        10.51
      1.1460        10.46
      1.1470        10.57
      1.1480        10.49
      1.1490        10.51
      1.1500        10.54
      1.1510        10.54
      1.1520        10.51
      1.1530        10.55
      1.1540        10.63
      1.1550        10.62
      1.1560        10.66
      1.1570        10.66
      1.1580        10.67
      1.1590        10.70
      1.1600        10.76
      1.1610        10.76
      1.1620        10.67
      1.1630        10.69
      1.1640        10.60
      1.1650        10.63
      1.1660        10.65
      1.1670        10.56
      1.1680        10.54
      1.1690        10.56
      1.1700        10.53
      1.1710        10.48
      1.1720        10.51
      1.1730        10.52
      1.1740        10.48
      1.1750        10.48
      1.1760        10.51
      1.1770        10.45
      1.1780        10.43
      1.1790        10.35
      1.1800        10.29
      1.1810        10.29
      1.1820        10.37
      1.1830        10.40
      1.1840        10.44
      1.1850        10.48
      1.1860        10.53
      1.1870        10.51
      1.1880        10.56
      1.1890        10.66
      1.1900        10.64
      1.1910        10.61
      1.1920        10.56
      1.1930        10.55
      1.1940        10.51
      1.1950        10.44
      1.1960        10.38
      1.1970        10.37
      1.1980        10.37
      1.1990        10.41
      1.2000        10.37
      1.2010        10.36
      1.2020        10.32
      1.2030        10.19
      1.2040        10.20
      1.2050        10.13
      1.2060        10.17
      1.2070        10.23
      1.2080        10.17
      1.2090        10.02
      1.2100        10.05
      1.2110        10.06
      1.2120        10.13
      1.2130        10.05
      1.2140        10.16
      1.2150        10.29
      1.2160        10.33
      1.2170        10.31
      1.2180        10.30
      1.2190        10.26
      1.2200        10.23
      1.2210        10.27
      1.2220        10.27
      1.2230        10.46
      1.2240        10.41
      1.2250        10.34
      1.2260        10.25
      1.2270        10.24
      1.2280        10.17
      1.2290        10.21
      1.2300        10.29
      1.2310        10.37
      1.2320        10.37
      1.2330        10.37
      1.2340        10.33
      1.2350        10.15
      1.2360        10.05
      1.2370        10.07
      1.2380        10.09
      1.2390        10.08
      1.2400        10.09
      1.2410        10.04
      1.2420         9.99
      1.2430         9.91
      1.2440         9.98
      1.2450        10.05
      1.2460        10.12
      1.2470        10.09
      1.2480        10.19
      1.2490        10.17
      1.2500        10.05
      1.2510         9.97
      1.2520        10.00
      1.2530        10.08
      1.2540        10.04
      1.2550        10.20
      1.2560        10.21
      1.2570        10.20
      1.2580        10.17
      1.2590        10.17
      1.2600        10.12
      1.2610        10.16
      1.2620        10.24
      1.2630        10.24
      1.2640        10.20
      1.2650        10.16
      1.2660        10.14
      1.2670        10.12
      1.2680        10.04
      1.2690        10.13
      1.2700        10.13
      1.2710        10.16
      1.2720        10.16
      1.2730        10.17
      1.2740        10.20
      1.2750        10.20
      1.2760        10.24
      1.2770        10.24
      1.2780        10.15
      1.2790        10.23
      1.2800        10.38
      1.2810        10.42
      1.2820        10.42
      1.2830        10.40
      1.2840        10.41
      1.2850        10.44
      1.2860        10.41
      1.2870        10.49
      1.2880        10.52
      1.2890        10.48
      1.2900        10.51
      1.2910        10.49
      1.2920        10.50
      1.2930        10.53
      1.2940        10.56
      1.2950        10.51
      1.2960        10.47
      1.2970        10.61
      1.2980        10.79
      1.2990        10.78
      1.3000        10.75
      1.3010        10.74
      1.3020        10.72
      1.3030        10.75
      1.3040        10.76
      1.3050        10.76
      1.3060        10.70
      1.3070        10.57
      1.3080        10.60
      1.3090        10.57
      1.3100        10.57
      1.3110        10.52
      1.3120        10.48
      1.3130        10.45
      1.3140        10.47
      1.3150        10.48
      1.3160        10.55
      1.3170        10.40
      1.3180        10.31
      1.3190        10.24
      1.3200        10.13
      1.3210        10.11
      1.3220        10.03
      1.3230        10.03
      1.3240         9.97
      1.3250         9.88
      1.3260         9.98
      1.3270        10.01
      1.3280        10.02
      1.3290         9.94
      1.3300         9.97
      1.3310         9.98
      1.3320         9.94
      1.3330         9.89
      1.3340         9.87
      1.3350         9.95
      1.3360         9.87
      1.3370         9.84
      1.3380         9.87
      1.3390        10.01
      1.3400        10.09
      1.3410        10.14
      1.3420        10.19
      1.3430        10.22
      1.3440        10.23
      1.3450        10.26
      1.3460        10.23
      1.3470        10.24
      1.3480        10.24
      1.3490        10.28
      1.3500        10.22
      1.3510        10.28
      1.3520        10.24
      1.3530        10.23
      1.3540        10.21
      1.3550        10.08
      1.3560        10.10
      1.3570        10.15
      1.3580        10.13
      1.3590        10.04
      1.3600        10.02
      1.3610         9.92
      1.3620         9.92
      1.3630         9.89
      1.3640         9.89
      1.3650         9.91
      1.3660         9.89
      1.3670         9.93
      1.3680         9.97
      1.3690        10.03
      1.3700        10.05
      1.3710        10.06
      1.3720        10.07
      1.3730        10.03
      1.3740        10.00
      1.3750        10.04
      1.3760         9.98
      1.3770        10.01
      1.3780         9.96
      1.3790         9.86
      1.3800         9.86
      1.3810         9.92
      1.3820         9.94
      1.3830         9.95
      1.3840        10.00
      1.3850        10.04
      1.3860        10.01
      1.3870        10.04
      1.3880         9.97
      1.3890         9.92
      1.3900         9.94
      1.3910         9.86
      1.3920         9.96
      1.3930        10.05
      1.3940        10.12
      1.3950        10.13
      1.3960        10.25
      1.3970        10.29
      1.3980        10.38
      1.3990        10.49
      1.4000        10.54
      1.4010        10.57
      1.4020        10.67
      1.4030        10.66
      1.4040        10.60
      1.4050        10.61
      1.4060        10.64
      1.4070        10.53
      1.4080        10.51
      1.4090        10.52
      1.4100        10.55
      1.4110        10.60
      1.4120        10.51
      1.4130        10.55
      1.4140        10.55
      1.4150        10.54
      1.4160        10.51
      1.4170        10.46
      1.4180        10.48
      1.4190        10.51
      1.4200        10.40
      1.4210        10.36
      1.4220        10.32
      1.4230        10.35
      1.4240        10.43
      1.4250        10.41
      1.4260        10.49
      1.4270        10.56
      1.4280        10.60
      1.4290        10.64
      1.4300        10.61
      1.4310        10.67
      1.4320        10.71
      1.4330        10.64
      1.4340        10.61
      1.4350        10.52
      1.4360        10.55
      1.4370        10.55
      1.4380        10.48
      1.4390        10.40
      1.4400        10.52
      1.4410        10.52
      1.4420        10.46
      1.4430        10.39
      1.4440        10.38
      1.4450        10.36
      1.4460        10.38
      1.4470        10.35
      1.4480        10.43
      1.4490        10.36
      1.4500        10.39
      1.4510        10.32
      1.4520        10.21
      1.4530        10.21
      1.4540        10.21
      1.4550        10.29
      1.4560        10.25
      1.4570        10.33
      1.4580        10.31
      1.4590        10.32
      1.4600        10.32
      1.4610        10.32
      1.4620        10.35
      1.4630        10.39
      1.4640        10.27
      1.4650        10.23
      1.4660        10.14
      1.4670        10.20
      1.4680        10.11
      1.4690        10.22
      1.4700        10.17
      1.4710        10.19
      1.4720        10.31
      1.4730        10.33
      1.4740        10.33
      1.4750        10.33
      1.4760        10.36
      1.4770        10.32
      1.4780        10.32
      1.4790        10.35
      1.4800        10.28
      1.4810        10.27
      1.4820        10.27
      1.4830        10.23
      1.4840        10.29
      1.4850        10.36
      1.4860        10.33
      1.4870        10.33
      1.4880        10.33
      1.4890        10.23
      1.4900        10.24
      1.4910        10.24
      1.4920        10.27
      1.4930        10.31
      1.4940        10.27
      1.4950        10.27
      1.4960        10.20
      1.4970        10.14
      1.4980        10.10
      1.4990        10.10
      1.5000        10.11
      1.5010        10.04
      1.5020        10.04
      1.5030        10.09
      1.5040        10.12
      1.5050        10.12
      1.5060        10.13
      1.5070        10.09
      1.5080        10.06
      1.5090        10.13
      1.5100        10.10
      1.5110        10.12
      1.5120        10.07
      1.5130        10.05
      1.5140        10.07
      1.5150        10.14
      1.5160        10.18
      1.5170        10.22
      1.5180        10.33
      1.5190        10.33
      1.5200        10.29
      1.5210        10.36
      1.5220        10.40
      1.5230        10.40
      1.5240        10.39
      1.5250        10.43
      1.5260        10.43
      1.5270        10.30
      1.5280        10.27
      1.5290        10.15
      1.5300        10.15
      1.5310        10.13
      1.5320        10.12
      1.5330        10.18
      1.5340        10.15
      1.5350        10.10
      1.5360        10.12
      1.5370        10.11
      1.5380        10.01
      1.5390        10.03
      1.5400        10.11
      1.5410        10.17
      1.5420        10.17
      1.5430        10.10
      1.5440        10.12
      1.5450        10.12
      1.5460        10.17
      1.5470        10.29
      1.5480        10.28
      1.5490        10.28
      1.5500        10.32
      1.5510        10.27
      1.5520        10.28
      1.5530        10.24
      1.5540        10.33
      1.5550        10.36
      1.5560        10.35
      1.5570        10.27
      1.5580        10.32
      1.5590        10.31
      1.5600        10.23
      1.5610        10.20
      1.5620        10.16
      1.5630        10.19
      1.5640        10.22
      1.5650        10.18
      1.5660        10.13
      1.5670        10.08
      1.5680        10.09
      1.5690        10.13
      1.5700        10.00
      1.5710        10.01
      1.5720         9.95
      1.5730         9.95
      1.5740         9.87
      1.5750         9.78
      1.5760         9.80
      1.5770         9.91
      1.5780         9.90
      1.5790         9.84
      1.5800         9.86
      1.5810         9.82
      1.5820         9.81
      1.5830         9.79
      1.5840         9.79
      1.5850         9.83
      1.5860         9.81
      1.5870         9.89
      1.5880         9.93
      1.5890        10.00
      1.5900        10.13
      1.5910        10.19
      1.5920        10.24
      1.5930        10.23
      1.5940        10.27
      1.5950        10.35
      1.5960        10.32
      1.5970        10.35
      1.5980        10.36
      1.5990        10.32
      1.6000        10.35
      1.6010        10.37
      1.6020        10.36
      1.6030        10.44
      1.6040        10.41
      1.6050        10.37
      1.6060        10.45
      1.6070        10.45
      1.6080        10.48
      1.6090        10.44
      1.6100        10.45
      1.6110        10.41
      1.6120        10.40
      1.6130        10.32
      1.6140        10.31
      1.6150        10.25
      1.6160        10.24
      1.6170        10.25
      1.6180        10.25
      1.6190        10.35
      1.6200        10.37
      1.6210        10.48
      1.6220        10.48
      1.6230        10.40
      1.6240        10.47
      1.6250        10.52
      1.6260        10.48
      1.6270        10.41
      1.6280        10.47
      1.6290        10.57
      1.6300        10.53
      1.6310        10.55
      1.6320        10.59
      1.6330        10.67
      1.6340        10.66
      1.6350        10.69
      1.6360        10.66
      1.6370        10.57
      1.6380        10.53
      1.6390        10.57
      1.6400        10.54
      1.6410        10.44
      1.6420        10.42
      1.6430        10.49
      1.6440        10.43
      1.6450        10.40
      1.6460        10.39
      1.6470        10.44
      1.6480        10.37
      1.6490        10.29
      1.6500        10.25
      1.6510        10.25
      1.6520        10.25
      1.6530        10.23
      1.6540        10.21
      1.6550        10.16
      1.6560        10.13
      1.6570        10.13
      1.6580        10.18
      1.6590        10.11
      1.6600        10.10
      1.6610        10.10
      1.6620        10.04
      1.6630         9.98
      1.6640         9.98
      1.6650         9.91
      1.6660         9.94
      1.6670         9.96
      1.6680         9.98
      1.6690        10.05
      1.6700        10.14
      1.6710        10.15
      1.6720        10.07
      1.6730        10.02
      1.6740        10.02
      1.6750        10.10
      1.6760        10.08
      1.6770        10.13
      1.6780        10.13
      1.6790        10.16
      1.6800        10.09
      1.6810        10.06
      1.6820        10.20
      1.6830        10.25
      1.6840        10.29
      1.6850        10.37
      1.6860        10.44
      1.6870        10.46
      1.6880        10.45
      1.6890        10.30
      1.6900        10.22
      1.6910        10.18
      1.6920        10.29
      1.6930        10.38
      1.6940        10.45
      1.6950        10.46
      1.6960        10.54
      1.6970        10.52
      1.6980        10.48
      1.6990        10.40
      1.7000        10.48
      1.7010        10.57
      1.7020        10.53
      1.7030        10.49
      1.7040        10.42
      1.7050        10.28
      1.7060        10.23
      1.7070        10.23
      1.7080        10.31
      1.7090        10.39
      1.7100        10.37
      1.7110        10.37
      1.7120        10.37
      1.7130        10.36
      1.7140        10.32
      1.7150        10.32
      1.7160        10.25
      1.7170        10.33
      1.7180        10.39
      1.7190        10.45
      1.7200        10.52
      1.7210        10.56
      1.7220        10.49
      1.7230        10.49
      1.7240        10.55
      1.7250        10.60
      1.7260        10.65
      1.7270        10.57
      1.7280        10.46
      1.7290        10.46
      1.7300        10.48
      1.7310        10.51
      1.7320        10.40
      1.7330        10.43
      1.7340        10.37
      1.7350        10.39
      1.7360        10.41
      1.7370        10.36
      1.7380        10.38
      1.7390        10.44
      1.7400        10.41
      1.7410        10.35
      1.7420        10.42
      1.7430        10.41
      1.7440        10.42
      1.7450        10.53
      1.7460        10.41
      1.7470        10.46
      1.7480        10.53
      1.7490        10.55
      1.7500        10.57
      1.7510        10.57
      1.7520        10.67
      1.7530        10.63
      1.7540        10.70
      1.7550        10.62
      1.7560        10.64
      1.7570        10.61
      1.7580        10.45
      1.7590        10.36
      1.7600        10.29
      1.7610        10.25
      1.7620        10.28
      1.7630        10.33
      1.7640        10.32
      1.7650        10.30
      1.7660        10.42
      1.7670        10.38
      1.7680        10.28
      1.7690        10.29
      1.7700        10.28
      1.7710        10.29
      1.7720        10.20
      1.7730        10.16
      1.7740        10.07
      1.7750        10.10
      1.7760        10.09
      1.7770        10.17
      1.7780        10.30
      1.7790        10.31
      1.7800        10.38
      1.7810        10.37
      1.7820        10.42
      1.7830        10.39
      1.7840        10.29
      1.7850        10.26
      1.7860        10.22
      1.7870        10.24
      1.7880        10.24
      1.7890        10.16
      1.7900        10.12
      1.7910        10.06
      1.7920        10.08
      1.7930        10.14
      1.7940        10.24
      1.7950        10.33
      1.7960        10.37
      1.7970        10.27
      1.7980        10.21
      1.7990        10.26
      1.8000        10.20
      1.8010        10.23
      1.8020        10.19
      1.8030        10.19
      1.8040        10.34
      1.8050        10.38
      1.8060        10.35
      1.8070        10.37
      1.8080        10.41
      1.8090        10.46
      1.8100        10.51
      1.8110        10.54
      1.8120        10.54
      1.8130        10.56
      1.8140        10.50
      1.8150        10.38
      1.8160        10.38
      1.8170        10.41
      1.8180        10.37
      1.8190        10.30
      1.8200        10.30
      1.8210        10.25
      1.8220        10.20
      1.8230        10.20
      1.8240        10.19
      1.8250        10.13
      1.8260        10.16
      1.8270        10.13
      1.8280        10.16
      1.8290        10.17
      1.8300        10.12
      1.8310        10.12
      1.8320        10.17
      1.8330        10.06
      1.8340        10.13
      1.8350        10.14
      1.8360        10.17
      1.8370        10.12
      1.8380        10.20
      1.8390        10.26
      1.8400        10.32
      1.8410        10.32
      1.8420        10.27
      1.8430        10.23
      1.8440        10.15
      1.8450        10.11
      1.8460        10.09
      1.8470        10.11
      1.8480        10.00
      1.8490        10.03
      1.8500        10.14
      1.8510        10.12
      1.8520        10.11
      1.8530        10.15
      1.8540        10.08
      1.8550        10.07
      1.8560        10.00
      1.8570        10.11
      1.8580        10.01
      1.8590         9.96
      1.8600         9.89
      1.8610         9.94
      1.8620         9.98
      1.8630        10.04
      1.8640        10.05
      1.8650        10.04
      1.8660        10.01
      1.8670         9.90
      1.8680        10.02
      1.8690         9.97
      1.8700         9.93
      1.8710         9.96
      1.8720         9.93
      1.8730         9.96
      1.8740         9.92
      1.8750         9.93
      1.8760        10.00
      1.8770         9.97
      1.8780        10.00
      1.8790         9.96
      1.8800         9.99
      1.8810        10.01
      1.8820        10.05
      1.8830        10.08
      1.8840        10.13
      1.8850        10.12
      1.8860        10.08
      1.8870        10.25
      1.8880        10.25
      1.8890        10.28
      1.8900        10.20
      1.8910        10.22
      1.8920        10.29
      1.8930        10.29
      1.8940        10.35
      1.8950        10.38
      1.8960        10.37
      1.8970        10.33
      1.8980        10.40
      1.8990        10.40
      1.9000        10.41
      1.9010        10.30
      1.9020        10.24
      1.9030        10.04
      1.9040         9.97
      1.9050         9.98
      1.9060         9.97
      1.9070         9.89
      1.9080         9.78
      1.9090         9.85
      1.9100         9.99
      1.9110         9.88
      1.9120         9.77
      1.9130         9.73
      1.9140         9.69
      1.9150         9.65
      1.9160         9.08
      1.9170         9.60
      1.9180         9.61
      1.9190         9.65
      1.9200         9.68
      1.9210         9.68
      1.9220         9.69
      1.9230         9.81
      1.9240         9.89
      1.9250         9.94
      1.9260        10.03
      1.9270        10.07
      1.9280        10.17
      1.9290        10.05
      1.9300        10.03
      1.9310        10.07
      1.9320        10.22
      1.9330        10.25
      1.9340        10.26
      1.9350        10.28
      1.9360        10.44
      1.9370        10.44
      1.9380        10.44
      1.9390        10.56
      1.9400        10.49
      1.9410        10.53
      1.9420        10.59
      1.9430        10.58
      1.9440        10.53
      1.9450        10.51
      1.9460        10.45
      1.9470        10.49
      1.9480        10.49
      1.9490        10.57
      1.9500        10.56
      1.9510        10.57
      1.9520        10.49
      1.9530        10.50
      1.9540        10.60
      1.9550        10.61
      1.9560        10.48
      1.9570        10.49
      1.9580        10.44
      1.9590        10.29
      1.9600        10.32
      1.9610        10.33
      1.9620        10.26
      1.9630        10.28
      1.9640        10.25
      1.9650        10.29
      1.9660        10.27
      1.9670        10.22
      1.9680        10.18
      1.9690        10.10
      1.9700        10.06
      1.9710        10.08
      1.9720        10.11
      1.9730        10.14
      1.9740        10.01
      1.9750        10.01
      1.9760        10.08
      1.9770        10.08
      1.9780        10.09
      1.9790        10.17
      1.9800        10.24
      1.9810        10.18
      1.9820        10.26
      1.9830        10.30
      1.9840        10.37
      1.9850        10.28
      1.9860        10.32
      1.9870        10.33
      1.9880        10.34
      1.9890        10.34
      1.9900        10.39
      1.9910        10.39
      1.9920        10.36
      1.9930        10.37
      1.9940        10.36
      1.9950        10.37
      1.9960        10.35
      1.9970        10.31
      1.9980        10.33
      1.9990        10.33
      2.0000        10.28
      2.0010        10.31
      2.0020        10.25
      2.0030        10.24
      2.0040        10.24
      2.0050        10.39
      2.0060        10.41
      2.0070        10.37
      2.0080        10.36
      2.0090        10.40
      2.0100        10.44
      2.0110        10.44
      2.0120        10.48
      2.0130        10.48
      2.0140        10.53
      2.0150        10.45
      2.0160        10.37
      2.0170        10.40
      2.0180        10.40
      2.0190        10.35
      2.0200        10.36
      2.0210        10.40
      2.0220        10.48
      2.0230        10.50
      2.0240        10.53
      2.0250        10.49
      2.0260        10.54
      2.0270        10.57
      2.0280        10.53
      2.0290        10.57
      2.0300        10.50
      2.0310        10.50
      2.0320        10.42
      2.0330        10.44
      2.0340        10.51
      2.0350        10.66
      2.0360        10.75
      2.0370        10.76
      2.0380        10.72
      2.0390        10.72
      2.0400        10.66
      2.0410        10.60
      2.0420        10.49
      2.0430        10.58
      2.0440        10.62
      2.0450        10.56
      2.0460        10.44
      2.0470        10.42
      2.0480        10.53
      2.0490        10.49
      2.0500        10.42
      2.0510        10.39
      2.0520        10.45
      2.0530        10.41
      2.0540        10.29
      2.0550        10.15
      2.0560        10.16
      2.0570        10.09
      2.0580        10.15
      2.0590        10.24
      2.0600        10.28
      2.0610        10.25
      2.0620        10.28
      2.0630        10.17
      2.0640        10.02
      2.0650        10.06
      2.0660        10.13
      2.0670        10.10
      2.0680        10.08
      2.0690        10.04
      2.0700        10.17
      2.0710        10.17
      2.0720        10.18
      2.0730        10.21
      2.0740        10.33
      2.0750        10.36
      2.0760        10.28
      2.0770        10.26
      2.0780        10.25
      2.0790        10.13
      2.0800        10.13
      2.0810        10.27
      2.0820        10.33
      2.0830        10.36
      2.0840        10.36
      2.0850        10.31
      2.0860        10.27
      2.0870        10.39
      2.0880        10.36
      2.0890        10.42
      2.0900        10.43
      2.0910        10.40
      2.0920        10.37
      2.0930        10.37
      2.0940        10.35
      2.0950        10.36
      2.0960        10.39
      2.0970        10.51
      2.0980        10.53
      2.0990        10.55
      2.1000        10.52
      2.1010        10.41
      2.1020        10.44
      2.1030        10.46
      2.1040        10.56
      2.1050        10.68
      2.1060        10.71
      2.1070        10.64
      2.1080        10.64
      2.1090        10.63
      2.1100        10.60
      2.1110        10.65
      2.1120        10.62
      2.1130        10.54
      2.1140        10.50
      2.1150        10.56
      2.1160        10.63
      2.1170        10.59
      2.1180        10.56
      2.1190        10.67
      2.1200        10.72
      2.1210        10.82
      2.1220        10.75
      2.1230        10.72
      2.1240        10.70
      2.1250        10.66
      2.1260        10.61
      2.1270        10.63
      2.1280        10.68
      2.1290        10.68
      2.1300        10.68
      2.1310        10.75
      2.1320        10.69
      2.1330        10.79
      2.1340        10.81
      2.1350        10.75
      2.1360        10.75
      2.1370        10.74
      2.1380        10.72
      2.1390        10.74
      2.1400        10.63
      2.1410        10.54
      2.1420        10.48
      2.1430        10.51
      2.1440        10.51
      2.1450        10.52
      2.1460        10.59
      2.1470        10.66
      2.1480        10.72
      2.1490        10.72
      2.1500        10.75
      2.1510        10.78
      2.1520        10.83
      2.1530        10.80
      2.1540        10.80
      2.1550        10.93
      2.1560        10.88
      2.1570        10.99
      2.1580        11.11
      2.1590        11.07
      2.1600        11.15
      2.1610        11.24
      2.1620        11.31
      2.1630        11.26
      2.1640        11.26
      2.1650        11.17
      2.1660        11.13
      2.1670        11.06
      2.1680        10.97
      2.1690        10.97
      2.1700        10.91
      2.1710        10.88
      2.1720        10.93
      2.1730        10.96
      2.1740        11.03
      2.1750        10.92
      2.1760        10.91
      2.1770        10.83
      2.1780        10.76
      2.1790        10.80
      2.1800        10.83
      2.1810        10.87
      2.1820        10.88
      2.1830        10.94
      2.1840        10.96
      2.1850        11.08
      2.1860        11.13
      2.1870        11.17
      2.1880        11.17
      2.1890        11.18
      2.1900        11.21
      2.1910        11.14
      2.1920        11.14
      2.1930        11.16
      2.1940        11.16
      2.1950        11.24
      2.1960        11.29
      2.1970        11.25
      2.1980        11.25
      2.1990        11.25
      2.2000        11.27
      2.2010        11.13
      2.2020        11.13
      2.2030        11.19
      2.2040        11.21
      2.2050        11.21
      2.2060        11.25
      2.2070        11.21
      2.2080        11.23
      2.2090        11.28
      2.2100        11.21
      2.2110        11.28
      2.2120        11.31
      2.2130        11.24
      2.2140        11.18
      2.2150        11.13
      2.2160        11.15
      2.2170        11.23
      2.2180        11.26
      2.2190        11.29
      2.2200        11.34
      2.2210        11.46
      2.2220        11.44
      2.2230        11.34
      2.2240        11.33
      2.2250        11.37
      2.2260        11.36
      2.2270        11.43
      2.2280        11.47
      2.2290        11.47
      2.2300        11.63
      2.2310        11.70
      2.2320        11.68
      2.2330        11.74
      2.2340        11.79
      2.2350        11.85
      2.2360        11.85
      2.2370        11.83
      2.2380        11.72
      2.2390        11.68
      2.2400        11.63
      2.2410        11.65
      2.2420        11.65
      2.2430        11.71
      2.2440        11.81
      2.2450        11.79
      2.2460        11.77
      2.2470        11.73
      2.2480        11.83
      2.2490        11.95
      2.2500        11.92
      2.2510        11.95
      2.2520        11.97
      2.2530        11.95
      2.2540        11.97
      2.2550        11.95
      2.2560        12.02
      2.2570        12.01
      2.2580        12.10
      2.2590        12.13
      2.2600        12.16
      2.2610        12.14
      2.2620        12.16
      2.2630        12.17
      2.2640        12.16
      2.2650        12.22
      2.2660        12.26
      2.2670        12.32
      2.2680        12.26
      2.2690        12.18
      2.2700        12.17
      2.2710        12.19
      2.2720        12.23
      2.2730        12.31
      2.2740        12.33
      2.2750        12.39
      2.2760        12.37
      2.2770        12.49
      2.2780        12.61
      2.2790        12.61
      2.2800        12.65
      2.2810        12.68
      2.2820        12.83
      2.2830        12.88
      2.2840        12.86
      2.2850        12.83
      2.2860        12.83
      2.2870        12.80
      2.2880        12.87
      2.2890        12.90
      2.2900        12.99
      2.2910        12.93
      2.2920        12.97
      2.2930        12.98
      2.2940        12.95
      2.2950        12.98
      2.2960        13.02
      2.2970        13.03
      2.2980        13.03
      2.2990        13.08
      2.3000        13.20
      2.3010        13.22
      2.3020        13.31
      2.3030        13.32
      2.3040        13.38
      2.3050        13.43
      2.3060        13.47
      2.3070        13.54
      2.3080        13.53
      2.3090        13.56
      2.3100        13.53
      2.3110        13.50
      2.3120        13.45
      2.3130        13.53
      2.3140        13.52
      2.3150        13.54
      2.3160        13.55
      2.3170        13.55
      2.3180        13.46
      2.3190        13.43
      2.3200        13.43
      2.3210        13.47
      2.3220        13.40
      2.3230        13.40
      2.3240        13.39
      2.3250        13.43
      2.3260        13.51
      2.3270        13.50
      2.3280        13.51
      2.3290        13.55
      2.3300        13.54
      2.3310        13.61
      2.3320        13.69
      2.3330        13.69
      2.3340        13.86
      2.3350        13.84
      2.3360        13.86
      2.3370        13.85
      2.3380        13.95
      2.3390        13.95
      2.3400        13.87
      2.3410        13.85
      2.3420        13.82
      2.3430        13.85
      2.3440        13.93
      2.3450        13.90
      2.3460        13.94
      2.3470        14.04
      2.3480        14.05
      2.3490        14.03
      2.3500        14.17
      2.3510        14.19
      2.3520        14.21
      2.3530        14.17
      2.3540        14.13
      2.3550        14.19
      2.3560        14.17
      2.3570        14.22
      2.3580        14.17
      2.3590        14.28
      2.3600        14.30
      2.3610        14.38
      2.3620        14.43
      2.3630        14.45
      2.3640        14.36
      2.3650        14.37
      2.3660        14.32
      2.3670        14.31
      2.3680        14.29
      2.3690        14.28
      2.3700        14.15
      2.3710        14.16
      2.3720        14.08
      2.3730        14.08
      2.3740        14.00
      2.3750        13.98
      2.3760        14.02
      2.3770        14.03
      2.3780        14.07
      2.3790        14.10
      2.3800        14.18
      2.3810        14.11
      2.3820        14.13
      2.3830        14.18
      2.3840        14.26
      2.3850        14.30
      2.3860        14.27
      2.3870        14.28
      2.3880        14.35
      2.3890        14.46
      2.3900        14.51
      2.3910        14.66
      2.3920        14.85
      2.3930        14.93
      2.3940        15.02
      2.3950        15.09
      2.3960        15.11
      2.3970        15.17
      2.3980        15.14
      2.3990        15.13
      2.4000        15.09
      2.4010        15.14
      2.4020        15.16
      2.4030        15.14
      2.4040        15.15
      2.4050        15.07
      2.4060        15.12
      2.4070        15.17
      2.4080        15.15
      2.4090        15.18
      2.4100        15.18
      2.4110        15.12
      2.4120        15.12
      2.4130        15.12
      2.4140        15.11
      2.4150        15.07
      2.4160        15.10
      2.4170        15.07
      2.4180        15.12
      2.4190        15.15
      2.4200        15.21
      2.4210        15.20
      2.4220        15.24
      2.4230        15.21
      2.4240        15.23
      2.4250        15.31
      2.4260        15.25
      2.4270        15.14
      2.4280        15.17
      2.4290        15.11
      2.4300        15.12
      2.4310        15.11
      2.4320        15.04
      2.4330        15.00
      2.4340        14.93
      2.4350        14.99
      2.4360        14.98
      2.4370        14.92
      2.4380        14.95
      2.4390        14.97
      2.4400        14.84
      2.4410        14.91
      2.4420        14.80
      2.4430        14.84
      2.4440        14.81
      2.4450        14.86
      2.4460        14.96
      2.4470        15.06
      2.4480        15.06
      2.4490        15.08
      2.4500        15.12
      2.4510        15.14
      2.4520        15.17
      2.4530        15.24
      2.4540        15.35
      2.4550        15.39
      2.4560        15.36
      2.4570        15.39
      2.4580        15.33
      2.4590        15.21
      2.4600        15.31
      2.4610        15.28
      2.4620        15.36
      2.4630        15.31
      2.4640        15.35
      2.4650        15.31
      2.4660        15.30
      2.4670        15.26
      2.4680        15.31
      2.4690        15.30
      2.4700        15.27
      2.4710        15.23
      2.4720        15.28
      2.4730        15.24
      2.4740        15.27
      2.4750        15.23
      2.4760        15.25
      2.4770        15.27
      2.4780        15.39
      2.4790        15.43
      2.4800        15.50
      2.4810        15.47
      2.4820        15.46
      2.4830        15.46
      2.4840        15.47
      2.4850        15.50
      2.4860        15.50
      2.4870        15.54
      2.4880        15.54
      2.4890        15.49
      2.4900        15.40
      2.4910        15.49
      2.4920        15.46
      2.4930        15.43
      2.4940        15.40
      2.4950        15.38
      2.4960        15.39
      2.4970        15.40
      2.4980        15.33
      2.4990        15.35
      2.5000        15.29
      2.5010        15.36
      2.5020        15.32
      2.5030        15.39
      2.5040        15.37
      2.5050        15.31
      2.5060        15.24
      2.5070        15.21
      2.5080        15.12
      2.5090        15.25
      2.5100        15.28
      2.5110        15.18
      2.5120        15.05
      2.5130        15.04
      2.5140        15.04
      2.5150        15.12
      2.5160        15.11
      2.5170        15.13
      2.5180        15.08
      2.5190        15.11
      2.5200        15.06
      2.5210        14.98
      2.5220        14.99
      2.5230        14.90
      2.5240        14.87
      2.5250        14.87
      2.5260        14.84
      2.5270        14.81
      2.5280        14.84
      2.5290        14.76
      2.5300        14.77
      2.5310        14.80
      2.5320        14.85
      2.5330        14.86
      2.5340        14.89
      2.5350        14.79
      2.5360        14.82
      2.5370        14.82
      2.5380        14.90
      2.5390        14.87
      2.5400        14.87
      2.5410        14.86
      2.5420        14.88
      2.5430        14.96
      2.5440        14.93
      2.5450        14.91
      2.5460        14.94
      2.5470        14.93
      2.5480        14.88
      2.5490        14.89
      2.5500        14.88
      2.5510        14.77
      2.5520        14.78
      2.5530        14.80
      2.5540        14.72
      2.5550        14.69
      2.5560        14.60
      2.5570        14.57
      2.5580        14.49
      2.5590        14.49
      2.5600        14.39
      2.5610        14.43
      2.5620        14.41
      2.5630        14.31
      2.5640        14.30
      2.5650        14.27
      2.5660        14.23
      2.5670        14.25
      2.5680        14.31
      2.5690        14.21
      2.5700        14.16
      2.5710        14.19
      2.5720        14.11
      2.5730        14.08
      2.5740        14.11
      2.5750        14.09
      2.5760        14.09
      2.5770        14.07
      2.5780        14.09
      2.5790        14.07
      2.5800        14.11
      2.5810        14.08
      2.5820        14.07
      2.5830        14.15
      2.5840        14.08
      2.5850        14.07
      2.5860        14.06
      2.5870        13.95
      2.5880        13.92
      2.5890        13.96
      2.5900        14.07
      2.5910        14.04
      2.5920        14.11
      2.5930        14.04
      2.5940        14.02
      2.5950        13.97
      2.5960        13.97
      2.5970        13.93
      2.5980        13.89
      2.5990        13.85
      2.6000        13.78
      2.6010        13.78
      2.6020        13.84
      2.6030        13.74
      2.6040        13.80
      2.6050        13.85
      2.6060        13.83
      2.6070        13.91
      2.6080        13.94
      2.6090        13.94
      2.6100        13.88
      2.6110        13.95
      2.6120        13.92
      2.6130        13.95
      2.6140        13.94
      2.6150        13.95
      2.6160        13.91
      2.6170        13.83
      2.6180        13.81
      2.6190        13.81
      2.6200        13.95
      2.6210        13.99
      2.6220        13.93
      2.6230        13.90
      2.6240        13.92
      2.6250        13.82
      2.6260        13.89
      2.6270        13.83
      2.6280        13.82
      2.6290        13.82
      2.6300        13.82
      2.6310        13.82
      2.6320        13.78
      2.6330        13.77
      2.6340        13.79
      2.6350        13.78
      2.6360        13.77
      2.6370        13.84
      2.6380        13.88
      2.6390        13.93
      2.6400        13.82
      2.6410        13.76
      2.6420        13.69
      2.6430        13.81
      2.6440        13.80
      2.6450        13.91
      2.6460        13.91
      2.6470        13.93
      2.6480        13.93
      2.6490        13.91
      2.6500        13.93
      2.6510        13.88
      2.6520        13.80
      2.6530        13.82
      2.6540        13.74
      2.6550        13.78
      2.6560        13.82
      2.6570        13.93
      2.6580        13.91
      2.6590        13.85
      2.6600        13.91
      2.6610        13.85
      2.6620        13.93
      2.6630        13.90
      2.6640        13.89
      2.6650        13.87
      2.6660        13.79
      2.6670        13.77
      2.6680        13.71
      2.6690        13.71
      2.6700        13.65
      2.6710        13.65
      2.6720        13.70
      2.6730        13.70
      2.6740        13.71
      2.6750        13.67
      2.6760        13.62
      2.6770        13.55
      2.6780        13.50
      2.6790        13.55
      2.6800        13.58
      2.6810        13.65
      2.6820        13.62
      2.6830        13.59
      2.6840        13.67
      2.6850        13.67
      2.6860        13.69
      2.6870        13.71
      2.6880        13.73
      2.6890        13.66
      2.6900        13.71
      2.6910        13.67
      2.6920        13.79
      2.6930        13.69
      2.6940        13.66
      2.6950        13.69
      2.6960        13.74
      2.6970        13.74
      2.6980        13.72
      2.6990        13.65
      2.7000        13.58
      2.7010        13.60
      2.7020        13.61
      2.7030        13.53
      2.7040        13.51
      2.7050        13.51
      2.7060        13.61
      2.7070        13.55
      2.7080        13.54
      2.7090        13.62
      2.7100        13.62
      2.7110        13.70
      2.7120        13.60
      2.7130        13.59
      2.7140        13.58
      2.7150        13.57
      2.7160        13.53
      2.7170        13.54
      2.7180        13.56
      2.7190        13.59
      2.7200        13.60
      2.7210        13.63
      2.7220        13.63
      2.7230        13.60
      2.7240        13.58
      2.7250        13.53
      2.7260        13.53
      2.7270        13.61
      2.7280        13.61
      2.7290        13.61
      2.7300        13.53
      2.7310        13.41
      2.7320        13.41
      2.7330        13.46
      2.7340        13.57
      2.7350        13.58
      2.7360        13.58
      2.7370        13.51
      2.7380        13.54
      2.7390        13.61
      2.7400        13.65
      2.7410        13.59
      2.7420        13.58
      2.7430        13.64
      2.7440        13.59
      2.7450        13.59
      2.7460        13.52
      2.7470        13.44
      2.7480        13.44
      2.7490        13.43
      2.7500        13.44
      2.7510        13.51
      2.7520        13.58
      2.7530        13.60
      2.7540        13.59
      2.7550        13.52
      2.7560        13.59
      2.7570        13.60
      2.7580        13.63
      2.7590        13.60
      2.7600        13.60
      2.7610        13.58
      2.7620        13.56
      2.7630        13.60
      2.7640        13.60
      2.7650        13.58
      2.7660        13.58
      2.7670        13.60
      2.7680        13.55
      2.7690        13.52
      2.7700        13.56
      2.7710        13.58
      2.7720        13.47
      2.7730        13.52
      2.7740        13.47
      2.7750        13.63
      2.7760        13.55
      2.7770        13.56
      2.7780        13.44
      2.7790        13.34
      2.7800        13.29
      2.7810        13.34
      2.7820        13.35
      2.7830        13.28
      2.7840        13.28
      2.7850        13.28
      2.7860        13.27
      2.7870        13.26
      2.7880        13.30
      2.7890        13.23
      2.7900        13.22
      2.7910        13.16
      2.7920        13.19
      2.7930        13.18
      2.7940        13.16
      2.7950        13.07
      2.7960        13.13
      2.7970        13.20
      2.7980        13.28
      2.7990        13.35
      2.8000        13.36
      2.8010        13.36
      2.8020        13.33
      2.8030        13.44
      2.8040        13.48
      2.8050        13.43
      2.8060        13.51
      2.8070        13.47
      2.8080        13.43
      2.8090        13.55
      2.8100        13.53
      2.8110        13.59
      2.8120        13.56
      2.8130        13.50
      2.8140        13.48
      2.8150        13.43
      2.8160        13.41
      2.8170        13.34
      2.8180        13.34
      2.8190        13.31
      2.8200        13.28
      2.8210        13.27
      2.8220        13.34
      2.8230        13.27
      2.8240        13.27
      2.8250        13.25
      2.8260        13.12
      2.8270        13.16
      2.8280        13.21
      2.8290        13.23
      2.8300        13.26
      2.8310        13.29
      2.8320        13.33
      2.8330        13.40
      2.8340        13.37
      2.8350        13.42
      2.8360        13.34
      2.8370        13.37
      2.8380        13.44
      2.8390        13.47
      2.8400        13.48
      2.8410        13.48
      2.8420        13.40
      2.8430        13.36
      2.8440        13.39
      2.8450        13.40
      2.8460        13.52
      2.8470        13.48
      2.8480        13.48
      2.8490        13.43
      2.8500        13.38
      2.8510        13.32
      2.8520        13.26
      2.8530        13.20
      2.8540        13.28
      2.8550        13.30
      2.8560        13.35
      2.8570        13.32
      2.8580        13.21
      2.8590        13.32
      2.8600        13.37
      2.8610        13.28
      2.8620        13.25
      2.8630        13.35
      2.8640        13.24
      2.8650        13.29
      2.8660        13.24
      2.8670        13.23
      2.8680        13.23
      2.8690        13.19
      2.8700        13.21
      2.8710        13.22
      2.8720        13.26
      2.8730        13.28
      2.8740        13.22
      2.8750        13.10
      2.8760        13.11
      2.8770        13.12
      2.8780        13.07
      2.8790        12.95
      2.8800        12.87
      2.8810        13.03
      2.8820        13.12
      2.8830        13.04
      2.8840        13.04
      2.8850        13.05
      2.8860        13.09
      2.8870        13.20
      2.8880        13.17
      2.8890        13.17
      2.8900        13.22
      2.8910        13.18
      2.8920        13.24
      2.8930        13.29
      2.8940        13.40
      2.8950        13.48
      2.8960        13.45
      2.8970        13.45
      2.8980        13.53
      2.8990        13.49
      2.9000        13.48
      2.9010        13.42
      2.9020        13.30
      2.9030        13.32
      2.9040        13.40
      2.9050        13.43
      2.9060        13.42
      2.9070        13.31
      2.9080        13.31
      2.9090        13.39
      2.9100        13.39
      2.9110        13.43
      2.9120        13.44
      2.9130        13.39
      2.9140        13.32
      2.9150        13.25
      2.9160        13.32
      2.9170        13.34
      2.9180        13.32
      2.9190        13.31
      2.9200        13.37
      2.9210        13.34
      2.9220        13.38
      2.9230        13.41
      2.9240        13.39
      2.9250        13.43
      2.9260        13.37
      2.9270        13.37
      2.9280        13.37
      2.9290        13.26
      2.9300        13.09
      2.9310        13.06
      2.9320        12.97
      2.9330        12.87
      2.9340        12.87
      2.9350        12.93
      2.9360        12.86
      2.9370        12.76
      2.9380        12.74
      2.9390        12.76
      2.9400        12.72
      2.9410        12.67
      2.9420        12.70
      2.9430        12.67
      2.9440        12.72
      2.9450        12.61
      2.9460        12.69
      2.9470        12.75
      2.9480        12.74
      2.9490        12.75
      2.9500        12.77
      2.9510        12.73
      2.9520        12.75
      2.9530        12.83
      2.9540        12.84
      2.9550        12.82
      2.9560        12.83
      2.9570        12.87
      2.9580        12.91
      2.9590        12.94
      2.9600        12.91
      2.9610        12.93
      2.9620        12.90
      2.9630        12.85
      2.9640        12.82
      2.9650        12.90
      2.9660        12.90
      2.9670        12.89
      2.9680        12.87
      2.9690        12.93
      2.9700        13.02
      2.9710        13.10
      2.9720        13.08
      2.9730        13.10
      2.9740        13.06
      2.9750        13.11
      2.9760        13.11
      2.9770        13.14
      2.9780        13.11
      2.9790        13.07
      2.9800        13.10
      2.9810        13.18
      2.9820        13.15
      2.9830        13.22
      2.9840        13.19
      2.9850        13.17
      2.9860        13.11
      2.9870        13.04
      2.9880        13.08
      2.9890        13.04
      2.9900        13.04
      2.9910        13.08
      2.9920        13.13
      2.9930        13.07
      2.9940        13.05
      2.9950        12.96
      2.9960        12.94
      2.9970        12.89
      2.9980        12.96
      2.9990        12.97
