        Time   Palpation Force
      0.0000         1.00
      0.0010         1.00
      0.0020         1.00
      0.0030         1.00
      0.0040         1.00
      0.0050         1.00
      0.0060         1.00
      0.0070         1.00
      0.0080         1.00
      0.0090         1.00
      0.0100         1.00
      0.0110         1.00
      0.0120         1.00
      0.0130         1.00
      0.0140         1.00
      0.0150         1.00
      0.0160         1.00
      0.0170         1.00
      0.0180         1.00
      0.0190         1.00
      0.0200         1.00
      0.0210         1.00
      0.0220         1.00
      0.0230         1.00
      0.0240         1.00
      0.0250         1.00
      0.0260         1.00
      0.0270         1.00
      0.0280         1.00
      0.0290         1.00
      0.0300         1.00
      0.0310         1.00
      0.0320         1.00
      0.0330         1.00
      0.0340         1.00
      0.0350         1.00
      0.0360         1.00
      0.0370         1.00
      0.0380         1.00
      0.0390         1.00
      0.0400         1.00
      0.0410         1.00
      0.0420         1.00
      0.0430         1.00
      0.0440         1.00
      0.0450         1.00
      0.0460         1.00
      0.0470         1.00
      0.0480         1.00
      0.0490         1.00
      0.0500         1.00
      0.0510         1.00
      0.0520         1.00
      0.0530         1.00
      0.0540         1.00
      0.0550         1.00
      0.0560         1.00
      0.0570         1.00
      0.0580         1.00
      0.0590         1.00
      0.0600         1.00
      0.0610         1.00
      0.0620         1.00
      0.0630         1.00
      0.0640         1.00
      0.0650         1.00
      0.0660         1.00
      0.0670         1.00
      0.0680         1.00
      0.0690         1.00
      0.0700         1.00
      0.0710         1.00
      0.0720         1.00
      0.0730         1.00
      0.0740         1.00
      0.0750         1.00
      0.0760         1.00
      0.0770         1.00
      0.0780         1.00
      0.0790         1.00
      0.0800         1.00
      0.0810         1.00
      0.0820         1.00
      0.0830         1.00
      0.0840         1.00
      0.0850         1.00
      0.0860         1.00
      0.0870         1.00
      0.0880         1.00
      0.0890         1.00
      0.0900         1.00
      0.0910         1.00
      0.0920         1.00
      0.0930         1.00
      0.0940         1.00
      0.0950         1.00
      0.0960         1.00
      0.0970         1.00
      0.0980         1.00
      0.0990         1.00
      0.1000         1.00
      0.1010         1.00
      0.1020         1.00
      0.1030         1.00
      0.1040         1.00
      0.1050         1.00
      0.1060         1.00
      0.1070         1.00
      0.1080         1.00
      0.1090         1.00
      0.1100         1.00
      0.1110         1.00
      0.1120         1.00
      0.1130         1.00
      0.1140         1.00
      0.1150         1.00
      0.1160         1.00
      0.1170         1.00
      0.1180         1.00
      0.1190         1.00
      0.1200         1.00
      0.1210         1.00
      0.1220         1.00
      0.1230         1.00
      0.1240         1.00
      0.1250         1.00
      0.1260         1.00
      0.1270         1.00
      0.1280         1.00
      0.1290         1.00
      0.1300         1.00
      0.1310         1.00
      0.1320         1.00
      0.1330         1.00
      0.1340         1.00
      0.1350         1.00
      0.1360         1.00
      0.1370         1.00
      0.1380         1.00
      0.1390         1.00
      0.1400         1.00
      0.1410         1.00
      0.1420         1.00
      0.1430         1.00
      0.1440         1.00
      0.1450         1.00
      0.1460         1.00
      0.1470         1.00
      0.1480         1.00
      0.1490         1.00
      0.1500         1.00
      0.1510         1.00
      0.1520         1.00
      0.1530         1.00
      0.1540         1.00
      0.1550         1.00
      0.1560         1.00
      0.1570         1.00
      0.1580         1.00
      0.1590         1.00
      0.1600         1.00
      0.1610         1.00
      0.1620         1.00
      0.1630         1.00
      0.1640         1.00
      0.1650         1.00
      0.1660         1.00
      0.1670         1.00
      0.1680         1.00
      0.1690         1.00
      0.1700         1.00
      0.1710         1.00
      0.1720         1.00
      0.1730         1.00
      0.1740         1.00
      0.1750         1.00
      0.1760         1.00
      0.1770         1.00
      0.1780         1.00
      0.1790         1.00
      0.1800         1.00
      0.1810         1.00
      0.1820         1.00
      0.1830         1.00
      0.1840         1.00
      0.1850         1.00
      0.1860         1.00
      0.1870         1.00
      0.1880         1.00
      0.1890         1.00
      0.1900         1.00
      0.1910         1.00
      0.1920         1.00
      0.1930         1.00
      0.1940         1.00
      0.1950         1.00
      0.1960         1.00
      0.1970         1.00
      0.1980         1.00
      0.1990         1.00
      0.2000         1.00
      0.2010         1.00
      0.2020         1.00
      0.2030         1.00
      0.2040         1.00
      0.2050         1.00
      0.2060         1.00
      0.2070         1.00
      0.2080         1.00
      0.2090         1.00
      0.2100         1.00
      0.2110         1.00
      0.2120         1.00
      0.2130         1.00
      0.2140         1.00
      0.2150         1.00
      0.2160         1.00
      0.2170         1.00
      0.2180         1.00
      0.2190         1.00
      0.2200         1.00
      0.2210         1.00
      0.2220         1.00
      0.2230         1.00
      0.2240         1.00
      0.2250         1.00
      0.2260         1.00
      0.2270         1.00
      0.2280         1.00
      0.2290         1.00
      0.2300         1.00
      0.2310         1.00
      0.2320         1.00
      0.2330         1.00
      0.2340         1.00
      0.2350         1.00
      0.2360         1.00
      0.2370         1.00
      0.2380         1.00
      0.2390         1.00
      0.2400         1.00
      0.2410         1.00
      0.2420         1.00
      0.2430         1.00
      0.2440         1.00
      0.2450         1.00
      0.2460         1.00
      0.2470         1.00
      0.2480         1.00
      0.2490         1.00
      0.2500         1.00
      0.2510         1.00
      0.2520         1.00
      0.2530         1.00
      0.2540         1.00
      0.2550         1.00
      0.2560         1.00
      0.2570         1.00
      0.2580         1.00
      0.2590         1.00
      0.2600         1.00
      0.2610         1.00
      0.2620         1.00
      0.2630         1.00
      0.2640         1.00
      0.2650         1.00
      0.2660         1.00
      0.2670         1.00
      0.2680         1.00
      0.2690         1.00
      0.2700         1.00
      0.2710         1.00
      0.2720         1.00
      0.2730         1.00
      0.2740         1.00
      0.2750         1.00
      0.2760         1.00
      0.2770         1.00
      0.2780         1.00
      0.2790         1.00
      0.2800         1.00
      0.2810         1.00
      0.2820         1.00
      0.2830         1.00
      0.2840         1.00
      0.2850         1.00
      0.2860         1.00
      0.2870         1.00
      0.2880         1.00
      0.2890         1.00
      0.2900         1.00
      0.2910         1.00
      0.2920         1.00
      0.2930         1.00
      0.2940         1.00
      0.2950         1.00
      0.2960         1.00
      0.2970         1.00
      0.2980         1.00
      0.2990         1.00
      0.3000         1.00
      0.3010         1.00
      0.3020         1.00
      0.3030         1.00
      0.3040         1.00
      0.3050         1.00
      0.3060         1.00
      0.3070         1.00
      0.3080         1.00
      0.3090         1.00
      0.3100         1.00
      0.3110         1.00
      0.3120         1.00
      0.3130         1.00
      0.3140         1.00
      0.3150         1.00
      0.3160         1.00
      0.3170         1.00
      0.3180         1.00
      0.3190         1.00
      0.3200         1.00
      0.3210         1.00
      0.3220         1.00
      0.3230         1.00
      0.3240         1.00
      0.3250         1.00
      0.3260         1.00
      0.3270         1.00
      0.3280         1.00
      0.3290         1.00
      0.3300         1.00
      0.3310         1.00
      0.3320         1.00
      0.3330         1.00
      0.3340         1.00
      0.3350         1.00
      0.3360         1.00
      0.3370         1.00
      0.3380         1.00
      0.3390         1.00
      0.3400         1.00
      0.3410         1.00
      0.3420         1.00
      0.3430         1.00
      0.3440         1.00
      0.3450         1.00
      0.3460         1.00
      0.3470         1.00
      0.3480         1.00
      0.3490         1.00
      0.3500         1.00
      0.3510         1.00
      0.3520         1.00
      0.3530         1.00
      0.3540         1.00
      0.3550         1.00
      0.3560         1.00
      0.3570         1.00
      0.3580         1.00
      0.3590         1.00
      0.3600         1.00
      0.3610         1.00
      0.3620         1.00
      0.3630         1.00
      0.3640         1.00
      0.3650         1.00
      0.3660         1.00
      0.3670         1.00
      0.3680         1.00
      0.3690         1.00
      0.3700         1.00
      0.3710         1.00
      0.3720         1.00
      0.3730         1.00
      0.3740         1.00
      0.3750         1.00
      0.3760         1.00
      0.3770         1.00
      0.3780         1.00
      0.3790         1.00
      0.3800         1.00
      0.3810         1.00
      0.3820         1.00
      0.3830         1.00
      0.3840         1.00
      0.3850         1.00
      0.3860         1.00
      0.3870         1.00
      0.3880         1.00
      0.3890         1.00
      0.3900         1.00
      0.3910         1.00
      0.3920         1.00
      0.3930         1.00
      0.3940         1.00
      0.3950         1.00
      0.3960         1.00
      0.3970         1.00
      0.3980         1.00
      0.3990         1.00
      0.4000         1.00
      0.4010         1.00
      0.4020         1.00
      0.4030         1.00
      0.4040         1.00
      0.4050         1.00
      0.4060         1.00
      0.4070         1.00
      0.4080         1.00
      0.4090         1.00
      0.4100         1.00
      0.4110         1.00
      0.4120         1.00
      0.4130         1.00
      0.4140         1.00
      0.4150         1.00
      0.4160         1.00
      0.4170         1.00
      0.4180         1.00
      0.4190         1.00
      0.4200         1.00
      0.4210         1.00
      0.4220         1.00
      0.4230         1.00
      0.4240         1.00
      0.4250         1.00
      0.4260         1.00
      0.4270         1.00
      0.4280         1.00
      0.4290         1.00
      0.4300         1.00
      0.4310         1.00
      0.4320         1.00
      0.4330         1.00
      0.4340         1.00
      0.4350         1.00
      0.4360         1.00
      0.4370         1.00
      0.4380         1.00
      0.4390         1.00
      0.4400         1.00
      0.4410         1.00
      0.4420         1.00
      0.4430         1.00
      0.4440         1.00
      0.4450         1.00
      0.4460         1.00
      0.4470         1.00
      0.4480         1.00
      0.4490         1.00
      0.4500         1.00
      0.4510         1.00
      0.4520         1.00
      0.4530         1.00
      0.4540         1.00
      0.4550         1.00
      0.4560         1.00
      0.4570         1.00
      0.4580         1.00
      0.4590         1.00
      0.4600         1.00
      0.4610         1.00
      0.4620         1.00
      0.4630         1.00
      0.4640         1.00
      0.4650         1.00
      0.4660         1.00
      0.4670         1.00
      0.4680         1.00
      0.4690         1.00
      0.4700         1.00
      0.4710         1.00
      0.4720         1.00
      0.4730         1.00
      0.4740         1.00
      0.4750         1.00
      0.4760         1.00
      0.4770         1.00
      0.4780         1.00
      0.4790         1.00
      0.4800         1.00
      0.4810         1.00
      0.4820         1.00
      0.4830         1.00
      0.4840         1.00
      0.4850         1.00
      0.4860         1.00
      0.4870         1.00
      0.4880         1.00
      0.4890         1.00
      0.4900         1.00
      0.4910         1.00
      0.4920         1.00
      0.4930         1.00
      0.4940         1.00
      0.4950         1.00
      0.4960         1.00
      0.4970         1.00
      0.4980         1.00
      0.4990         1.00
      0.5000         1.00
      0.5010         1.00
      0.5020         1.00
      0.5030         1.00
      0.5040         1.00
      0.5050         1.00
      0.5060         1.00
      0.5070         1.00
      0.5080         1.00
      0.5090         1.00
      0.5100         1.00
      0.5110         1.00
      0.5120         1.00
      0.5130         1.00
      0.5140         1.00
      0.5150         1.00
      0.5160         1.00
      0.5170         1.00
      0.5180         1.00
      0.5190         1.00
      0.5200         1.00
      0.5210         1.00
      0.5220         1.00
      0.5230         1.00
      0.5240         1.00
      0.5250         1.00
      0.5260         1.00
      0.5270         1.00
      0.5280         1.00
      0.5290         1.00
      0.5300         1.00
      0.5310         1.00
      0.5320         1.00
      0.5330         1.00
      0.5340         1.00
      0.5350         1.00
      0.5360         1.00
      0.5370         1.00
      0.5380         1.00
      0.5390         1.00
      0.5400         1.00
      0.5410         1.00
      0.5420         1.00
      0.5430         1.00
      0.5440         1.00
      0.5450         1.00
      0.5460         1.00
      0.5470         1.00
      0.5480         1.00
      0.5490         1.00
      0.5500         1.00
      0.5510         1.00
      0.5520         1.00
      0.5530         1.00
      0.5540         1.00
      0.5550         1.00
      0.5560         1.00
      0.5570         1.00
      0.5580         1.00
      0.5590         1.00
      0.5600         1.00
      0.5610         1.00
      0.5620         1.00
      0.5630         1.00
      0.5640         1.00
      0.5650         1.00
      0.5660         1.00
      0.5670         1.00
      0.5680         1.00
      0.5690         1.00
      0.5700         1.00
      0.5710         1.00
      0.5720         1.00
      0.5730         1.00
      0.5740         1.00
      0.5750         1.00
      0.5760         1.00
      0.5770         1.00
      0.5780         1.00
      0.5790         1.00
      0.5800         1.00
      0.5810         1.00
      0.5820         1.00
      0.5830         1.00
      0.5840         1.00
      0.5850         1.00
      0.5860         1.00
      0.5870         1.00
      0.5880         1.00
      0.5890         1.00
      0.5900         1.00
      0.5910         1.00
      0.5920         1.00
      0.5930         1.00
      0.5940         1.00
      0.5950         1.00
      0.5960         1.00
      0.5970         1.00
      0.5980         1.00
      0.5990         1.00
      0.6000         1.00
      0.6010         1.00
      0.6020         1.00
      0.6030         1.00
      0.6040         1.00
      0.6050         1.00
      0.6060         1.00
      0.6070         1.00
      0.6080         1.00
      0.6090         1.00
      0.6100         1.00
      0.6110         1.00
      0.6120         1.00
      0.6130         1.00
      0.6140         1.00
      0.6150         1.00
      0.6160         1.00
      0.6170         1.00
      0.6180         1.00
      0.6190         1.00
      0.6200         1.00
      0.6210         1.00
      0.6220         1.00
      0.6230         1.00
      0.6240         1.00
      0.6250         1.00
      0.6260         1.00
      0.6270         1.00
      0.6280         1.00
      0.6290         1.00
      0.6300         1.00
      0.6310         1.00
      0.6320         1.00
      0.6330         1.00
      0.6340         1.00
      0.6350         1.00
      0.6360         1.00
      0.6370         1.00
      0.6380         1.00
      0.6390         1.00
      0.6400         1.00
      0.6410         1.00
      0.6420         1.00
      0.6430         1.00
      0.6440         1.00
      0.6450         1.00
      0.6460         1.00
      0.6470         1.00
      0.6480         1.00
      0.6490         1.00
      0.6500         1.00
      0.6510         1.00
      0.6520         1.00
      0.6530         1.00
      0.6540         1.00
      0.6550         1.00
      0.6560         1.00
      0.6570         1.00
      0.6580         1.00
      0.6590         1.00
      0.6600         1.00
      0.6610         1.00
      0.6620         1.00
      0.6630         1.00
      0.6640         1.00
      0.6650         1.00
      0.6660         1.00
      0.6670         1.00
      0.6680         1.00
      0.6690         1.00
      0.6700         1.00
      0.6710         1.00
      0.6720         1.00
      0.6730         1.00
      0.6740         1.00
      0.6750         1.00
      0.6760         1.00
      0.6770         1.00
      0.6780         1.00
      0.6790         1.00
      0.6800         1.00
      0.6810         1.00
      0.6820         1.00
      0.6830         1.00
      0.6840         1.00
      0.6850         1.00
      0.6860         1.00
      0.6870         1.00
      0.6880         1.00
      0.6890         1.00
      0.6900         1.00
      0.6910         1.00
      0.6920         1.00
      0.6930         1.00
      0.6940         1.00
      0.6950         1.00
      0.6960         1.00
      0.6970         1.00
      0.6980         1.00
      0.6990         1.00
      0.7000         1.00
      0.7010         1.00
      0.7020         1.00
      0.7030         1.00
      0.7040         1.00
      0.7050         1.00
      0.7060         1.00
      0.7070         1.00
      0.7080         1.00
      0.7090         1.00
      0.7100         1.00
      0.7110         1.00
      0.7120         1.00
      0.7130         1.00
      0.7140         1.00
      0.7150         1.00
      0.7160         1.00
      0.7170         1.00
      0.7180         1.00
      0.7190         1.00
      0.7200         1.00
      0.7210         1.00
      0.7220         1.00
      0.7230         1.00
      0.7240         1.00
      0.7250         1.00
      0.7260         1.00
      0.7270         1.00
      0.7280         1.00
      0.7290         1.00
      0.7300         1.00
      0.7310         1.00
      0.7320         1.00
      0.7330         1.00
      0.7340         1.00
      0.7350         1.00
      0.7360         1.00
      0.7370         1.00
      0.7380         1.00
      0.7390         1.00
      0.7400         1.00
      0.7410         1.00
      0.7420         1.00
      0.7430         1.00
      0.7440         1.00
      0.7450         1.00
      0.7460         1.00
      0.7470         1.00
      0.7480         1.00
      0.7490         1.00
      0.7500         1.00
      0.7510         1.00
      0.7520         1.00
      0.7530         1.00
      0.7540         1.00
      0.7550         1.00
      0.7560         1.00
      0.7570         1.00
      0.7580         1.00
      0.7590         1.00
      0.7600         1.00
      0.7610         1.00
      0.7620         1.00
      0.7630         1.00
      0.7640         1.00
      0.7650         1.00
      0.7660         1.00
      0.7670         1.00
      0.7680         1.00
      0.7690         1.00
      0.7700         1.00
      0.7710         1.00
      0.7720         1.00
      0.7730         1.00
      0.7740         1.00
      0.7750         1.00
      0.7760         1.00
      0.7770         1.00
      0.7780         1.00
      0.7790         1.00
      0.7800         1.00
      0.7810         1.00
      0.7820         1.00
      0.7830         1.00
      0.7840         1.00
      0.7850         1.00
      0.7860         1.00
      0.7870         1.00
      0.7880         1.00
      0.7890         1.00
      0.7900         1.00
      0.7910         1.00
      0.7920         1.00
      0.7930         1.00
      0.7940         1.00
      0.7950         1.00
      0.7960         1.00
      0.7970         1.00
      0.7980         1.00
      0.7990         1.00
      0.8000         1.00
      0.8010         1.00
      0.8020         1.00
      0.8030         1.00
      0.8040         1.00
      0.8050         1.00
      0.8060         1.00
      0.8070         1.00
      0.8080         1.00
      0.8090         1.00
      0.8100         1.00
      0.8110         1.00
      0.8120         1.00
      0.8130         1.00
      0.8140         1.00
      0.8150         1.00
      0.8160         1.00
      0.8170         1.00
      0.8180         1.00
      0.8190         1.00
      0.8200         1.00
      0.8210         1.00
      0.8220         1.00
      0.8230         1.00
      0.8240         1.00
      0.8250         1.00
      0.8260         1.00
      0.8270         1.00
      0.8280         1.00
      0.8290         1.00
      0.8300         1.00
      0.8310         1.00
      0.8320         1.00
      0.8330         1.00
      0.8340         1.00
      0.8350         1.00
      0.8360         1.00
      0.8370         1.00
      0.8380         1.00
      0.8390         1.00
      0.8400         1.00
      0.8410         1.00
      0.8420         1.00
      0.8430         1.00
      0.8440         1.00
      0.8450         1.00
      0.8460         1.00
      0.8470         1.00
      0.8480         1.00
      0.8490         1.00
      0.8500         1.00
      0.8510         1.00
      0.8520         1.00
      0.8530         1.00
      0.8540         1.00
      0.8550         1.00
      0.8560         1.00
      0.8570         1.00
      0.8580         1.00
      0.8590         1.00
      0.8600         1.00
      0.8610         1.00
      0.8620         1.00
      0.8630         1.00
      0.8640         1.00
      0.8650         1.00
      0.8660         1.00
      0.8670         1.00
      0.8680         1.00
      0.8690         1.00
      0.8700         1.00
      0.8710         1.00
      0.8720         1.00
      0.8730         1.00
      0.8740         1.00
      0.8750         1.00
      0.8760         1.00
      0.8770         1.00
      0.8780         1.00
      0.8790         1.00
      0.8800         1.00
      0.8810         1.00
      0.8820         1.00
      0.8830         1.00
      0.8840         1.00
      0.8850         1.00
      0.8860         1.00
      0.8870         1.00
      0.8880         1.00
      0.8890         1.00
      0.8900         1.00
      0.8910         1.00
      0.8920         1.00
      0.8930         1.00
      0.8940         1.00
      0.8950         1.00
      0.8960         1.00
      0.8970         1.00
      0.8980         1.00
      0.8990         1.00
      0.9000         1.00
      0.9010         1.00
      0.9020         1.11
      0.9030         1.13
      0.9040         1.16
      0.9050         1.20
      0.9060         1.16
      0.9070         1.13
      0.9080         1.12
      0.9090         1.20
      0.9100         1.20
      0.9110         1.24
      0.9120         1.15
      0.9130         1.77
      0.9140         1.83
      0.9150         1.85
      0.9160         1.74
      0.9170         1.67
      0.9180         1.65
      0.9190         1.11
      0.9200         1.18
      0.9210         1.19
      0.9220         1.00
      0.9230         1.20
      0.9240         1.20
      0.9250         1.18
      0.9260         1.25
      0.9270         1.30
      0.9280         1.32
      0.9290         1.30
      0.9300         1.30
      0.9310         1.28
      0.9320         1.22
      0.9330         1.19
      0.9340         1.18
      0.9350         1.00
      0.9360         1.00
      0.9370         1.31
      0.9380         1.33
      0.9390         1.45
      0.9400         1.44
      0.9410         1.42
      0.9420         1.45
      0.9430         1.49
      0.9440         2.02
      0.9450         2.00
      0.9460         2.01
      0.9470         2.00
      0.9480         2.01
      0.9490         2.06
      0.9500         2.20
      0.9510         2.23
      0.9520         2.35
      0.9530         2.43
      0.9540         2.47
      0.9550         2.53
      0.9560         2.56
      0.9570         2.57
      0.9580         2.65
      0.9590         2.61
      0.9600         2.71
      0.9610         2.77
      0.9620         2.89
      0.9630         2.84
      0.9640         2.83
      0.9650         2.95
      0.9660         3.01
      0.9670         3.67
      0.9680         3.75
      0.9690         3.84
      0.9700         3.83
      0.9710         3.91
      0.9720         3.98
      0.9730         4.00
      0.9740         4.01
      0.9750         3.99
      0.9760         4.03
      0.9770         3.57
      0.9780         3.60
      0.9790         3.62
      0.9800         3.64
      0.9810         3.66
      0.9820         3.61
      0.9830         3.68
      0.9840         3.73
      0.9850         3.77
      0.9860         3.81
      0.9870         3.66
      0.9880         3.76
      0.9890         4.21
      0.9900         4.39
      0.9910         4.55
      0.9920         4.62
      0.9930         4.65
      0.9940         4.66
      0.9950         4.87
      0.9960         4.97
      0.9970         4.98
      0.9980         4.98
      0.9990         4.93
      1.0000         4.91
      1.0010         5.02
      1.0020         5.03
      1.0030         5.18
      1.0040         5.18
      1.0050         5.24
      1.0060         5.24
      1.0070         5.32
      1.0080         5.29
      1.0090         5.43
      1.0100         5.43
      1.0110         5.43
      1.0120         5.39
      1.0130         5.51
      1.0140         5.68
      1.0150         5.68
      1.0160         5.64
      1.0170         5.75
      1.0180         5.71
      1.0190         5.79
      1.0200         5.89
      1.0210         5.93
      1.0220         6.11
      1.0230         6.16
      1.0240         6.25
      1.0250         6.35
      1.0260         6.35
      1.0270         6.47
      1.0280         6.54
      1.0290         6.50
      1.0300         6.52
      1.0310         6.50
      1.0320         6.63
      1.0330         6.59
      1.0340         6.50
      1.0350         6.51
      1.0360         6.66
      1.0370         6.78
      1.0380         6.92
      1.0390         7.09
      1.0400         7.19
      1.0410         7.33
      1.0420         7.35
      1.0430         7.39
      1.0440         7.48
      1.0450         7.52
      1.0460         7.68
      1.0470         7.67
      1.0480         7.64
      1.0490         7.67
      1.0500         7.75
      1.0510         7.79
      1.0520         7.71
      1.0530         7.81
      1.0540         7.96
      1.0550         7.98
      1.0560         7.97
      1.0570         7.87
      1.0580         7.99
      1.0590         7.96
      1.0600         7.89
      1.0610         7.89
      1.0620         7.99
      1.0630         7.95
      1.0640         7.95
      1.0650         7.91
      1.0660         7.91
      1.0670         7.98
      1.0680         8.02
      1.0690         8.15
      1.0700         8.15
      1.0710         8.29
      1.0720         8.31
      1.0730         8.31
      1.0740         8.34
      1.0750         8.37
      1.0760         8.41
      1.0770         8.59
      1.0780         8.61
      1.0790         8.74
      1.0800         8.90
      1.0810         8.87
      1.0820         8.97
      1.0830         9.05
      1.0840         9.06
      1.0850         9.12
      1.0860         9.26
      1.0870         9.28
      1.0880         9.37
      1.0890         9.29
      1.0900         9.32
      1.0910         9.32
      1.0920         9.48
      1.0930         9.49
      1.0940         9.56
      1.0950         9.64
      1.0960         9.78
      1.0970         9.79
      1.0980         9.83
      1.0990         9.81
      1.1000         9.75
      1.1010         9.78
      1.1020         9.78
      1.1030         9.82
      1.1040         9.83
      1.1050         9.98
      1.1060         9.90
      1.1070         9.98
      1.1080        10.05
      1.1090        10.22
      1.1100        10.42
      1.1110        10.57
      1.1120        10.74
      1.1130        10.91
      1.1140        11.01
      1.1150        11.09
      1.1160        11.20
      1.1170        11.29
      1.1180        11.44
      1.1190        11.48
      1.1200        11.65
      1.1210        11.73
      1.1220        11.88
      1.1230        12.03
      1.1240        12.18
      1.1250        12.29
      1.1260        12.45
      1.1270        12.61
      1.1280        12.85
      1.1290        12.93
      1.1300        13.00
      1.1310        13.20
      1.1320        13.25
      1.1330        13.37
      1.1340        13.43
      1.1350        13.53
      1.1360        13.64
      1.1370        13.73
      1.1380        13.87
      1.1390        14.12
      1.1400        14.27
      1.1410        14.38
      1.1420        14.34
      1.1430        14.43
      1.1440        14.54
      1.1450        14.58
      1.1460        14.70
      1.1470        14.81
      1.1480        14.78
      1.1490        14.88
      1.1500        14.95
      1.1510        14.91
      1.1520        14.99
      1.1530        14.93
      1.1540        15.11
      1.1550        15.22
      1.1560        15.22
      1.1570        15.30
      1.1580        15.38
      1.1590        15.37
      1.1600        15.41
      1.1610        15.57
      1.1620        15.79
      1.1630        15.93
      1.1640        16.07
      1.1650        16.29
      1.1660        16.42
      1.1670        16.57
      1.1680        16.68
      1.1690        16.77
      1.1700        16.92
      1.1710        17.08
      1.1720        17.12
      1.1730        17.35
      1.1740        17.28
      1.1750        17.43
      1.1760        17.46
      1.1770        17.59
      1.1780        17.69
      1.1790        17.84
      1.1800        17.96
      1.1810        18.06
      1.1820        18.05
      1.1830        18.04
      1.1840        18.06
      1.1850        18.21
      1.1860        18.27
      1.1870        18.25
      1.1880        18.33
      1.1890        18.47
      1.1900        18.45
      1.1910        18.47
      1.1920        18.53
      1.1930        18.56
      1.1940        18.78
      1.1950        18.82
      1.1960        19.05
      1.1970        19.11
      1.1980        19.08
      1.1990        19.12
      1.2000        19.18
      1.2010        19.18
      1.2020        19.39
      1.2030        19.56
      1.2040        19.65
      1.2050        19.58
      1.2060        19.60
      1.2070        19.63
      1.2080        19.64
      1.2090        19.63
      1.2100        19.79
      1.2110        19.84
      1.2120        19.87
      1.2130        19.87
      1.2140        19.97
      1.2150        20.03
      1.2160        20.06
      1.2170        20.13
      1.2180        20.27
      1.2190        20.31
      1.2200        20.30
      1.2210        20.41
      1.2220        20.35
      1.2230        20.35
      1.2240        20.35
      1.2250        20.34
      1.2260        20.39
      1.2270        20.49
      1.2280        20.50
      1.2290        20.65
      1.2300        20.54
      1.2310        20.61
      1.2320        20.66
      1.2330        20.67
      1.2340        20.62
      1.2350        20.66
      1.2360        20.69
      1.2370        20.75
      1.2380        20.73
      1.2390        20.73
      1.2400        20.81
      1.2410        20.76
      1.2420        20.82
      1.2430        20.80
      1.2440        20.85
      1.2450        20.89
      1.2460        20.98
      1.2470        20.94
      1.2480        20.97
      1.2490        20.86
      1.2500        20.92
      1.2510        20.94
      1.2520        21.02
      1.2530        21.10
      1.2540        21.10
      1.2550        21.13
      1.2560        21.10
      1.2570        21.14
      1.2580        21.17
      1.2590        21.28
      1.2600        21.28
      1.2610        21.31
      1.2620        21.31
      1.2630        21.38
      1.2640        21.36
      1.2650        21.39
      1.2660        21.32
      1.2670        21.35
      1.2680        21.48
      1.2690        21.55
      1.2700        21.57
      1.2710        21.62
      1.2720        21.62
      1.2730        21.67
      1.2740        21.67
      1.2750        21.65
      1.2760        21.76
      1.2770        21.64
      1.2780        21.73
      1.2790        21.64
      1.2800        21.67
      1.2810        21.75
      1.2820        21.73
      1.2830        21.72
      1.2840        21.73
      1.2850        21.87
      1.2860        21.85
      1.2870        21.83
      1.2880        21.81
      1.2890        21.85
      1.2900        21.91
      1.2910        21.93
      1.2920        22.03
      1.2930        22.02
      1.2940        22.04
      1.2950        22.16
      1.2960        22.13
      1.2970        22.25
      1.2980        22.07
      1.2990        22.20
      1.3000        22.29
      1.3010        22.29
      1.3020        22.25
      1.3030        22.29
      1.3040        22.37
      1.3050        22.39
      1.3060        22.46
      1.3070        22.59
      1.3080        22.59
      1.3090        22.61
      1.3100        22.61
      1.3110        22.63
      1.3120        22.61
      1.3130        22.66
      1.3140        22.71
      1.3150        22.66
      1.3160        22.68
      1.3170        22.66
      1.3180        22.81
      1.3190        22.76
      1.3200        22.74
      1.3210        22.81
      1.3220        22.88
      1.3230        22.91
      1.3240        22.95
      1.3250        22.88
      1.3260        22.91
      1.3270        22.92
      1.3280        23.01
      1.3290        23.05
      1.3300        23.18
      1.3310        23.17
      1.3320        23.18
      1.3330        23.15
      1.3340        23.15
      1.3350        23.16
      1.3360        23.19
      1.3370        23.12
      1.3380        23.12
      1.3390        23.16
      1.3400        23.23
      1.3410        23.28
      1.3420        23.39
      1.3430        23.36
      1.3440        23.36
      1.3450        23.28
      1.3460        23.33
      1.3470        23.39
      1.3480        23.31
      1.3490        23.32
      1.3500        23.24
      1.3510        23.17
      1.3520        23.17
      1.3530        23.26
      1.3540        23.35
      1.3550        23.30
      1.3560        23.35
      1.3570        23.42
      1.3580        23.40
      1.3590        23.40
      1.3600        23.29
      1.3610        23.20
      1.3620        23.19
      1.3630        23.23
      1.3640        23.29
      1.3650        23.39
      1.3660        23.41
      1.3670        23.31
      1.3680        23.32
      1.3690        23.25
      1.3700        23.34
      1.3710        23.38
      1.3720        23.34
      1.3730        23.32
      1.3740        23.21
      1.3750        23.32
      1.3760        23.29
      1.3770        23.25
      1.3780        23.25
      1.3790        23.25
      1.3800        23.20
      1.3810        23.17
      1.3820        23.15
      1.3830        23.15
      1.3840        23.07
      1.3850        23.01
      1.3860        22.92
      1.3870        22.93
      1.3880        23.04
      1.3890        23.11
      1.3900        23.01
      1.3910        23.04
      1.3920        23.13
      1.3930        23.09
      1.3940        23.15
      1.3950        23.11
      1.3960        23.08
      1.3970        23.20
      1.3980        23.24
      1.3990        23.30
      1.4000        23.40
      1.4010        23.45
      1.4020        23.46
      1.4030        23.53
      1.4040        23.55
      1.4050        23.65
      1.4060        23.72
      1.4070        23.72
      1.4080        23.70
      1.4090        23.64
      1.4100        23.72
      1.4110        23.70
      1.4120        23.64
      1.4130        23.68
      1.4140        23.70
      1.4150        23.70
      1.4160        23.70
      1.4170        23.63
      1.4180        23.67
      1.4190        23.58
      1.4200        23.66
      1.4210        23.74
      1.4220        23.74
      1.4230        23.67
      1.4240        23.71
      1.4250        23.75
      1.4260        23.75
      1.4270        23.86
      1.4280        23.75
      1.4290        23.83
      1.4300        23.80
      1.4310        23.88
      1.4320        23.94
      1.4330        24.00
      1.4340        23.97
      1.4350        24.00
      1.4360        24.07
      1.4370        24.10
      1.4380        24.11
      1.4390        24.22
      1.4400        24.15
      1.4410        24.05
      1.4420        24.06
      1.4430        24.09
      1.4440        24.05
      1.4450        23.99
      1.4460        23.97
      1.4470        23.93
      1.4480        24.03
      1.4490        24.07
      1.4500        23.98
      1.4510        23.91
      1.4520        23.83
      1.4530        23.79
      1.4540        23.87
      1.4550        23.86
      1.4560        23.82
      1.4570        23.82
      1.4580        23.82
      1.4590        23.70
      1.4600        23.78
      1.4610        23.83
      1.4620        23.88
      1.4630        23.86
      1.4640        23.83
      1.4650        23.77
      1.4660        23.75
      1.4670        23.77
      1.4680        23.70
      1.4690        23.61
      1.4700        23.66
      1.4710        23.66
      1.4720        23.73
      1.4730        23.72
      1.4740        23.64
      1.4750        23.61
      1.4760        23.65
      1.4770        23.62
      1.4780        23.51
      1.4790        23.62
      1.4800        23.47
      1.4810        23.37
      1.4820        23.33
      1.4830        23.33
      1.4840        23.34
      1.4850        23.44
      1.4860        23.45
      1.4870        23.40
      1.4880        23.40
      1.4890        23.44
      1.4900        23.36
      1.4910        23.32
      1.4920        23.32
      1.4930        23.29
      1.4940        23.27
      1.4950        23.24
      1.4960        23.21
      1.4970        23.19
      1.4980        23.23
      1.4990        23.18
      1.5000        23.18
      1.5010        23.23
      1.5020        23.22
      1.5030        23.26
      1.5040        23.36
      1.5050        23.40
      1.5060        23.39
      1.5070        23.42
      1.5080        23.46
      1.5090        23.55
      1.5100        23.66
      1.5110        23.68
      1.5120        23.63
      1.5130        23.63
      1.5140        23.72
      1.5150        23.82
      1.5160        23.68
      1.5170        23.71
      1.5180        23.71
      1.5190        23.68
      1.5200        23.75
      1.5210        23.79
      1.5220        23.81
      1.5230        23.75
      1.5240        23.59
      1.5250        23.42
      1.5260        23.36
      1.5270        23.38
      1.5280        23.39
      1.5290        23.26
      1.5300        23.15
      1.5310        23.04
      1.5320        23.04
      1.5330        22.99
      1.5340        22.90
      1.5350        22.83
      1.5360        22.91
      1.5370        22.87
      1.5380        22.91
      1.5390        22.88
      1.5400        22.80
      1.5410        22.85
      1.5420        22.81
      1.5430        22.84
      1.5440        22.82
      1.5450        22.88
      1.5460        22.94
      1.5470        22.89
      1.5480        22.85
      1.5490        22.91
      1.5500        22.94
      1.5510        23.04
      1.5520        22.97
      1.5530        23.02
      1.5540        23.01
      1.5550        23.05
      1.5560        23.04
      1.5570        23.04
      1.5580        22.92
      1.5590        22.95
      1.5600        23.00
      1.5610        22.90
      1.5620        22.83
      1.5630        22.85
      1.5640        22.93
      1.5650        22.84
      1.5660        22.92
      1.5670        22.89
      1.5680        22.84
      1.5690        22.66
      1.5700        22.74
      1.5710        22.76
      1.5720        22.72
      1.5730        22.78
      1.5740        22.78
      1.5750        22.76
      1.5760        22.81
      1.5770        22.81
      1.5780        22.86
      1.5790        22.82
      1.5800        22.84
      1.5810        22.84
      1.5820        22.95
      1.5830        22.84
      1.5840        22.88
      1.5850        22.91
      1.5860        22.82
      1.5870        22.81
      1.5880        22.88
      1.5890        22.92
      1.5900        22.90
      1.5910        22.87
      1.5920        22.98
      1.5930        22.88
      1.5940        22.91
      1.5950        22.92
      1.5960        22.89
      1.5970        22.92
      1.5980        22.97
      1.5990        22.99
      1.6000        22.96
      1.6010        22.89
      1.6020        22.84
      1.6030        22.85
      1.6040        22.80
      1.6050        22.80
      1.6060        22.73
      1.6070        22.69
      1.6080        22.66
      1.6090        22.69
      1.6100        22.71
      1.6110        22.75
      1.6120        22.75
      1.6130        22.75
      1.6140        22.76
      1.6150        22.73
      1.6160        22.71
      1.6170        22.71
      1.6180        22.60
      1.6190        22.63
      1.6200        22.60
      1.6210        22.67
      1.6220        22.64
      1.6230        22.69
      1.6240        22.68
      1.6250        22.80
      1.6260        22.85
      1.6270        22.97
      1.6280        22.96
      1.6290        23.01
      1.6300        22.98
      1.6310        22.94
      1.6320        22.93
      1.6330        22.89
      1.6340        22.79
      1.6350        22.79
      1.6360        22.80
      1.6370        22.70
      1.6380        22.76
      1.6390        22.70
      1.6400        22.65
      1.6410        22.68
      1.6420        22.74
      1.6430        22.79
      1.6440        22.80
      1.6450        22.67
      1.6460        22.61
      1.6470        22.55
      1.6480        22.56
      1.6490        22.56
      1.6500        22.48
      1.6510        22.55
      1.6520        22.51
      1.6530        22.53
      1.6540        22.52
      1.6550        22.49
      1.6560        22.51
      1.6570        22.50
      1.6580        22.53
      1.6590        22.57
      1.6600        22.64
      1.6610        22.62
      1.6620        22.57
      1.6630        22.48
      1.6640        22.46
      1.6650        22.52
      1.6660        22.61
      1.6670        22.64
      1.6680        22.58
      1.6690        22.52
      1.6700        22.53
      1.6710        22.44
      1.6720        22.45
      1.6730        22.53
      1.6740        22.60
      1.6750        22.56
      1.6760        22.48
      1.6770        22.49
      1.6780        22.41
      1.6790        22.40
      1.6800        22.41
      1.6810        22.44
      1.6820        22.41
      1.6830        22.38
      1.6840        22.33
      1.6850        22.25
      1.6860        22.07
      1.6870        21.99
      1.6880        22.11
      1.6890        22.14
      1.6900        22.18
      1.6910        22.22
      1.6920        22.18
      1.6930        22.10
      1.6940        22.02
      1.6950        22.11
      1.6960        22.23
      1.6970        22.17
      1.6980        22.21
      1.6990        22.29
      1.7000        22.25
      1.7010        22.25
      1.7020        22.23
      1.7030        22.22
      1.7040        22.33
      1.7050        22.41
      1.7060        22.56
      1.7070        22.57
      1.7080        22.40
      1.7090        22.42
      1.7100        22.45
      1.7110        22.41
      1.7120        22.47
      1.7130        22.54
      1.7140        22.55
      1.7150        22.50
      1.7160        22.32
      1.7170        22.40
      1.7180        22.42
      1.7190        22.42
      1.7200        22.46
      1.7210        22.46
      1.7220        22.51
      1.7230        22.58
      1.7240        22.44
      1.7250        22.43
      1.7260        22.40
      1.7270        22.38
      1.7280        22.43
      1.7290        22.32
      1.7300        22.29
      1.7310        22.34
      1.7320        22.32
      1.7330        22.24
      1.7340        22.37
      1.7350        22.31
      1.7360        22.35
      1.7370        22.30
      1.7380        22.27
      1.7390        22.24
      1.7400        22.22
      1.7410        22.17
      1.7420        22.12
      1.7430        22.08
      1.7440        22.09
      1.7450        22.04
      1.7460        21.93
      1.7470        22.03
      1.7480        21.97
      1.7490        22.07
      1.7500        22.08
      1.7510        22.11
      1.7520        22.05
      1.7530        22.15
      1.7540        22.05
      1.7550        22.11
      1.7560        22.15
      1.7570        22.20
      1.7580        22.18
      1.7590        22.04
      1.7600        22.00
      1.7610        22.00
      1.7620        22.02
      1.7630        22.03
      1.7640        22.12
      1.7650        22.15
      1.7660        22.23
      1.7670        22.21
      1.7680        22.41
      1.7690        22.32
      1.7700        22.38
      1.7710        22.27
      1.7720        22.28
      1.7730        22.27
      1.7740        22.26
      1.7750        22.30
      1.7760        22.30
      1.7770        22.24
      1.7780        22.28
      1.7790        22.34
      1.7800        22.39
      1.7810        22.31
      1.7820        22.37
      1.7830        22.35
      1.7840        22.34
      1.7850        22.33
      1.7860        22.33
      1.7870        22.36
      1.7880        22.26
      1.7890        22.30
      1.7900        22.17
      1.7910        22.21
      1.7920        22.21
      1.7930        22.15
      1.7940        22.14
      1.7950        22.12
      1.7960        22.12
      1.7970        22.15
      1.7980        22.21
      1.7990        22.25
      1.8000        22.23
      1.8010        22.35
      1.8020        22.29
      1.8030        22.31
      1.8040        22.31
      1.8050        22.35
      1.8060        22.35
      1.8070        22.36
      1.8080        22.23
      1.8090        22.22
      1.8100        22.30
      1.8110        22.27
      1.8120        22.21
      1.8130        22.11
      1.8140        22.14
      1.8150        22.12
      1.8160        22.13
      1.8170        22.17
      1.8180        22.14
      1.8190        22.03
      1.8200        21.91
      1.8210        21.93
      1.8220        21.98
      1.8230        22.02
      1.8240        21.95
      1.8250        21.97
      1.8260        21.91
      1.8270        21.89
      1.8280        22.02
      1.8290        21.99
      1.8300        22.00
      1.8310        22.13
      1.8320        22.24
      1.8330        22.36
      1.8340        22.41
      1.8350        22.35
      1.8360        22.34
      1.8370        22.39
      1.8380        22.35
      1.8390        22.46
      1.8400        22.58
      1.8410        22.58
      1.8420        22.65
      1.8430        22.56
      1.8440        22.61
      1.8450        22.58
      1.8460        22.64
      1.8470        22.57
      1.8480        22.58
      1.8490        22.69
      1.8500        22.71
      1.8510        22.63
      1.8520        22.56
      1.8530        22.55
      1.8540        22.52
      1.8550        22.57
      1.8560        22.62
      1.8570        22.52
      1.8580        22.45
      1.8590        22.50
      1.8600        22.46
      1.8610        22.39
      1.8620        22.34
      1.8630        22.44
      1.8640        22.42
      1.8650        22.36
      1.8660        22.42
      1.8670        22.45
      1.8680        22.51
      1.8690        22.42
      1.8700        22.42
      1.8710        22.39
      1.8720        22.34
      1.8730        22.19
      1.8740        22.18
      1.8750        22.14
      1.8760        22.14
      1.8770        22.11
      1.8780        22.22
      1.8790        22.11
      1.8800        22.11
      1.8810        22.09
      1.8820        22.01
      1.8830        21.94
      1.8840        21.98
      1.8850        22.06
      1.8860        22.03
      1.8870        22.03
      1.8880        21.97
      1.8890        21.99
      1.8900        21.98
      1.8910        21.98
      1.8920        22.01
      1.8930        22.21
      1.8940        22.31
      1.8950        22.43
      1.8960        22.43
      1.8970        22.56
      1.8980        22.54
      1.8990        22.60
      1.9000        22.54
      1.9010        22.64
      1.9020        22.67
      1.9030        22.69
      1.9040        22.69
      1.9050        22.62
      1.9060        22.61
      1.9070        22.66
      1.9080        22.54
      1.9090        22.61
      1.9100        22.52
      1.9110        22.49
      1.9120        22.51
      1.9130        22.39
      1.9140        22.31
      1.9150        22.18
      1.9160        22.25
      1.9170        22.25
      1.9180        22.29
      1.9190        22.34
      1.9200        22.37
      1.9210        22.29
      1.9220        22.35
      1.9230        22.43
      1.9240        22.35
      1.9250        22.41
      1.9260        22.49
      1.9270        22.47
      1.9280        22.61
      1.9290        22.53
      1.9300        22.62
      1.9310        22.72
      1.9320        22.84
      1.9330        22.92
      1.9340        22.90
      1.9350        22.90
      1.9360        22.84
      1.9370        22.89
      1.9380        22.79
      1.9390        22.72
      1.9400        22.82
      1.9410        22.85
      1.9420        22.82
      1.9430        22.72
      1.9440        22.77
      1.9450        22.80
      1.9460        22.73
      1.9470        22.66
      1.9480        22.59
      1.9490        22.66
      1.9500        22.69
      1.9510        22.69
      1.9520        22.69
      1.9530        22.67
      1.9540        22.60
      1.9550        22.72
      1.9560        22.62
      1.9570        22.54
      1.9580        22.60
      1.9590        22.56
      1.9600        22.50
      1.9610        22.41
      1.9620        22.41
      1.9630        22.38
      1.9640        22.34
      1.9650        22.29
      1.9660        22.29
      1.9670        22.32
      1.9680        22.28
      1.9690        22.21
      1.9700        22.16
      1.9710        22.17
      1.9720        22.13
      1.9730        22.11
      1.9740        22.33
      1.9750        22.30
      1.9760        22.45
      1.9770        22.41
      1.9780        22.43
      1.9790        22.49
      1.9800        22.59
      1.9810        22.66
      1.9820        22.65
      1.9830        22.77
      1.9840        22.77
      1.9850        22.77
      1.9860        22.82
      1.9870        22.81
      1.9880        22.85
      1.9890        22.88
      1.9900        22.91
      1.9910        22.80
      1.9920        22.73
      1.9930        22.78
      1.9940        22.65
      1.9950        22.60
      1.9960        22.57
      1.9970        22.60
      1.9980        22.60
      1.9990        22.60
      2.0000        22.55
      2.0010        22.52
      2.0020        22.61
      2.0030        22.53
      2.0040        22.59
      2.0050        22.56
      2.0060        22.50
      2.0070        22.53
      2.0080        22.52
      2.0090        22.50
      2.0100        22.47
      2.0110        22.53
      2.0120        22.61
      2.0130        22.57
      2.0140        22.59
      2.0150        22.62
      2.0160        22.55
      2.0170        22.51
      2.0180        22.49
      2.0190        22.51
      2.0200        22.45
      2.0210        22.55
      2.0220        22.42
      2.0230        22.41
      2.0240        22.42
      2.0250        22.42
      2.0260        22.38
      2.0270        22.37
      2.0280        22.42
      2.0290        22.46
      2.0300        22.58
      2.0310        22.55
      2.0320        22.51
      2.0330        22.54
      2.0340        22.53
      2.0350        22.49
      2.0360        22.58
      2.0370        22.54
      2.0380        22.47
      2.0390        22.42
      2.0400        22.45
      2.0410        22.48
      2.0420        22.52
      2.0430        22.57
      2.0440        22.58
      2.0450        22.62
      2.0460        22.65
      2.0470        22.72
      2.0480        22.76
      2.0490        22.69
      2.0500        22.53
      2.0510        22.54
      2.0520        22.49
      2.0530        22.49
      2.0540        22.40
      2.0550        22.37
      2.0560        22.21
      2.0570        22.25
      2.0580        22.33
      2.0590        22.37
      2.0600        22.42
      2.0610        22.30
      2.0620        22.35
      2.0630        22.36
      2.0640        22.34
      2.0650        22.33
      2.0660        22.34
      2.0670        22.30
      2.0680        22.34
      2.0690        22.46
      2.0700        22.45
      2.0710        22.52
      2.0720        22.65
      2.0730        22.61
      2.0740        22.77
      2.0750        22.79
      2.0760        22.84
      2.0770        22.93
      2.0780        22.93
      2.0790        22.92
      2.0800        22.85
      2.0810        22.89
      2.0820        22.79
      2.0830        22.77
      2.0840        22.79
      2.0850        22.78
      2.0860        22.80
      2.0870        22.84
      2.0880        22.77
      2.0890        22.70
      2.0900        22.82
      2.0910        22.82
      2.0920        22.69
      2.0930        22.72
      2.0940        22.67
      2.0950        22.77
      2.0960        22.76
      2.0970        22.66
      2.0980        22.65
      2.0990        22.66
      2.1000        22.69
      2.1010        22.70
      2.1020        22.72
      2.1030        22.68
      2.1040        22.64
      2.1050        22.68
      2.1060        22.73
      2.1070        22.64
      2.1080        22.60
      2.1090        22.59
      2.1100        22.57
      2.1110        22.52
      2.1120        22.50
      2.1130        22.48
      2.1140        22.52
      2.1150        22.50
      2.1160        22.52
      2.1170        22.58
      2.1180        22.58
      2.1190        22.55
      2.1200        22.58
      2.1210        22.62
      2.1220        22.69
      2.1230        22.73
      2.1240        22.70
      2.1250        22.64
      2.1260        22.63
      2.1270        22.75
      2.1280        22.68
      2.1290        22.78
      2.1300        22.77
      2.1310        22.77
      2.1320        22.90
      2.1330        22.90
      2.1340        22.80
      2.1350        22.80
      2.1360        22.87
      2.1370        22.79
      2.1380        22.85
      2.1390        22.90
      2.1400        22.88
      2.1410        22.86
      2.1420        22.86
      2.1430        22.82
      2.1440        22.82
      2.1450        22.91
      2.1460        22.87
      2.1470        22.88
      2.1480        22.96
      2.1490        22.84
      2.1500        22.83
      2.1510        22.75
      2.1520        22.71
      2.1530        22.77
      2.1540        22.75
      2.1550        22.71
      2.1560        22.66
      2.1570        22.69
      2.1580        22.60
      2.1590        22.53
      2.1600        22.44
      2.1610        22.41
      2.1620        22.37
      2.1630        22.36
      2.1640        22.41
      2.1650        22.35
      2.1660        22.28
      2.1670        22.19
      2.1680        22.17
      2.1690        22.17
      2.1700        22.22
      2.1710        22.27
      2.1720        22.27
      2.1730        22.20
      2.1740        22.26
      2.1750        22.25
      2.1760        22.28
      2.1770        22.36
      2.1780        22.45
      2.1790        22.52
      2.1800        22.62
      2.1810        22.61
      2.1820        22.54
      2.1830        22.57
      2.1840        22.56
      2.1850        22.57
      2.1860        22.68
      2.1870        22.73
      2.1880        22.74
      2.1890        22.77
      2.1900        22.76
      2.1910        22.77
      2.1920        22.77
      2.1930        22.75
      2.1940        22.72
      2.1950        22.75
      2.1960        22.77
      2.1970        22.71
      2.1980        22.60
      2.1990        22.55
      2.2000        22.45
      2.2010        22.41
      2.2020        22.42
      2.2030        22.40
      2.2040        22.40
      2.2050        22.40
      2.2060        22.30
      2.2070        22.30
      2.2080        22.30
      2.2090        22.27
      2.2100        22.26
      2.2110        22.26
      2.2120        22.20
      2.2130        22.25
      2.2140        22.23
      2.2150        22.19
      2.2160        22.19
      2.2170        22.13
      2.2180        22.20
      2.2190        22.22
      2.2200        22.34
      2.2210        22.39
      2.2220        22.38
      2.2230        22.42
      2.2240        22.41
      2.2250        22.40
      2.2260        22.41
      2.2270        22.40
      2.2280        22.34
      2.2290        22.32
      2.2300        22.25
      2.2310        22.18
      2.2320        22.24
      2.2330        22.14
      2.2340        22.14
      2.2350        22.14
      2.2360        22.10
      2.2370        22.21
      2.2380        22.16
      2.2390        22.15
      2.2400        22.03
      2.2410        22.02
      2.2420        22.13
      2.2430        22.07
      2.2440        22.11
      2.2450        22.15
      2.2460        22.15
      2.2470        22.09
      2.2480        22.18
      2.2490        22.19
      2.2500        22.18
      2.2510        22.24
      2.2520        22.29
      2.2530        22.37
      2.2540        22.41
      2.2550        22.42
      2.2560        22.42
      2.2570        22.37
      2.2580        22.41
      2.2590        22.44
      2.2600        22.49
      2.2610        22.42
      2.2620        22.42
      2.2630        22.45
      2.2640        22.39
      2.2650        22.46
      2.2660        22.43
      2.2670        22.50
      2.2680        22.46
      2.2690        22.43
      2.2700        22.41
      2.2710        22.43
      2.2720        22.27
      2.2730        22.30
      2.2740        22.27
      2.2750        22.34
      2.2760        22.34
      2.2770        22.33
      2.2780        22.25
      2.2790        22.14
      2.2800        22.18
      2.2810        22.17
      2.2820        22.08
      2.2830        22.09
      2.2840        22.06
      2.2850        21.93
      2.2860        21.89
      2.2870        21.84
      2.2880        21.78
      2.2890        21.81
      2.2900        21.82
      2.2910        21.82
      2.2920        21.93
      2.2930        21.90
      2.2940        21.89
      2.2950        21.83
      2.2960        21.86
      2.2970        21.88
      2.2980        21.87
      2.2990        21.95
      2.3000        21.91
      2.3010        22.02
      2.3020        22.07
      2.3030        22.05
      2.3040        22.05
      2.3050        22.07
      2.3060        22.18
      2.3070        22.11
      2.3080        22.18
      2.3090        22.28
      2.3100        22.31
      2.3110        22.24
      2.3120        22.15
      2.3130        22.04
      2.3140        21.98
      2.3150        21.91
      2.3160        21.81
      2.3170        21.75
      2.3180        21.71
      2.3190        21.67
      2.3200        21.60
      2.3210        21.63
      2.3220        21.63
      2.3230        21.56
      2.3240        21.53
      2.3250        21.56
      2.3260        21.43
      2.3270        21.49
      2.3280        21.37
      2.3290        21.20
      2.3300        21.20
      2.3310        21.16
      2.3320        21.06
      2.3330        21.16
      2.3340        21.23
      2.3350        21.17
      2.3360        21.20
      2.3370        21.13
      2.3380        21.20
      2.3390        21.20
      2.3400        21.20
      2.3410        21.15
      2.3420        21.02
      2.3430        21.04
      2.3440        21.12
      2.3450        21.11
      2.3460        21.13
      2.3470        21.07
      2.3480        21.16
      2.3490        21.16
      2.3500        21.06
      2.3510        21.03
      2.3520        21.16
      2.3530        21.04
      2.3540        20.99
      2.3550        21.05
      2.3560        21.07
      2.3570        21.09
      2.3580        20.90
      2.3590        20.86
      2.3600        20.87
      2.3610        20.78
      2.3620        20.85
      2.3630        20.77
      2.3640        20.64
      2.3650        20.52
      2.3660        20.53
      2.3670        20.49
      2.3680        20.40
      2.3690        20.40
      2.3700        20.44
      2.3710        20.54
      2.3720        20.50
      2.3730        20.57
      2.3740        20.56
      2.3750        20.42
      2.3760        20.34
      2.3770        20.33
      2.3780        20.37
      2.3790        20.31
      2.3800        20.25
      2.3810        20.22
      2.3820        20.10
      2.3830        20.12
      2.3840        20.09
      2.3850        20.12
      2.3860        20.07
      2.3870        20.05
      2.3880        20.05
      2.3890        20.03
      2.3900        19.91
      2.3910        19.75
      2.3920        19.69
      2.3930        19.59
      2.3940        19.45
      2.3950        19.43
      2.3960        19.39
      2.3970        19.37
      2.3980        19.37
      2.3990        19.43
      2.4000        19.37
      2.4010        19.29
      2.4020        19.28
      2.4030        19.21
      2.4040        19.21
      2.4050        19.03
      2.4060        18.94
      2.4070        18.95
      2.4080        18.89
      2.4090        18.81
      2.4100        18.80
      2.4110        18.80
      2.4120        18.75
      2.4130        18.90
      2.4140        18.90
      2.4150        18.97
      2.4160        18.91
      2.4170        18.82
      2.4180        18.70
      2.4190        18.52
      2.4200        18.46
      2.4210        18.40
      2.4220        18.36
      2.4230        18.31
      2.4240        18.23
      2.4250        18.24
      2.4260        18.22
      2.4270        18.03
      2.4280        17.95
      2.4290        17.87
      2.4300        17.78
      2.4310        17.78
      2.4320        17.66
      2.4330        17.45
      2.4340        17.37
      2.4350        17.18
      2.4360        17.06
      2.4370        16.99
      2.4380        16.98
      2.4390        16.82
      2.4400        16.83
      2.4410        16.79
      2.4420        16.70
      2.4430        16.59
      2.4440        16.52
      2.4450        16.49
      2.4460        16.38
      2.4470        16.34
      2.4480        16.21
      2.4490        16.12
      2.4500        15.93
      2.4510        15.81
      2.4520        15.81
      2.4530        15.61
      2.4540        15.59
      2.4550        15.58
      2.4560        15.51
      2.4570        15.31
      2.4580        15.24
      2.4590        15.21
      2.4600        15.08
      2.4610        14.97
      2.4620        14.88
      2.4630        14.78
      2.4640        14.66
      2.4650        14.51
      2.4660        14.38
      2.4670        14.32
      2.4680        14.32
      2.4690        14.27
      2.4700        14.27
      2.4710        14.13
      2.4720        13.88
      2.4730        13.93
      2.4740        13.78
      2.4750        13.66
      2.4760        13.60
      2.4770        13.66
      2.4780        13.58
      2.4790        13.53
      2.4800        13.38
      2.4810        13.32
      2.4820        13.26
      2.4830        13.17
      2.4840        13.08
      2.4850        13.05
      2.4860        13.08
      2.4870        13.02
      2.4880        12.84
      2.4890        12.70
      2.4900        12.70
      2.4910        12.65
      2.4920        12.66
      2.4930        12.45
      2.4940        12.34
      2.4950        12.27
      2.4960        12.16
      2.4970        12.00
      2.4980        11.88
      2.4990        11.76
      2.5000        11.66
      2.5010        11.60
      2.5020        11.49
      2.5030        11.43
      2.5040        11.35
      2.5050        11.18
      2.5060        11.10
      2.5070        11.02
      2.5080        10.94
      2.5090        10.88
      2.5100        10.72
      2.5110        10.63
      2.5120        10.54
      2.5130        10.51
      2.5140        10.42
      2.5150        10.26
      2.5160        10.15
      2.5170        10.15
      2.5180        10.05
      2.5190         9.97
      2.5200         9.93
      2.5210         9.76
      2.5220         9.78
      2.5230         9.64
      2.5240         9.66
      2.5250         9.66
      2.5260         9.51
      2.5270         9.40
      2.5280         9.39
      2.5290         9.28
      2.5300         9.23
      2.5310         9.15
      2.5320         9.07
      2.5330         9.04
      2.5340         9.07
      2.5350         9.04
      2.5360         9.08
      2.5370         8.98
      2.5380         8.91
      2.5390         8.91
      2.5400         8.82
      2.5410         8.82
      2.5420         8.67
      2.5430         8.58
      2.5440         8.46
      2.5450         8.40
      2.5460         8.28
      2.5470         8.23
      2.5480         8.17
      2.5490         8.15
      2.5500         8.11
      2.5510         7.93
      2.5520         7.81
      2.5530         7.69
      2.5540         7.66
      2.5550         7.58
      2.5560         7.40
      2.5570         7.24
      2.5580         7.22
      2.5590         7.11
      2.5600         6.94
      2.5610         6.82
      2.5620         6.67
      2.5630         6.69
      2.5640         6.55
      2.5650         6.41
      2.5660         6.47
      2.5670         6.29
      2.5680         6.12
      2.5690         6.01
      2.5700         5.83
      2.5710         5.73
      2.5720         5.69
      2.5730         5.60
      2.5740         4.85
      2.5750         4.88
      2.5760         4.80
      2.5770         4.79
      2.5780         4.65
      2.5790         4.50
      2.5800         4.48
      2.5810         4.39
      2.5820         4.83
      2.5830         4.76
      2.5840         4.73
      2.5850         4.72
      2.5860         4.58
      2.5870         4.52
      2.5880         4.54
      2.5890         4.48
      2.5900         4.48
      2.5910         4.51
      2.5920         4.33
      2.5930         4.19
      2.5940         4.17
      2.5950         4.00
      2.5960         3.49
      2.5970         3.44
      2.5980         3.41
      2.5990         3.43
      2.6000         3.36
      2.6010         3.29
      2.6020         3.28
      2.6030         3.19
      2.6040         3.05
      2.6050         2.89
      2.6060         2.30
      2.6070         2.30
      2.6080         2.17
      2.6090         2.11
      2.6100         2.07
      2.6110         1.99
      2.6120         1.99
      2.6130         2.02
      2.6140         1.99
      2.6150         1.92
      2.6160         1.92
      2.6170         1.83
      2.6180         1.80
      2.6190         1.72
      2.6200         1.72
      2.6210         1.66
      2.6220         1.64
      2.6230         1.68
      2.6240         1.64
      2.6250         1.68
      2.6260         1.63
      2.6270         1.59
      2.6280         1.66
      2.6290         1.63
      2.6300         1.63
      2.6310         1.68
      2.6320         1.64
      2.6330         1.64
      2.6340         1.55
      2.6350         1.52
      2.6360         1.46
      2.6370         1.46
      2.6380         1.33
      2.6390         1.27
      2.6400         1.00
      2.6410         1.00
      2.6420         1.00
      2.6430         1.00
      2.6440         1.00
      2.6450         1.00
      2.6460         1.00
      2.6470         1.00
      2.6480         1.00
      2.6490         1.00
      2.6500         1.00
      2.6510         1.00
      2.6520         1.00
      2.6530         1.00
      2.6540         1.00
      2.6550         1.00
      2.6560         1.00
      2.6570         1.00
      2.6580         1.00
      2.6590         1.00
      2.6600         1.00
      2.6610         1.00
      2.6620         1.00
      2.6630         1.00
      2.6640         1.00
      2.6650         1.00
      2.6660         1.00
      2.6670         1.00
      2.6680         1.00
      2.6690         1.00
      2.6700         1.00
      2.6710         1.00
      2.6720         1.00
      2.6730         1.00
      2.6740         1.00
      2.6750         1.00
      2.6760         1.00
      2.6770         1.00
      2.6780         1.00
      2.6790         1.00
      2.6800         1.00
      2.6810         1.00
      2.6820         1.00
      2.6830         1.00
      2.6840         1.00
      2.6850         1.00
      2.6860         1.00
      2.6870         1.00
      2.6880         1.00
      2.6890         1.00
      2.6900         1.00
      2.6910         1.00
      2.6920         1.00
      2.6930         1.00
      2.6940         1.00
      2.6950         1.00
      2.6960         1.00
      2.6970         1.00
      2.6980         1.00
      2.6990         1.00
      2.7000         1.00
      2.7010         1.00
      2.7020         1.00
      2.7030         1.00
      2.7040         1.00
      2.7050         1.00
      2.7060         1.00
      2.7070         1.00
      2.7080         1.00
      2.7090         1.00
      2.7100         1.00
      2.7110         1.00
      2.7120         1.00
      2.7130         1.00
      2.7140         1.00
      2.7150         1.00
      2.7160         1.00
      2.7170         1.00
      2.7180         1.00
      2.7190         1.00
      2.7200         1.00
      2.7210         1.00
      2.7220         1.00
      2.7230         1.00
      2.7240         1.00
      2.7250         1.00
      2.7260         1.00
      2.7270         1.00
      2.7280         1.00
      2.7290         1.00
      2.7300         1.00
      2.7310         1.00
      2.7320         1.00
      2.7330         1.00
      2.7340         1.00
      2.7350         1.00
      2.7360         1.00
      2.7370         1.00
      2.7380         1.00
      2.7390         1.00
      2.7400         1.00
      2.7410         1.00
      2.7420         1.00
      2.7430         1.00
      2.7440         1.00
      2.7450         1.00
      2.7460         1.00
      2.7470         1.00
      2.7480         1.00
      2.7490         1.00
      2.7500         1.00
      2.7510         1.00
      2.7520         1.00
      2.7530         1.00
      2.7540         1.00
      2.7550         1.00
      2.7560         1.00
      2.7570         1.00
      2.7580         1.00
      2.7590         1.00
      2.7600         1.00
      2.7610         1.00
      2.7620         1.00
      2.7630         1.00
      2.7640         1.00
      2.7650         1.00
      2.7660         1.00
      2.7670         1.00
      2.7680         1.00
      2.7690         1.00
      2.7700         1.00
      2.7710         1.00
      2.7720         1.00
      2.7730         1.00
      2.7740         1.00
      2.7750         1.00
      2.7760         1.00
      2.7770         1.00
      2.7780         1.00
      2.7790         1.00
      2.7800         1.00
      2.7810         1.00
      2.7820         1.00
      2.7830         1.00
      2.7840         1.00
      2.7850         1.00
      2.7860         1.00
      2.7870         1.00
      2.7880         1.00
      2.7890         1.00
      2.7900         1.00
      2.7910         1.00
      2.7920         1.00
      2.7930         1.00
      2.7940         1.00
      2.7950         1.00
      2.7960         1.00
      2.7970         1.00
      2.7980         1.00
      2.7990         1.00
      2.8000         1.00
      2.8010         1.00
      2.8020         1.00
      2.8030         1.00
      2.8040         1.00
      2.8050         1.00
      2.8060         1.00
      2.8070         1.00
      2.8080         1.00
      2.8090         1.00
      2.8100         1.00
      2.8110         1.00
      2.8120         1.00
      2.8130         1.00
      2.8140         1.00
      2.8150         1.00
      2.8160         1.00
      2.8170         1.00
      2.8180         1.00
      2.8190         1.00
      2.8200         1.00
      2.8210         1.00
      2.8220         1.00
      2.8230         1.00
      2.8240         1.00
      2.8250         1.00
      2.8260         1.00
      2.8270         1.00
      2.8280         1.00
      2.8290         1.00
      2.8300         1.00
      2.8310         1.00
      2.8320         1.00
      2.8330         1.00
      2.8340         1.00
      2.8350         1.00
      2.8360         1.00
      2.8370         1.00
      2.8380         1.00
      2.8390         1.00
      2.8400         1.00
      2.8410         1.00
      2.8420         1.00
      2.8430         1.00
      2.8440         1.00
      2.8450         1.00
      2.8460         1.00
      2.8470         1.00
      2.8480         1.00
      2.8490         1.00
      2.8500         1.00
      2.8510         1.00
      2.8520         1.00
      2.8530         1.00
      2.8540         1.00
      2.8550         1.00
      2.8560         1.00
      2.8570         1.00
      2.8580         1.00
      2.8590         1.00
      2.8600         1.00
      2.8610         1.00
      2.8620         1.00
      2.8630         1.00
      2.8640         1.00
      2.8650         1.00
      2.8660         1.00
      2.8670         1.00
      2.8680         1.00
      2.8690         1.00
      2.8700         1.00
      2.8710         1.00
      2.8720         1.00
      2.8730         1.00
      2.8740         1.00
      2.8750         1.00
      2.8760         1.00
      2.8770         1.00
      2.8780         1.00
      2.8790         1.00
      2.8800         1.00
      2.8810         1.00
      2.8820         1.00
      2.8830         1.00
      2.8840         1.00
      2.8850         1.00
      2.8860         1.00
      2.8870         1.00
      2.8880         1.00
      2.8890         1.00
      2.8900         1.00
      2.8910         1.00
      2.8920         1.00
      2.8930         1.00
      2.8940         1.00
      2.8950         1.00
      2.8960         1.00
      2.8970         1.00
      2.8980         1.00
      2.8990         1.00
      2.9000         1.00
      2.9010         1.00
      2.9020         1.00
      2.9030         1.00
      2.9040         1.00
      2.9050         1.00
      2.9060         1.00
      2.9070         1.00
      2.9080         1.00
      2.9090         1.00
      2.9100         1.00
      2.9110         1.00
      2.9120         1.00
      2.9130         1.00
      2.9140         1.00
      2.9150         1.00
      2.9160         1.00
      2.9170         1.00
      2.9180         1.00
      2.9190         1.00
      2.9200         1.00
      2.9210         1.00
      2.9220         1.00
      2.9230         1.00
      2.9240         1.00
      2.9250         1.00
      2.9260         1.00
      2.9270         1.00
      2.9280         1.00
      2.9290         1.00
      2.9300         1.00
      2.9310         1.00
      2.9320         1.00
      2.9330         1.00
      2.9340         1.00
      2.9350         1.00
      2.9360         1.00
      2.9370         1.00
      2.9380         1.00
      2.9390         1.00
      2.9400         1.00
      2.9410         1.00
      2.9420         1.00
      2.9430         1.00
      2.9440         1.00
      2.9450         1.00
      2.9460         1.00
      2.9470         1.00
      2.9480         1.00
      2.9490         1.00
      2.9500         1.00
      2.9510         1.00
      2.9520         1.00
      2.9530         1.00
      2.9540         1.00
      2.9550         1.00
      2.9560         1.00
      2.9570         1.00
      2.9580         1.00
      2.9590         1.00
      2.9600         1.00
      2.9610         1.00
      2.9620         1.00
      2.9630         1.00
      2.9640         1.00
      2.9650         1.00
      2.9660         1.00
      2.9670         1.00
      2.9680         1.00
      2.9690         1.00
      2.9700         1.00
      2.9710         1.00
      2.9720         1.00
      2.9730         1.00
      2.9740         1.00
      2.9750         1.00
      2.9760         1.00
      2.9770         1.00
      2.9780         1.00
      2.9790         1.00
      2.9800         1.00
      2.9810         1.00
      2.9820         1.00
      2.9830         1.00
      2.9840         1.00
      2.9850         1.00
      2.9860         1.00
      2.9870         1.00
      2.9880         1.00
      2.9890         1.00
      2.9900         1.00
      2.9910         1.00
      2.9920         1.00
      2.9930         1.00
      2.9940         1.00
      2.9950         1.00
      2.9960         1.00
      2.9970         1.00
      2.9980         1.00
      2.9990         1.00
