        Time   Palpation Force
      0.0000         1.00
      0.0010         1.00
      0.0020         1.00
      0.0030         1.00
      0.0040         1.00
      0.0050         1.00
      0.0060         1.00
      0.0070         1.00
      0.0080         1.00
      0.0090         1.00
      0.0100         1.00
      0.0110         1.00
      0.0120         1.00
      0.0130         1.00
      0.0140         1.00
      0.0150         1.00
      0.0160         1.00
      0.0170         1.00
      0.0180         1.00
      0.0190         1.00
      0.0200         1.00
      0.0210         1.00
      0.0220         1.00
      0.0230         1.00
      0.0240         1.00
      0.0250         1.00
      0.0260         1.00
      0.0270         1.00
      0.0280         1.00
      0.0290         1.00
      0.0300         1.00
      0.0310         1.00
      0.0320         1.00
      0.0330         1.00
      0.0340         1.00
      0.0350         1.00
      0.0360         1.00
      0.0370         1.00
      0.0380         1.00
      0.0390         1.00
      0.0400         1.00
      0.0410         1.00
      0.0420         1.00
      0.0430         1.00
      0.0440         1.00
      0.0450         1.00
      0.0460         1.00
      0.0470         1.00
      0.0480         1.00
      0.0490         1.00
      0.0500         1.00
      0.0510         1.00
      0.0520         1.00
      0.0530         1.00
      0.0540         1.00
      0.0550         1.00
      0.0560         1.00
      0.0570         1.00
      0.0580         1.00
      0.0590         1.00
      0.0600         1.00
      0.0610         1.00
      0.0620         1.00
      0.0630         1.00
      0.0640         1.00
      0.0650         1.00
      0.0660         1.00
      0.0670         1.00
      0.0680         1.00
      0.0690         1.00
      0.0700         1.00
      0.0710         1.00
      0.0720         1.00
      0.0730         1.00
      0.0740         1.00
      0.0750         1.00
      0.0760         1.00
      0.0770         1.00
      0.0780         1.00
      0.0790         1.00
      0.0800         1.00
      0.0810         1.00
      0.0820         1.00
      0.0830         1.00
      0.0840         1.00
      0.0850         1.00
      0.0860         1.00
      0.0870         1.00
      0.0880         1.00
      0.0890         1.00
      0.0900         1.00
      0.0910         1.00
      0.0920         1.00
      0.0930         1.00
      0.0940         1.00
      0.0950         1.00
      0.0960         1.00
      0.0970         1.00
      0.0980         1.00
      0.0990         1.00
      0.1000         1.00
      0.1010         1.00
      0.1020         1.00
      0.1030         1.00
      0.1040         1.00
      0.1050         1.00
      0.1060         1.00
      0.1070         1.00
      0.1080         1.00
      0.1090         1.00
      0.1100         1.00
      0.1110         1.00
      0.1120         1.00
      0.1130         1.00
      0.1140         1.00
      0.1150         1.00
      0.1160         1.00
      0.1170         1.00
      0.1180         1.00
      0.1190         1.00
      0.1200         1.00
      0.1210         1.00
      0.1220         1.00
      0.1230         1.00
      0.1240         1.00
      0.1250         1.00
      0.1260         1.00
      0.1270         1.00
      0.1280         1.00
      0.1290         1.00
      0.1300         1.00
      0.1310         1.00
      0.1320         1.00
      0.1330         1.00
      0.1340         1.00
      0.1350         1.00
      0.1360         1.00
      0.1370         1.00
      0.1380         1.00
      0.1390         1.00
      0.1400         1.00
      0.1410         1.00
      0.1420         1.00
      0.1430         1.00
      0.1440         1.00
      0.1450         1.00
      0.1460         1.00
      0.1470         1.00
      0.1480         1.00
      0.1490         1.00
      0.1500         1.00
      0.1510         1.00
      0.1520         1.00
      0.1530         1.00
      0.1540         1.00
      0.1550         1.00
      0.1560         1.00
      0.1570         1.00
      0.1580         1.00
      0.1590         1.00
      0.1600         1.00
      0.1610         1.00
      0.1620         1.00
      0.1630         1.00
      0.1640         1.00
      0.1650         1.00
      0.1660         1.00
      0.1670         1.00
      0.1680         1.00
      0.1690         1.00
      0.1700         1.00
      0.1710         1.00
      0.1720         1.00
      0.1730         1.00
      0.1740         1.00
      0.1750         1.00
      0.1760         1.00
      0.1770         1.00
      0.1780         1.00
      0.1790         1.00
      0.1800         1.00
      0.1810         1.00
      0.1820         1.00
      0.1830         1.00
      0.1840         1.00
      0.1850         1.00
      0.1860         1.00
      0.1870         1.00
      0.1880         1.00
      0.1890         1.00
      0.1900         1.00
      0.1910         1.00
      0.1920         1.00
      0.1930         1.00
      0.1940         1.00
      0.1950         1.00
      0.1960         1.00
      0.1970         1.00
      0.1980         1.00
      0.1990         1.00
      0.2000         1.00
      0.2010         1.00
      0.2020         1.00
      0.2030         1.00
      0.2040         1.00
      0.2050         1.00
      0.2060         1.00
      0.2070         1.00
      0.2080         1.00
      0.2090         1.00
      0.2100         1.00
      0.2110         1.00
      0.2120         1.00
      0.2130         1.00
      0.2140         1.00
      0.2150         1.00
      0.2160         1.00
      0.2170         1.00
      0.2180         1.00
      0.2190         1.00
      0.2200         1.00
      0.2210         1.00
      0.2220         1.00
      0.2230         1.00
      0.2240         1.00
      0.2250         1.00
      0.2260         1.00
      0.2270         1.00
      0.2280         1.00
      0.2290         1.00
      0.2300         1.00
      0.2310         1.00
      0.2320         1.00
      0.2330         1.00
      0.2340         1.00
      0.2350         1.00
      0.2360         1.00
      0.2370         1.00
      0.2380         1.00
      0.2390         1.00
      0.2400         1.00
      0.2410         1.00
      0.2420         1.00
      0.2430         1.00
      0.2440         1.00
      0.2450         1.00
      0.2460         1.00
      0.2470         1.00
      0.2480         1.00
      0.2490         1.00
      0.2500         1.00
      0.2510         1.00
      0.2520         1.00
      0.2530         1.00
      0.2540         1.00
      0.2550         1.00
      0.2560         1.00
      0.2570         1.00
      0.2580         1.00
      0.2590         1.00
      0.2600         1.00
      0.2610         1.00
      0.2620         1.00
      0.2630         1.00
      0.2640         1.00
      0.2650         1.00
      0.2660         1.00
      0.2670         1.00
      0.2680         1.00
      0.2690         1.00
      0.2700         1.00
      0.2710         1.00
      0.2720         1.00
      0.2730         1.00
      0.2740         1.00
      0.2750         1.00
      0.2760         1.00
      0.2770         1.00
      0.2780         1.00
      0.2790         1.00
      0.2800         1.00
      0.2810         1.00
      0.2820         1.00
      0.2830         1.00
      0.2840         1.00
      0.2850         1.00
      0.2860         1.00
      0.2870         1.00
      0.2880         1.00
      0.2890         1.00
      0.2900         1.00
      0.2910         1.00
      0.2920         1.00
      0.2930         1.00
      0.2940         1.00
      0.2950         1.00
      0.2960         1.00
      0.2970         1.00
      0.2980         1.00
      0.2990         1.00
      0.3000         1.00
      0.3010         1.00
      0.3020         1.00
      0.3030         1.00
      0.3040         1.00
      0.3050         1.00
      0.3060         1.00
      0.3070         1.00
      0.3080         1.00
      0.3090         1.00
      0.3100         1.00
      0.3110         1.00
      0.3120         1.00
      0.3130         1.00
      0.3140         1.00
      0.3150         1.00
      0.3160         1.00
      0.3170         1.00
      0.3180         1.00
      0.3190         1.00
      0.3200         1.00
      0.3210         1.00
      0.3220         1.00
      0.3230         1.00
      0.3240         1.00
      0.3250         1.00
      0.3260         1.00
      0.3270         1.00
      0.3280         1.00
      0.3290         1.00
      0.3300         1.00
      0.3310         1.00
      0.3320         1.00
      0.3330         1.00
      0.3340         1.00
      0.3350         1.00
      0.3360         1.00
      0.3370         1.00
      0.3380         1.00
      0.3390         1.00
      0.3400         1.00
      0.3410         1.00
      0.3420         1.00
      0.3430         1.00
      0.3440         1.00
      0.3450         1.00
      0.3460         1.00
      0.3470         1.00
      0.3480         1.00
      0.3490         1.00
      0.3500         1.00
      0.3510         1.00
      0.3520         1.00
      0.3530         1.00
      0.3540         1.00
      0.3550         1.00
      0.3560         1.00
      0.3570         1.00
      0.3580         1.00
      0.3590         1.00
      0.3600         1.00
      0.3610         1.00
      0.3620         1.00
      0.3630         1.00
      0.3640         1.00
      0.3650         1.00
      0.3660         1.00
      0.3670         1.00
      0.3680         1.00
      0.3690         1.00
      0.3700         1.00
      0.3710         1.00
      0.3720         1.00
      0.3730         1.00
      0.3740         1.00
      0.3750         1.00
      0.3760         1.00
      0.3770         1.00
      0.3780         1.00
      0.3790         1.00
      0.3800         1.00
      0.3810         1.00
      0.3820         1.00
      0.3830         1.00
      0.3840         1.00
      0.3850         1.00
      0.3860         1.00
      0.3870         1.00
      0.3880         1.00
      0.3890         1.00
      0.3900         1.00
      0.3910         1.00
      0.3920         1.00
      0.3930         1.00
      0.3940         1.00
      0.3950         1.00
      0.3960         1.00
      0.3970         1.00
      0.3980         1.00
      0.3990         1.00
      0.4000         1.00
      0.4010         1.00
      0.4020         1.00
      0.4030         1.00
      0.4040         1.00
      0.4050         1.00
      0.4060         1.00
      0.4070         1.00
      0.4080         1.00
      0.4090         1.00
      0.4100         1.00
      0.4110         1.00
      0.4120         1.00
      0.4130         1.00
      0.4140         1.00
      0.4150         1.00
      0.4160         1.00
      0.4170         1.00
      0.4180         1.00
      0.4190         1.00
      0.4200         1.00
      0.4210         1.00
      0.4220         1.00
      0.4230         1.00
      0.4240         1.00
      0.4250         1.00
      0.4260         1.00
      0.4270         1.00
      0.4280         1.00
      0.4290         1.00
      0.4300         1.00
      0.4310         1.00
      0.4320         1.00
      0.4330         1.00
      0.4340         1.00
      0.4350         1.00
      0.4360         1.00
      0.4370         1.00
      0.4380         1.00
      0.4390         1.00
      0.4400         1.00
      0.4410         1.00
      0.4420         1.00
      0.4430         1.00
      0.4440         1.00
      0.4450         1.00
      0.4460         1.00
      0.4470         1.00
      0.4480         1.00
      0.4490         1.00
      0.4500         1.00
      0.4510         1.00
      0.4520         1.00
      0.4530         1.00
      0.4540         1.00
      0.4550         1.00
      0.4560         1.00
      0.4570         1.00
      0.4580         1.00
      0.4590         1.00
      0.4600         1.00
      0.4610         1.00
      0.4620         1.00
      0.4630         1.00
      0.4640         1.00
      0.4650         1.00
      0.4660         1.00
      0.4670         1.00
      0.4680         1.00
      0.4690         1.00
      0.4700         1.00
      0.4710         1.00
      0.4720         1.00
      0.4730         1.00
      0.4740         1.00
      0.4750         1.00
      0.4760         1.00
      0.4770         1.00
      0.4780         1.00
      0.4790         1.00
      0.4800         1.00
      0.4810         1.00
      0.4820         1.00
      0.4830         1.00
      0.4840         1.00
      0.4850         1.00
      0.4860         1.00
      0.4870         1.00
      0.4880         1.00
      0.4890         1.00
      0.4900         1.00
      0.4910         1.00
      0.4920         1.00
      0.4930         1.00
      0.4940         1.00
      0.4950         1.00
      0.4960         1.00
      0.4970         1.00
      0.4980         1.00
      0.4990         1.00
      0.5000         1.00
      0.5010         1.00
      0.5020         1.00
      0.5030         1.00
      0.5040         1.00
      0.5050         1.00
      0.5060         1.00
      0.5070         1.00
      0.5080         1.00
      0.5090         1.00
      0.5100         1.00
      0.5110         1.00
      0.5120         1.00
      0.5130         1.00
      0.5140         1.00
      0.5150         1.00
      0.5160         1.00
      0.5170         1.00
      0.5180         1.00
      0.5190         1.00
      0.5200         1.00
      0.5210         1.00
      0.5220         1.00
      0.5230         1.00
      0.5240         1.00
      0.5250         1.00
      0.5260         1.00
      0.5270         1.00
      0.5280         1.00
      0.5290         1.00
      0.5300         1.00
      0.5310         1.00
      0.5320         1.00
      0.5330         1.00
      0.5340         1.00
      0.5350         1.00
      0.5360         1.00
      0.5370         1.00
      0.5380         1.00
      0.5390         1.00
      0.5400         1.00
      0.5410         1.00
      0.5420         1.00
      0.5430         1.00
      0.5440         1.00
      0.5450         1.00
      0.5460         1.00
      0.5470         1.00
      0.5480         1.00
      0.5490         1.00
      0.5500         1.00
      0.5510         1.00
      0.5520         1.00
      0.5530         1.00
      0.5540         1.00
      0.5550         1.00
      0.5560         1.00
      0.5570         1.00
      0.5580         1.00
      0.5590         1.00
      0.5600         1.00
      0.5610         1.00
      0.5620         1.00
      0.5630         1.00
      0.5640         1.00
      0.5650         1.00
      0.5660         1.00
      0.5670         1.00
      0.5680         1.00
      0.5690         1.00
      0.5700         1.00
      0.5710         1.00
      0.5720         1.00
      0.5730         1.00
      0.5740         1.00
      0.5750         1.00
      0.5760         1.00
      0.5770         1.00
      0.5780         1.00
      0.5790         1.00
      0.5800         1.00
      0.5810         1.00
      0.5820         1.00
      0.5830         1.00
      0.5840         1.00
      0.5850         1.00
      0.5860         1.00
      0.5870         1.00
      0.5880         1.00
      0.5890         1.00
      0.5900         1.00
      0.5910         1.00
      0.5920         1.00
      0.5930         1.00
      0.5940         1.06
      0.5950         1.00
      0.5960         1.00
      0.5970         1.00
      0.5980         1.00
      0.5990         1.00
      0.6000         1.00
      0.6010         1.00
      0.6020         1.00
      0.6030         1.00
      0.6040         1.00
      0.6050         1.00
      0.6060         1.00
      0.6070         1.00
      0.6080         1.00
      0.6090         1.00
      0.6100         1.00
      0.6110         1.00
      0.6120         1.00
      0.6130         1.00
      0.6140         1.00
      0.6150         1.00
      0.6160         1.00
      0.6170         1.00
      0.6180         1.18
      0.6190         1.76
      0.6200         1.74
      0.6210         2.15
      0.6220         1.72
      0.6230         1.73
      0.6240         2.31
      0.6250         2.36
      0.6260         2.38
      0.6270         2.37
      0.6280         2.42
      0.6290         2.53
      0.6300         2.47
      0.6310         2.45
      0.6320         2.40
      0.6330         1.90
      0.6340         1.86
      0.6350         1.90
      0.6360         1.82
      0.6370         1.78
      0.6380         1.23
      0.6390         1.20
      0.6400         1.13
      0.6410         1.14
      0.6420         1.55
      0.6430         1.00
      0.6440         1.00
      0.6450         1.00
      0.6460         1.00
      0.6470         1.08
      0.6480         1.10
      0.6490         1.11
      0.6500         1.13
      0.6510         1.16
      0.6520         1.27
      0.6530         1.33
      0.6540         1.93
      0.6550         1.89
      0.6560         1.88
      0.6570         1.87
      0.6580         2.37
      0.6590         2.39
      0.6600         2.43
      0.6610         2.53
      0.6620         1.96
      0.6630         2.04
      0.6640         2.02
      0.6650         2.07
      0.6660         2.15
      0.6670         2.20
      0.6680         2.27
      0.6690         2.24
      0.6700         2.24
      0.6710         2.17
      0.6720         2.17
      0.6730         2.12
      0.6740         2.11
      0.6750         2.09
      0.6760         2.11
      0.6770         2.72
      0.6780         2.72
      0.6790         2.75
      0.6800         2.76
      0.6810         2.76
      0.6820         2.92
      0.6830         2.88
      0.6840         2.92
      0.6850         2.92
      0.6860         2.94
      0.6870         2.98
      0.6880         2.96
      0.6890         2.99
      0.6900         3.06
      0.6910         3.10
      0.6920         3.18
      0.6930         3.29
      0.6940         3.36
      0.6950         3.34
      0.6960         3.44
      0.6970         3.29
      0.6980         3.29
      0.6990         3.32
      0.7000         3.32
      0.7010         3.42
      0.7020         3.42
      0.7030         3.50
      0.7040         3.58
      0.7050         3.68
      0.7060         3.66
      0.7070         3.76
      0.7080         3.81
      0.7090         3.89
      0.7100         3.98
      0.7110         3.98
      0.7120         3.98
      0.7130         3.91
      0.7140         3.93
      0.7150         4.00
      0.7160         4.02
      0.7170         4.14
      0.7180         4.24
      0.7190         4.33
      0.7200         4.37
      0.7210         4.39
      0.7220         4.46
      0.7230         4.52
      0.7240         4.55
      0.7250         4.55
      0.7260         4.69
      0.7270         4.61
      0.7280         4.67
      0.7290         4.65
      0.7300         4.49
      0.7310         4.54
      0.7320         4.47
      0.7330         4.62
      0.7340         4.74
      0.7350         4.83
      0.7360         4.87
      0.7370         4.94
      0.7380         4.99
      0.7390         5.04
      0.7400         5.12
      0.7410         5.19
      0.7420         5.20
      0.7430         5.34
      0.7440         5.35
      0.7450         5.49
      0.7460         5.49
      0.7470         5.53
      0.7480         5.49
      0.7490         5.62
      0.7500         5.78
      0.7510         5.74
      0.7520         5.80
      0.7530         5.73
      0.7540         5.73
      0.7550         5.75
      0.7560         5.84
      0.7570         5.89
      0.7580         5.85
      0.7590         5.83
      0.7600         5.89
      0.7610         5.96
      0.7620         6.00
      0.7630         5.90
      0.7640         5.86
      0.7650         5.77
      0.7660         5.75
      0.7670         5.78
      0.7680         5.89
      0.7690         5.90
      0.7700         5.91
      0.7710         6.03
      0.7720         6.15
      0.7730         6.22
      0.7740         6.29
      0.7750         6.22
      0.7760         6.19
      0.7770         6.16
      0.7780         6.24
      0.7790         6.29
      0.7800         6.31
      0.7810         6.29
      0.7820         6.29
      0.7830         6.32
      0.7840         6.40
      0.7850         6.43
      0.7860         6.47
      0.7870         6.50
      0.7880         6.38
      0.7890         6.34
      0.7900         6.43
      0.7910         6.44
      0.7920         6.47
      0.7930         6.40
      0.7940         6.26
      0.7950         6.39
      0.7960         6.35
      0.7970         6.40
      0.7980         6.53
      0.7990         6.51
      0.8000         6.48
      0.8010         6.45
      0.8020         6.61
      0.8030         6.66
      0.8040         6.67
      0.8050         6.75
      0.8060         6.69
      0.8070         6.76
      0.8080         6.84
      0.8090         6.92
      0.8100         6.98
      0.8110         7.02
      0.8120         6.94
      0.8130         7.05
      0.8140         7.12
      0.8150         7.14
      0.8160         7.20
      0.8170         7.21
      0.8180         7.10
      0.8190         7.14
      0.8200         7.18
      0.8210         7.24
      0.8220         7.17
      0.8230         7.14
      0.8240         7.17
      0.8250         7.21
      0.8260         7.30
      0.8270         7.36
      0.8280         7.40
      0.8290         7.45
      0.8300         7.40
      0.8310         7.35
      0.8320         7.43
      0.8330         7.42
      0.8340         7.46
      0.8350         7.41
      0.8360         7.46
      0.8370         7.39
      0.8380         7.45
      0.8390         7.44
      0.8400         7.58
      0.8410         7.60
      0.8420         7.56
      0.8430         7.50
      0.8440         7.54
      0.8450         7.52
      0.8460         7.53
      0.8470         7.57
      0.8480         7.72
      0.8490         7.73
      0.8500         7.80
      0.8510         7.82
      0.8520         7.89
      0.8530         7.94
      0.8540         7.99
      0.8550         8.02
      0.8560         7.89
      0.8570         7.97
      0.8580         8.00
      0.8590         7.96
      0.8600         8.01
      0.8610         7.97
      0.8620         7.97
      0.8630         8.05
      0.8640         8.06
      0.8650         8.11
      0.8660         8.16
      0.8670         8.13
      0.8680         8.07
      0.8690         8.01
      0.8700         7.99
      0.8710         8.04
      0.8720         7.99
      0.8730         7.91
      0.8740         7.88
      0.8750         8.00
      0.8760         8.08
      0.8770         8.08
      0.8780         8.02
      0.8790         8.18
      0.8800         8.08
      0.8810         8.17
      0.8820         8.20
      0.8830         8.24
      0.8840         8.25
      0.8850         8.33
      0.8860         8.29
      0.8870         8.26
      0.8880         8.25
      0.8890         8.26
      0.8900         8.19
      0.8910         8.25
      0.8920         8.30
      0.8930         8.37
      0.8940         8.47
      0.8950         8.39
      0.8960         8.46
      0.8970         8.48
      0.8980         8.48
      0.8990         8.36
      0.9000         8.40
      0.9010         8.41
      0.9020         8.45
      0.9030         8.52
      0.9040         8.52
      0.9050         8.46
      0.9060         8.50
      0.9070         8.60
      0.9080         8.68
      0.9090         8.72
      0.9100         8.80
      0.9110         8.80
      0.9120         8.78
      0.9130         8.78
      0.9140         8.80
      0.9150         8.85
      0.9160         8.88
      0.9170         8.86
      0.9180         8.91
      0.9190         9.01
      0.9200         8.94
      0.9210         8.91
      0.9220         8.92
      0.9230         8.88
      0.9240         8.96
      0.9250         8.98
      0.9260         8.87
      0.9270         8.93
      0.9280         8.82
      0.9290         8.87
      0.9300         8.89
      0.9310         8.97
      0.9320         9.08
      0.9330         9.17
      0.9340         9.15
      0.9350         9.19
      0.9360         9.15
      0.9370         9.25
      0.9380         9.41
      0.9390         9.45
      0.9400         9.51
      0.9410         9.69
      0.9420         9.77
      0.9430         9.86
      0.9440         9.79
      0.9450         9.78
      0.9460         9.93
      0.9470         9.90
      0.9480         9.95
      0.9490         9.89
      0.9500         9.91
      0.9510         9.84
      0.9520         9.74
      0.9530         9.65
      0.9540         9.71
      0.9550         9.69
      0.9560         9.71
      0.9570         9.68
      0.9580         9.61
      0.9590         9.71
      0.9600         9.73
      0.9610         9.59
      0.9620         9.56
      0.9630         9.49
      0.9640         9.56
      0.9650         9.55
      0.9660         9.55
      0.9670         9.50
      0.9680         9.57
      0.9690         9.53
      0.9700         9.58
      0.9710         9.62
      0.9720         9.79
      0.9730         9.86
      0.9740         9.82
      0.9750         9.86
      0.9760         9.97
      0.9770        10.01
      0.9780        10.06
      0.9790         9.98
      0.9800         9.98
      0.9810         9.91
      0.9820         9.97
      0.9830        10.04
      0.9840        10.22
      0.9850        10.29
      0.9860        10.34
      0.9870        10.38
      0.9880        10.33
      0.9890        10.47
      0.9900        10.49
      0.9910        10.51
      0.9920        10.35
      0.9930        10.43
      0.9940        10.41
      0.9950        10.47
      0.9960        10.51
      0.9970        10.58
      0.9980        10.64
      0.9990        10.69
      1.0000        10.72
      1.0010        10.83
      1.0020        10.76
      1.0030        10.85
      1.0040        10.72
      1.0050        10.66
      1.0060        10.66
      1.0070        10.70
      1.0080        10.72
      1.0090        10.77
      1.0100        10.69
      1.0110        10.73
      1.0120        10.84
      1.0130        10.81
      1.0140        10.80
      1.0150        10.73
      1.0160        10.76
      1.0170        10.82
      1.0180        10.75
      1.0190        10.72
      1.0200        10.77
      1.0210        10.72
      1.0220        10.78
      1.0230        10.79
      1.0240        10.84
      1.0250        10.98
      1.0260        10.98
      1.0270        10.93
      1.0280        11.09
      1.0290        11.14
      1.0300        11.23
      1.0310        11.27
      1.0320        11.27
      1.0330        11.39
      1.0340        11.40
      1.0350        11.55
      1.0360        11.52
      1.0370        11.44
      1.0380        11.50
      1.0390        11.39
      1.0400        11.38
      1.0410        11.50
      1.0420        11.53
      1.0430        11.43
      1.0440        11.42
      1.0450        11.41
      1.0460        11.45
      1.0470        11.53
      1.0480        11.41
      1.0490        11.41
      1.0500        11.47
      1.0510        11.42
      1.0520        11.46
      1.0530        11.39
      1.0540        11.54
      1.0550        11.40
      1.0560        11.43
      1.0570        11.42
      1.0580        11.42
      1.0590        11.48
      1.0600        11.48
      1.0610        11.47
      1.0620        11.54
      1.0630        11.51
      1.0640        11.46
      1.0650        11.46
      1.0660        11.44
      1.0670        11.42
      1.0680        11.49
      1.0690        11.50
      1.0700        11.46
      1.0710        11.49
      1.0720        11.41
      1.0730        11.37
      1.0740        11.23
      1.0750        11.29
      1.0760        11.17
      1.0770        11.17
      1.0780        11.09
      1.0790        11.18
      1.0800        11.18
      1.0810        11.10
      1.0820        11.05
      1.0830        11.09
      1.0840        11.10
      1.0850        11.14
      1.0860        11.14
      1.0870        11.23
      1.0880        11.23
      1.0890        11.20
      1.0900        11.32
      1.0910        11.44
      1.0920        11.61
      1.0930        11.54
      1.0940        11.53
      1.0950        11.65
      1.0960        11.69
      1.0970        11.76
      1.0980        11.74
      1.0990        11.74
      1.1000        11.72
      1.1010        11.85
      1.1020        11.75
      1.1030        11.73
      1.1040        11.81
      1.1050        11.73
      1.1060        11.72
      1.1070        11.64
      1.1080        11.63
      1.1090        11.56
      1.1100        11.48
      1.1110        11.44
      1.1120        11.36
      1.1130        11.34
      1.1140        11.47
      1.1150        11.41
      1.1160        11.47
      1.1170        11.47
      1.1180        11.58
      1.1190        11.58
      1.1200        11.62
      1.1210        11.58
      1.1220        11.74
      1.1230        11.81
      1.1240        11.74
      1.1250        11.77
      1.1260        11.71
      1.1270        11.78
      1.1280        11.84
      1.1290        11.86
      1.1300        11.90
      1.1310        11.81
      1.1320        11.88
      1.1330        11.97
      1.1340        11.96
      1.1350        12.00
      1.1360        12.00
      1.1370        11.93
      1.1380        11.87
      1.1390        11.76
      1.1400        11.67
      1.1410        11.66
      1.1420        11.53
      1.1430        11.53
      1.1440        11.58
      1.1450        11.57
      1.1460        11.63
      1.1470        11.57
      1.1480        11.53
      1.1490        11.58
      1.1500        11.60
      1.1510        11.62
      1.1520        11.61
      1.1530        11.74
      1.1540        11.72
      1.1550        11.65
      1.1560        11.70
      1.1570        11.81
      1.1580        11.81
      1.1590        11.93
      1.1600        12.04
      1.1610        12.08
      1.1620        12.18
      1.1630        12.14
      1.1640        12.04
      1.1650        12.11
      1.1660        12.12
      1.1670        12.19
      1.1680        12.25
      1.1690        12.21
      1.1700        12.16
      1.1710        12.21
      1.1720        12.17
      1.1730        12.09
      1.1740        12.17
      1.1750        12.19
      1.1760        12.12
      1.1770        12.11
      1.1780        12.19
      1.1790        12.12
      1.1800        12.14
      1.1810        12.16
      1.1820        12.27
      1.1830        12.27
      1.1840        12.43
      1.1850        12.38
      1.1860        12.42
      1.1870        12.38
      1.1880        12.31
      1.1890        12.34
      1.1900        12.30
      1.1910        12.30
      1.1920        12.29
      1.1930        12.25
      1.1940        12.27
      1.1950        12.29
      1.1960        12.22
      1.1970        12.21
      1.1980        12.19
      1.1990        12.27
      1.2000        12.23
      1.2010        12.19
      1.2020        12.14
      1.2030        12.23
      1.2040        12.20
      1.2050        12.32
      1.2060        12.37
      1.2070        12.37
      1.2080        12.41
      1.2090        12.42
      1.2100        12.41
      1.2110        12.37
      1.2120        12.36
      1.2130        12.48
      1.2140        12.41
      1.2150        12.43
      1.2160        12.47
      1.2170        12.44
      1.2180        12.50
      1.2190        12.50
      1.2200        12.56
      1.2210        12.54
      1.2220        12.48
      1.2230        12.46
      1.2240        12.38
      1.2250        12.27
      1.2260        12.30
      1.2270        12.32
      1.2280        12.28
      1.2290        12.31
      1.2300        12.36
      1.2310        12.35
      1.2320        12.37
      1.2330        12.23
      1.2340        12.23
      1.2350        12.24
      1.2360        12.19
      1.2370        12.24
      1.2380        12.12
      1.2390        12.12
      1.2400        12.05
      1.2410        12.07
      1.2420        12.02
      1.2430        12.07
      1.2440        12.06
      1.2450        12.07
      1.2460        11.92
      1.2470        11.89
      1.2480        11.86
      1.2490        11.75
      1.2500        11.70
      1.2510        11.75
      1.2520        11.82
      1.2530        11.92
      1.2540        11.91
      1.2550        11.83
      1.2560        11.84
      1.2570        11.83
      1.2580        11.91
      1.2590        11.92
      1.2600        11.95
      1.2610        11.97
      1.2620        12.08
      1.2630        11.91
      1.2640        11.91
      1.2650        11.82
      1.2660        11.85
      1.2670        11.94
      1.2680        11.97
      1.2690        12.02
      1.2700        11.85
      1.2710        11.81
      1.2720        11.69
      1.2730        11.69
      1.2740        11.69
      1.2750        11.68
      1.2760        11.68
      1.2770        11.62
      1.2780        11.52
      1.2790        11.46
      1.2800        11.37
      1.2810        11.41
      1.2820        11.33
      1.2830        11.37
      1.2840        11.47
      1.2850        11.45
      1.2860        11.44
      1.2870        11.25
      1.2880        11.24
      1.2890        11.29
      1.2900        11.41
      1.2910        11.34
      1.2920        11.42
      1.2930        11.29
      1.2940        11.24
      1.2950        11.18
      1.2960        11.25
      1.2970        11.26
      1.2980        11.32
      1.2990        11.32
      1.3000        11.31
      1.3010        11.18
      1.3020        11.10
      1.3030        11.01
      1.3040        10.86
      1.3050        10.97
      1.3060        10.98
      1.3070        11.03
      1.3080        11.02
      1.3090        10.98
      1.3100        10.99
      1.3110        10.98
      1.3120        10.94
      1.3130        10.98
      1.3140        11.04
      1.3150        11.08
      1.3160        11.07
      1.3170        11.06
      1.3180        11.04
      1.3190        11.07
      1.3200        11.21
      1.3210        11.29
      1.3220        11.38
      1.3230        11.49
      1.3240        11.54
      1.3250        11.50
      1.3260        11.45
      1.3270        11.50
      1.3280        11.49
      1.3290        11.46
      1.3300        11.49
      1.3310        11.53
      1.3320        11.48
      1.3330        11.47
      1.3340        11.39
      1.3350        11.40
      1.3360        11.40
      1.3370        11.37
      1.3380        11.36
      1.3390        11.35
      1.3400        11.19
      1.3410        11.15
      1.3420        11.16
      1.3430        11.10
      1.3440        11.08
      1.3450        11.13
      1.3460        11.20
      1.3470        11.17
      1.3480        11.22
      1.3490        11.22
      1.3500        11.19
      1.3510        11.27
      1.3520        11.29
      1.3530        11.29
      1.3540        11.31
      1.3550        11.23
      1.3560        11.19
      1.3570        11.23
      1.3580        11.15
      1.3590        11.10
      1.3600        11.14
      1.3610        11.11
      1.3620        11.05
      1.3630        11.03
      1.3640        11.06
      1.3650        10.98
      1.3660        10.94
      1.3670        10.87
      1.3680        10.81
      1.3690        10.82
      1.3700        10.83
      1.3710        10.82
      1.3720        10.76
      1.3730        10.78
      1.3740        10.74
      1.3750        10.83
      1.3760        10.88
      1.3770        10.84
      1.3780        10.90
      1.3790        10.88
      1.3800        11.02
      1.3810        11.09
      1.3820        11.18
      1.3830        11.19
      1.3840        11.23
      1.3850        11.29
      1.3860        11.34
      1.3870        11.37
      1.3880        11.46
      1.3890        11.45
      1.3900        11.41
      1.3910        11.33
      1.3920        11.41
      1.3930        11.40
      1.3940        11.39
      1.3950        11.39
      1.3960        11.35
      1.3970        11.31
      1.3980        11.35
      1.3990        11.39
      1.4000        11.31
      1.4010        11.36
      1.4020        11.36
      1.4030        11.40
      1.4040        11.30
      1.4050        11.29
      1.4060        11.16
      1.4070        11.20
      1.4080        11.13
      1.4090        11.19
      1.4100        11.29
      1.4110        11.29
      1.4120        11.26
      1.4130        11.26
      1.4140        11.34
      1.4150        11.32
      1.4160        11.32
      1.4170        11.33
      1.4180        11.37
      1.4190        11.36
      1.4200        11.33
      1.4210        11.20
      1.4220        11.17
      1.4230        11.13
      1.4240        11.08
      1.4250        11.11
      1.4260        11.23
      1.4270        11.19
      1.4280        11.19
      1.4290        11.11
      1.4300        11.01
      1.4310        11.08
      1.4320        11.06
      1.4330        11.06
      1.4340        10.98
      1.4350        11.01
      1.4360        10.98
      1.4370        10.98
      1.4380        10.95
      1.4390        10.99
      1.4400        11.07
      1.4410        11.13
      1.4420        11.06
      1.4430        11.09
      1.4440        11.10
      1.4450        11.06
      1.4460        10.94
      1.4470        11.04
      1.4480        11.00
      1.4490        10.96
      1.4500        10.99
      1.4510        10.90
      1.4520        10.84
      1.4530        10.90
      1.4540        10.99
      1.4550        11.02
      1.4560        11.00
      1.4570        11.02
      1.4580        11.08
      1.4590        11.07
      1.4600        11.00
      1.4610        10.96
      1.4620        10.98
      1.4630        10.95
      1.4640        11.07
      1.4650        11.14
      1.4660        11.22
      1.4670        11.14
      1.4680        11.26
      1.4690        11.37
      1.4700        11.34
      1.4710        11.33
      1.4720        11.39
      1.4730        11.34
      1.4740        11.36
      1.4750        11.37
      1.4760        11.45
      1.4770        11.48
      1.4780        11.38
      1.4790        11.37
      1.4800        11.46
      1.4810        11.50
      1.4820        11.48
      1.4830        11.50
      1.4840        11.45
      1.4850        11.40
      1.4860        11.30
      1.4870        11.33
      1.4880        11.26
      1.4890        11.21
      1.4900        11.34
      1.4910        11.49
      1.4920        11.61
      1.4930        11.71
      1.4940        11.63
      1.4950        11.58
      1.4960        11.58
      1.4970        11.62
      1.4980        11.68
      1.4990        11.67
      1.5000        11.51
      1.5010        11.55
      1.5020        11.55
      1.5030        11.54
      1.5040        11.53
      1.5050        11.54
      1.5060        11.72
      1.5070        11.65
      1.5080        11.65
      1.5090        11.67
      1.5100        11.60
      1.5110        11.53
      1.5120        11.51
      1.5130        11.48
      1.5140        11.51
      1.5150        11.53
      1.5160        11.45
      1.5170        11.47
      1.5180        11.39
      1.5190        11.43
      1.5200        11.46
      1.5210        11.39
      1.5220        11.41
      1.5230        11.46
      1.5240        11.46
      1.5250        11.42
      1.5260        11.33
      1.5270        11.34
      1.5280        11.27
      1.5290        11.21
      1.5300        11.21
      1.5310        11.11
      1.5320        11.06
      1.5330        11.03
      1.5340        11.05
      1.5350        11.06
      1.5360        11.11
      1.5370        11.09
      1.5380        11.10
      1.5390        11.08
      1.5400        11.04
      1.5410        11.06
      1.5420        11.06
      1.5430        11.01
      1.5440        11.09
      1.5450        11.13
      1.5460        11.09
      1.5470        11.10
      1.5480        11.15
      1.5490        11.22
      1.5500        11.22
      1.5510        11.31
      1.5520        11.31
      1.5530        11.22
      1.5540        11.18
      1.5550        11.18
      1.5560        11.18
      1.5570        11.12
      1.5580        11.08
      1.5590        11.16
      1.5600        11.28
      1.5610        11.31
      1.5620        11.33
      1.5630        11.34
      1.5640        11.27
      1.5650        11.23
      1.5660        11.27
      1.5670        11.27
      1.5680        11.27
      1.5690        11.22
      1.5700        11.20
      1.5710        11.09
      1.5720        10.99
      1.5730        11.05
      1.5740        11.09
      1.5750        11.06
      1.5760        10.99
      1.5770        11.03
      1.5780        11.04
      1.5790        10.90
      1.5800        10.83
      1.5810        10.80
      1.5820        10.80
      1.5830        10.79
      1.5840        10.76
      1.5850        10.79
      1.5860        10.79
      1.5870        10.72
      1.5880        10.72
      1.5890        10.71
      1.5900        10.72
      1.5910        10.79
      1.5920        10.90
      1.5930        10.90
      1.5940        10.86
      1.5950        10.94
      1.5960        10.91
      1.5970        10.94
      1.5980        10.94
      1.5990        10.87
      1.6000        10.89
      1.6010        10.79
      1.6020        10.78
      1.6030        10.70
      1.6040        10.68
      1.6050        10.68
      1.6060        10.74
      1.6070        10.82
      1.6080        10.72
      1.6090        10.73
      1.6100        10.67
      1.6110        10.73
      1.6120        10.67
      1.6130        10.65
      1.6140        10.61
      1.6150        10.47
      1.6160        10.53
      1.6170        10.47
      1.6180        10.45
      1.6190        10.54
      1.6200        10.56
      1.6210        10.70
      1.6220        10.61
      1.6230        10.66
      1.6240        10.62
      1.6250        10.63
      1.6260        10.45
      1.6270        10.43
      1.6280        10.49
      1.6290        10.47
      1.6300        10.47
      1.6310        10.44
      1.6320        10.47
      1.6330        10.51
      1.6340        10.58
      1.6350        10.56
      1.6360        10.48
      1.6370        10.55
      1.6380        10.55
      1.6390        10.59
      1.6400        10.53
      1.6410        10.47
      1.6420        10.47
      1.6430        10.49
      1.6440        10.64
      1.6450        10.69
      1.6460        10.76
      1.6470        10.82
      1.6480        10.83
      1.6490        10.79
      1.6500        10.78
      1.6510        10.70
      1.6520        10.62
      1.6530        10.55
      1.6540        10.49
      1.6550        10.54
      1.6560        10.57
      1.6570        10.46
      1.6580        10.46
      1.6590        10.42
      1.6600        10.44
      1.6610        10.49
      1.6620        10.52
      1.6630        10.51
      1.6640        10.38
      1.6650        10.34
      1.6660        10.44
      1.6670        10.29
      1.6680        10.32
      1.6690        10.31
      1.6700        10.31
      1.6710        10.33
      1.6720        10.29
      1.6730        10.19
      1.6740        10.16
      1.6750        10.16
      1.6760        10.15
      1.6770        10.19
      1.6780        10.16
      1.6790        10.14
      1.6800        10.06
      1.6810         9.98
      1.6820        10.02
      1.6830         9.98
      1.6840        10.11
      1.6850        10.02
      1.6860         9.95
      1.6870        10.10
      1.6880        10.02
      1.6890        10.11
      1.6900        10.20
      1.6910        10.23
      1.6920        10.39
      1.6930        10.56
      1.6940        10.63
      1.6950        10.59
      1.6960        10.59
      1.6970        10.53
      1.6980        10.53
      1.6990        10.59
      1.7000        10.68
      1.7010        10.66
      1.7020        10.63
      1.7030        10.64
      1.7040        10.55
      1.7050        10.53
      1.7060        10.59
      1.7070        10.49
      1.7080        10.49
      1.7090        10.44
      1.7100        10.43
      1.7110        10.36
      1.7120        10.28
      1.7130        10.16
      1.7140        10.06
      1.7150        10.03
      1.7160        10.04
      1.7170        10.03
      1.7180        10.01
      1.7190         9.95
      1.7200         9.86
      1.7210         9.93
      1.7220         9.88
      1.7230         9.87
      1.7240         9.94
      1.7250        10.05
      1.7260        10.09
      1.7270        10.09
      1.7280        10.10
      1.7290        10.13
      1.7300        10.07
      1.7310        10.05
      1.7320         9.98
      1.7330        10.02
      1.7340        10.08
      1.7350        10.14
      1.7360        10.14
      1.7370        10.10
      1.7380        10.10
      1.7390        10.10
      1.7400        10.13
      1.7410        10.13
      1.7420        10.19
      1.7430        10.20
      1.7440        10.07
      1.7450         9.99
      1.7460         9.95
      1.7470         9.88
      1.7480         9.82
      1.7490         9.84
      1.7500         9.77
      1.7510         9.90
      1.7520        10.00
      1.7530        10.02
      1.7540        10.01
      1.7550        10.01
      1.7560        10.08
      1.7570        10.14
      1.7580        10.15
      1.7590        10.09
      1.7600        10.07
      1.7610        10.01
      1.7620         9.95
      1.7630         9.96
      1.7640        10.01
      1.7650        10.10
      1.7660        10.02
      1.7670        10.11
      1.7680        10.16
      1.7690        10.07
      1.7700        10.11
      1.7710         9.99
      1.7720         9.95
      1.7730         9.90
      1.7740         9.95
      1.7750         9.94
      1.7760         9.83
      1.7770         9.76
      1.7780         9.81
      1.7790         9.88
      1.7800         9.92
      1.7810         9.90
      1.7820        10.08
      1.7830        10.01
      1.7840        10.00
      1.7850         9.88
      1.7860         9.88
      1.7870         9.78
      1.7880         9.78
      1.7890         9.77
      1.7900         9.80
      1.7910         9.86
      1.7920         9.89
      1.7930         9.84
      1.7940         9.80
      1.7950         9.74
      1.7960         9.74
      1.7970         9.86
      1.7980         9.85
      1.7990         9.87
      1.8000         9.72
      1.8010         9.75
      1.8020         9.67
      1.8030         9.72
      1.8040         9.65
      1.8050         9.74
      1.8060         9.90
      1.8070         9.93
      1.8080         9.96
      1.8090        10.02
      1.8100        10.06
      1.8110         9.93
      1.8120         9.81
      1.8130         9.95
      1.8140         9.97
      1.8150         9.99
      1.8160        10.08
      1.8170        10.02
      1.8180        10.00
      1.8190         9.98
      1.8200        10.02
      1.8210         9.94
      1.8220         9.85
      1.8230         9.85
      1.8240        10.00
      1.8250         9.89
      1.8260         9.76
      1.8270         9.74
      1.8280         9.70
      1.8290         9.64
      1.8300         9.59
      1.8310         9.64
      1.8320         9.71
      1.8330         9.60
      1.8340         9.56
      1.8350         9.56
      1.8360         9.50
      1.8370         9.49
      1.8380         9.40
      1.8390         9.35
      1.8400         9.39
      1.8410         9.51
      1.8420         9.63
      1.8430         9.65
      1.8440         9.61
      1.8450         9.58
      1.8460         9.61
      1.8470         9.66
      1.8480         9.71
      1.8490         9.71
      1.8500         9.75
      1.8510         9.70
      1.8520         9.73
      1.8530         9.78
      1.8540         9.81
      1.8550         9.68
      1.8560         9.62
      1.8570         9.61
      1.8580         9.74
      1.8590         9.80
      1.8600         9.86
      1.8610         9.84
      1.8620         9.80
      1.8630         9.74
      1.8640         9.68
      1.8650         9.77
      1.8660         9.76
      1.8670         9.80
      1.8680         9.74
      1.8690         9.79
      1.8700         9.77
      1.8710         9.86
      1.8720         9.86
      1.8730         9.75
      1.8740         9.79
      1.8750         9.90
      1.8760         9.99
      1.8770         9.95
      1.8780         9.94
      1.8790         9.97
      1.8800         9.78
      1.8810         9.76
      1.8820         9.73
      1.8830         9.69
      1.8840         9.71
      1.8850         9.64
      1.8860         9.56
      1.8870         9.55
      1.8880         9.59
      1.8890         9.55
      1.8900         9.47
      1.8910         9.44
      1.8920         9.51
      1.8930         9.53
      1.8940         9.45
      1.8950         9.51
      1.8960         9.45
      1.8970         9.52
      1.8980         9.45
      1.8990         9.41
      1.9000         9.58
      1.9010         9.63
      1.9020         9.67
      1.9030         9.73
      1.9040         9.76
      1.9050         9.80
      1.9060         9.81
      1.9070         9.69
      1.9080         9.69
      1.9090         9.69
      1.9100         9.68
      1.9110         9.62
      1.9120         9.52
      1.9130         9.57
      1.9140         9.59
      1.9150         9.53
      1.9160         9.53
      1.9170         9.56
      1.9180         9.55
      1.9190         9.52
      1.9200         9.41
      1.9210         9.36
      1.9220         9.25
      1.9230         9.18
      1.9240         9.14
      1.9250         9.14
      1.9260         9.18
      1.9270         9.23
      1.9280         9.23
      1.9290         9.30
      1.9300         9.26
      1.9310         9.27
      1.9320         9.32
      1.9330         9.18
      1.9340         9.16
      1.9350         9.13
      1.9360         9.17
      1.9370         9.06
      1.9380         9.18
      1.9390         9.17
      1.9400         9.22
      1.9410         9.16
      1.9420         9.25
      1.9430         9.32
      1.9440         9.27
      1.9450         9.19
      1.9460         9.19
      1.9470         9.21
      1.9480         9.24
      1.9490         9.24
      1.9500         9.41
      1.9510         9.45
      1.9520         9.39
      1.9530         9.53
      1.9540         9.67
      1.9550         9.70
      1.9560         9.72
      1.9570         9.78
      1.9580         9.69
      1.9590         9.71
      1.9600         9.74
      1.9610         9.77
      1.9620         9.73
      1.9630         9.62
      1.9640         9.61
      1.9650         9.65
      1.9660         9.70
      1.9670         9.64
      1.9680         9.58
      1.9690         9.52
      1.9700         9.36
      1.9710         9.32
      1.9720         9.29
      1.9730         9.29
      1.9740         9.13
      1.9750         9.15
      1.9760         9.05
      1.9770         9.05
      1.9780         9.15
      1.9790         9.16
      1.9800         9.13
      1.9810         9.20
      1.9820         9.25
      1.9830         9.34
      1.9840         9.45
      1.9850         9.53
      1.9860         9.43
      1.9870         9.49
      1.9880         9.54
      1.9890         9.61
      1.9900         9.70
      1.9910         9.81
      1.9920         9.81
      1.9930         9.81
      1.9940         9.93
      1.9950         9.92
      1.9960         9.91
      1.9970         9.89
      1.9980         9.81
      1.9990         9.81
      2.0000         9.80
      2.0010         9.80
      2.0020         9.95
      2.0030         9.92
      2.0040         9.91
      2.0050         9.89
      2.0060         9.92
      2.0070        10.01
      2.0080         9.97
      2.0090         9.88
      2.0100         9.85
      2.0110         9.84
      2.0120         9.97
      2.0130        10.00
      2.0140        10.02
      2.0150        10.06
      2.0160        10.14
      2.0170        10.21
      2.0180        10.29
      2.0190        10.37
      2.0200        10.41
      2.0210        10.33
      2.0220        10.17
      2.0230        10.13
      2.0240        10.12
      2.0250        10.10
      2.0260        10.12
      2.0270        10.00
      2.0280         9.98
      2.0290        10.07
      2.0300        10.11
      2.0310        10.04
      2.0320        10.01
      2.0330         9.97
      2.0340         9.92
      2.0350         9.85
      2.0360         9.91
      2.0370         9.82
      2.0380         9.88
      2.0390         9.92
      2.0400         9.89
      2.0410         9.94
      2.0420         9.97
      2.0430        10.02
      2.0440        10.05
      2.0450         9.98
      2.0460         9.97
      2.0470        10.00
      2.0480        10.06
      2.0490        10.02
      2.0500        10.04
      2.0510        10.00
      2.0520         9.96
      2.0530        10.06
      2.0540        10.03
      2.0550        10.15
      2.0560        10.19
      2.0570        10.28
      2.0580        10.23
      2.0590        10.12
      2.0600        10.16
      2.0610        10.16
      2.0620        10.24
      2.0630        10.28
      2.0640        10.31
      2.0650        10.43
      2.0660        10.46
      2.0670        10.48
      2.0680        10.39
      2.0690        10.40
      2.0700        10.38
      2.0710        10.50
      2.0720        10.48
      2.0730        10.48
      2.0740        10.54
      2.0750        10.55
      2.0760        10.60
      2.0770        10.59
      2.0780        10.52
      2.0790        10.55
      2.0800        10.62
      2.0810        10.58
      2.0820        10.50
      2.0830        10.51
      2.0840        10.51
      2.0850        10.46
      2.0860        10.44
      2.0870        10.47
      2.0880        10.58
      2.0890        10.65
      2.0900        10.65
      2.0910        10.70
      2.0920        10.82
      2.0930        10.76
      2.0940        10.78
      2.0950        10.83
      2.0960        10.81
      2.0970        10.86
      2.0980        10.90
      2.0990        10.99
      2.1000        10.99
      2.1010        11.10
      2.1020        11.19
      2.1030        11.30
      2.1040        11.29
      2.1050        11.32
      2.1060        11.34
      2.1070        11.36
      2.1080        11.32
      2.1090        11.27
      2.1100        11.31
      2.1110        11.31
      2.1120        11.33
      2.1130        11.41
      2.1140        11.42
      2.1150        11.46
      2.1160        11.40
      2.1170        11.36
      2.1180        11.35
      2.1190        11.25
      2.1200        11.29
      2.1210        11.27
      2.1220        11.33
      2.1230        11.17
      2.1240        11.19
      2.1250        11.31
      2.1260        11.45
      2.1270        11.55
      2.1280        11.62
      2.1290        11.77
      2.1300        11.85
      2.1310        11.95
      2.1320        11.93
      2.1330        11.94
      2.1340        11.90
      2.1350        11.81
      2.1360        11.89
      2.1370        12.01
      2.1380        12.06
      2.1390        12.13
      2.1400        12.20
      2.1410        12.29
      2.1420        12.29
      2.1430        12.48
      2.1440        12.60
      2.1450        12.59
      2.1460        12.64
      2.1470        12.68
      2.1480        12.75
      2.1490        12.72
      2.1500        12.70
      2.1510        12.71
      2.1520        12.83
      2.1530        12.89
      2.1540        12.95
      2.1550        13.00
      2.1560        13.00
      2.1570        12.99
      2.1580        13.01
      2.1590        13.09
      2.1600        13.03
      2.1610        13.08
      2.1620        13.00
      2.1630        12.93
      2.1640        12.91
      2.1650        12.93
      2.1660        12.85
      2.1670        12.87
      2.1680        12.83
      2.1690        12.91
      2.1700        12.97
      2.1710        12.92
      2.1720        12.90
      2.1730        12.96
      2.1740        13.03
      2.1750        12.99
      2.1760        13.02
      2.1770        12.98
      2.1780        13.01
      2.1790        12.95
      2.1800        13.05
      2.1810        12.97
      2.1820        13.07
      2.1830        13.18
      2.1840        13.18
      2.1850        13.13
      2.1860        13.18
      2.1870        13.14
      2.1880        13.17
      2.1890        13.21
      2.1900        13.26
      2.1910        13.27
      2.1920        13.30
      2.1930        13.20
      2.1940        13.28
      2.1950        13.38
      2.1960        13.43
      2.1970        13.47
      2.1980        13.55
      2.1990        13.66
      2.2000        13.67
      2.2010        13.73
      2.2020        13.74
      2.2030        13.73
      2.2040        13.80
      2.2050        13.88
      2.2060        13.84
      2.2070        13.86
      2.2080        13.88
      2.2090        13.94
      2.2100        13.94
      2.2110        13.96
      2.2120        13.94
      2.2130        13.94
      2.2140        13.96
      2.2150        14.00
      2.2160        14.02
      2.2170        14.09
      2.2180        14.18
      2.2190        14.17
      2.2200        14.14
      2.2210        14.25
      2.2220        14.33
      2.2230        14.49
      2.2240        14.45
      2.2250        14.48
      2.2260        14.56
      2.2270        14.56
      2.2280        14.58
      2.2290        14.50
      2.2300        14.50
      2.2310        14.63
      2.2320        14.69
      2.2330        14.80
      2.2340        14.74
      2.2350        14.71
      2.2360        14.76
      2.2370        14.66
      2.2380        14.55
      2.2390        14.51
      2.2400        14.52
      2.2410        14.48
      2.2420        14.43
      2.2430        14.37
      2.2440        14.36
      2.2450        14.36
      2.2460        14.41
      2.2470        14.46
      2.2480        14.47
      2.2490        14.44
      2.2500        14.48
      2.2510        14.41
      2.2520        14.36
      2.2530        14.33
      2.2540        14.34
      2.2550        14.33
      2.2560        14.19
      2.2570        14.18
      2.2580        14.13
      2.2590        14.14
      2.2600        14.09
      2.2610        14.15
      2.2620        14.13
      2.2630        14.01
      2.2640        14.16
      2.2650        14.11
      2.2660        14.12
      2.2670        14.01
      2.2680        14.05
      2.2690        14.13
      2.2700        14.12
      2.2710        14.16
      2.2720        14.13
      2.2730        14.14
      2.2740        14.22
      2.2750        14.21
      2.2760        14.30
      2.2770        14.53
      2.2780        14.68
      2.2790        14.73
      2.2800        14.75
      2.2810        14.69
      2.2820        14.75
      2.2830        14.73
      2.2840        14.75
      2.2850        14.87
      2.2860        14.83
      2.2870        14.95
      2.2880        15.02
      2.2890        14.98
      2.2900        14.97
      2.2910        14.99
      2.2920        15.10
      2.2930        15.14
      2.2940        15.10
      2.2950        15.18
      2.2960        15.16
      2.2970        15.08
      2.2980        15.00
      2.2990        15.02
      2.3000        15.12
      2.3010        15.13
      2.3020        15.18
      2.3030        15.25
      2.3040        15.27
      2.3050        15.31
      2.3060        15.41
      2.3070        15.42
      2.3080        15.40
      2.3090        15.42
      2.3100        15.50
      2.3110        15.49
      2.3120        15.53
      2.3130        15.60
      2.3140        15.67
      2.3150        15.67
      2.3160        15.67
      2.3170        15.73
      2.3180        15.92
      2.3190        15.91
      2.3200        15.99
      2.3210        16.03
      2.3220        16.00
      2.3230        16.06
      2.3240        16.03
      2.3250        15.96
      2.3260        15.94
      2.3270        16.01
      2.3280        16.04
      2.3290        16.12
      2.3300        16.07
      2.3310        16.12
      2.3320        16.16
      2.3330        16.13
      2.3340        16.08
      2.3350        16.18
      2.3360        16.36
      2.3370        16.32
      2.3380        16.18
      2.3390        16.35
      2.3400        16.37
      2.3410        16.41
      2.3420        16.43
      2.3430        16.52
      2.3440        16.56
      2.3450        16.64
      2.3460        16.72
      2.3470        16.63
      2.3480        16.65
      2.3490        16.66
      2.3500        16.72
      2.3510        16.70
      2.3520        16.68
      2.3530        16.79
      2.3540        16.92
      2.3550        16.88
      2.3560        16.87
      2.3570        17.00
      2.3580        17.18
      2.3590        17.16
      2.3600        17.18
      2.3610        17.27
      2.3620        17.32
      2.3630        17.38
      2.3640        17.39
      2.3650        17.51
      2.3660        17.47
      2.3670        17.61
      2.3680        17.75
      2.3690        17.79
      2.3700        17.87
      2.3710        18.02
      2.3720        18.12
      2.3730        18.18
      2.3740        18.20
      2.3750        18.33
      2.3760        18.38
      2.3770        18.43
      2.3780        18.46
      2.3790        18.49
      2.3800        18.53
      2.3810        18.59
      2.3820        18.65
      2.3830        18.66
      2.3840        18.71
      2.3850        18.72
      2.3860        18.83
      2.3870        18.95
      2.3880        18.96
      2.3890        19.07
      2.3900        19.27
      2.3910        19.23
      2.3920        19.38
      2.3930        19.50
      2.3940        19.62
      2.3950        19.66
      2.3960        19.76
      2.3970        19.81
      2.3980        19.86
      2.3990        20.01
      2.4000        20.17
      2.4010        20.26
      2.4020        20.36
      2.4030        20.32
      2.4040        20.42
      2.4050        20.45
      2.4060        20.55
      2.4070        20.60
      2.4080        20.66
      2.4090        20.70
      2.4100        20.58
      2.4110        20.72
      2.4120        20.75
      2.4130        20.78
      2.4140        20.83
      2.4150        20.94
      2.4160        20.99
      2.4170        21.02
      2.4180        21.03
      2.4190        21.16
      2.4200        21.15
      2.4210        21.19
      2.4220        21.31
      2.4230        21.54
      2.4240        21.70
      2.4250        21.87
      2.4260        22.05
      2.4270        22.10
      2.4280        22.13
      2.4290        22.30
      2.4300        22.49
      2.4310        22.58
      2.4320        22.61
      2.4330        22.62
      2.4340        22.72
      2.4350        22.88
      2.4360        23.05
      2.4370        23.30
      2.4380        23.48
      2.4390        23.58
      2.4400        23.68
      2.4410        23.78
      2.4420        23.91
      2.4430        23.99
      2.4440        24.02
      2.4450        24.07
      2.4460        24.08
      2.4470        24.20
      2.4480        24.48
      2.4490        24.50
      2.4500        24.59
      2.4510        24.72
      2.4520        24.87
      2.4530        24.99
      2.4540        25.13
      2.4550        25.14
      2.4560        25.13
      2.4570        25.15
      2.4580        25.17
      2.4590        25.17
      2.4600        25.22
      2.4610        25.24
      2.4620        25.34
      2.4630        25.41
      2.4640        25.57
      2.4650        25.64
      2.4660        25.80
      2.4670        25.89
      2.4680        25.84
      2.4690        25.89
      2.4700        25.93
      2.4710        25.93
      2.4720        25.92
      2.4730        26.05
      2.4740        26.16
      2.4750        26.35
      2.4760        26.55
      2.4770        26.53
      2.4780        26.68
      2.4790        26.82
      2.4800        26.98
      2.4810        27.12
      2.4820        27.14
      2.4830        27.33
      2.4840        27.31
      2.4850        27.41
      2.4860        27.37
      2.4870        27.38
      2.4880        27.48
      2.4890        27.64
      2.4900        27.75
      2.4910        27.91
      2.4920        28.11
      2.4930        28.14
      2.4940        28.14
      2.4950        28.10
      2.4960        28.10
      2.4970        28.15
      2.4980        28.19
      2.4990        28.12
      2.5000        28.19
      2.5010        28.30
      2.5020        28.42
      2.5030        28.41
      2.5040        28.53
      2.5050        28.54
      2.5060        28.63
      2.5070        28.67
      2.5080        28.75
      2.5090        28.71
      2.5100        28.82
      2.5110        28.86
      2.5120        28.80
      2.5130        28.86
      2.5140        28.88
      2.5150        28.87
      2.5160        28.90
      2.5170        29.01
      2.5180        29.01
      2.5190        29.14
      2.5200        29.14
      2.5210        29.16
      2.5220        29.05
      2.5230        29.06
      2.5240        29.06
      2.5250        29.09
      2.5260        29.05
      2.5270        29.08
      2.5280        29.00
      2.5290        29.10
      2.5300        29.08
      2.5310        28.93
      2.5320        28.96
      2.5330        28.88
      2.5340        29.02
      2.5350        29.06
      2.5360        29.03
      2.5370        29.12
      2.5380        29.14
      2.5390        29.01
      2.5400        29.05
      2.5410        28.99
      2.5420        29.10
      2.5430        29.10
      2.5440        29.02
      2.5450        29.03
      2.5460        29.07
      2.5470        29.11
      2.5480        29.15
      2.5490        29.12
      2.5500        29.06
      2.5510        29.16
      2.5520        29.14
      2.5530        29.25
      2.5540        29.18
      2.5550        29.19
      2.5560        29.20
      2.5570        29.18
      2.5580        29.26
      2.5590        29.37
      2.5600        29.29
      2.5610        29.30
      2.5620        29.36
      2.5630        29.41
      2.5640        29.53
      2.5650        29.52
      2.5660        29.54
      2.5670        29.56
      2.5680        29.56
      2.5690        29.53
      2.5700        29.62
      2.5710        29.58
      2.5720        29.61
      2.5730        29.65
      2.5740        29.65
      2.5750        29.62
      2.5760        29.74
      2.5770        29.73
      2.5780        29.71
      2.5790        29.72
      2.5800        29.69
      2.5810        29.68
      2.5820        29.53
      2.5830        29.49
      2.5840        29.54
      2.5850        29.52
      2.5860        29.53
      2.5870        29.59
      2.5880        29.67
      2.5890        29.69
      2.5900        29.65
      2.5910        29.64
      2.5920        29.61
      2.5930        29.42
      2.5940        29.40
      2.5950        29.42
      2.5960        29.26
      2.5970        29.22
      2.5980        29.17
      2.5990        29.07
      2.6000        29.10
      2.6010        29.06
      2.6020        29.05
      2.6030        28.98
      2.6040        28.82
      2.6050        28.84
      2.6060        28.74
      2.6070        28.52
      2.6080        28.36
      2.6090        28.35
      2.6100        28.42
      2.6110        28.44
      2.6120        28.36
      2.6130        28.36
      2.6140        28.29
      2.6150        28.25
      2.6160        28.24
      2.6170        28.23
      2.6180        28.15
      2.6190        28.12
      2.6200        28.06
      2.6210        28.10
      2.6220        28.14
      2.6230        28.13
      2.6240        28.16
      2.6250        28.16
      2.6260        28.28
      2.6270        28.40
      2.6280        28.47
      2.6290        28.47
      2.6300        28.26
      2.6310        28.20
      2.6320        28.13
      2.6330        28.04
      2.6340        27.89
      2.6350        27.84
      2.6360        27.83
      2.6370        27.73
      2.6380        27.71
      2.6390        27.73
      2.6400        27.63
      2.6410        27.60
      2.6420        27.56
      2.6430        27.52
      2.6440        27.47
      2.6450        27.35
      2.6460        27.16
      2.6470        27.04
      2.6480        26.92
      2.6490        26.80
      2.6500        26.85
      2.6510        26.82
      2.6520        26.78
      2.6530        26.92
      2.6540        26.96
      2.6550        26.94
      2.6560        26.86
      2.6570        26.86
      2.6580        26.76
      2.6590        26.68
      2.6600        26.74
      2.6610        26.65
      2.6620        26.57
      2.6630        26.49
      2.6640        26.34
      2.6650        26.36
      2.6660        26.36
      2.6670        26.30
      2.6680        26.23
      2.6690        26.21
      2.6700        26.09
      2.6710        25.99
      2.6720        25.99
      2.6730        25.91
      2.6740        25.86
      2.6750        25.82
      2.6760        25.88
      2.6770        25.76
      2.6780        25.91
      2.6790        25.88
      2.6800        25.84
      2.6810        25.73
      2.6820        25.65
      2.6830        25.64
      2.6840        25.65
      2.6850        25.52
      2.6860        25.45
      2.6870        25.41
      2.6880        25.51
      2.6890        25.55
      2.6900        25.52
      2.6910        25.51
      2.6920        25.45
      2.6930        25.31
      2.6940        25.29
      2.6950        25.26
      2.6960        25.15
      2.6970        25.09
      2.6980        24.92
      2.6990        24.91
      2.7000        24.82
      2.7010        24.91
      2.7020        24.86
      2.7030        24.74
      2.7040        24.70
      2.7050        24.70
      2.7060        24.62
      2.7070        24.69
      2.7080        24.55
      2.7090        24.37
      2.7100        24.16
      2.7110        24.12
      2.7120        24.08
      2.7130        24.03
      2.7140        23.95
      2.7150        23.80
      2.7160        23.62
      2.7170        23.60
      2.7180        23.55
      2.7190        23.39
      2.7200        23.33
      2.7210        23.20
      2.7220        23.14
      2.7230        23.16
      2.7240        23.11
      2.7250        23.05
      2.7260        23.01
      2.7270        22.88
      2.7280        22.84
      2.7290        22.82
      2.7300        22.91
      2.7310        22.91
      2.7320        23.00
      2.7330        23.00
      2.7340        23.01
      2.7350        23.09
      2.7360        23.04
      2.7370        22.94
      2.7380        22.96
      2.7390        23.00
      2.7400        22.95
      2.7410        22.95
      2.7420        22.93
      2.7430        22.97
      2.7440        22.89
      2.7450        22.83
      2.7460        22.85
      2.7470        22.83
      2.7480        22.76
      2.7490        22.74
      2.7500        22.66
      2.7510        22.58
      2.7520        22.33
      2.7530        22.31
      2.7540        22.25
      2.7550        22.18
      2.7560        22.25
      2.7570        22.33
      2.7580        22.29
      2.7590        22.21
      2.7600        22.23
      2.7610        22.11
      2.7620        22.09
      2.7630        22.02
      2.7640        22.08
      2.7650        22.12
      2.7660        22.12
      2.7670        22.03
      2.7680        22.00
      2.7690        21.99
      2.7700        22.03
      2.7710        22.08
      2.7720        22.22
      2.7730        22.20
      2.7740        22.20
      2.7750        22.18
      2.7760        22.21
      2.7770        22.19
      2.7780        22.21
      2.7790        22.26
      2.7800        22.21
      2.7810        22.25
      2.7820        22.30
      2.7830        22.33
      2.7840        22.28
      2.7850        22.17
      2.7860        22.08
      2.7870        22.13
      2.7880        22.13
      2.7890        22.08
      2.7900        22.10
      2.7910        22.04
      2.7920        22.01
      2.7930        21.98
      2.7940        21.98
      2.7950        21.95
      2.7960        21.91
      2.7970        21.87
      2.7980        21.80
      2.7990        21.74
      2.8000        21.64
      2.8010        21.63
      2.8020        21.53
      2.8030        21.47
      2.8040        21.48
      2.8050        21.53
      2.8060        21.43
      2.8070        21.36
      2.8080        21.43
      2.8090        21.36
      2.8100        21.23
      2.8110        21.28
      2.8120        21.26
      2.8130        21.26
      2.8140        21.21
      2.8150        21.23
      2.8160        21.21
      2.8170        21.18
      2.8180        21.22
      2.8190        21.21
      2.8200        21.33
      2.8210        21.32
      2.8220        21.29
      2.8230        21.38
      2.8240        21.31
      2.8250        21.35
      2.8260        21.43
      2.8270        21.44
      2.8280        21.40
      2.8290        21.46
      2.8300        21.61
      2.8310        21.57
      2.8320        21.53
      2.8330        21.51
      2.8340        21.64
      2.8350        21.49
      2.8360        21.49
      2.8370        21.49
      2.8380        21.43
      2.8390        21.49
      2.8400        21.41
      2.8410        21.42
      2.8420        21.38
      2.8430        21.16
      2.8440        21.24
      2.8450        21.22
      2.8460        21.26
      2.8470        21.26
      2.8480        21.18
      2.8490        21.17
      2.8500        21.16
      2.8510        21.13
      2.8520        21.13
      2.8530        21.13
      2.8540        21.01
      2.8550        21.18
      2.8560        21.15
      2.8570        21.15
      2.8580        21.19
      2.8590        21.12
      2.8600        21.22
      2.8610        21.21
      2.8620        21.30
      2.8630        21.47
      2.8640        21.43
      2.8650        21.46
      2.8660        21.49
      2.8670        21.46
      2.8680        21.54
      2.8690        21.72
      2.8700        21.68
      2.8710        21.68
      2.8720        21.72
      2.8730        21.77
      2.8740        21.80
      2.8750        21.83
      2.8760        21.95
      2.8770        21.93
      2.8780        21.89
      2.8790        21.96
      2.8800        21.92
      2.8810        22.06
      2.8820        22.10
      2.8830        22.05
      2.8840        22.04
      2.8850        22.01
      2.8860        22.02
      2.8870        22.13
      2.8880        22.17
      2.8890        22.03
      2.8900        22.06
      2.8910        22.05
      2.8920        22.09
      2.8930        22.16
      2.8940        22.09
      2.8950        22.01
      2.8960        21.93
      2.8970        21.95
      2.8980        21.96
      2.8990        22.03
      2.9000        22.02
      2.9010        21.96
      2.9020        21.98
      2.9030        22.06
      2.9040        22.10
      2.9050        22.06
      2.9060        22.00
      2.9070        22.04
      2.9080        22.15
      2.9090        22.15
      2.9100        22.23
      2.9110        22.33
      2.9120        22.37
      2.9130        22.35
      2.9140        22.44
      2.9150        22.62
      2.9160        22.60
      2.9170        22.65
      2.9180        22.69
      2.9190        22.65
      2.9200        22.73
      2.9210        22.64
      2.9220        22.70
      2.9230        22.62
      2.9240        22.61
      2.9250        22.64
      2.9260        22.71
      2.9270        22.64
      2.9280        22.56
      2.9290        22.65
      2.9300        22.57
      2.9310        22.52
      2.9320        22.49
      2.9330        22.44
      2.9340        22.45
      2.9350        22.35
      2.9360        22.51
      2.9370        22.56
      2.9380        22.58
      2.9390        22.67
      2.9400        22.56
      2.9410        22.60
      2.9420        22.55
      2.9430        22.63
      2.9440        22.63
      2.9450        22.68
      2.9460        22.76
      2.9470        22.80
      2.9480        22.81
      2.9490        22.91
      2.9500        22.99
      2.9510        23.01
      2.9520        23.07
      2.9530        23.08
      2.9540        23.11
      2.9550        23.18
      2.9560        23.14
      2.9570        23.05
      2.9580        23.07
      2.9590        23.05
      2.9600        23.19
      2.9610        23.23
      2.9620        23.25
      2.9630        23.28
      2.9640        23.41
      2.9650        23.49
      2.9660        23.56
      2.9670        23.64
      2.9680        23.72
      2.9690        23.73
      2.9700        23.73
      2.9710        23.90
      2.9720        23.94
      2.9730        23.97
      2.9740        24.00
      2.9750        23.97
      2.9760        23.94
      2.9770        24.10
      2.9780        24.08
      2.9790        24.10
      2.9800        24.09
      2.9810        24.12
      2.9820        24.13
      2.9830        24.12
      2.9840        24.07
      2.9850        24.09
      2.9860        24.04
      2.9870        24.03
      2.9880        24.00
      2.9890        23.98
      2.9900        23.92
      2.9910        23.73
      2.9920        23.65
      2.9930        23.68
      2.9940        23.68
      2.9950        23.64
      2.9960        23.71
      2.9970        23.66
      2.9980        23.72
      2.9990        23.75
