        Time   Palpation Force
      0.0000         1.00
      0.0010         1.00
      0.0020         1.00
      0.0030         1.00
      0.0040         1.00
      0.0050         1.00
      0.0060         1.00
      0.0070         1.00
      0.0080         1.00
      0.0090         1.00
      0.0100         1.00
      0.0110         1.00
      0.0120         1.00
      0.0130         1.00
      0.0140         1.00
      0.0150         1.00
      0.0160         1.00
      0.0170         1.00
      0.0180         1.00
      0.0190         1.00
      0.0200         1.00
      0.0210         1.00
      0.0220         1.00
      0.0230         1.00
      0.0240         1.00
      0.0250         1.00
      0.0260         1.00
      0.0270         1.00
      0.0280         1.00
      0.0290         1.00
      0.0300         1.00
      0.0310         1.00
      0.0320         1.00
      0.0330         1.00
      0.0340         1.00
      0.0350         1.00
      0.0360         1.00
      0.0370         1.00
      0.0380         1.00
      0.0390         1.00
      0.0400         1.00
      0.0410         1.00
      0.0420         1.00
      0.0430         1.00
      0.0440         1.00
      0.0450         1.00
      0.0460         1.00
      0.0470         1.00
      0.0480         1.00
      0.0490         1.00
      0.0500         1.00
      0.0510         1.00
      0.0520         1.00
      0.0530         1.00
      0.0540         1.00
      0.0550         1.00
      0.0560         1.00
      0.0570         1.00
      0.0580         1.00
      0.0590         1.00
      0.0600         1.00
      0.0610         1.00
      0.0620         1.00
      0.0630         1.00
      0.0640         1.00
      0.0650         1.00
      0.0660         1.00
      0.0670         1.00
      0.0680         1.00
      0.0690         1.00
      0.0700         1.00
      0.0710         1.00
      0.0720         1.00
      0.0730         1.00
      0.0740         1.00
      0.0750         1.00
      0.0760         1.00
      0.0770         1.00
      0.0780         1.00
      0.0790         1.00
      0.0800         1.00
      0.0810         1.00
      0.0820         1.00
      0.0830         1.00
      0.0840         1.00
      0.0850         1.00
      0.0860         1.00
      0.0870         1.00
      0.0880         1.00
      0.0890         1.00
      0.0900         1.00
      0.0910         1.00
      0.0920         1.00
      0.0930         1.00
      0.0940         1.00
      0.0950         1.00
      0.0960         1.00
      0.0970         1.00
      0.0980         1.00
      0.0990         1.00
      0.1000         1.00
      0.1010         1.00
      0.1020         1.00
      0.1030         1.00
      0.1040         1.00
      0.1050         1.00
      0.1060         1.00
      0.1070         1.00
      0.1080         1.00
      0.1090         1.00
      0.1100         1.00
      0.1110         1.00
      0.1120         1.00
      0.1130         1.00
      0.1140         1.00
      0.1150         1.00
      0.1160         1.00
      0.1170         1.00
      0.1180         1.00
      0.1190         1.00
      0.1200         1.00
      0.1210         1.00
      0.1220         1.00
      0.1230         1.00
      0.1240         1.00
      0.1250         1.00
      0.1260         1.00
      0.1270         1.00
      0.1280         1.00
      0.1290         1.00
      0.1300         1.00
      0.1310         1.00
      0.1320         1.00
      0.1330         1.00
      0.1340         1.00
      0.1350         1.00
      0.1360         1.00
      0.1370         1.00
      0.1380         1.00
      0.1390         1.00
      0.1400         1.00
      0.1410         1.00
      0.1420         1.00
      0.1430         1.00
      0.1440         1.00
      0.1450         1.00
      0.1460         1.00
      0.1470         1.00
      0.1480         1.00
      0.1490         1.00
      0.1500         1.00
      0.1510         1.00
      0.1520         1.00
      0.1530         1.00
      0.1540         1.00
      0.1550         1.00
      0.1560         1.00
      0.1570         1.00
      0.1580         1.00
      0.1590         1.00
      0.1600         1.00
      0.1610         1.00
      0.1620         1.00
      0.1630         1.00
      0.1640         1.00
      0.1650         1.00
      0.1660         1.00
      0.1670         1.00
      0.1680         1.00
      0.1690         1.00
      0.1700         1.00
      0.1710         1.00
      0.1720         1.00
      0.1730         1.00
      0.1740         1.00
      0.1750         1.00
      0.1760         1.00
      0.1770         1.00
      0.1780         1.00
      0.1790         1.00
      0.1800         1.00
      0.1810         1.00
      0.1820         1.00
      0.1830         1.00
      0.1840         1.00
      0.1850         1.00
      0.1860         1.00
      0.1870         1.00
      0.1880         1.00
      0.1890         1.00
      0.1900         1.00
      0.1910         1.00
      0.1920         1.00
      0.1930         1.00
      0.1940         1.00
      0.1950         1.00
      0.1960         1.00
      0.1970         1.00
      0.1980         1.00
      0.1990         1.00
      0.2000         1.00
      0.2010         1.00
      0.2020         1.00
      0.2030         1.00
      0.2040         1.00
      0.2050         1.00
      0.2060         1.00
      0.2070         1.00
      0.2080         1.00
      0.2090         1.00
      0.2100         1.00
      0.2110         1.00
      0.2120         1.00
      0.2130         1.00
      0.2140         1.00
      0.2150         1.00
      0.2160         1.00
      0.2170         1.00
      0.2180         1.00
      0.2190         1.00
      0.2200         1.00
      0.2210         1.00
      0.2220         1.00
      0.2230         1.00
      0.2240         1.00
      0.2250         1.00
      0.2260         1.00
      0.2270         1.00
      0.2280         1.00
      0.2290         1.00
      0.2300         1.00
      0.2310         1.00
      0.2320         1.00
      0.2330         1.00
      0.2340         1.00
      0.2350         1.00
      0.2360         1.00
      0.2370         1.00
      0.2380         1.00
      0.2390         1.00
      0.2400         1.00
      0.2410         1.00
      0.2420         1.00
      0.2430         1.00
      0.2440         1.00
      0.2450         1.00
      0.2460         1.00
      0.2470         1.00
      0.2480         1.00
      0.2490         1.00
      0.2500         1.00
      0.2510         1.00
      0.2520         1.00
      0.2530         1.00
      0.2540         1.00
      0.2550         1.00
      0.2560         1.00
      0.2570         1.00
      0.2580         1.00
      0.2590         1.00
      0.2600         1.00
      0.2610         1.00
      0.2620         1.00
      0.2630         1.00
      0.2640         1.00
      0.2650         1.00
      0.2660         1.00
      0.2670         1.00
      0.2680         1.00
      0.2690         1.00
      0.2700         1.00
      0.2710         1.00
      0.2720         1.00
      0.2730         1.00
      0.2740         1.00
      0.2750         1.00
      0.2760         1.00
      0.2770         1.00
      0.2780         1.00
      0.2790         1.00
      0.2800         1.00
      0.2810         1.00
      0.2820         1.00
      0.2830         1.00
      0.2840         1.00
      0.2850         1.00
      0.2860         1.00
      0.2870         1.00
      0.2880         1.00
      0.2890         1.00
      0.2900         1.00
      0.2910         1.00
      0.2920         1.00
      0.2930         1.00
      0.2940         1.00
      0.2950         1.00
      0.2960         1.00
      0.2970         1.00
      0.2980         1.00
      0.2990         1.00
      0.3000         1.00
      0.3010         1.00
      0.3020         1.00
      0.3030         1.00
      0.3040         1.00
      0.3050         1.00
      0.3060         1.00
      0.3070         1.00
      0.3080         1.00
      0.3090         1.00
      0.3100         1.00
      0.3110         1.00
      0.3120         1.00
      0.3130         1.00
      0.3140         1.00
      0.3150         1.00
      0.3160         1.00
      0.3170         1.00
      0.3180         1.00
      0.3190         1.00
      0.3200         1.00
      0.3210         1.00
      0.3220         1.00
      0.3230         1.00
      0.3240         1.00
      0.3250         1.00
      0.3260         1.00
      0.3270         1.00
      0.3280         1.00
      0.3290         1.00
      0.3300         1.00
      0.3310         1.00
      0.3320         1.00
      0.3330         1.00
      0.3340         1.00
      0.3350         1.00
      0.3360         1.00
      0.3370         1.00
      0.3380         1.00
      0.3390         1.00
      0.3400         1.00
      0.3410         1.00
      0.3420         1.00
      0.3430         1.00
      0.3440         1.00
      0.3450         1.00
      0.3460         1.00
      0.3470         1.00
      0.3480         1.00
      0.3490         1.00
      0.3500         1.00
      0.3510         1.00
      0.3520         1.00
      0.3530         1.00
      0.3540         1.00
      0.3550         1.00
      0.3560         1.00
      0.3570         1.00
      0.3580         1.00
      0.3590         1.00
      0.3600         1.00
      0.3610         1.00
      0.3620         1.00
      0.3630         1.00
      0.3640         1.00
      0.3650         1.00
      0.3660         1.00
      0.3670         1.00
      0.3680         1.00
      0.3690         1.00
      0.3700         1.00
      0.3710         1.00
      0.3720         1.00
      0.3730         1.00
      0.3740         1.00
      0.3750         1.00
      0.3760         1.00
      0.3770         1.00
      0.3780         1.00
      0.3790         1.00
      0.3800         1.00
      0.3810         1.00
      0.3820         1.00
      0.3830         1.00
      0.3840         1.00
      0.3850         1.00
      0.3860         1.00
      0.3870         1.00
      0.3880         1.00
      0.3890         1.00
      0.3900         1.00
      0.3910         1.00
      0.3920         1.00
      0.3930         1.00
      0.3940         1.00
      0.3950         1.00
      0.3960         1.00
      0.3970         1.00
      0.3980         1.00
      0.3990         1.00
      0.4000         1.00
      0.4010         1.00
      0.4020         1.00
      0.4030         1.00
      0.4040         1.00
      0.4050         1.00
      0.4060         1.00
      0.4070         1.00
      0.4080         1.00
      0.4090         1.00
      0.4100         1.00
      0.4110         1.00
      0.4120         1.00
      0.4130         1.00
      0.4140         1.00
      0.4150         1.00
      0.4160         1.00
      0.4170         1.00
      0.4180         1.00
      0.4190         1.00
      0.4200         1.00
      0.4210         1.00
      0.4220         1.00
      0.4230         1.00
      0.4240         1.00
      0.4250         1.00
      0.4260         1.00
      0.4270         1.00
      0.4280         1.00
      0.4290         1.00
      0.4300         1.00
      0.4310         1.00
      0.4320         1.00
      0.4330         1.00
      0.4340         1.00
      0.4350         1.00
      0.4360         1.00
      0.4370         1.00
      0.4380         1.00
      0.4390         1.00
      0.4400         1.00
      0.4410         1.00
      0.4420         1.00
      0.4430         1.00
      0.4440         1.00
      0.4450         1.00
      0.4460         1.00
      0.4470         1.00
      0.4480         1.00
      0.4490         1.00
      0.4500         1.00
      0.4510         1.00
      0.4520         1.00
      0.4530         1.00
      0.4540         1.00
      0.4550         1.00
      0.4560         1.00
      0.4570         1.00
      0.4580         1.00
      0.4590         1.00
      0.4600         1.00
      0.4610         1.00
      0.4620         1.00
      0.4630         1.00
      0.4640         1.00
      0.4650         1.00
      0.4660         1.00
      0.4670         1.00
      0.4680         1.00
      0.4690         1.00
      0.4700         1.00
      0.4710         1.00
      0.4720         1.00
      0.4730         1.00
      0.4740         1.00
      0.4750         1.00
      0.4760         1.00
      0.4770         1.00
      0.4780         1.00
      0.4790         1.00
      0.4800         1.00
      0.4810         1.00
      0.4820         1.00
      0.4830         1.00
      0.4840         1.00
      0.4850         1.00
      0.4860         1.00
      0.4870         1.00
      0.4880         1.00
      0.4890         1.00
      0.4900         1.00
      0.4910         1.00
      0.4920         1.00
      0.4930         1.00
      0.4940         1.00
      0.4950         1.00
      0.4960         1.00
      0.4970         1.00
      0.4980         1.00
      0.4990         1.00
      0.5000         1.00
      0.5010         1.00
      0.5020         1.00
      0.5030         1.00
      0.5040         1.00
      0.5050         1.00
      0.5060         1.00
      0.5070         1.00
      0.5080         1.00
      0.5090         1.00
      0.5100         1.00
      0.5110         1.00
      0.5120         1.00
      0.5130         1.00
      0.5140         1.00
      0.5150         1.00
      0.5160         1.00
      0.5170         1.00
      0.5180         1.00
      0.5190         1.00
      0.5200         1.00
      0.5210         1.00
      0.5220         1.00
      0.5230         1.00
      0.5240         1.00
      0.5250         1.00
      0.5260         1.00
      0.5270         1.00
      0.5280         1.00
      0.5290         1.00
      0.5300         1.00
      0.5310         1.00
      0.5320         1.00
      0.5330         1.00
      0.5340         1.00
      0.5350         1.00
      0.5360         1.00
      0.5370         1.00
      0.5380         1.00
      0.5390         1.00
      0.5400         1.00
      0.5410         1.00
      0.5420         1.00
      0.5430         1.00
      0.5440         1.00
      0.5450         1.00
      0.5460         1.00
      0.5470         1.00
      0.5480         1.00
      0.5490         1.00
      0.5500         1.00
      0.5510         1.00
      0.5520         1.00
      0.5530         1.00
      0.5540         1.00
      0.5550         1.00
      0.5560         1.00
      0.5570         1.00
      0.5580         1.00
      0.5590         1.00
      0.5600         1.00
      0.5610         1.00
      0.5620         1.00
      0.5630         1.00
      0.5640         1.00
      0.5650         1.00
      0.5660         1.00
      0.5670         1.00
      0.5680         1.00
      0.5690         1.00
      0.5700         1.00
      0.5710         1.00
      0.5720         1.00
      0.5730         1.00
      0.5740         1.00
      0.5750         1.00
      0.5760         1.00
      0.5770         1.00
      0.5780         1.00
      0.5790         1.00
      0.5800         1.00
      0.5810         1.00
      0.5820         1.00
      0.5830         1.00
      0.5840         1.00
      0.5850         1.00
      0.5860         1.00
      0.5870         1.00
      0.5880         1.00
      0.5890         1.00
      0.5900         1.00
      0.5910         1.00
      0.5920         1.00
      0.5930         1.00
      0.5940         1.00
      0.5950         1.00
      0.5960         1.00
      0.5970         1.00
      0.5980         1.00
      0.5990         1.00
      0.6000         1.00
      0.6010         1.00
      0.6020         1.00
      0.6030         1.00
      0.6040         1.00
      0.6050         1.00
      0.6060         1.00
      0.6070         1.00
      0.6080         1.00
      0.6090         1.00
      0.6100         1.00
      0.6110         1.00
      0.6120         1.00
      0.6130         1.00
      0.6140         1.00
      0.6150         1.00
      0.6160         1.00
      0.6170         1.00
      0.6180         1.00
      0.6190         1.00
      0.6200         1.00
      0.6210         1.00
      0.6220         1.00
      0.6230         1.00
      0.6240         1.00
      0.6250         1.00
      0.6260         1.00
      0.6270         1.00
      0.6280         1.00
      0.6290         1.00
      0.6300         1.00
      0.6310         1.00
      0.6320         1.00
      0.6330         1.00
      0.6340         1.00
      0.6350         1.00
      0.6360         1.00
      0.6370         1.00
      0.6380         1.00
      0.6390         1.00
      0.6400         1.00
      0.6410         1.00
      0.6420         1.00
      0.6430         1.00
      0.6440         1.00
      0.6450         1.00
      0.6460         1.00
      0.6470         1.00
      0.6480         1.00
      0.6490         1.00
      0.6500         1.00
      0.6510         1.00
      0.6520         1.00
      0.6530         1.00
      0.6540         1.00
      0.6550         1.00
      0.6560         1.00
      0.6570         1.00
      0.6580         1.00
      0.6590         1.00
      0.6600         1.00
      0.6610         1.00
      0.6620         1.00
      0.6630         1.00
      0.6640         1.00
      0.6650         1.00
      0.6660         1.00
      0.6670         1.00
      0.6680         1.00
      0.6690         1.00
      0.6700         1.00
      0.6710         1.00
      0.6720         1.00
      0.6730         1.00
      0.6740         1.00
      0.6750         1.00
      0.6760         1.00
      0.6770         1.00
      0.6780         1.00
      0.6790         1.00
      0.6800         1.00
      0.6810         1.00
      0.6820         1.00
      0.6830         1.00
      0.6840         1.00
      0.6850         1.00
      0.6860         1.00
      0.6870         1.00
      0.6880         1.00
      0.6890         1.00
      0.6900         1.00
      0.6910         1.00
      0.6920         1.00
      0.6930         1.00
      0.6940         1.00
      0.6950         1.00
      0.6960         1.00
      0.6970         1.00
      0.6980         1.00
      0.6990         1.00
      0.7000         1.00
      0.7010         1.00
      0.7020         1.00
      0.7030         1.00
      0.7040         1.00
      0.7050         1.00
      0.7060         1.00
      0.7070         1.00
      0.7080         1.00
      0.7090         1.00
      0.7100         1.00
      0.7110         1.00
      0.7120         1.00
      0.7130         1.00
      0.7140         1.00
      0.7150         1.00
      0.7160         1.00
      0.7170         1.00
      0.7180         1.00
      0.7190         1.00
      0.7200         1.00
      0.7210         1.00
      0.7220         1.00
      0.7230         1.00
      0.7240         1.00
      0.7250         1.00
      0.7260         1.00
      0.7270         1.00
      0.7280         1.00
      0.7290         1.00
      0.7300         1.00
      0.7310         1.00
      0.7320         1.00
      0.7330         1.00
      0.7340         1.00
      0.7350         1.00
      0.7360         1.00
      0.7370         1.00
      0.7380         1.00
      0.7390         1.00
      0.7400         1.00
      0.7410         1.00
      0.7420         1.00
      0.7430         1.00
      0.7440         1.00
      0.7450         1.00
      0.7460         1.00
      0.7470         1.00
      0.7480         1.00
      0.7490         1.00
      0.7500         1.00
      0.7510         1.00
      0.7520         1.00
      0.7530         1.00
      0.7540         1.00
      0.7550         1.00
      0.7560         1.00
      0.7570         1.00
      0.7580         1.00
      0.7590         1.00
      0.7600         1.00
      0.7610         1.00
      0.7620         1.00
      0.7630         1.00
      0.7640         1.00
      0.7650         1.00
      0.7660         1.00
      0.7670         1.00
      0.7680         1.00
      0.7690         1.00
      0.7700         1.00
      0.7710         1.00
      0.7720         1.00
      0.7730         1.00
      0.7740         1.00
      0.7750         1.00
      0.7760         1.00
      0.7770         1.00
      0.7780         1.00
      0.7790         1.00
      0.7800         1.00
      0.7810         1.00
      0.7820         1.00
      0.7830         1.00
      0.7840         1.00
      0.7850         1.00
      0.7860         1.00
      0.7870         1.00
      0.7880         1.00
      0.7890         1.00
      0.7900         1.00
      0.7910         1.00
      0.7920         1.00
      0.7930         1.00
      0.7940         1.00
      0.7950         1.00
      0.7960         1.00
      0.7970         1.00
      0.7980         1.00
      0.7990         1.00
      0.8000         1.00
      0.8010         1.00
      0.8020         1.00
      0.8030         1.00
      0.8040         1.00
      0.8050         1.00
      0.8060         1.00
      0.8070         1.00
      0.8080         1.00
      0.8090         1.00
      0.8100         1.00
      0.8110         1.00
      0.8120         1.00
      0.8130         1.00
      0.8140         1.00
      0.8150         1.00
      0.8160         1.00
      0.8170         1.00
      0.8180         1.00
      0.8190         1.00
      0.8200         1.00
      0.8210         1.00
      0.8220         1.00
      0.8230         1.00
      0.8240         1.00
      0.8250         1.00
      0.8260         1.00
      0.8270         1.00
      0.8280         1.00
      0.8290         1.00
      0.8300         1.00
      0.8310         1.00
      0.8320         1.00
      0.8330         1.00
      0.8340         1.00
      0.8350         1.00
      0.8360         1.00
      0.8370         1.00
      0.8380         1.00
      0.8390         1.00
      0.8400         1.00
      0.8410         1.00
      0.8420         1.00
      0.8430         1.00
      0.8440         1.00
      0.8450         1.00
      0.8460         1.00
      0.8470         1.00
      0.8480         1.00
      0.8490         1.00
      0.8500         1.00
      0.8510         1.00
      0.8520         1.00
      0.8530         1.00
      0.8540         1.00
      0.8550         1.00
      0.8560         1.00
      0.8570         1.00
      0.8580         1.00
      0.8590         1.00
      0.8600         1.00
      0.8610         1.00
      0.8620         1.00
      0.8630         1.00
      0.8640         1.00
      0.8650         1.00
      0.8660         1.00
      0.8670         1.00
      0.8680         1.00
      0.8690         1.00
      0.8700         1.00
      0.8710         1.00
      0.8720         1.00
      0.8730         1.00
      0.8740         1.00
      0.8750         1.00
      0.8760         1.00
      0.8770         1.00
      0.8780         1.00
      0.8790         1.00
      0.8800         1.00
      0.8810         1.00
      0.8820         1.00
      0.8830         1.00
      0.8840         1.00
      0.8850         1.00
      0.8860         1.00
      0.8870         1.00
      0.8880         1.00
      0.8890         1.00
      0.8900         1.00
      0.8910         1.00
      0.8920         1.00
      0.8930         1.00
      0.8940         1.00
      0.8950         1.00
      0.8960         1.00
      0.8970         1.00
      0.8980         1.00
      0.8990         1.00
      0.9000         1.00
      0.9010         1.00
      0.9020         1.00
      0.9030         1.00
      0.9040         1.00
      0.9050         1.00
      0.9060         1.00
      0.9070         1.00
      0.9080         1.00
      0.9090         1.00
      0.9100         1.00
      0.9110         1.00
      0.9120         1.00
      0.9130         1.00
      0.9140         1.00
      0.9150         1.00
      0.9160         1.00
      0.9170         1.00
      0.9180         1.00
      0.9190         1.00
      0.9200         1.00
      0.9210         1.00
      0.9220         1.00
      0.9230         1.00
      0.9240         1.00
      0.9250         1.00
      0.9260         1.00
      0.9270         1.00
      0.9280         1.00
      0.9290         1.00
      0.9300         1.00
      0.9310         1.00
      0.9320         1.00
      0.9330         1.00
      0.9340         1.00
      0.9350         1.00
      0.9360         1.00
      0.9370         1.00
      0.9380         1.00
      0.9390         1.00
      0.9400         1.00
      0.9410         1.00
      0.9420         1.00
      0.9430         1.00
      0.9440         1.00
      0.9450         1.00
      0.9460         1.00
      0.9470         1.00
      0.9480         1.00
      0.9490         1.00
      0.9500         1.00
      0.9510         1.00
      0.9520         1.00
      0.9530         1.00
      0.9540         1.19
      0.9550         1.00
      0.9560         1.14
      0.9570         1.00
      0.9580         1.00
      0.9590         1.16
      0.9600         1.11
      0.9610         1.15
      0.9620         1.15
      0.9630         1.20
      0.9640         1.19
      0.9650         1.00
      0.9660         1.00
      0.9670         1.00
      0.9680         1.00
      0.9690         1.31
      0.9700         1.00
      0.9710         1.00
      0.9720         1.00
      0.9730         1.00
      0.9740         1.00
      0.9750         1.35
      0.9760         1.35
      0.9770         1.35
      0.9780         1.00
      0.9790         1.31
      0.9800         1.00
      0.9810         1.00
      0.9820         1.00
      0.9830         1.34
      0.9840         1.30
      0.9850         1.30
      0.9860         1.34
      0.9870         1.87
      0.9880         1.96
      0.9890         2.02
      0.9900         2.03
      0.9910         2.10
      0.9920         2.03
      0.9930         2.11
      0.9940         2.15
      0.9950         2.16
      0.9960         2.11
      0.9970         2.14
      0.9980         2.22
      0.9990         2.24
      1.0000         2.28
      1.0010         2.23
      1.0020         2.22
      1.0030         2.28
      1.0040         2.39
      1.0050         2.42
      1.0060         2.50
      1.0070         2.50
      1.0080         2.48
      1.0090         1.97
      1.0100         2.55
      1.0110         2.54
      1.0120         2.64
      1.0130         2.70
      1.0140         2.70
      1.0150         2.74
      1.0160         2.75
      1.0170         2.77
      1.0180         2.86
      1.0190         2.87
      1.0200         2.87
      1.0210         2.93
      1.0220         2.96
      1.0230         2.97
      1.0240         2.93
      1.0250         3.06
      1.0260         3.05
      1.0270         3.06
      1.0280         3.08
      1.0290         3.20
      1.0300         3.18
      1.0310         3.25
      1.0320         3.32
      1.0330         3.77
      1.0340         3.82
      1.0350         3.89
      1.0360         4.04
      1.0370         4.10
      1.0380         4.06
      1.0390         4.02
      1.0400         4.06
      1.0410         4.13
      1.0420         4.20
      1.0430         4.28
      1.0440         4.31
      1.0450         4.28
      1.0460         4.24
      1.0470         4.28
      1.0480         4.31
      1.0490         4.24
      1.0500         4.31
      1.0510         4.31
      1.0520         4.28
      1.0530         4.36
      1.0540         4.32
      1.0550         4.31
      1.0560         4.43
      1.0570         4.51
      1.0580         4.60
      1.0590         4.77
      1.0600         4.89
      1.0610         4.93
      1.0620         4.95
      1.0630         5.05
      1.0640         5.20
      1.0650         5.21
      1.0660         5.37
      1.0670         5.39
      1.0680         5.51
      1.0690         5.74
      1.0700         5.66
      1.0710         5.75
      1.0720         5.84
      1.0730         5.86
      1.0740         5.97
      1.0750         6.04
      1.0760         6.00
      1.0770         5.85
      1.0780         5.88
      1.0790         5.81
      1.0800         5.80
      1.0810         5.86
      1.0820         5.93
      1.0830         5.91
      1.0840         5.85
      1.0850         5.96
      1.0860         5.96
      1.0870         6.12
      1.0880         6.16
      1.0890         6.10
      1.0900         6.17
      1.0910         6.27
      1.0920         6.25
      1.0930         6.41
      1.0940         6.45
      1.0950         6.41
      1.0960         6.48
      1.0970         6.60
      1.0980         6.62
      1.0990         6.68
      1.1000         6.68
      1.1010         6.65
      1.1020         6.69
      1.1030         6.72
      1.1040         6.75
      1.1050         6.70
      1.1060         6.72
      1.1070         6.63
      1.1080         6.66
      1.1090         6.59
      1.1100         6.68
      1.1110         6.58
      1.1120         6.62
      1.1130         6.58
      1.1140         6.58
      1.1150         6.62
      1.1160         6.62
      1.1170         6.71
      1.1180         6.79
      1.1190         6.81
      1.1200         6.89
      1.1210         6.99
      1.1220         7.05
      1.1230         7.07
      1.1240         7.23
      1.1250         7.23
      1.1260         7.27
      1.1270         7.35
      1.1280         7.36
      1.1290         7.42
      1.1300         7.43
      1.1310         7.49
      1.1320         7.49
      1.1330         7.47
      1.1340         7.51
      1.1350         7.57
      1.1360         7.62
      1.1370         7.66
      1.1380         7.66
      1.1390         7.76
      1.1400         7.80
      1.1410         7.76
      1.1420         7.70
      1.1430         7.78
      1.1440         7.80
      1.1450         7.82
      1.1460         7.89
      1.1470         7.89
      1.1480         7.93
      1.1490         8.03
      1.1500         8.03
      1.1510         8.03
      1.1520         8.09
      1.1530         8.11
      1.1540         8.17
      1.1550         8.18
      1.1560         8.19
      1.1570         8.03
      1.1580         8.07
      1.1590         8.10
      1.1600         8.10
      1.1610         8.14
      1.1620         8.25
      1.1630         8.24
      1.1640         8.17
      1.1650         8.24
      1.1660         8.20
      1.1670         8.15
      1.1680         8.30
      1.1690         8.30
      1.1700         8.36
      1.1710         8.40
      1.1720         8.39
      1.1730         8.44
      1.1740         8.46
      1.1750         8.54
      1.1760         8.52
      1.1770         8.74
      1.1780         8.75
      1.1790         8.75
      1.1800         8.79
      1.1810         8.90
      1.1820         8.96
      1.1830         8.98
      1.1840         9.03
      1.1850         8.96
      1.1860         8.98
      1.1870         9.04
      1.1880         8.90
      1.1890         9.02
      1.1900         9.10
      1.1910         9.18
      1.1920         9.26
      1.1930         9.27
      1.1940         9.27
      1.1950         9.22
      1.1960         9.29
      1.1970         9.21
      1.1980         9.21
      1.1990         9.18
      1.2000         9.17
      1.2010         9.13
      1.2020         9.09
      1.2030         9.19
      1.2040         9.19
      1.2050         9.27
      1.2060         9.34
      1.2070         9.42
      1.2080         9.51
      1.2090         9.44
      1.2100         9.32
      1.2110         9.41
      1.2120         9.43
      1.2130         9.50
      1.2140         9.48
      1.2150         9.62
      1.2160         9.63
      1.2170         9.59
      1.2180         9.61
      1.2190         9.72
      1.2200         9.76
      1.2210         9.78
      1.2220         9.73
      1.2230         9.60
      1.2240         9.62
      1.2250         9.72
      1.2260         9.69
      1.2270         9.67
      1.2280         9.60
      1.2290         9.64
      1.2300         9.72
      1.2310         9.77
      1.2320         9.88
      1.2330         9.86
      1.2340         9.97
      1.2350        10.01
      1.2360        10.05
      1.2370        10.25
      1.2380        10.26
      1.2390        10.36
      1.2400        10.45
      1.2410        10.57
      1.2420        10.60
      1.2430        10.71
      1.2440        10.72
      1.2450        10.92
      1.2460        10.85
      1.2470        10.84
      1.2480        10.90
      1.2490        10.82
      1.2500        10.87
      1.2510        10.78
      1.2520        10.74
      1.2530        10.76
      1.2540        10.64
      1.2550        10.62
      1.2560        10.54
      1.2570        10.54
      1.2580        10.56
      1.2590        10.52
      1.2600        10.59
      1.2610        10.55
      1.2620        10.54
      1.2630        10.48
      1.2640        10.57
      1.2650        10.35
      1.2660        10.53
      1.2670        10.59
      1.2680        10.64
      1.2690        10.72
      1.2700        10.73
      1.2710        10.79
      1.2720        10.74
      1.2730        10.72
      1.2740        10.79
      1.2750        10.75
      1.2760        10.81
      1.2770        10.76
      1.2780        10.75
      1.2790        10.79
      1.2800        10.76
      1.2810        10.78
      1.2820        10.88
      1.2830        11.02
      1.2840        11.01
      1.2850        11.10
      1.2860        11.02
      1.2870        11.15
      1.2880        11.10
      1.2890        11.09
      1.2900        11.06
      1.2910        11.08
      1.2920        11.15
      1.2930        11.23
      1.2940        11.31
      1.2950        11.34
      1.2960        11.44
      1.2970        11.54
      1.2980        11.52
      1.2990        11.55
      1.3000        11.48
      1.3010        11.35
      1.3020        11.31
      1.3030        11.24
      1.3040        11.12
      1.3050        11.03
      1.3060        10.95
      1.3070        10.94
      1.3080        10.92
      1.3090        10.87
      1.3100        10.87
      1.3110        10.86
      1.3120        10.81
      1.3130        10.67
      1.3140        10.65
      1.3150        10.74
      1.3160        10.69
      1.3170        10.71
      1.3180        10.77
      1.3190        10.71
      1.3200        10.77
      1.3210        10.90
      1.3220        10.97
      1.3230        11.03
      1.3240        11.13
      1.3250        11.17
      1.3260        11.31
      1.3270        11.26
      1.3280        11.40
      1.3290        11.47
      1.3300        11.50
      1.3310        11.57
      1.3320        11.55
      1.3330        11.68
      1.3340        11.73
      1.3350        11.68
      1.3360        11.72
      1.3370        11.65
      1.3380        11.64
      1.3390        11.72
      1.3400        11.54
      1.3410        11.57
      1.3420        11.53
      1.3430        11.41
      1.3440        11.49
      1.3450        11.55
      1.3460        11.54
      1.3470        11.51
      1.3480        11.41
      1.3490        11.50
      1.3500        11.56
      1.3510        11.56
      1.3520        11.61
      1.3530        11.60
      1.3540        11.57
      1.3550        11.68
      1.3560        11.64
      1.3570        11.67
      1.3580        11.80
      1.3590        11.77
      1.3600        11.96
      1.3610        11.96
      1.3620        11.95
      1.3630        12.17
      1.3640        12.20
      1.3650        12.08
      1.3660        12.08
      1.3670        12.05
      1.3680        12.08
      1.3690        12.01
      1.3700        11.97
      1.3710        11.92
      1.3720        11.96
      1.3730        11.93
      1.3740        11.84
      1.3750        11.82
      1.3760        11.82
      1.3770        11.84
      1.3780        11.78
      1.3790        11.69
      1.3800        11.61
      1.3810        11.55
      1.3820        11.59
      1.3830        11.47
      1.3840        11.44
      1.3850        11.64
      1.3860        11.63
      1.3870        11.64
      1.3880        11.63
      1.3890        11.64
      1.3900        11.60
      1.3910        11.65
      1.3920        11.66
      1.3930        11.69
      1.3940        11.77
      1.3950        11.73
      1.3960        11.69
      1.3970        11.72
      1.3980        11.78
      1.3990        11.77
      1.4000        11.80
      1.4010        11.77
      1.4020        11.76
      1.4030        11.80
      1.4040        11.73
      1.4050        11.69
      1.4060        11.81
      1.4070        11.88
      1.4080        11.97
      1.4090        11.98
      1.4100        12.02
      1.4110        12.01
      1.4120        12.03
      1.4130        12.15
      1.4140        12.21
      1.4150        12.14
      1.4160        12.20
      1.4170        12.14
      1.4180        12.05
      1.4190        12.14
      1.4200        12.20
      1.4210        12.24
      1.4220        12.20
      1.4230        12.21
      1.4240        12.19
      1.4250        12.08
      1.4260        12.03
      1.4270        11.99
      1.4280        11.93
      1.4290        11.93
      1.4300        11.92
      1.4310        11.88
      1.4320        11.93
      1.4330        11.86
      1.4340        11.81
      1.4350        11.88
      1.4360        11.97
      1.4370        12.01
      1.4380        12.09
      1.4390        12.03
      1.4400        11.94
      1.4410        12.01
      1.4420        12.11
      1.4430        12.09
      1.4440        12.13
      1.4450        12.21
      1.4460        12.14
      1.4470        12.22
      1.4480        12.21
      1.4490        12.19
      1.4500        12.18
      1.4510        12.21
      1.4520        12.16
      1.4530        12.05
      1.4540        12.10
      1.4550        12.01
      1.4560        11.92
      1.4570        11.86
      1.4580        11.88
      1.4590        11.88
      1.4600        12.01
      1.4610        12.01
      1.4620        11.98
      1.4630        11.98
      1.4640        12.02
      1.4650        12.05
      1.4660        12.09
      1.4670        12.08
      1.4680        12.12
      1.4690        12.08
      1.4700        12.13
      1.4710        12.02
      1.4720        11.91
      1.4730        11.94
      1.4740        11.95
      1.4750        11.95
      1.4760        11.99
      1.4770        11.98
      1.4780        11.87
      1.4790        11.93
      1.4800        11.91
      1.4810        11.91
      1.4820        11.86
      1.4830        11.82
      1.4840        11.80
      1.4850        11.69
      1.4860        11.70
      1.4870        11.75
      1.4880        11.71
      1.4890        11.71
      1.4900        11.69
      1.4910        11.85
      1.4920        11.88
      1.4930        11.93
      1.4940        11.84
      1.4950        11.89
      1.4960        11.88
      1.4970        12.01
      1.4980        12.00
      1.4990        11.96
      1.5000        11.94
      1.5010        11.88
      1.5020        11.94
      1.5030        11.93
      1.5040        11.94
      1.5050        12.04
      1.5060        12.05
      1.5070        11.97
      1.5080        11.96
      1.5090        12.04
      1.5100        12.01
      1.5110        11.88
      1.5120        11.92
      1.5130        11.98
      1.5140        12.01
      1.5150        12.01
      1.5160        11.94
      1.5170        11.82
      1.5180        11.89
      1.5190        11.92
      1.5200        12.00
      1.5210        12.02
      1.5220        12.00
      1.5230        12.12
      1.5240        12.19
      1.5250        12.13
      1.5260        12.10
      1.5270        12.14
      1.5280        12.19
      1.5290        12.19
      1.5300        12.22
      1.5310        12.25
      1.5320        12.34
      1.5330        12.30
      1.5340        12.30
      1.5350        12.35
      1.5360        12.43
      1.5370        12.43
      1.5380        12.44
      1.5390        12.44
      1.5400        12.26
      1.5410        12.17
      1.5420        12.10
      1.5430        12.08
      1.5440        12.09
      1.5450        12.16
      1.5460        12.13
      1.5470        12.07
      1.5480        12.05
      1.5490        12.00
      1.5500        11.94
      1.5510        11.90
      1.5520        11.77
      1.5530        11.78
      1.5540        11.82
      1.5550        11.81
      1.5560        11.81
      1.5570        11.88
      1.5580        11.79
      1.5590        11.73
      1.5600        11.73
      1.5610        11.75
      1.5620        11.89
      1.5630        11.84
      1.5640        11.73
      1.5650        11.70
      1.5660        11.75
      1.5670        11.86
      1.5680        11.78
      1.5690        11.76
      1.5700        11.77
      1.5710        11.91
      1.5720        11.97
      1.5730        12.04
      1.5740        12.04
      1.5750        12.03
      1.5760        11.97
      1.5770        11.95
      1.5780        12.01
      1.5790        12.12
      1.5800        12.23
      1.5810        12.31
      1.5820        12.25
      1.5830        12.22
      1.5840        12.21
      1.5850        12.16
      1.5860        12.10
      1.5870        12.08
      1.5880        12.18
      1.5890        12.20
      1.5900        12.28
      1.5910        12.18
      1.5920        12.21
      1.5930        12.13
      1.5940        12.10
      1.5950        12.09
      1.5960        12.09
      1.5970        12.08
      1.5980        12.02
      1.5990        11.90
      1.6000        11.88
      1.6010        11.83
      1.6020        11.77
      1.6030        11.87
      1.6040        11.92
      1.6050        11.89
      1.6060        11.89
      1.6070        11.84
      1.6080        11.84
      1.6090        11.93
      1.6100        11.92
      1.6110        12.01
      1.6120        11.97
      1.6130        12.05
      1.6140        12.10
      1.6150        12.25
      1.6160        12.28
      1.6170        12.32
      1.6180        12.34
      1.6190        12.33
      1.6200        12.34
      1.6210        12.38
      1.6220        12.44
      1.6230        12.29
      1.6240        12.27
      1.6250        12.23
      1.6260        12.29
      1.6270        12.28
      1.6280        12.27
      1.6290        12.25
      1.6300        12.24
      1.6310        12.18
      1.6320        12.19
      1.6330        12.11
      1.6340        12.11
      1.6350        12.00
      1.6360        11.99
      1.6370        12.03
      1.6380        12.06
      1.6390        12.17
      1.6400        12.12
      1.6410        12.19
      1.6420        12.19
      1.6430        12.23
      1.6440        12.24
      1.6450        12.31
      1.6460        12.26
      1.6470        12.31
      1.6480        12.20
      1.6490        12.32
      1.6500        12.26
      1.6510        12.25
      1.6520        12.26
      1.6530        12.26
      1.6540        12.22
      1.6550        12.20
      1.6560        12.20
      1.6570        12.13
      1.6580        12.12
      1.6590        12.11
      1.6600        12.15
      1.6610        12.00
      1.6620        11.96
      1.6630        12.03
      1.6640        12.07
      1.6650        12.09
      1.6660        12.09
      1.6670        12.12
      1.6680        12.21
      1.6690        12.01
      1.6700        11.92
      1.6710        12.04
      1.6720        12.03
      1.6730        12.04
      1.6740        11.98
      1.6750        12.02
      1.6760        12.00
      1.6770        11.98
      1.6780        11.97
      1.6790        11.98
      1.6800        11.98
      1.6810        12.04
      1.6820        12.16
      1.6830        12.12
      1.6840        12.07
      1.6850        12.03
      1.6860        12.08
      1.6870        12.08
      1.6880        12.07
      1.6890        12.08
      1.6900        12.26
      1.6910        12.13
      1.6920        12.12
      1.6930        12.13
      1.6940        12.28
      1.6950        12.29
      1.6960        12.39
      1.6970        12.41
      1.6980        12.48
      1.6990        12.48
      1.7000        12.45
      1.7010        12.46
      1.7020        12.36
      1.7030        12.40
      1.7040        12.49
      1.7050        12.62
      1.7060        12.64
      1.7070        12.65
      1.7080        12.69
      1.7090        12.70
      1.7100        12.58
      1.7110        12.64
      1.7120        12.60
      1.7130        12.52
      1.7140        12.51
      1.7150        12.41
      1.7160        12.32
      1.7170        12.25
      1.7180        12.21
      1.7190        12.20
      1.7200        12.23
      1.7210        12.24
      1.7220        12.24
      1.7230        12.20
      1.7240        12.11
      1.7250        12.04
      1.7260        11.97
      1.7270        12.00
      1.7280        12.09
      1.7290        12.21
      1.7300        12.29
      1.7310        12.32
      1.7320        12.43
      1.7330        12.56
      1.7340        12.52
      1.7350        12.68
      1.7360        12.71
      1.7370        12.76
      1.7380        12.79
      1.7390        12.77
      1.7400        12.84
      1.7410        12.81
      1.7420        12.86
      1.7430        12.87
      1.7440        12.76
      1.7450        12.80
      1.7460        12.82
      1.7470        12.82
      1.7480        12.74
      1.7490        12.68
      1.7500        12.67
      1.7510        12.66
      1.7520        12.64
      1.7530        12.60
      1.7540        12.66
      1.7550        12.53
      1.7560        12.51
      1.7570        12.52
      1.7580        12.55
      1.7590        12.56
      1.7600        12.52
      1.7610        12.57
      1.7620        12.59
      1.7630        12.59
      1.7640        12.66
      1.7650        12.72
      1.7660        12.77
      1.7670        12.71
      1.7680        12.79
      1.7690        12.77
      1.7700        12.80
      1.7710        12.87
      1.7720        12.83
      1.7730        12.78
      1.7740        12.68
      1.7750        12.72
      1.7760        12.79
      1.7770        12.79
      1.7780        12.78
      1.7790        12.82
      1.7800        12.83
      1.7810        12.94
      1.7820        12.90
      1.7830        12.99
      1.7840        13.02
      1.7850        12.95
      1.7860        12.86
      1.7870        12.92
      1.7880        12.75
      1.7890        12.68
      1.7900        12.75
      1.7910        12.65
      1.7920        12.73
      1.7930        12.84
      1.7940        12.88
      1.7950        12.87
      1.7960        12.87
      1.7970        12.88
      1.7980        12.87
      1.7990        12.88
      1.8000        12.85
      1.8010        12.78
      1.8020        12.79
      1.8030        12.79
      1.8040        12.78
      1.8050        12.80
      1.8060        12.85
      1.8070        12.79
      1.8080        12.92
      1.8090        13.00
      1.8100        13.00
      1.8110        13.07
      1.8120        12.99
      1.8130        12.98
      1.8140        12.95
      1.8150        13.02
      1.8160        13.03
      1.8170        13.07
      1.8180        13.02
      1.8190        13.02
      1.8200        13.04
      1.8210        13.10
      1.8220        13.11
      1.8230        13.03
      1.8240        13.17
      1.8250        13.15
      1.8260        13.20
      1.8270        13.22
      1.8280        13.13
      1.8290        13.07
      1.8300        13.09
      1.8310        13.10
      1.8320        13.14
      1.8330        13.11
      1.8340        13.08
      1.8350        13.07
      1.8360        13.03
      1.8370        13.06
      1.8380        13.22
      1.8390        13.23
      1.8400        13.31
      1.8410        13.18
      1.8420        13.26
      1.8430        13.29
      1.8440        13.26
      1.8450        13.25
      1.8460        13.18
      1.8470        13.19
      1.8480        13.33
      1.8490        13.35
      1.8500        13.29
      1.8510        13.22
      1.8520        13.29
      1.8530        13.23
      1.8540        13.30
      1.8550        13.32
      1.8560        13.32
      1.8570        13.25
      1.8580        13.20
      1.8590        13.12
      1.8600        12.98
      1.8610        13.01
      1.8620        12.97
      1.8630        13.00
      1.8640        13.04
      1.8650        13.04
      1.8660        13.13
      1.8670        13.17
      1.8680        13.13
      1.8690        13.21
      1.8700        13.23
      1.8710        13.31
      1.8720        13.23
      1.8730        13.23
      1.8740        13.34
      1.8750        13.43
      1.8760        13.56
      1.8770        13.67
      1.8780        13.68
      1.8790        13.76
      1.8800        13.86
      1.8810        14.05
      1.8820        14.11
      1.8830        14.13
      1.8840        14.00
      1.8850        14.01
      1.8860        13.92
      1.8870        13.90
      1.8880        13.90
      1.8890        13.81
      1.8900        13.81
      1.8910        13.82
      1.8920        13.88
      1.8930        14.01
      1.8940        13.93
      1.8950        13.82
      1.8960        13.78
      1.8970        13.78
      1.8980        13.76
      1.8990        13.80
      1.9000        13.84
      1.9010        13.82
      1.9020        13.82
      1.9030        13.90
      1.9040        14.02
      1.9050        14.13
      1.9060        14.15
      1.9070        14.23
      1.9080        14.34
      1.9090        14.45
      1.9100        14.47
      1.9110        14.49
      1.9120        14.50
      1.9130        14.50
      1.9140        14.57
      1.9150        14.57
      1.9160        14.61
      1.9170        14.56
      1.9180        14.64
      1.9190        14.55
      1.9200        14.56
      1.9210        14.47
      1.9220        14.45
      1.9230        14.39
      1.9240        14.42
      1.9250        14.40
      1.9260        14.52
      1.9270        14.54
      1.9280        14.50
      1.9290        14.58
      1.9300        14.63
      1.9310        14.58
      1.9320        14.62
      1.9330        14.61
      1.9340        14.63
      1.9350        14.65
      1.9360        14.65
      1.9370        14.72
      1.9380        14.65
      1.9390        14.72
      1.9400        14.68
      1.9410        14.72
      1.9420        14.68
      1.9430        14.72
      1.9440        14.70
      1.9450        14.71
      1.9460        14.69
      1.9470        14.72
      1.9480        14.60
      1.9490        14.47
      1.9500        14.47
      1.9510        14.50
      1.9520        14.52
      1.9530        14.51
      1.9540        14.47
      1.9550        14.49
      1.9560        14.47
      1.9570        14.48
      1.9580        14.55
      1.9590        14.59
      1.9600        14.59
      1.9610        14.64
      1.9620        14.75
      1.9630        14.69
      1.9640        14.69
      1.9650        14.76
      1.9660        14.81
      1.9670        14.74
      1.9680        14.86
      1.9690        14.90
      1.9700        14.90
      1.9710        14.93
      1.9720        14.85
      1.9730        14.87
      1.9740        14.94
      1.9750        14.99
      1.9760        14.98
      1.9770        14.94
      1.9780        14.90
      1.9790        14.87
      1.9800        14.93
      1.9810        14.91
      1.9820        14.86
      1.9830        14.89
      1.9840        14.90
      1.9850        14.80
      1.9860        14.70
      1.9870        14.72
      1.9880        14.69
      1.9890        14.76
      1.9900        14.72
      1.9910        14.64
      1.9920        14.62
      1.9930        14.62
      1.9940        14.54
      1.9950        14.51
      1.9960        14.50
      1.9970        14.50
      1.9980        14.49
      1.9990        14.53
      2.0000        14.54
      2.0010        14.43
      2.0020        14.50
      2.0030        14.46
      2.0040        14.40
      2.0050        14.40
      2.0060        14.32
      2.0070        14.30
      2.0080        14.22
      2.0090        14.12
      2.0100        14.14
      2.0110        14.24
      2.0120        14.23
      2.0130        14.14
      2.0140        14.14
      2.0150        14.13
      2.0160        14.14
      2.0170        14.18
      2.0180        14.23
      2.0190        14.26
      2.0200        14.23
      2.0210        14.35
      2.0220        14.18
      2.0230        14.25
      2.0240        14.31
      2.0250        14.37
      2.0260        14.45
      2.0270        14.38
      2.0280        14.45
      2.0290        14.50
      2.0300        14.44
      2.0310        14.35
      2.0320        14.41
      2.0330        14.51
      2.0340        14.49
      2.0350        14.44
      2.0360        14.45
      2.0370        14.37
      2.0380        14.29
      2.0390        14.17
      2.0400        14.19
      2.0410        14.11
      2.0420        14.19
      2.0430        14.17
      2.0440        14.17
      2.0450        14.07
      2.0460        14.11
      2.0470        14.16
      2.0480        14.12
      2.0490        14.20
      2.0500        14.27
      2.0510        14.32
      2.0520        14.27
      2.0530        14.21
      2.0540        14.25
      2.0550        14.33
      2.0560        14.33
      2.0570        14.23
      2.0580        14.28
      2.0590        14.40
      2.0600        14.42
      2.0610        14.36
      2.0620        14.46
      2.0630        14.47
      2.0640        14.42
      2.0650        14.49
      2.0660        14.43
      2.0670        14.44
      2.0680        14.53
      2.0690        14.44
      2.0700        14.47
      2.0710        14.43
      2.0720        14.45
      2.0730        14.57
      2.0740        14.58
      2.0750        14.49
      2.0760        14.48
      2.0770        14.48
      2.0780        14.54
      2.0790        14.60
      2.0800        14.56
      2.0810        14.65
      2.0820        14.68
      2.0830        14.72
      2.0840        14.74
      2.0850        14.82
      2.0860        14.87
      2.0870        14.87
      2.0880        14.91
      2.0890        14.87
      2.0900        14.83
      2.0910        14.92
      2.0920        14.94
      2.0930        14.94
      2.0940        14.98
      2.0950        15.00
      2.0960        15.04
      2.0970        15.15
      2.0980        15.13
      2.0990        14.99
      2.1000        15.09
      2.1010        15.10
      2.1020        15.03
      2.1030        15.04
      2.1040        15.10
      2.1050        15.00
      2.1060        15.07
      2.1070        15.07
      2.1080        15.03
      2.1090        15.13
      2.1100        15.24
      2.1110        15.23
      2.1120        15.19
      2.1130        15.14
      2.1140        15.18
      2.1150        15.24
      2.1160        15.26
      2.1170        15.30
      2.1180        15.18
      2.1190        15.26
      2.1200        15.19
      2.1210        15.19
      2.1220        15.15
      2.1230        15.13
      2.1240        15.10
      2.1250        15.11
      2.1260        15.09
      2.1270        15.19
      2.1280        15.19
      2.1290        15.21
      2.1300        15.13
      2.1310        15.11
      2.1320        15.22
      2.1330        15.20
      2.1340        15.22
      2.1350        15.19
      2.1360        15.23
      2.1370        15.27
      2.1380        15.40
      2.1390        15.33
      2.1400        15.33
      2.1410        15.33
      2.1420        15.44
      2.1430        15.37
      2.1440        15.40
      2.1450        15.38
      2.1460        15.44
      2.1470        15.29
      2.1480        15.25
      2.1490        15.20
      2.1500        15.17
      2.1510        15.27
      2.1520        15.30
      2.1530        15.43
      2.1540        15.32
      2.1550        15.35
      2.1560        15.37
      2.1570        15.39
      2.1580        15.42
      2.1590        15.46
      2.1600        15.51
      2.1610        15.43
      2.1620        15.43
      2.1630        15.50
      2.1640        15.51
      2.1650        15.55
      2.1660        15.60
      2.1670        15.69
      2.1680        15.74
      2.1690        15.85
      2.1700        15.88
      2.1710        15.81
      2.1720        15.78
      2.1730        15.70
      2.1740        15.79
      2.1750        15.70
      2.1760        15.66
      2.1770        15.73
      2.1780        15.73
      2.1790        15.81
      2.1800        15.79
      2.1810        16.01
      2.1820        15.97
      2.1830        15.99
      2.1840        16.02
      2.1850        16.07
      2.1860        16.00
      2.1870        16.12
      2.1880        16.12
      2.1890        16.07
      2.1900        16.15
      2.1910        16.29
      2.1920        16.33
      2.1930        16.39
      2.1940        16.36
      2.1950        16.44
      2.1960        16.53
      2.1970        16.45
      2.1980        16.49
      2.1990        16.47
      2.2000        16.50
      2.2010        16.42
      2.2020        16.43
      2.2030        16.49
      2.2040        16.56
      2.2050        16.50
      2.2060        16.56
      2.2070        16.48
      2.2080        16.62
      2.2090        16.71
      2.2100        16.68
      2.2110        16.71
      2.2120        16.69
      2.2130        16.64
      2.2140        16.72
      2.2150        16.76
      2.2160        16.76
      2.2170        16.80
      2.2180        16.86
      2.2190        16.90
      2.2200        16.95
      2.2210        17.02
      2.2220        17.18
      2.2230        17.16
      2.2240        17.15
      2.2250        17.32
      2.2260        17.35
      2.2270        17.47
      2.2280        17.38
      2.2290        17.38
      2.2300        17.44
      2.2310        17.44
      2.2320        17.42
      2.2330        17.57
      2.2340        17.58
      2.2350        17.63
      2.2360        17.66
      2.2370        17.69
      2.2380        17.63
      2.2390        17.69
      2.2400        17.68
      2.2410        17.69
      2.2420        17.64
      2.2430        17.71
      2.2440        17.76
      2.2450        17.64
      2.2460        17.68
      2.2470        17.65
      2.2480        17.73
      2.2490        17.76
      2.2500        17.79
      2.2510        17.81
      2.2520        17.89
      2.2530        17.80
      2.2540        17.84
      2.2550        17.94
      2.2560        18.05
      2.2570        18.10
      2.2580        18.10
      2.2590        18.12
      2.2600        18.10
      2.2610        18.09
      2.2620        18.08
      2.2630        18.10
      2.2640        18.12
      2.2650        18.12
      2.2660        18.15
      2.2670        18.17
      2.2680        18.16
      2.2690        18.15
      2.2700        18.07
      2.2710        18.12
      2.2720        18.11
      2.2730        18.15
      2.2740        18.20
      2.2750        18.10
      2.2760        17.92
      2.2770        17.99
      2.2780        18.07
      2.2790        18.03
      2.2800        18.12
      2.2810        18.14
      2.2820        18.20
      2.2830        18.12
      2.2840        17.95
      2.2850        18.12
      2.2860        18.01
      2.2870        18.01
      2.2880        18.06
      2.2890        18.11
      2.2900        18.21
      2.2910        18.16
      2.2920        18.24
      2.2930        18.28
      2.2940        18.35
      2.2950        18.32
      2.2960        18.39
      2.2970        18.30
      2.2980        18.36
      2.2990        18.43
      2.3000        18.39
      2.3010        18.49
      2.3020        18.51
      2.3030        18.59
      2.3040        18.77
      2.3050        18.67
      2.3060        18.78
      2.3070        18.71
      2.3080        18.65
      2.3090        18.63
      2.3100        18.61
      2.3110        18.59
      2.3120        18.57
      2.3130        18.61
      2.3140        18.47
      2.3150        18.68
      2.3160        18.68
      2.3170        18.68
      2.3180        18.64
      2.3190        18.70
      2.3200        18.72
      2.3210        18.59
      2.3220        18.51
      2.3230        18.47
      2.3240        18.46
      2.3250        18.47
      2.3260        18.37
      2.3270        18.41
      2.3280        18.47
      2.3290        18.52
      2.3300        18.48
      2.3310        18.53
      2.3320        18.51
      2.3330        18.43
      2.3340        18.47
      2.3350        18.40
      2.3360        18.51
      2.3370        18.52
      2.3380        18.47
      2.3390        18.40
      2.3400        18.43
      2.3410        18.52
      2.3420        18.61
      2.3430        18.79
      2.3440        18.77
      2.3450        18.79
      2.3460        18.95
      2.3470        19.03
      2.3480        19.11
      2.3490        19.14
      2.3500        19.17
      2.3510        19.19
      2.3520        19.10
      2.3530        19.25
      2.3540        19.32
      2.3550        19.28
      2.3560        19.18
      2.3570        19.25
      2.3580        19.34
      2.3590        19.32
      2.3600        19.33
      2.3610        19.32
      2.3620        19.29
      2.3630        19.22
      2.3640        19.22
      2.3650        19.25
      2.3660        19.22
      2.3670        19.25
      2.3680        19.22
      2.3690        19.30
      2.3700        19.26
      2.3710        19.23
      2.3720        19.40
      2.3730        19.33
      2.3740        19.30
      2.3750        19.37
      2.3760        19.49
      2.3770        19.48
      2.3780        19.41
      2.3790        19.57
      2.3800        19.58
      2.3810        19.60
      2.3820        19.64
      2.3830        19.61
      2.3840        19.71
      2.3850        19.80
      2.3860        19.85
      2.3870        19.83
      2.3880        19.87
      2.3890        19.88
      2.3900        20.07
      2.3910        20.05
      2.3920        20.08
      2.3930        20.08
      2.3940        20.13
      2.3950        20.15
      2.3960        20.11
      2.3970        20.12
      2.3980        20.21
      2.3990        20.20
      2.4000        20.29
      2.4010        20.26
      2.4020        20.27
      2.4030        20.26
      2.4040        20.21
      2.4050        20.14
      2.4060        20.17
      2.4070        20.14
      2.4080        20.14
      2.4090        20.08
      2.4100        20.01
      2.4110        20.01
      2.4120        19.92
      2.4130        19.93
      2.4140        19.96
      2.4150        19.89
      2.4160        19.89
      2.4170        19.99
      2.4180        19.95
      2.4190        19.84
      2.4200        19.81
      2.4210        19.89
      2.4220        19.89
      2.4230        19.93
      2.4240        19.99
      2.4250        20.03
      2.4260        20.03
      2.4270        20.03
      2.4280        20.00
      2.4290        20.03
      2.4300        20.07
      2.4310        20.17
      2.4320        20.24
      2.4330        20.25
      2.4340        20.24
      2.4350        20.30
      2.4360        20.35
      2.4370        20.30
      2.4380        20.36
      2.4390        20.41
      2.4400        20.41
      2.4410        20.34
      2.4420        20.39
      2.4430        20.37
      2.4440        20.39
      2.4450        20.41
      2.4460        20.33
      2.4470        20.41
      2.4480        20.29
      2.4490        20.34
      2.4500        20.42
      2.4510        20.34
      2.4520        20.42
      2.4530        20.44
      2.4540        20.47
      2.4550        20.51
      2.4560        20.51
      2.4570        20.45
      2.4580        20.41
      2.4590        20.46
      2.4600        20.50
      2.4610        20.60
      2.4620        20.48
      2.4630        20.52
      2.4640        20.45
      2.4650        20.47
      2.4660        20.51
      2.4670        20.43
      2.4680        20.51
      2.4690        20.51
      2.4700        20.37
      2.4710        20.41
      2.4720        20.39
      2.4730        20.40
      2.4740        20.35
      2.4750        20.32
      2.4760        20.35
      2.4770        20.46
      2.4780        20.50
      2.4790        20.48
      2.4800        20.46
      2.4810        20.47
      2.4820        20.47
      2.4830        20.50
      2.4840        20.54
      2.4850        20.50
      2.4860        20.47
      2.4870        20.60
      2.4880        20.61
      2.4890        20.62
      2.4900        20.67
      2.4910        20.73
      2.4920        20.75
      2.4930        20.63
      2.4940        20.52
      2.4950        20.56
      2.4960        20.44
      2.4970        20.46
      2.4980        20.51
      2.4990        20.58
      2.5000        20.52
      2.5010        20.51
      2.5020        20.59
      2.5030        20.66
      2.5040        20.63
      2.5050        20.70
      2.5060        20.70
      2.5070        20.67
      2.5080        20.67
      2.5090        20.71
      2.5100        20.74
      2.5110        20.71
      2.5120        20.71
      2.5130        20.83
      2.5140        20.88
      2.5150        20.80
      2.5160        20.96
      2.5170        20.86
      2.5180        20.79
      2.5190        20.73
      2.5200        20.84
      2.5210        20.87
      2.5220        20.85
      2.5230        20.85
      2.5240        20.87
      2.5250        20.79
      2.5260        20.75
      2.5270        20.72
      2.5280        20.71
      2.5290        20.63
      2.5300        20.51
      2.5310        20.50
      2.5320        20.42
      2.5330        20.40
      2.5340        20.42
      2.5350        20.39
      2.5360        20.26
      2.5370        20.35
      2.5380        20.29
      2.5390        20.21
      2.5400        20.24
      2.5410        20.08
      2.5420        19.96
      2.5430        19.85
      2.5440        19.92
      2.5450        20.00
      2.5460        20.08
      2.5470        20.06
      2.5480        20.05
      2.5490        20.10
      2.5500        20.16
      2.5510        20.13
      2.5520        20.18
      2.5530        20.14
      2.5540        20.17
      2.5550        20.24
      2.5560        20.31
      2.5570        20.24
      2.5580        20.31
      2.5590        20.44
      2.5600        20.29
      2.5610        20.47
      2.5620        20.61
      2.5630        20.72
      2.5640        20.66
      2.5650        20.66
      2.5660        20.74
      2.5670        20.72
      2.5680        20.71
      2.5690        20.56
      2.5700        20.60
      2.5710        20.68
      2.5720        20.67
      2.5730        20.77
      2.5740        20.83
      2.5750        20.92
      2.5760        20.88
      2.5770        20.93
      2.5780        20.96
      2.5790        20.91
      2.5800        20.92
      2.5810        20.87
      2.5820        20.84
      2.5830        20.86
      2.5840        20.84
      2.5850        20.88
      2.5860        20.82
      2.5870        20.86
      2.5880        20.87
      2.5890        21.01
      2.5900        21.01
      2.5910        20.94
      2.5920        20.98
      2.5930        20.94
      2.5940        20.89
      2.5950        20.83
      2.5960        20.91
      2.5970        20.95
      2.5980        20.86
      2.5990        20.87
      2.6000        20.84
      2.6010        20.80
      2.6020        20.78
      2.6030        20.73
      2.6040        20.82
      2.6050        20.81
      2.6060        20.85
      2.6070        20.85
      2.6080        20.87
      2.6090        20.95
      2.6100        20.93
      2.6110        20.94
      2.6120        20.94
      2.6130        20.87
      2.6140        20.83
      2.6150        20.82
      2.6160        20.79
      2.6170        20.70
      2.6180        20.78
      2.6190        20.70
      2.6200        20.71
      2.6210        20.76
      2.6220        20.82
      2.6230        20.75
      2.6240        20.78
      2.6250        20.74
      2.6260        20.71
      2.6270        20.79
      2.6280        20.81
      2.6290        20.71
      2.6300        20.81
      2.6310        20.76
      2.6320        20.75
      2.6330        20.83
      2.6340        20.87
      2.6350        20.86
      2.6360        20.84
      2.6370        20.74
      2.6380        20.78
      2.6390        20.83
      2.6400        20.81
      2.6410        20.73
      2.6420        20.70
      2.6430        20.67
      2.6440        20.58
      2.6450        20.46
      2.6460        20.39
      2.6470        20.23
      2.6480        20.29
      2.6490        20.34
      2.6500        20.25
      2.6510        20.22
      2.6520        20.22
      2.6530        20.26
      2.6540        20.28
      2.6550        20.27
      2.6560        20.29
      2.6570        20.43
      2.6580        20.41
      2.6590        20.37
      2.6600        20.45
      2.6610        20.50
      2.6620        20.63
      2.6630        20.69
      2.6640        20.71
      2.6650        20.79
      2.6660        20.83
      2.6670        21.02
      2.6680        20.97
      2.6690        20.90
      2.6700        20.98
      2.6710        21.08
      2.6720        21.06
      2.6730        20.94
      2.6740        20.97
      2.6750        21.01
      2.6760        21.04
      2.6770        21.02
      2.6780        21.04
      2.6790        21.08
      2.6800        21.12
      2.6810        21.16
      2.6820        21.09
      2.6830        21.21
      2.6840        21.24
      2.6850        21.24
      2.6860        21.37
      2.6870        21.30
      2.6880        21.34
      2.6890        21.41
      2.6900        21.39
      2.6910        21.37
      2.6920        21.42
      2.6930        21.46
      2.6940        21.49
      2.6950        21.53
      2.6960        21.51
      2.6970        21.53
      2.6980        21.51
      2.6990        21.57
      2.7000        21.50
      2.7010        21.41
      2.7020        21.35
      2.7030        21.31
      2.7040        21.33
      2.7050        21.34
      2.7060        21.33
      2.7070        21.33
      2.7080        21.31
      2.7090        21.31
      2.7100        21.32
      2.7110        21.35
      2.7120        21.39
      2.7130        21.46
      2.7140        21.54
      2.7150        21.42
      2.7160        21.39
      2.7170        21.29
      2.7180        21.31
      2.7190        21.22
      2.7200        21.25
      2.7210        21.36
      2.7220        21.41
      2.7230        21.35
      2.7240        21.31
      2.7250        21.31
      2.7260        21.27
      2.7270        21.25
      2.7280        21.16
      2.7290        21.12
      2.7300        20.99
      2.7310        20.99
      2.7320        20.88
      2.7330        20.80
      2.7340        20.62
      2.7350        20.66
      2.7360        20.79
      2.7370        20.85
      2.7380        20.78
      2.7390        20.79
      2.7400        20.85
      2.7410        20.90
      2.7420        20.83
      2.7430        20.89
      2.7440        20.80
      2.7450        20.82
      2.7460        20.72
      2.7470        20.71
      2.7480        20.84
      2.7490        20.88
      2.7500        20.96
      2.7510        20.98
      2.7520        20.98
      2.7530        20.95
      2.7540        21.03
      2.7550        21.11
      2.7560        21.01
      2.7570        21.05
      2.7580        21.06
      2.7590        21.09
      2.7600        20.93
      2.7610        20.83
      2.7620        20.94
      2.7630        20.89
      2.7640        21.09
      2.7650        20.98
      2.7660        21.03
      2.7670        21.11
      2.7680        21.13
      2.7690        21.03
      2.7700        21.05
      2.7710        21.06
      2.7720        21.10
      2.7730        21.13
      2.7740        21.20
      2.7750        21.23
      2.7760        21.24
      2.7770        21.27
      2.7780        21.35
      2.7790        21.38
      2.7800        21.48
      2.7810        21.56
      2.7820        21.52
      2.7830        21.62
      2.7840        21.61
      2.7850        21.75
      2.7860        21.75
      2.7870        21.63
      2.7880        21.57
      2.7890        21.64
      2.7900        21.61
      2.7910        21.65
      2.7920        21.65
      2.7930        21.67
      2.7940        21.65
      2.7950        21.64
      2.7960        21.67
      2.7970        21.65
      2.7980        21.64
      2.7990        21.68
      2.8000        21.70
      2.8010        21.66
      2.8020        21.56
      2.8030        21.46
      2.8040        21.38
      2.8050        21.38
      2.8060        21.41
      2.8070        21.48
      2.8080        21.46
      2.8090        21.45
      2.8100        21.45
      2.8110        21.39
      2.8120        21.42
      2.8130        21.45
      2.8140        21.34
      2.8150        21.32
      2.8160        21.34
      2.8170        21.38
      2.8180        21.32
      2.8190        21.22
      2.8200        21.28
      2.8210        21.35
      2.8220        21.41
      2.8230        21.47
      2.8240        21.43
      2.8250        21.29
      2.8260        21.25
      2.8270        21.28
      2.8280        21.38
      2.8290        21.41
      2.8300        21.49
      2.8310        21.47
      2.8320        21.50
      2.8330        21.52
      2.8340        21.64
      2.8350        21.63
      2.8360        21.56
      2.8370        21.54
      2.8380        21.74
      2.8390        21.88
      2.8400        21.73
      2.8410        21.64
      2.8420        21.66
      2.8430        21.67
      2.8440        21.73
      2.8450        21.89
      2.8460        21.90
      2.8470        21.94
      2.8480        21.90
      2.8490        21.87
      2.8500        21.87
      2.8510        21.95
      2.8520        21.98
      2.8530        21.99
      2.8540        22.05
      2.8550        22.05
      2.8560        22.19
      2.8570        22.16
      2.8580        22.07
      2.8590        22.01
      2.8600        22.13
      2.8610        22.20
      2.8620        22.37
      2.8630        22.40
      2.8640        22.40
      2.8650        22.33
      2.8660        22.52
      2.8670        22.47
      2.8680        22.48
      2.8690        22.60
      2.8700        22.63
      2.8710        22.55
      2.8720        22.50
      2.8730        22.51
      2.8740        22.44
      2.8750        22.44
      2.8760        22.42
      2.8770        22.49
      2.8780        22.57
      2.8790        22.62
      2.8800        22.66
      2.8810        22.72
      2.8820        22.65
      2.8830        22.66
      2.8840        22.68
      2.8850        22.78
      2.8860        22.69
      2.8870        22.71
      2.8880        22.74
      2.8890        22.79
      2.8900        22.73
      2.8910        22.78
      2.8920        22.83
      2.8930        22.82
      2.8940        22.86
      2.8950        22.84
      2.8960        22.84
      2.8970        22.84
      2.8980        22.79
      2.8990        22.80
      2.9000        22.79
      2.9010        22.80
      2.9020        22.66
      2.9030        22.64
      2.9040        22.62
      2.9050        22.64
      2.9060        22.56
      2.9070        22.55
      2.9080        22.50
      2.9090        22.34
      2.9100        22.36
      2.9110        22.45
      2.9120        22.32
      2.9130        22.30
      2.9140        22.20
      2.9150        22.22
      2.9160        22.07
      2.9170        22.04
      2.9180        22.01
      2.9190        21.96
      2.9200        21.92
      2.9210        21.92
      2.9220        22.06
      2.9230        22.13
      2.9240        22.15
      2.9250        22.08
      2.9260        22.13
      2.9270        22.19
      2.9280        22.25
      2.9290        22.24
      2.9300        22.25
      2.9310        22.17
      2.9320        22.31
      2.9330        22.34
      2.9340        22.38
      2.9350        22.38
      2.9360        22.50
      2.9370        22.46
      2.9380        22.42
      2.9390        22.50
      2.9400        22.52
      2.9410        22.46
      2.9420        22.43
      2.9430        22.36
      2.9440        22.38
      2.9450        22.45
      2.9460        22.45
      2.9470        22.39
      2.9480        22.40
      2.9490        22.49
      2.9500        22.48
      2.9510        22.51
      2.9520        22.49
      2.9530        22.55
      2.9540        22.53
      2.9550        22.53
      2.9560        22.57
      2.9570        22.63
      2.9580        22.63
      2.9590        22.60
      2.9600        22.63
      2.9610        22.59
      2.9620        22.52
      2.9630        22.48
      2.9640        22.48
      2.9650        22.39
      2.9660        22.34
      2.9670        22.34
      2.9680        22.37
      2.9690        22.19
      2.9700        22.22
      2.9710        22.14
      2.9720        22.14
      2.9730        22.15
      2.9740        22.13
      2.9750        22.16
      2.9760        22.07
      2.9770        22.09
      2.9780        22.16
      2.9790        22.00
      2.9800        22.00
      2.9810        21.94
      2.9820        21.97
      2.9830        21.98
      2.9840        21.95
      2.9850        21.90
      2.9860        21.83
      2.9870        21.85
      2.9880        21.75
      2.9890        21.86
      2.9900        21.74
      2.9910        21.69
      2.9920        21.58
      2.9930        21.46
      2.9940        21.47
      2.9950        21.30
      2.9960        21.28
      2.9970        21.09
      2.9980        20.96
      2.9990        20.98
