        Time   Palpation Force
      0.0000         1.00
      0.0010         1.00
      0.0020         1.00
      0.0030         1.00
      0.0040         1.00
      0.0050         1.00
      0.0060         1.00
      0.0070         1.00
      0.0080         1.00
      0.0090         1.00
      0.0100         1.00
      0.0110         1.00
      0.0120         1.00
      0.0130         1.00
      0.0140         1.00
      0.0150         1.00
      0.0160         1.00
      0.0170         1.00
      0.0180         1.00
      0.0190         1.00
      0.0200         1.00
      0.0210         1.00
      0.0220         1.00
      0.0230         1.00
      0.0240         1.00
      0.0250         1.00
      0.0260         1.00
      0.0270         1.00
      0.0280         1.00
      0.0290         1.00
      0.0300         1.00
      0.0310         1.00
      0.0320         1.00
      0.0330         1.00
      0.0340         1.00
      0.0350         1.00
      0.0360         1.00
      0.0370         1.00
      0.0380         1.00
      0.0390         1.00
      0.0400         1.00
      0.0410         1.00
      0.0420         1.00
      0.0430         1.00
      0.0440         1.00
      0.0450         1.00
      0.0460         1.00
      0.0470         1.00
      0.0480         1.00
      0.0490         1.00
      0.0500         1.00
      0.0510         1.00
      0.0520         1.00
      0.0530         1.00
      0.0540         1.00
      0.0550         1.00
      0.0560         1.00
      0.0570         1.00
      0.0580         1.00
      0.0590         1.00
      0.0600         1.00
      0.0610         1.00
      0.0620         1.00
      0.0630         1.00
      0.0640         1.00
      0.0650         1.00
      0.0660         1.00
      0.0670         1.00
      0.0680         1.00
      0.0690         1.00
      0.0700         1.00
      0.0710         1.00
      0.0720         1.00
      0.0730         1.00
      0.0740         1.00
      0.0750         1.00
      0.0760         1.00
      0.0770         1.00
      0.0780         1.00
      0.0790         1.00
      0.0800         1.00
      0.0810         1.00
      0.0820         1.00
      0.0830         1.00
      0.0840         1.00
      0.0850         1.00
      0.0860         1.00
      0.0870         1.00
      0.0880         1.00
      0.0890         1.00
      0.0900         1.00
      0.0910         1.00
      0.0920         1.00
      0.0930         1.00
      0.0940         1.00
      0.0950         1.00
      0.0960         1.00
      0.0970         1.00
      0.0980         1.00
      0.0990         1.00
      0.1000         1.00
      0.1010         1.00
      0.1020         1.00
      0.1030         1.00
      0.1040         1.00
      0.1050         1.00
      0.1060         1.00
      0.1070         1.00
      0.1080         1.00
      0.1090         1.00
      0.1100         1.00
      0.1110         1.00
      0.1120         1.00
      0.1130         1.00
      0.1140         1.00
      0.1150         1.00
      0.1160         1.00
      0.1170         1.00
      0.1180         1.00
      0.1190         1.00
      0.1200         1.00
      0.1210         1.00
      0.1220         1.00
      0.1230         1.00
      0.1240         1.00
      0.1250         1.00
      0.1260         1.00
      0.1270         1.00
      0.1280         1.00
      0.1290         1.00
      0.1300         1.00
      0.1310         1.00
      0.1320         1.00
      0.1330         1.00
      0.1340         1.00
      0.1350         1.00
      0.1360         1.00
      0.1370         1.00
      0.1380         1.00
      0.1390         1.00
      0.1400         1.00
      0.1410         1.00
      0.1420         1.00
      0.1430         1.00
      0.1440         1.00
      0.1450         1.00
      0.1460         1.00
      0.1470         1.00
      0.1480         1.00
      0.1490         1.00
      0.1500         1.00
      0.1510         1.00
      0.1520         1.00
      0.1530         1.00
      0.1540         1.00
      0.1550         1.00
      0.1560         1.00
      0.1570         1.00
      0.1580         1.00
      0.1590         1.00
      0.1600         1.00
      0.1610         1.00
      0.1620         1.00
      0.1630         1.00
      0.1640         1.00
      0.1650         1.00
      0.1660         1.00
      0.1670         1.00
      0.1680         1.00
      0.1690         1.00
      0.1700         1.00
      0.1710         1.00
      0.1720         1.00
      0.1730         1.00
      0.1740         1.00
      0.1750         1.00
      0.1760         1.00
      0.1770         1.00
      0.1780         1.00
      0.1790         1.00
      0.1800         1.00
      0.1810         1.00
      0.1820         1.00
      0.1830         1.00
      0.1840         1.00
      0.1850         1.00
      0.1860         1.00
      0.1870         1.00
      0.1880         1.00
      0.1890         1.00
      0.1900         1.00
      0.1910         1.00
      0.1920         1.00
      0.1930         1.00
      0.1940         1.00
      0.1950         1.00
      0.1960         1.00
      0.1970         1.00
      0.1980         1.00
      0.1990         1.00
      0.2000         1.00
      0.2010         1.00
      0.2020         1.00
      0.2030         1.00
      0.2040         1.00
      0.2050         1.00
      0.2060         1.00
      0.2070         1.00
      0.2080         1.00
      0.2090         1.00
      0.2100         1.00
      0.2110         1.00
      0.2120         1.00
      0.2130         1.00
      0.2140         1.00
      0.2150         1.00
      0.2160         1.00
      0.2170         1.00
      0.2180         1.00
      0.2190         1.00
      0.2200         1.00
      0.2210         1.00
      0.2220         1.00
      0.2230         1.00
      0.2240         1.00
      0.2250         1.00
      0.2260         1.00
      0.2270         1.00
      0.2280         1.00
      0.2290         1.00
      0.2300         1.00
      0.2310         1.00
      0.2320         1.00
      0.2330         1.00
      0.2340         1.00
      0.2350         1.00
      0.2360         1.00
      0.2370         1.00
      0.2380         1.00
      0.2390         1.00
      0.2400         1.00
      0.2410         1.00
      0.2420         1.00
      0.2430         1.00
      0.2440         1.00
      0.2450         1.00
      0.2460         1.00
      0.2470         1.00
      0.2480         1.00
      0.2490         1.00
      0.2500         1.00
      0.2510         1.00
      0.2520         1.00
      0.2530         1.00
      0.2540         1.00
      0.2550         1.00
      0.2560         1.00
      0.2570         1.00
      0.2580         1.00
      0.2590         1.00
      0.2600         1.00
      0.2610         1.00
      0.2620         1.00
      0.2630         1.00
      0.2640         1.00
      0.2650         1.00
      0.2660         1.00
      0.2670         1.00
      0.2680         1.00
      0.2690         1.00
      0.2700         1.00
      0.2710         1.00
      0.2720         1.00
      0.2730         1.00
      0.2740         1.00
      0.2750         1.00
      0.2760         1.00
      0.2770         1.00
      0.2780         1.00
      0.2790         1.00
      0.2800         1.00
      0.2810         1.00
      0.2820         1.00
      0.2830         1.00
      0.2840         1.00
      0.2850         1.00
      0.2860         1.00
      0.2870         1.00
      0.2880         1.00
      0.2890         1.00
      0.2900         1.00
      0.2910         1.00
      0.2920         1.00
      0.2930         1.00
      0.2940         1.00
      0.2950         1.00
      0.2960         1.00
      0.2970         1.00
      0.2980         1.00
      0.2990         1.00
      0.3000         1.00
      0.3010         1.00
      0.3020         1.00
      0.3030         1.00
      0.3040         1.00
      0.3050         1.00
      0.3060         1.00
      0.3070         1.00
      0.3080         1.00
      0.3090         1.00
      0.3100         1.00
      0.3110         1.00
      0.3120         1.00
      0.3130         1.00
      0.3140         1.00
      0.3150         1.00
      0.3160         1.00
      0.3170         1.00
      0.3180         1.00
      0.3190         1.00
      0.3200         1.00
      0.3210         1.00
      0.3220         1.00
      0.3230         1.00
      0.3240         1.00
      0.3250         1.00
      0.3260         1.00
      0.3270         1.00
      0.3280         1.00
      0.3290         1.00
      0.3300         1.00
      0.3310         1.00
      0.3320         1.00
      0.3330         1.00
      0.3340         1.00
      0.3350         1.00
      0.3360         1.00
      0.3370         1.00
      0.3380         1.00
      0.3390         1.00
      0.3400         1.00
      0.3410         1.00
      0.3420         1.00
      0.3430         1.00
      0.3440         1.00
      0.3450         1.00
      0.3460         1.00
      0.3470         1.00
      0.3480         1.00
      0.3490         1.00
      0.3500         1.00
      0.3510         1.00
      0.3520         1.00
      0.3530         1.00
      0.3540         1.00
      0.3550         1.00
      0.3560         1.00
      0.3570         1.00
      0.3580         1.00
      0.3590         1.00
      0.3600         1.00
      0.3610         1.00
      0.3620         1.00
      0.3630         1.00
      0.3640         1.00
      0.3650         1.00
      0.3660         1.00
      0.3670         1.00
      0.3680         1.00
      0.3690         1.00
      0.3700         1.00
      0.3710         1.00
      0.3720         1.00
      0.3730         1.00
      0.3740         1.00
      0.3750         1.00
      0.3760         1.00
      0.3770         1.00
      0.3780         1.00
      0.3790         1.00
      0.3800         1.00
      0.3810         1.00
      0.3820         1.00
      0.3830         1.00
      0.3840         1.00
      0.3850         1.00
      0.3860         1.00
      0.3870         1.00
      0.3880         1.00
      0.3890         1.00
      0.3900         1.00
      0.3910         1.00
      0.3920         1.00
      0.3930         1.00
      0.3940         1.00
      0.3950         1.00
      0.3960         1.00
      0.3970         1.00
      0.3980         1.00
      0.3990         1.00
      0.4000         1.00
      0.4010         1.00
      0.4020         1.00
      0.4030         1.00
      0.4040         1.00
      0.4050         1.00
      0.4060         1.00
      0.4070         1.00
      0.4080         1.00
      0.4090         1.00
      0.4100         1.00
      0.4110         1.00
      0.4120         1.00
      0.4130         1.00
      0.4140         1.00
      0.4150         1.00
      0.4160         1.00
      0.4170         1.00
      0.4180         1.00
      0.4190         1.00
      0.4200         1.00
      0.4210         1.00
      0.4220         1.00
      0.4230         1.00
      0.4240         1.00
      0.4250         1.00
      0.4260         1.00
      0.4270         1.00
      0.4280         1.00
      0.4290         1.00
      0.4300         1.00
      0.4310         1.00
      0.4320         1.00
      0.4330         1.00
      0.4340         1.00
      0.4350         1.00
      0.4360         1.00
      0.4370         1.00
      0.4380         1.00
      0.4390         1.00
      0.4400         1.00
      0.4410         1.00
      0.4420         1.00
      0.4430         1.00
      0.4440         1.00
      0.4450         1.00
      0.4460         1.00
      0.4470         1.00
      0.4480         1.00
      0.4490         1.00
      0.4500         1.00
      0.4510         1.00
      0.4520         1.00
      0.4530         1.00
      0.4540         1.00
      0.4550         1.00
      0.4560         1.00
      0.4570         1.00
      0.4580         1.00
      0.4590         1.00
      0.4600         1.00
      0.4610         1.00
      0.4620         1.00
      0.4630         1.00
      0.4640         1.00
      0.4650         1.00
      0.4660         1.00
      0.4670         1.00
      0.4680         1.00
      0.4690         1.00
      0.4700         1.00
      0.4710         1.00
      0.4720         1.00
      0.4730         1.00
      0.4740         1.00
      0.4750         1.00
      0.4760         1.00
      0.4770         1.00
      0.4780         1.00
      0.4790         1.00
      0.4800         1.00
      0.4810         1.00
      0.4820         1.00
      0.4830         1.00
      0.4840         1.00
      0.4850         1.00
      0.4860         1.00
      0.4870         1.00
      0.4880         1.00
      0.4890         1.00
      0.4900         1.00
      0.4910         1.00
      0.4920         1.00
      0.4930         1.00
      0.4940         1.00
      0.4950         1.00
      0.4960         1.00
      0.4970         1.00
      0.4980         1.00
      0.4990         1.00
      0.5000         1.00
      0.5010         1.00
      0.5020         1.00
      0.5030         1.00
      0.5040         1.00
      0.5050         1.00
      0.5060         1.00
      0.5070         1.00
      0.5080         1.00
      0.5090         1.00
      0.5100         1.00
      0.5110         1.00
      0.5120         1.00
      0.5130         1.00
      0.5140         1.00
      0.5150         1.00
      0.5160         1.00
      0.5170         1.00
      0.5180         1.00
      0.5190         1.00
      0.5200         1.00
      0.5210         1.00
      0.5220         1.00
      0.5230         1.00
      0.5240         1.00
      0.5250         1.00
      0.5260         1.00
      0.5270         1.00
      0.5280         1.00
      0.5290         1.00
      0.5300         1.00
      0.5310         1.00
      0.5320         1.00
      0.5330         1.00
      0.5340         1.00
      0.5350         1.00
      0.5360         1.00
      0.5370         1.00
      0.5380         1.00
      0.5390         1.00
      0.5400         1.00
      0.5410         1.00
      0.5420         1.00
      0.5430         1.00
      0.5440         1.00
      0.5450         1.00
      0.5460         1.00
      0.5470         1.00
      0.5480         1.00
      0.5490         1.00
      0.5500         1.00
      0.5510         1.00
      0.5520         1.00
      0.5530         1.00
      0.5540         1.00
      0.5550         1.00
      0.5560         1.00
      0.5570         1.00
      0.5580         1.00
      0.5590         1.00
      0.5600         1.00
      0.5610         1.00
      0.5620         1.00
      0.5630         1.00
      0.5640         1.00
      0.5650         1.00
      0.5660         1.00
      0.5670         1.00
      0.5680         1.00
      0.5690         1.00
      0.5700         1.00
      0.5710         1.00
      0.5720         1.00
      0.5730         1.00
      0.5740         1.00
      0.5750         1.00
      0.5760         1.00
      0.5770         1.00
      0.5780         1.00
      0.5790         1.00
      0.5800         1.00
      0.5810         1.00
      0.5820         1.00
      0.5830         1.00
      0.5840         1.00
      0.5850         1.00
      0.5860         1.00
      0.5870         1.00
      0.5880         1.00
      0.5890         1.00
      0.5900         1.00
      0.5910         1.00
      0.5920         1.00
      0.5930         1.00
      0.5940         1.00
      0.5950         1.00
      0.5960         1.00
      0.5970         1.00
      0.5980         1.00
      0.5990         1.00
      0.6000         1.00
      0.6010         1.00
      0.6020         1.00
      0.6030         1.00
      0.6040         1.00
      0.6050         1.00
      0.6060         1.00
      0.6070         1.00
      0.6080         1.00
      0.6090         1.00
      0.6100         1.00
      0.6110         1.00
      0.6120         1.00
      0.6130         1.00
      0.6140         1.00
      0.6150         1.00
      0.6160         1.00
      0.6170         1.00
      0.6180         1.00
      0.6190         1.00
      0.6200         1.00
      0.6210         1.00
      0.6220         1.00
      0.6230         1.00
      0.6240         1.00
      0.6250         1.00
      0.6260         1.00
      0.6270         1.00
      0.6280         1.00
      0.6290         1.00
      0.6300         1.00
      0.6310         1.00
      0.6320         1.00
      0.6330         1.00
      0.6340         1.00
      0.6350         1.00
      0.6360         1.00
      0.6370         1.00
      0.6380         1.00
      0.6390         1.00
      0.6400         1.00
      0.6410         1.00
      0.6420         1.00
      0.6430         1.00
      0.6440         1.00
      0.6450         1.00
      0.6460         1.00
      0.6470         1.00
      0.6480         1.00
      0.6490         1.00
      0.6500         1.00
      0.6510         1.00
      0.6520         1.00
      0.6530         1.00
      0.6540         1.00
      0.6550         1.00
      0.6560         1.00
      0.6570         1.00
      0.6580         1.00
      0.6590         1.00
      0.6600         1.00
      0.6610         1.00
      0.6620         1.00
      0.6630         1.00
      0.6640         1.00
      0.6650         1.00
      0.6660         1.00
      0.6670         1.00
      0.6680         1.00
      0.6690         1.00
      0.6700         1.00
      0.6710         1.00
      0.6720         1.00
      0.6730         1.00
      0.6740         1.00
      0.6750         1.00
      0.6760         1.00
      0.6770         1.00
      0.6780         1.00
      0.6790         1.00
      0.6800         1.00
      0.6810         1.00
      0.6820         1.00
      0.6830         1.00
      0.6840         1.00
      0.6850         1.00
      0.6860         1.00
      0.6870         1.00
      0.6880         1.00
      0.6890         1.00
      0.6900         1.00
      0.6910         1.00
      0.6920         1.00
      0.6930         1.00
      0.6940         1.00
      0.6950         1.00
      0.6960         1.00
      0.6970         1.00
      0.6980         1.00
      0.6990         1.00
      0.7000         1.00
      0.7010         1.00
      0.7020         1.00
      0.7030         1.00
      0.7040         1.00
      0.7050         1.00
      0.7060         1.00
      0.7070         1.00
      0.7080         1.00
      0.7090         1.00
      0.7100         1.00
      0.7110         1.00
      0.7120         1.00
      0.7130         1.00
      0.7140         1.00
      0.7150         1.00
      0.7160         1.00
      0.7170         1.00
      0.7180         1.00
      0.7190         1.00
      0.7200         1.00
      0.7210         1.00
      0.7220         1.00
      0.7230         1.00
      0.7240         1.00
      0.7250         1.00
      0.7260         1.00
      0.7270         1.11
      0.7280         1.15
      0.7290         1.25
      0.7300         1.24
      0.7310         1.22
      0.7320         1.27
      0.7330         1.93
      0.7340         2.03
      0.7350         2.18
      0.7360         2.37
      0.7370         2.45
      0.7380         3.03
      0.7390         3.04
      0.7400         3.23
      0.7410         3.23
      0.7420         3.20
      0.7430         3.20
      0.7440         2.62
      0.7450         2.62
      0.7460         2.65
      0.7470         2.66
      0.7480         2.75
      0.7490         2.65
      0.7500         2.75
      0.7510         2.79
      0.7520         2.73
      0.7530         3.22
      0.7540         3.23
      0.7550         3.23
      0.7560         3.24
      0.7570         3.28
      0.7580         2.87
      0.7590         2.91
      0.7600         2.87
      0.7610         2.94
      0.7620         2.98
      0.7630         2.99
      0.7640         3.10
      0.7650         3.11
      0.7660         3.15
      0.7670         3.12
      0.7680         3.11
      0.7690         3.22
      0.7700         3.20
      0.7710         3.15
      0.7720         3.26
      0.7730         3.19
      0.7740         3.20
      0.7750         3.26
      0.7760         3.18
      0.7770         3.12
      0.7780         3.04
      0.7790         3.04
      0.7800         3.57
      0.7810         3.67
      0.7820         3.80
      0.7830         3.88
      0.7840         3.92
      0.7850         3.92
      0.7860         3.90
      0.7870         3.97
      0.7880         4.07
      0.7890         4.12
      0.7900         4.27
      0.7910         4.32
      0.7920         4.40
      0.7930         4.62
      0.7940         4.80
      0.7950         4.98
      0.7960         5.18
      0.7970         5.30
      0.7980         5.47
      0.7990         5.61
      0.8000         5.71
      0.8010         5.77
      0.8020         5.75
      0.8030         5.93
      0.8040         6.01
      0.8050         6.10
      0.8060         6.24
      0.8070         6.28
      0.8080         6.29
      0.8090         6.42
      0.8100         6.46
      0.8110         6.53
      0.8120         6.56
      0.8130         6.56
      0.8140         6.51
      0.8150         6.49
      0.8160         6.51
      0.8170         6.53
      0.8180         6.61
      0.8190         6.69
      0.8200         6.72
      0.8210         6.77
      0.8220         6.89
      0.8230         6.88
      0.8240         7.04
      0.8250         7.32
      0.8260         7.33
      0.8270         7.45
      0.8280         7.52
      0.8290         7.51
      0.8300         7.60
      0.8310         7.71
      0.8320         7.71
      0.8330         7.79
      0.8340         7.91
      0.8350         7.94
      0.8360         8.07
      0.8370         8.09
      0.8380         7.98
      0.8390         7.90
      0.8400         7.93
      0.8410         7.94
      0.8420         7.94
      0.8430         8.05
      0.8440         7.97
      0.8450         7.88
      0.8460         7.85
      0.8470         7.86
      0.8480         7.89
      0.8490         7.92
      0.8500         7.95
      0.8510         7.93
      0.8520         7.92
      0.8530         8.03
      0.8540         8.01
      0.8550         8.15
      0.8560         8.25
      0.8570         8.27
      0.8580         8.40
      0.8590         8.57
      0.8600         8.65
      0.8610         8.77
      0.8620         8.91
      0.8630         8.93
      0.8640         9.12
      0.8650         9.19
      0.8660         9.37
      0.8670         9.52
      0.8680         9.71
      0.8690         9.78
      0.8700         9.78
      0.8710         9.98
      0.8720        10.31
      0.8730        10.34
      0.8740        10.57
      0.8750        10.66
      0.8760        10.78
      0.8770        11.20
      0.8780        11.49
      0.8790        11.66
      0.8800        11.92
      0.8810        12.12
      0.8820        12.24
      0.8830        12.37
      0.8840        12.51
      0.8850        12.78
      0.8860        12.97
      0.8870        13.07
      0.8880        13.13
      0.8890        13.34
      0.8900        13.58
      0.8910        13.70
      0.8920        13.69
      0.8930        13.87
      0.8940        14.00
      0.8950        14.12
      0.8960        14.21
      0.8970        14.12
      0.8980        14.11
      0.8990        14.16
      0.9000        14.09
      0.9010        14.03
      0.9020        14.11
      0.9030        14.21
      0.9040        14.20
      0.9050        14.24
      0.9060        14.28
      0.9070        14.39
      0.9080        14.43
      0.9090        14.42
      0.9100        14.39
      0.9110        14.44
      0.9120        14.52
      0.9130        14.52
      0.9140        14.48
      0.9150        14.48
      0.9160        14.43
      0.9170        14.52
      0.9180        14.49
      0.9190        14.48
      0.9200        14.47
      0.9210        14.58
      0.9220        14.47
      0.9230        14.48
      0.9240        14.47
      0.9250        14.35
      0.9260        14.36
      0.9270        14.30
      0.9280        14.34
      0.9290        14.32
      0.9300        14.36
      0.9310        14.38
      0.9320        14.38
      0.9330        14.34
      0.9340        14.34
      0.9350        14.39
      0.9360        14.49
      0.9370        14.47
      0.9380        14.53
      0.9390        14.56
      0.9400        14.79
      0.9410        14.81
      0.9420        14.96
      0.9430        15.06
      0.9440        15.22
      0.9450        15.39
      0.9460        15.42
      0.9470        15.43
      0.9480        15.58
      0.9490        15.63
      0.9500        15.78
      0.9510        15.93
      0.9520        16.05
      0.9530        16.22
      0.9540        16.41
      0.9550        16.52
      0.9560        16.64
      0.9570        16.74
      0.9580        16.89
      0.9590        17.04
      0.9600        17.04
      0.9610        17.24
      0.9620        17.32
      0.9630        17.40
      0.9640        17.45
      0.9650        17.55
      0.9660        17.67
      0.9670        17.78
      0.9680        17.86
      0.9690        18.08
      0.9700        18.17
      0.9710        18.23
      0.9720        18.27
      0.9730        18.30
      0.9740        18.34
      0.9750        18.32
      0.9760        18.39
      0.9770        18.52
      0.9780        18.58
      0.9790        18.67
      0.9800        18.78
      0.9810        18.94
      0.9820        19.09
      0.9830        19.09
      0.9840        19.23
      0.9850        19.33
      0.9860        19.45
      0.9870        19.62
      0.9880        19.64
      0.9890        19.66
      0.9900        19.73
      0.9910        19.84
      0.9920        19.96
      0.9930        20.11
      0.9940        20.28
      0.9950        20.46
      0.9960        20.52
      0.9970        20.54
      0.9980        20.48
      0.9990        20.33
      1.0000        20.32
      1.0010        20.29
      1.0020        20.31
      1.0030        20.43
      1.0040        20.43
      1.0050        20.44
      1.0060        20.49
      1.0070        20.47
      1.0080        20.56
      1.0090        20.56
      1.0100        20.55
      1.0110        20.55
      1.0120        20.58
      1.0130        20.62
      1.0140        20.35
      1.0150        20.27
      1.0160        20.20
      1.0170        20.18
      1.0180        20.25
      1.0190        20.37
      1.0200        20.37
      1.0210        20.31
      1.0220        20.30
      1.0230        20.23
      1.0240        20.19
      1.0250        20.14
      1.0260        20.13
      1.0270        20.12
      1.0280        20.19
      1.0290        20.35
      1.0300        20.50
      1.0310        20.48
      1.0320        20.52
      1.0330        20.52
      1.0340        20.82
      1.0350        21.02
      1.0360        21.25
      1.0370        21.33
      1.0380        21.50
      1.0390        21.58
      1.0400        21.73
      1.0410        21.79
      1.0420        21.93
      1.0430        22.08
      1.0440        22.20
      1.0450        22.41
      1.0460        22.41
      1.0470        22.54
      1.0480        22.61
      1.0490        22.69
      1.0500        22.68
      1.0510        22.81
      1.0520        22.94
      1.0530        23.04
      1.0540        23.13
      1.0550        23.16
      1.0560        23.17
      1.0570        23.28
      1.0580        23.30
      1.0590        23.41
      1.0600        23.57
      1.0610        23.72
      1.0620        23.75
      1.0630        23.77
      1.0640        23.86
      1.0650        23.84
      1.0660        24.03
      1.0670        24.16
      1.0680        24.13
      1.0690        24.14
      1.0700        24.22
      1.0710        24.18
      1.0720        24.16
      1.0730        24.27
      1.0740        24.24
      1.0750        24.28
      1.0760        24.30
      1.0770        24.38
      1.0780        24.43
      1.0790        24.45
      1.0800        24.46
      1.0810        24.51
      1.0820        24.60
      1.0830        24.70
      1.0840        24.72
      1.0850        24.84
      1.0860        24.76
      1.0870        24.80
      1.0880        24.99
      1.0890        25.07
      1.0900        25.08
      1.0910        25.28
      1.0920        25.35
      1.0930        25.35
      1.0940        25.40
      1.0950        25.44
      1.0960        25.56
      1.0970        25.53
      1.0980        25.58
      1.0990        25.74
      1.1000        25.68
      1.1010        25.71
      1.1020        25.74
      1.1030        25.81
      1.1040        25.86
      1.1050        25.96
      1.1060        26.16
      1.1070        26.29
      1.1080        26.36
      1.1090        26.44
      1.1100        26.65
      1.1110        26.72
      1.1120        26.77
      1.1130        26.98
      1.1140        27.09
      1.1150        27.22
      1.1160        27.29
      1.1170        27.53
      1.1180        27.67
      1.1190        27.75
      1.1200        27.95
      1.1210        28.03
      1.1220        28.16
      1.1230        28.26
      1.1240        28.42
      1.1250        28.47
      1.1260        28.49
      1.1270        28.43
      1.1280        28.46
      1.1290        28.53
      1.1300        28.58
      1.1310        28.54
      1.1320        28.60
      1.1330        28.56
      1.1340        28.60
      1.1350        28.67
      1.1360        28.67
      1.1370        28.63
      1.1380        28.68
      1.1390        28.78
      1.1400        28.78
      1.1410        28.82
      1.1420        28.79
      1.1430        28.85
      1.1440        28.87
      1.1450        28.88
      1.1460        28.91
      1.1470        29.03
      1.1480        29.00
      1.1490        29.08
      1.1500        29.11
      1.1510        29.15
      1.1520        29.24
      1.1530        29.30
      1.1540        29.35
      1.1550        29.31
      1.1560        29.27
      1.1570        29.24
      1.1580        29.23
      1.1590        29.10
      1.1600        29.10
      1.1610        29.09
      1.1620        29.19
      1.1630        29.18
      1.1640        29.10
      1.1650        29.06
      1.1660        29.14
      1.1670        29.06
      1.1680        29.06
      1.1690        28.99
      1.1700        28.89
      1.1710        28.88
      1.1720        28.91
      1.1730        28.85
      1.1740        28.92
      1.1750        29.04
      1.1760        29.17
      1.1770        29.28
      1.1780        29.36
      1.1790        29.51
      1.1800        29.69
      1.1810        29.83
      1.1820        29.96
      1.1830        30.05
      1.1840        30.35
      1.1850        30.51
      1.1860        30.65
      1.1870        30.79
      1.1880        31.03
      1.1890        31.16
      1.1900        31.32
      1.1910        31.67
      1.1920        31.86
      1.1930        32.09
      1.1940        32.23
      1.1950        32.33
      1.1960        32.52
      1.1970        32.62
      1.1980        32.74
      1.1990        32.86
      1.2000        33.01
      1.2010        33.15
      1.2020        33.25
      1.2030        33.37
      1.2040        33.45
      1.2050        33.51
      1.2060        33.57
      1.2070        33.70
      1.2080        33.70
      1.2090        33.80
      1.2100        33.95
      1.2110        34.01
      1.2120        34.07
      1.2130        34.15
      1.2140        34.29
      1.2150        34.38
      1.2160        34.42
      1.2170        34.49
      1.2180        34.60
      1.2190        34.64
      1.2200        34.72
      1.2210        34.72
      1.2220        34.72
      1.2230        34.80
      1.2240        34.68
      1.2250        34.75
      1.2260        34.83
      1.2270        34.88
      1.2280        34.99
      1.2290        34.92
      1.2300        34.86
      1.2310        34.73
      1.2320        34.69
      1.2330        34.61
      1.2340        34.42
      1.2350        34.45
      1.2360        34.48
      1.2370        34.41
      1.2380        34.28
      1.2390        34.31
      1.2400        34.18
      1.2410        34.20
      1.2420        34.17
      1.2430        34.09
      1.2440        34.13
      1.2450        34.02
      1.2460        33.88
      1.2470        33.73
      1.2480        33.71
      1.2490        33.73
      1.2500        33.72
      1.2510        33.69
      1.2520        33.65
      1.2530        33.68
      1.2540        33.69
      1.2550        33.59
      1.2560        33.50
      1.2570        33.58
      1.2580        33.74
      1.2590        33.83
      1.2600        33.86
      1.2610        33.93
      1.2620        33.94
      1.2630        34.05
      1.2640        34.17
      1.2650        34.42
      1.2660        34.61
      1.2670        34.82
      1.2680        34.94
      1.2690        35.02
      1.2700        35.23
      1.2710        35.29
      1.2720        35.49
      1.2730        35.64
      1.2740        35.74
      1.2750        35.88
      1.2760        36.01
      1.2770        36.16
      1.2780        36.25
      1.2790        36.32
      1.2800        36.45
      1.2810        36.44
      1.2820        36.60
      1.2830        36.72
      1.2840        36.74
      1.2850        36.72
      1.2860        36.76
      1.2870        36.83
      1.2880        36.89
      1.2890        37.09
      1.2900        37.05
      1.2910        37.25
      1.2920        37.27
      1.2930        37.26
      1.2940        37.42
      1.2950        37.47
      1.2960        37.61
      1.2970        37.66
      1.2980        37.63
      1.2990        37.59
      1.3000        37.46
      1.3010        37.46
      1.3020        37.43
      1.3030        37.32
      1.3040        37.25
      1.3050        37.22
      1.3060        37.06
      1.3070        36.87
      1.3080        36.82
      1.3090        36.74
      1.3100        36.66
      1.3110        36.37
      1.3120        36.28
      1.3130        36.20
      1.3140        36.08
      1.3150        36.01
      1.3160        35.89
      1.3170        35.79
      1.3180        35.70
      1.3190        35.66
      1.3200        35.66
      1.3210        35.66
      1.3220        35.54
      1.3230        35.51
      1.3240        35.52
      1.3250        35.47
      1.3260        35.56
      1.3270        35.70
      1.3280        35.63
      1.3290        35.52
      1.3300        35.51
      1.3310        35.63
      1.3320        35.62
      1.3330        35.69
      1.3340        35.71
      1.3350        35.69
      1.3360        35.73
      1.3370        35.82
      1.3380        35.90
      1.3390        35.96
      1.3400        36.09
      1.3410        36.14
      1.3420        36.32
      1.3430        36.40
      1.3440        36.58
      1.3450        36.72
      1.3460        36.78
      1.3470        36.89
      1.3480        37.00
      1.3490        37.22
      1.3500        37.44
      1.3510        37.70
      1.3520        37.86
      1.3530        38.02
      1.3540        38.16
      1.3550        38.28
      1.3560        38.30
      1.3570        38.33
      1.3580        38.45
      1.3590        38.49
      1.3600        38.52
      1.3610        38.57
      1.3620        38.56
      1.3630        38.56
      1.3640        38.52
      1.3650        38.53
      1.3660        38.59
      1.3670        38.55
      1.3680        38.59
      1.3690        38.61
      1.3700        38.57
      1.3710        38.56
      1.3720        38.49
      1.3730        38.44
      1.3740        38.42
      1.3750        38.48
      1.3760        38.53
      1.3770        38.47
      1.3780        38.40
      1.3790        38.37
      1.3800        38.34
      1.3810        38.40
      1.3820        38.44
      1.3830        38.43
      1.3840        38.41
      1.3850        38.41
      1.3860        38.35
      1.3870        38.27
      1.3880        38.19
      1.3890        38.11
      1.3900        38.03
      1.3910        37.91
      1.3920        37.83
      1.3930        37.74
      1.3940        37.59
      1.3950        37.46
      1.3960        37.39
      1.3970        37.37
      1.3980        37.41
      1.3990        37.35
      1.4000        37.30
      1.4010        37.28
      1.4020        37.24
      1.4030        37.29
      1.4040        37.41
      1.4050        37.43
      1.4060        37.54
      1.4070        37.67
      1.4080        37.74
      1.4090        37.83
      1.4100        37.95
      1.4110        37.94
      1.4120        38.07
      1.4130        38.20
      1.4140        38.32
      1.4150        38.40
      1.4160        38.48
      1.4170        38.59
      1.4180        38.59
      1.4190        38.73
      1.4200        38.89
      1.4210        38.95
      1.4220        39.11
      1.4230        39.24
      1.4240        39.18
      1.4250        39.27
      1.4260        39.30
      1.4270        39.40
      1.4280        39.48
      1.4290        39.51
      1.4300        39.58
      1.4310        39.70
      1.4320        39.85
      1.4330        39.98
      1.4340        40.10
      1.4350        40.23
      1.4360        40.35
      1.4370        40.55
      1.4380        40.62
      1.4390        40.71
      1.4400        40.79
      1.4410        40.94
      1.4420        41.00
      1.4430        41.02
      1.4440        41.12
      1.4450        41.14
      1.4460        41.15
      1.4470        41.09
      1.4480        41.06
      1.4490        41.10
      1.4500        41.10
      1.4510        41.13
      1.4520        41.05
      1.4530        40.97
      1.4540        41.01
      1.4550        41.08
      1.4560        40.94
      1.4570        40.78
      1.4580        40.77
      1.4590        40.73
      1.4600        40.64
      1.4610        40.52
      1.4620        40.44
      1.4630        40.45
      1.4640        40.39
      1.4650        40.44
      1.4660        40.53
      1.4670        40.57
      1.4680        40.64
      1.4690        40.60
      1.4700        40.62
      1.4710        40.60
      1.4720        40.57
      1.4730        40.54
      1.4740        40.57
      1.4750        40.49
      1.4760        40.52
      1.4770        40.60
      1.4780        40.64
      1.4790        40.67
      1.4800        40.63
      1.4810        40.61
      1.4820        40.61
      1.4830        40.52
      1.4840        40.52
      1.4850        40.47
      1.4860        40.35
      1.4870        40.32
      1.4880        40.42
      1.4890        40.49
      1.4900        40.56
      1.4910        40.68
      1.4920        40.77
      1.4930        40.85
      1.4940        40.81
      1.4950        40.87
      1.4960        41.00
      1.4970        41.05
      1.4980        41.10
      1.4990        41.17
      1.5000        41.33
      1.5010        41.49
      1.5020        41.53
      1.5030        41.73
      1.5040        41.85
      1.5050        42.00
      1.5060        42.14
      1.5070        42.32
      1.5080        42.28
      1.5090        42.34
      1.5100        42.41
      1.5110        42.50
      1.5120        42.66
      1.5130        42.80
      1.5140        42.85
      1.5150        42.89
      1.5160        43.04
      1.5170        43.07
      1.5180        43.16
      1.5190        43.24
      1.5200        43.36
      1.5210        43.44
      1.5220        43.63
      1.5230        43.68
      1.5240        43.69
      1.5250        43.72
      1.5260        43.84
      1.5270        43.79
      1.5280        43.85
      1.5290        43.89
      1.5300        43.93
      1.5310        43.85
      1.5320        43.81
      1.5330        43.79
      1.5340        43.77
      1.5350        43.77
      1.5360        43.73
      1.5370        43.65
      1.5380        43.66
      1.5390        43.60
      1.5400        43.40
      1.5410        43.38
      1.5420        43.26
      1.5430        43.14
      1.5440        43.10
      1.5450        43.00
      1.5460        42.86
      1.5470        42.86
      1.5480        42.84
      1.5490        42.75
      1.5500        42.63
      1.5510        42.59
      1.5520        42.58
      1.5530        42.59
      1.5540        42.56
      1.5550        42.60
      1.5560        42.51
      1.5570        42.50
      1.5580        42.46
      1.5590        42.42
      1.5600        42.54
      1.5610        42.43
      1.5620        42.34
      1.5630        42.38
      1.5640        42.47
      1.5650        42.42
      1.5660        42.35
      1.5670        42.31
      1.5680        42.40
      1.5690        42.47
      1.5700        42.50
      1.5710        42.63
      1.5720        42.59
      1.5730        42.54
      1.5740        42.66
      1.5750        42.81
      1.5760        42.94
      1.5770        43.10
      1.5780        43.20
      1.5790        43.32
      1.5800        43.42
      1.5810        43.62
      1.5820        43.87
      1.5830        44.03
      1.5840        44.08
      1.5850        44.27
      1.5860        44.58
      1.5870        44.75
      1.5880        44.81
      1.5890        44.96
      1.5900        45.12
      1.5910        45.18
      1.5920        45.32
      1.5930        45.54
      1.5940        45.59
      1.5950        45.63
      1.5960        45.74
      1.5970        45.87
      1.5980        45.86
      1.5990        45.89
      1.6000        46.04
      1.6010        46.03
      1.6020        45.93
      1.6030        45.81
      1.6040        45.74
      1.6050        45.69
      1.6060        45.49
      1.6070        45.42
      1.6080        45.29
      1.6090        45.14
      1.6100        45.05
      1.6110        44.98
      1.6120        44.72
      1.6130        44.52
      1.6140        44.36
      1.6150        44.16
      1.6160        43.91
      1.6170        43.69
      1.6180        43.61
      1.6190        43.43
      1.6200        42.93
      1.6210        42.66
      1.6220        42.54
      1.6230        42.42
      1.6240        42.33
      1.6250        42.08
      1.6260        41.98
      1.6270        41.76
      1.6280        41.57
      1.6290        41.38
      1.6300        41.21
      1.6310        40.96
      1.6320        40.89
      1.6330        40.77
      1.6340        40.66
      1.6350        40.54
      1.6360        40.42
      1.6370        40.28
      1.6380        40.11
      1.6390        40.21
      1.6400        40.42
      1.6410        40.56
      1.6420        40.58
      1.6430        40.52
      1.6440        40.65
      1.6450        40.85
      1.6460        40.93
      1.6470        41.09
      1.6480        41.28
      1.6490        41.44
      1.6500        41.48
      1.6510        41.80
      1.6520        42.09
      1.6530        42.35
      1.6540        42.57
      1.6550        42.77
      1.6560        43.04
      1.6570        43.32
      1.6580        43.58
      1.6590        43.68
      1.6600        43.83
      1.6610        43.95
      1.6620        44.15
      1.6630        44.53
      1.6640        44.59
      1.6650        44.83
      1.6660        44.99
      1.6670        45.22
      1.6680        45.39
      1.6690        45.59
      1.6700        45.99
      1.6710        46.10
      1.6720        46.20
      1.6730        46.42
      1.6740        46.64
      1.6750        46.76
      1.6760        46.86
      1.6770        47.01
      1.6780        47.22
      1.6790        47.36
      1.6800        47.42
      1.6810        47.46
      1.6820        47.42
      1.6830        47.42
      1.6840        47.43
      1.6850        47.31
      1.6860        47.34
      1.6870        47.25
      1.6880        47.13
      1.6890        46.98
      1.6900        46.69
      1.6910        46.54
      1.6920        46.38
      1.6930        46.02
      1.6940        45.78
      1.6950        45.65
      1.6960        45.49
      1.6970        45.18
      1.6980        44.95
      1.6990        44.82
      1.7000        44.67
      1.7010        44.51
      1.7020        44.42
      1.7030        44.24
      1.7040        44.04
      1.7050        43.97
      1.7060        43.83
      1.7070        43.76
      1.7080        43.72
      1.7090        43.71
      1.7100        43.72
      1.7110        43.76
      1.7120        43.82
      1.7130        43.97
      1.7140        44.11
      1.7150        44.17
      1.7160        44.25
      1.7170        44.45
      1.7180        44.50
      1.7190        44.56
      1.7200        44.74
      1.7210        44.92
      1.7220        45.08
      1.7230        45.25
      1.7240        45.56
      1.7250        45.76
      1.7260        46.04
      1.7270        46.25
      1.7280        46.51
      1.7290        46.71
      1.7300        46.87
      1.7310        47.10
      1.7320        47.28
      1.7330        47.43
      1.7340        47.48
      1.7350        47.64
      1.7360        47.76
      1.7370        47.91
      1.7380        48.08
      1.7390        48.28
      1.7400        48.38
      1.7410        48.44
      1.7420        48.51
      1.7430        48.52
      1.7440        48.55
      1.7450        48.55
      1.7460        48.68
      1.7470        48.74
      1.7480        48.80
      1.7490        48.94
      1.7500        49.06
      1.7510        49.04
      1.7520        49.05
      1.7530        49.17
      1.7540        49.32
      1.7550        49.43
      1.7560        49.61
      1.7570        49.81
      1.7580        49.84
      1.7590        49.86
      1.7600        49.97
      1.7610        50.04
      1.7620        50.09
      1.7630        50.17
      1.7640        50.14
      1.7650        50.25
      1.7660        50.09
      1.7670        50.10
      1.7680        49.98
      1.7690        49.83
      1.7700        49.81
      1.7710        49.65
      1.7720        49.53
      1.7730        49.43
      1.7740        49.23
      1.7750        49.06
      1.7760        48.74
      1.7770        48.46
      1.7780        48.28
      1.7790        48.12
      1.7800        47.92
      1.7810        47.81
      1.7820        47.73
      1.7830        47.68
      1.7840        47.56
      1.7850        47.41
      1.7860        47.29
      1.7870        47.18
      1.7880        47.14
      1.7890        47.10
      1.7900        47.02
      1.7910        46.94
      1.7920        47.01
      1.7930        46.95
      1.7940        46.94
      1.7950        46.95
      1.7960        47.20
      1.7970        47.22
      1.7980        47.37
      1.7990        47.34
      1.8000        47.48
      1.8010        47.57
      1.8020        47.57
      1.8030        47.65
      1.8040        47.76
      1.8050        47.87
      1.8060        48.11
      1.8070        48.18
      1.8080        48.36
      1.8090        48.60
      1.8100        48.74
      1.8110        48.97
      1.8120        49.07
      1.8130        49.26
      1.8140        49.49
      1.8150        49.73
      1.8160        49.84
      1.8170        49.97
      1.8180        50.16
      1.8190        50.39
      1.8200        50.48
      1.8210        50.63
      1.8220        50.80
      1.8230        50.92
      1.8240        51.06
      1.8250        51.26
      1.8260        51.31
      1.8270        51.43
      1.8280        51.50
      1.8290        51.47
      1.8300        51.49
      1.8310        51.63
      1.8320        51.62
      1.8330        51.59
      1.8340        51.51
      1.8350        51.31
      1.8360        51.12
      1.8370        51.09
      1.8380        50.90
      1.8390        50.62
      1.8400        50.53
      1.8410        50.30
      1.8420        50.21
      1.8430        49.96
      1.8440        49.78
      1.8450        49.37
      1.8460        49.12
      1.8470        48.85
      1.8480        48.46
      1.8490        48.16
      1.8500        47.78
      1.8510        47.41
      1.8520        47.17
      1.8530        46.83
      1.8540        46.53
      1.8550        46.37
      1.8560        46.18
      1.8570        45.86
      1.8580        45.62
      1.8590        45.51
      1.8600        45.26
      1.8610        45.06
      1.8620        44.84
      1.8630        44.72
      1.8640        44.63
      1.8650        44.57
      1.8660        44.50
      1.8670        44.45
      1.8680        44.48
      1.8690        44.45
      1.8700        44.58
      1.8710        44.65
      1.8720        44.69
      1.8730        44.77
      1.8740        44.88
      1.8750        44.98
      1.8760        45.14
      1.8770        45.24
      1.8780        45.40
      1.8790        45.54
      1.8800        45.77
      1.8810        45.97
      1.8820        46.12
      1.8830        46.22
      1.8840        46.42
      1.8850        46.52
      1.8860        46.68
      1.8870        46.81
      1.8880        46.94
      1.8890        47.06
      1.8900        47.14
      1.8910        47.16
      1.8920        47.25
      1.8930        47.44
      1.8940        47.60
      1.8950        47.69
      1.8960        47.72
      1.8970        47.85
      1.8980        47.95
      1.8990        48.11
      1.9000        48.11
      1.9010        48.15
      1.9020        48.20
      1.9030        48.24
      1.9040        48.25
      1.9050        48.35
      1.9060        48.39
      1.9070        48.48
      1.9080        48.49
      1.9090        48.68
      1.9100        48.80
      1.9110        48.92
      1.9120        48.91
      1.9130        48.79
      1.9140        48.69
      1.9150        48.65
      1.9160        48.59
      1.9170        48.45
      1.9180        48.20
      1.9190        47.92
      1.9200        47.79
      1.9210        47.61
      1.9220        47.46
      1.9230        47.24
      1.9240        47.04
      1.9250        46.86
      1.9260        46.55
      1.9270        46.28
      1.9280        46.07
      1.9290        45.72
      1.9300        45.32
      1.9310        45.02
      1.9320        44.80
      1.9330        44.66
      1.9340        44.47
      1.9350        44.33
      1.9360        44.21
      1.9370        44.10
      1.9380        44.11
      1.9390        44.12
      1.9400        44.18
      1.9410        44.18
      1.9420        44.24
      1.9430        44.42
      1.9440        44.50
      1.9450        44.64
      1.9460        44.86
      1.9470        45.00
      1.9480        45.30
      1.9490        45.49
      1.9500        45.87
      1.9510        46.10
      1.9520        46.45
      1.9530        46.65
      1.9540        47.01
      1.9550        47.28
      1.9560        47.60
      1.9570        47.95
      1.9580        48.29
      1.9590        48.61
      1.9600        48.76
      1.9610        49.01
      1.9620        49.24
      1.9630        49.47
      1.9640        49.73
      1.9650        49.91
      1.9660        50.07
      1.9670        50.28
      1.9680        50.40
      1.9690        50.69
      1.9700        50.87
      1.9710        51.08
      1.9720        51.21
      1.9730        51.42
      1.9740        51.54
      1.9750        51.62
      1.9760        51.72
      1.9770        51.75
      1.9780        51.80
      1.9790        51.86
      1.9800        51.88
      1.9810        51.93
      1.9820        51.94
      1.9830        51.91
      1.9840        51.81
      1.9850        51.79
      1.9860        51.84
      1.9870        51.78
      1.9880        51.68
      1.9890        51.50
      1.9900        51.34
      1.9910        51.14
      1.9920        51.03
      1.9930        50.95
      1.9940        50.79
      1.9950        50.63
      1.9960        50.40
      1.9970        50.32
      1.9980        50.06
      1.9990        49.76
      2.0000        49.67
      2.0010        49.55
      2.0020        49.36
      2.0030        49.12
      2.0040        48.97
      2.0050        48.83
      2.0060        48.57
      2.0070        48.33
      2.0080        48.17
      2.0090        48.07
      2.0100        47.87
      2.0110        47.79
      2.0120        47.59
      2.0130        47.37
      2.0140        47.15
      2.0150        47.15
      2.0160        47.05
      2.0170        47.03
      2.0180        47.01
      2.0190        47.01
      2.0200        46.94
      2.0210        46.86
      2.0220        46.82
      2.0230        46.98
      2.0240        47.10
      2.0250        47.24
      2.0260        47.30
      2.0270        47.50
      2.0280        47.72
      2.0290        47.79
      2.0300        48.08
      2.0310        48.29
      2.0320        48.52
      2.0330        48.72
      2.0340        48.98
      2.0350        49.14
      2.0360        49.35
      2.0370        49.53
      2.0380        49.78
      2.0390        50.14
      2.0400        50.47
      2.0410        50.79
      2.0420        51.04
      2.0430        51.20
      2.0440        51.33
      2.0450        51.51
      2.0460        51.80
      2.0470        51.94
      2.0480        52.08
      2.0490        52.23
      2.0500        52.38
      2.0510        52.53
      2.0520        52.62
      2.0530        52.73
      2.0540        52.92
      2.0550        52.96
      2.0560        53.12
      2.0570        53.13
      2.0580        53.23
      2.0590        53.09
      2.0600        53.06
      2.0610        53.03
      2.0620        52.99
      2.0630        52.85
      2.0640        52.77
      2.0650        52.61
      2.0660        52.45
      2.0670        52.31
      2.0680        52.03
      2.0690        51.93
      2.0700        51.61
      2.0710        51.37
      2.0720        51.17
      2.0730        50.86
      2.0740        50.57
      2.0750        50.29
      2.0760        49.91
      2.0770        49.55
      2.0780        49.19
      2.0790        48.91
      2.0800        48.59
      2.0810        48.20
      2.0820        47.88
      2.0830        47.63
      2.0840        47.28
      2.0850        46.99
      2.0860        46.68
      2.0870        46.34
      2.0880        46.10
      2.0890        45.85
      2.0900        45.55
      2.0910        45.24
      2.0920        44.97
      2.0930        44.80
      2.0940        44.48
      2.0950        44.26
      2.0960        44.06
      2.0970        43.93
      2.0980        43.80
      2.0990        43.80
      2.1000        43.52
      2.1010        43.43
      2.1020        43.44
      2.1030        43.35
      2.1040        43.35
      2.1050        43.30
      2.1060        43.20
      2.1070        43.32
      2.1080        43.34
      2.1090        43.26
      2.1100        43.42
      2.1110        43.53
      2.1120        43.58
      2.1130        43.56
      2.1140        43.65
      2.1150        43.61
      2.1160        43.65
      2.1170        43.77
      2.1180        43.70
      2.1190        43.66
      2.1200        43.73
      2.1210        43.86
      2.1220        43.84
      2.1230        43.94
      2.1240        44.00
      2.1250        44.07
      2.1260        44.12
      2.1270        44.11
      2.1280        44.00
      2.1290        44.01
      2.1300        43.96
      2.1310        43.86
      2.1320        43.82
      2.1330        43.84
      2.1340        43.85
      2.1350        43.92
      2.1360        43.92
      2.1370        43.74
      2.1380        43.77
      2.1390        43.71
      2.1400        43.67
      2.1410        43.49
      2.1420        43.34
      2.1430        43.19
      2.1440        43.01
      2.1450        42.84
      2.1460        42.67
      2.1470        42.44
      2.1480        42.26
      2.1490        41.94
      2.1500        41.63
      2.1510        41.31
      2.1520        40.92
      2.1530        40.66
      2.1540        40.30
      2.1550        39.93
      2.1560        39.55
      2.1570        39.29
      2.1580        38.87
      2.1590        38.46
      2.1600        38.05
      2.1610        37.72
      2.1620        37.38
      2.1630        37.03
      2.1640        36.69
      2.1650        36.32
      2.1660        36.08
      2.1670        35.78
      2.1680        35.52
      2.1690        35.32
      2.1700        35.00
      2.1710        34.83
      2.1720        34.56
      2.1730        34.30
      2.1740        34.08
      2.1750        33.85
      2.1760        33.72
      2.1770        33.50
      2.1780        33.33
      2.1790        33.18
      2.1800        33.05
      2.1810        32.75
      2.1820        32.47
      2.1830        32.22
      2.1840        31.98
      2.1850        31.77
      2.1860        31.55
      2.1870        31.27
      2.1880        31.06
      2.1890        31.01
      2.1900        30.85
      2.1910        30.59
      2.1920        30.49
      2.1930        30.24
      2.1940        30.11
      2.1950        29.95
      2.1960        29.82
      2.1970        29.63
      2.1980        29.51
      2.1990        29.37
      2.2000        29.28
      2.2010        29.39
      2.2020        29.30
      2.2030        29.27
      2.2040        29.19
      2.2050        29.12
      2.2060        29.04
      2.2070        29.02
      2.2080        28.91
      2.2090        28.63
      2.2100        28.52
      2.2110        28.41
      2.2120        28.32
      2.2130        28.35
      2.2140        28.22
      2.2150        27.98
      2.2160        27.79
      2.2170        27.56
      2.2180        27.48
      2.2190        27.28
      2.2200        26.94
      2.2210        26.55
      2.2220        26.40
      2.2230        26.23
      2.2240        26.07
      2.2250        25.79
      2.2260        25.60
      2.2270        25.42
      2.2280        25.28
      2.2290        25.18
      2.2300        25.02
      2.2310        24.94
      2.2320        24.71
      2.2330        24.46
      2.2340        24.28
      2.2350        24.34
      2.2360        24.19
      2.2370        24.19
      2.2380        24.07
      2.2390        23.93
      2.2400        23.93
      2.2410        23.91
      2.2420        23.80
      2.2430        23.68
      2.2440        23.72
      2.2450        23.71
      2.2460        23.63
      2.2470        23.47
      2.2480        23.39
      2.2490        23.25
      2.2500        23.26
      2.2510        23.18
      2.2520        23.18
      2.2530        23.12
      2.2540        23.05
      2.2550        22.98
      2.2560        22.90
      2.2570        22.79
      2.2580        22.61
      2.2590        22.55
      2.2600        22.47
      2.2610        22.38
      2.2620        22.25
      2.2630        22.10
      2.2640        21.84
      2.2650        21.64
      2.2660        21.35
      2.2670        21.20
      2.2680        20.95
      2.2690        20.79
      2.2700        20.52
      2.2710        20.31
      2.2720        20.07
      2.2730        19.83
      2.2740        19.60
      2.2750        19.28
      2.2760        19.03
      2.2770        18.68
      2.2780        18.47
      2.2790        18.21
      2.2800        17.99
      2.2810        17.70
      2.2820        17.46
      2.2830        17.21
      2.2840        16.96
      2.2850        16.77
      2.2860        16.58
      2.2870        16.38
      2.2880        16.29
      2.2890        16.09
      2.2900        15.87
      2.2910        15.57
      2.2920        15.31
      2.2930        15.06
      2.2940        14.84
      2.2950        14.59
      2.2960        14.44
      2.2970        14.38
      2.2980        14.14
      2.2990        13.91
      2.3000        13.75
      2.3010        13.59
      2.3020        13.46
      2.3030        13.22
      2.3040        13.07
      2.3050        12.84
      2.3060        12.70
      2.3070        12.52
      2.3080        12.38
      2.3090        12.09
      2.3100        11.97
      2.3110        11.96
      2.3120        11.82
      2.3130        11.69
      2.3140        11.49
      2.3150        11.44
      2.3160        11.33
      2.3170        11.14
      2.3180        11.09
      2.3190        10.97
      2.3200        10.75
      2.3210        10.57
      2.3220        10.36
      2.3230        10.17
      2.3240        10.02
      2.3250         9.92
      2.3260         9.79
      2.3270         9.71
      2.3280         9.54
      2.3290         9.50
      2.3300         9.31
      2.3310         9.14
      2.3320         9.05
      2.3330         8.90
      2.3340         8.78
      2.3350         8.57
      2.3360         8.39
      2.3370         8.36
      2.3380         8.25
      2.3390         8.12
      2.3400         8.05
      2.3410         8.01
      2.3420         7.91
      2.3430         7.88
      2.3440         7.74
      2.3450         7.63
      2.3460         7.51
      2.3470         7.37
      2.3480         7.27
      2.3490         7.17
      2.3500         7.24
      2.3510         7.22
      2.3520         7.09
      2.3530         7.04
      2.3540         6.97
      2.3550         6.94
      2.3560         6.80
      2.3570         6.62
      2.3580         6.45
      2.3590         6.36
      2.3600         6.30
      2.3610         6.17
      2.3620         6.12
      2.3630         6.11
      2.3640         6.01
      2.3650         5.95
      2.3660         5.89
      2.3670         5.85
      2.3680         5.84
      2.3690         5.75
      2.3700         5.52
      2.3710         5.36
      2.3720         5.40
      2.3730         5.32
      2.3740         5.33
      2.3750         5.20
      2.3760         5.14
      2.3770         5.10
      2.3780         5.07
      2.3790         4.94
      2.3800         4.93
      2.3810         4.93
      2.3820         4.83
      2.3830         4.65
      2.3840         4.57
      2.3850         4.56
      2.3860         4.36
      2.3870         4.22
      2.3880         4.05
      2.3890         4.01
      2.3900         3.92
      2.3910         3.76
      2.3920         3.68
      2.3930         3.65
      2.3940         3.56
      2.3950         3.42
      2.3960         3.34
      2.3970         3.25
      2.3980         3.24
      2.3990         3.23
      2.4000         3.06
      2.4010         2.92
      2.4020         2.25
      2.4030         2.24
      2.4040         1.68
      2.4050         1.54
      2.4060         1.53
      2.4070         1.50
      2.4080         1.00
      2.4090         1.00
      2.4100         1.00
      2.4110         1.00
      2.4120         1.00
      2.4130         1.00
      2.4140         1.00
      2.4150         1.00
      2.4160         1.00
      2.4170         1.00
      2.4180         1.00
      2.4190         1.00
      2.4200         1.00
      2.4210         1.00
      2.4220         1.00
      2.4230         1.00
      2.4240         1.00
      2.4250         1.00
      2.4260         1.00
      2.4270         1.00
      2.4280         1.00
      2.4290         1.00
      2.4300         1.00
      2.4310         1.00
      2.4320         1.00
      2.4330         1.00
      2.4340         1.00
      2.4350         1.00
      2.4360         1.00
      2.4370         1.00
      2.4380         1.00
      2.4390         1.00
      2.4400         1.00
      2.4410         1.00
      2.4420         1.00
      2.4430         1.00
      2.4440         1.00
      2.4450         1.00
      2.4460         1.00
      2.4470         1.00
      2.4480         1.00
      2.4490         1.00
      2.4500         1.00
      2.4510         1.00
      2.4520         1.00
      2.4530         1.00
      2.4540         1.00
      2.4550         1.00
      2.4560         1.00
      2.4570         1.00
      2.4580         1.00
      2.4590         1.00
      2.4600         1.00
      2.4610         1.00
      2.4620         1.00
      2.4630         1.00
      2.4640         1.00
      2.4650         1.00
      2.4660         1.00
      2.4670         1.00
      2.4680         1.00
      2.4690         1.00
      2.4700         1.00
      2.4710         1.00
      2.4720         1.00
      2.4730         1.00
      2.4740         1.00
      2.4750         1.00
      2.4760         1.00
      2.4770         1.00
      2.4780         1.00
      2.4790         1.00
      2.4800         1.00
      2.4810         1.00
      2.4820         1.00
      2.4830         1.00
      2.4840         1.00
      2.4850         1.00
      2.4860         1.00
      2.4870         1.00
      2.4880         1.00
      2.4890         1.00
      2.4900         1.00
      2.4910         1.00
      2.4920         1.00
      2.4930         1.00
      2.4940         1.00
      2.4950         1.00
      2.4960         1.00
      2.4970         1.00
      2.4980         1.00
      2.4990         1.00
      2.5000         1.00
      2.5010         1.00
      2.5020         1.00
      2.5030         1.00
      2.5040         1.00
      2.5050         1.00
      2.5060         1.00
      2.5070         1.00
      2.5080         1.00
      2.5090         1.00
      2.5100         1.00
      2.5110         1.00
      2.5120         1.00
      2.5130         1.00
      2.5140         1.00
      2.5150         1.00
      2.5160         1.00
      2.5170         1.00
      2.5180         1.00
      2.5190         1.00
      2.5200         1.00
      2.5210         1.00
      2.5220         1.00
      2.5230         1.00
      2.5240         1.00
      2.5250         1.00
      2.5260         1.00
      2.5270         1.00
      2.5280         1.00
      2.5290         1.00
      2.5300         1.00
      2.5310         1.00
      2.5320         1.00
      2.5330         1.00
      2.5340         1.00
      2.5350         1.00
      2.5360         1.00
      2.5370         1.00
      2.5380         1.00
      2.5390         1.00
      2.5400         1.00
      2.5410         1.00
      2.5420         1.00
      2.5430         1.00
      2.5440         1.00
      2.5450         1.00
      2.5460         1.00
      2.5470         1.00
      2.5480         1.00
      2.5490         1.00
      2.5500         1.00
      2.5510         1.00
      2.5520         1.00
      2.5530         1.00
      2.5540         1.00
      2.5550         1.00
      2.5560         1.00
      2.5570         1.00
      2.5580         1.00
      2.5590         1.00
      2.5600         1.00
      2.5610         1.00
      2.5620         1.00
      2.5630         1.00
      2.5640         1.00
      2.5650         1.00
      2.5660         1.00
      2.5670         1.00
      2.5680         1.00
      2.5690         1.00
      2.5700         1.00
      2.5710         1.00
      2.5720         1.00
      2.5730         1.00
      2.5740         1.00
      2.5750         1.00
      2.5760         1.00
      2.5770         1.00
      2.5780         1.00
      2.5790         1.00
      2.5800         1.00
      2.5810         1.00
      2.5820         1.00
      2.5830         1.00
      2.5840         1.00
      2.5850         1.00
      2.5860         1.00
      2.5870         1.00
      2.5880         1.00
      2.5890         1.00
      2.5900         1.00
      2.5910         1.00
      2.5920         1.00
      2.5930         1.00
      2.5940         1.00
      2.5950         1.00
      2.5960         1.00
      2.5970         1.00
      2.5980         1.00
      2.5990         1.00
      2.6000         1.00
      2.6010         1.00
      2.6020         1.00
      2.6030         1.00
      2.6040         1.00
      2.6050         1.00
      2.6060         1.00
      2.6070         1.00
      2.6080         1.00
      2.6090         1.00
      2.6100         1.00
      2.6110         1.00
      2.6120         1.00
      2.6130         1.00
      2.6140         1.00
      2.6150         1.00
      2.6160         1.00
      2.6170         1.00
      2.6180         1.00
      2.6190         1.00
      2.6200         1.00
      2.6210         1.00
      2.6220         1.00
      2.6230         1.00
      2.6240         1.00
      2.6250         1.00
      2.6260         1.00
      2.6270         1.00
      2.6280         1.00
      2.6290         1.00
      2.6300         1.00
      2.6310         1.00
      2.6320         1.00
      2.6330         1.00
      2.6340         1.00
      2.6350         1.00
      2.6360         1.00
      2.6370         1.00
      2.6380         1.00
      2.6390         1.00
      2.6400         1.00
      2.6410         1.00
      2.6420         1.00
      2.6430         1.00
      2.6440         1.00
      2.6450         1.00
      2.6460         1.00
      2.6470         1.00
      2.6480         1.00
      2.6490         1.00
      2.6500         1.00
      2.6510         1.00
      2.6520         1.00
      2.6530         1.00
      2.6540         1.00
      2.6550         1.00
      2.6560         1.00
      2.6570         1.00
      2.6580         1.00
      2.6590         1.00
      2.6600         1.00
      2.6610         1.00
      2.6620         1.00
      2.6630         1.00
      2.6640         1.00
      2.6650         1.00
      2.6660         1.00
      2.6670         1.00
      2.6680         1.00
      2.6690         1.00
      2.6700         1.00
      2.6710         1.00
      2.6720         1.00
      2.6730         1.00
      2.6740         1.00
      2.6750         1.00
      2.6760         1.00
      2.6770         1.00
      2.6780         1.00
      2.6790         1.00
      2.6800         1.00
      2.6810         1.00
      2.6820         1.00
      2.6830         1.00
      2.6840         1.00
      2.6850         1.00
      2.6860         1.00
      2.6870         1.00
      2.6880         1.00
      2.6890         1.00
      2.6900         1.00
      2.6910         1.00
      2.6920         1.00
      2.6930         1.00
      2.6940         1.00
      2.6950         1.00
      2.6960         1.00
      2.6970         1.00
      2.6980         1.00
      2.6990         1.00
      2.7000         1.00
      2.7010         1.00
      2.7020         1.00
      2.7030         1.00
      2.7040         1.00
      2.7050         1.00
      2.7060         1.00
      2.7070         1.00
      2.7080         1.00
      2.7090         1.00
      2.7100         1.00
      2.7110         1.00
      2.7120         1.00
      2.7130         1.00
      2.7140         1.00
      2.7150         1.00
      2.7160         1.00
      2.7170         1.00
      2.7180         1.00
      2.7190         1.00
      2.7200         1.00
      2.7210         1.00
      2.7220         1.00
      2.7230         1.00
      2.7240         1.00
      2.7250         1.00
      2.7260         1.00
      2.7270         1.00
      2.7280         1.00
      2.7290         1.00
      2.7300         1.00
      2.7310         1.00
      2.7320         1.00
      2.7330         1.00
      2.7340         1.00
      2.7350         1.00
      2.7360         1.00
      2.7370         1.00
      2.7380         1.00
      2.7390         1.00
      2.7400         1.00
      2.7410         1.00
      2.7420         1.00
      2.7430         1.00
      2.7440         1.00
      2.7450         1.00
      2.7460         1.00
      2.7470         1.00
      2.7480         1.00
      2.7490         1.00
      2.7500         1.00
      2.7510         1.00
      2.7520         1.00
      2.7530         1.00
      2.7540         1.00
      2.7550         1.00
      2.7560         1.00
      2.7570         1.00
      2.7580         1.00
      2.7590         1.00
      2.7600         1.00
      2.7610         1.00
      2.7620         1.00
      2.7630         1.00
      2.7640         1.00
      2.7650         1.00
      2.7660         1.00
      2.7670         1.00
      2.7680         1.00
      2.7690         1.00
      2.7700         1.00
      2.7710         1.00
      2.7720         1.00
      2.7730         1.00
      2.7740         1.00
      2.7750         1.00
      2.7760         1.00
      2.7770         1.00
      2.7780         1.00
      2.7790         1.00
      2.7800         1.00
      2.7810         1.00
      2.7820         1.00
      2.7830         1.00
      2.7840         1.00
      2.7850         1.00
      2.7860         1.00
      2.7870         1.00
      2.7880         1.00
      2.7890         1.00
      2.7900         1.00
      2.7910         1.00
      2.7920         1.00
      2.7930         1.00
      2.7940         1.00
      2.7950         1.00
      2.7960         1.00
      2.7970         1.00
      2.7980         1.00
      2.7990         1.00
      2.8000         1.00
      2.8010         1.00
      2.8020         1.00
      2.8030         1.00
      2.8040         1.00
      2.8050         1.00
      2.8060         1.00
      2.8070         1.00
      2.8080         1.00
      2.8090         1.00
      2.8100         1.00
      2.8110         1.00
      2.8120         1.00
      2.8130         1.00
      2.8140         1.00
      2.8150         1.00
      2.8160         1.00
      2.8170         1.00
      2.8180         1.00
      2.8190         1.00
      2.8200         1.00
      2.8210         1.00
      2.8220         1.00
      2.8230         1.00
      2.8240         1.00
      2.8250         1.00
      2.8260         1.00
      2.8270         1.00
      2.8280         1.00
      2.8290         1.00
      2.8300         1.00
      2.8310         1.00
      2.8320         1.00
      2.8330         1.00
      2.8340         1.00
      2.8350         1.00
      2.8360         1.00
      2.8370         1.00
      2.8380         1.00
      2.8390         1.00
      2.8400         1.00
      2.8410         1.00
      2.8420         1.00
      2.8430         1.00
      2.8440         1.00
      2.8450         1.00
      2.8460         1.00
      2.8470         1.00
      2.8480         1.00
      2.8490         1.00
      2.8500         1.00
      2.8510         1.00
      2.8520         1.00
      2.8530         1.00
      2.8540         1.00
      2.8550         1.00
      2.8560         1.00
      2.8570         1.00
      2.8580         1.00
      2.8590         1.00
      2.8600         1.00
      2.8610         1.00
      2.8620         1.00
      2.8630         1.00
      2.8640         1.00
      2.8650         1.00
      2.8660         1.00
      2.8670         1.00
      2.8680         1.00
      2.8690         1.00
      2.8700         1.00
      2.8710         1.00
      2.8720         1.00
      2.8730         1.00
      2.8740         1.00
      2.8750         1.00
      2.8760         1.00
      2.8770         1.00
      2.8780         1.00
      2.8790         1.00
      2.8800         1.00
      2.8810         1.00
      2.8820         1.00
      2.8830         1.00
      2.8840         1.00
      2.8850         1.00
      2.8860         1.00
      2.8870         1.00
      2.8880         1.00
      2.8890         1.00
      2.8900         1.00
      2.8910         1.00
      2.8920         1.00
      2.8930         1.00
      2.8940         1.00
      2.8950         1.00
      2.8960         1.00
      2.8970         1.00
      2.8980         1.00
      2.8990         1.00
      2.9000         1.00
      2.9010         1.00
      2.9020         1.00
      2.9030         1.00
      2.9040         1.00
      2.9050         1.00
      2.9060         1.00
      2.9070         1.00
      2.9080         1.00
      2.9090         1.00
      2.9100         1.00
      2.9110         1.00
      2.9120         1.00
      2.9130         1.00
      2.9140         1.00
      2.9150         1.00
      2.9160         1.00
      2.9170         1.00
      2.9180         1.00
      2.9190         1.00
      2.9200         1.00
      2.9210         1.00
      2.9220         1.00
      2.9230         1.00
      2.9240         1.00
      2.9250         1.00
      2.9260         1.00
      2.9270         1.00
      2.9280         1.00
      2.9290         1.00
      2.9300         1.00
      2.9310         1.00
      2.9320         1.00
      2.9330         1.00
      2.9340         1.00
      2.9350         1.00
      2.9360         1.00
      2.9370         1.00
      2.9380         1.00
      2.9390         1.00
      2.9400         1.00
      2.9410         1.00
      2.9420         1.00
      2.9430         1.00
      2.9440         1.00
      2.9450         1.00
      2.9460         1.00
      2.9470         1.00
      2.9480         1.00
      2.9490         1.00
      2.9500         1.00
      2.9510         1.00
      2.9520         1.00
      2.9530         1.00
      2.9540         1.00
      2.9550         1.00
      2.9560         1.00
      2.9570         1.00
      2.9580         1.00
      2.9590         1.00
      2.9600         1.00
      2.9610         1.00
      2.9620         1.00
      2.9630         1.00
      2.9640         1.00
      2.9650         1.00
      2.9660         1.00
      2.9670         1.00
      2.9680         1.00
      2.9690         1.00
      2.9700         1.00
      2.9710         1.00
      2.9720         1.00
      2.9730         1.00
      2.9740         1.00
      2.9750         1.00
      2.9760         1.00
      2.9770         1.00
      2.9780         1.00
      2.9790         1.00
      2.9800         1.00
      2.9810         1.00
      2.9820         1.00
      2.9830         1.00
      2.9840         1.00
      2.9850         1.00
      2.9860         1.00
      2.9870         1.00
      2.9880         1.00
      2.9890         1.00
      2.9900         1.00
      2.9910         1.00
      2.9920         1.00
      2.9930         1.00
      2.9940         1.00
      2.9950         1.00
      2.9960         1.00
      2.9970         1.00
      2.9980         1.00
      2.9990         1.00
