        Time   Palpation Force
      0.0000         1.00
      0.0010         1.00
      0.0020         1.00
      0.0030         1.00
      0.0040         1.00
      0.0050         1.00
      0.0060         1.00
      0.0070         1.00
      0.0080         1.00
      0.0090         1.00
      0.0100         1.00
      0.0110         1.00
      0.0120         1.00
      0.0130         1.00
      0.0140         1.00
      0.0150         1.00
      0.0160         1.00
      0.0170         1.00
      0.0180         1.00
      0.0190         1.00
      0.0200         1.00
      0.0210         1.00
      0.0220         1.00
      0.0230         1.00
      0.0240         1.00
      0.0250         1.00
      0.0260         1.00
      0.0270         1.00
      0.0280         1.00
      0.0290         1.00
      0.0300         1.00
      0.0310         1.00
      0.0320         1.00
      0.0330         1.00
      0.0340         1.00
      0.0350         1.00
      0.0360         1.00
      0.0370         1.00
      0.0380         1.00
      0.0390         1.00
      0.0400         1.00
      0.0410         1.00
      0.0420         1.00
      0.0430         1.00
      0.0440         1.00
      0.0450         1.00
      0.0460         1.00
      0.0470         1.00
      0.0480         1.00
      0.0490         1.00
      0.0500         1.00
      0.0510         1.00
      0.0520         1.00
      0.0530         1.00
      0.0540         1.00
      0.0550         1.00
      0.0560         1.00
      0.0570         1.00
      0.0580         1.00
      0.0590         1.00
      0.0600         1.00
      0.0610         1.00
      0.0620         1.00
      0.0630         1.00
      0.0640         1.00
      0.0650         1.00
      0.0660         1.00
      0.0670         1.00
      0.0680         1.00
      0.0690         1.00
      0.0700         1.00
      0.0710         1.00
      0.0720         1.00
      0.0730         1.00
      0.0740         1.00
      0.0750         1.00
      0.0760         1.00
      0.0770         1.00
      0.0780         1.00
      0.0790         1.00
      0.0800         1.00
      0.0810         1.00
      0.0820         1.00
      0.0830         1.00
      0.0840         1.00
      0.0850         1.00
      0.0860         1.00
      0.0870         1.00
      0.0880         1.00
      0.0890         1.00
      0.0900         1.00
      0.0910         1.00
      0.0920         1.00
      0.0930         1.00
      0.0940         1.00
      0.0950         1.00
      0.0960         1.00
      0.0970         1.00
      0.0980         1.00
      0.0990         1.00
      0.1000         1.00
      0.1010         1.00
      0.1020         1.00
      0.1030         1.00
      0.1040         1.00
      0.1050         1.00
      0.1060         1.00
      0.1070         1.00
      0.1080         1.00
      0.1090         1.00
      0.1100         1.00
      0.1110         1.00
      0.1120         1.00
      0.1130         1.00
      0.1140         1.00
      0.1150         1.00
      0.1160         1.00
      0.1170         1.00
      0.1180         1.00
      0.1190         1.00
      0.1200         1.00
      0.1210         1.00
      0.1220         1.00
      0.1230         1.00
      0.1240         1.00
      0.1250         1.00
      0.1260         1.00
      0.1270         1.00
      0.1280         1.00
      0.1290         1.00
      0.1300         1.00
      0.1310         1.00
      0.1320         1.00
      0.1330         1.00
      0.1340         1.00
      0.1350         1.00
      0.1360         1.00
      0.1370         1.00
      0.1380         1.00
      0.1390         1.00
      0.1400         1.00
      0.1410         1.00
      0.1420         1.00
      0.1430         1.00
      0.1440         1.00
      0.1450         1.00
      0.1460         1.00
      0.1470         1.00
      0.1480         1.00
      0.1490         1.00
      0.1500         1.00
      0.1510         1.00
      0.1520         1.00
      0.1530         1.00
      0.1540         1.00
      0.1550         1.00
      0.1560         1.00
      0.1570         1.00
      0.1580         1.00
      0.1590         1.00
      0.1600         1.00
      0.1610         1.00
      0.1620         1.00
      0.1630         1.00
      0.1640         1.00
      0.1650         1.00
      0.1660         1.00
      0.1670         1.00
      0.1680         1.00
      0.1690         1.00
      0.1700         1.00
      0.1710         1.00
      0.1720         1.00
      0.1730         1.00
      0.1740         1.00
      0.1750         1.00
      0.1760         1.00
      0.1770         1.00
      0.1780         1.00
      0.1790         1.00
      0.1800         1.00
      0.1810         1.00
      0.1820         1.00
      0.1830         1.00
      0.1840         1.00
      0.1850         1.00
      0.1860         1.00
      0.1870         1.00
      0.1880         1.00
      0.1890         1.00
      0.1900         1.00
      0.1910         1.00
      0.1920         1.00
      0.1930         1.00
      0.1940         1.00
      0.1950         1.00
      0.1960         1.00
      0.1970         1.00
      0.1980         1.00
      0.1990         1.00
      0.2000         1.00
      0.2010         1.00
      0.2020         1.00
      0.2030         1.00
      0.2040         1.00
      0.2050         1.00
      0.2060         1.00
      0.2070         1.00
      0.2080         1.00
      0.2090         1.00
      0.2100         1.00
      0.2110         1.00
      0.2120         1.00
      0.2130         1.00
      0.2140         1.00
      0.2150         1.00
      0.2160         1.00
      0.2170         1.00
      0.2180         1.00
      0.2190         1.00
      0.2200         1.00
      0.2210         1.00
      0.2220         1.00
      0.2230         1.00
      0.2240         1.00
      0.2250         1.00
      0.2260         1.00
      0.2270         1.00
      0.2280         1.00
      0.2290         1.00
      0.2300         1.00
      0.2310         1.00
      0.2320         1.00
      0.2330         1.00
      0.2340         1.00
      0.2350         1.00
      0.2360         1.00
      0.2370         1.00
      0.2380         1.00
      0.2390         1.00
      0.2400         1.00
      0.2410         1.00
      0.2420         1.00
      0.2430         1.00
      0.2440         1.00
      0.2450         1.00
      0.2460         1.00
      0.2470         1.00
      0.2480         1.00
      0.2490         1.00
      0.2500         1.00
      0.2510         1.00
      0.2520         1.00
      0.2530         1.00
      0.2540         1.00
      0.2550         1.00
      0.2560         1.00
      0.2570         1.00
      0.2580         1.00
      0.2590         1.00
      0.2600         1.00
      0.2610         1.00
      0.2620         1.00
      0.2630         1.00
      0.2640         1.00
      0.2650         1.00
      0.2660         1.00
      0.2670         1.00
      0.2680         1.00
      0.2690         1.00
      0.2700         1.00
      0.2710         1.00
      0.2720         1.00
      0.2730         1.00
      0.2740         1.00
      0.2750         1.00
      0.2760         1.00
      0.2770         1.00
      0.2780         1.00
      0.2790         1.00
      0.2800         1.00
      0.2810         1.00
      0.2820         1.00
      0.2830         1.00
      0.2840         1.00
      0.2850         1.00
      0.2860         1.00
      0.2870         1.00
      0.2880         1.00
      0.2890         1.00
      0.2900         1.00
      0.2910         1.00
      0.2920         1.00
      0.2930         1.00
      0.2940         1.00
      0.2950         1.00
      0.2960         1.00
      0.2970         1.00
      0.2980         1.00
      0.2990         1.00
      0.3000         1.00
      0.3010         1.00
      0.3020         1.00
      0.3030         1.00
      0.3040         1.00
      0.3050         1.00
      0.3060         1.00
      0.3070         1.00
      0.3080         1.00
      0.3090         1.00
      0.3100         1.00
      0.3110         1.00
      0.3120         1.00
      0.3130         1.00
      0.3140         1.00
      0.3150         1.00
      0.3160         1.00
      0.3170         1.00
      0.3180         1.00
      0.3190         1.00
      0.3200         1.00
      0.3210         1.00
      0.3220         1.00
      0.3230         1.00
      0.3240         1.00
      0.3250         1.00
      0.3260         1.00
      0.3270         1.00
      0.3280         1.00
      0.3290         1.00
      0.3300         1.00
      0.3310         1.00
      0.3320         1.00
      0.3330         1.00
      0.3340         1.00
      0.3350         1.00
      0.3360         1.00
      0.3370         1.00
      0.3380         1.00
      0.3390         1.00
      0.3400         1.00
      0.3410         1.00
      0.3420         1.00
      0.3430         1.00
      0.3440         1.00
      0.3450         1.00
      0.3460         1.00
      0.3470         1.00
      0.3480         1.00
      0.3490         1.00
      0.3500         1.00
      0.3510         1.00
      0.3520         1.00
      0.3530         1.00
      0.3540         1.00
      0.3550         1.00
      0.3560         1.00
      0.3570         1.00
      0.3580         1.00
      0.3590         1.00
      0.3600         1.00
      0.3610         1.00
      0.3620         1.00
      0.3630         1.00
      0.3640         1.00
      0.3650         1.00
      0.3660         1.00
      0.3670         1.00
      0.3680         1.00
      0.3690         1.00
      0.3700         1.00
      0.3710         1.00
      0.3720         1.00
      0.3730         1.00
      0.3740         1.00
      0.3750         1.00
      0.3760         1.00
      0.3770         1.00
      0.3780         1.00
      0.3790         1.00
      0.3800         1.00
      0.3810         1.00
      0.3820         1.00
      0.3830         1.00
      0.3840         1.00
      0.3850         1.00
      0.3860         1.00
      0.3870         1.00
      0.3880         1.00
      0.3890         1.00
      0.3900         1.00
      0.3910         1.00
      0.3920         1.00
      0.3930         1.00
      0.3940         1.00
      0.3950         1.00
      0.3960         1.00
      0.3970         1.00
      0.3980         1.00
      0.3990         1.00
      0.4000         1.00
      0.4010         1.00
      0.4020         1.00
      0.4030         1.00
      0.4040         1.00
      0.4050         1.00
      0.4060         1.00
      0.4070         1.00
      0.4080         1.00
      0.4090         1.00
      0.4100         1.00
      0.4110         1.00
      0.4120         1.00
      0.4130         1.00
      0.4140         1.00
      0.4150         1.00
      0.4160         1.00
      0.4170         1.00
      0.4180         1.00
      0.4190         1.00
      0.4200         1.00
      0.4210         1.00
      0.4220         1.00
      0.4230         1.00
      0.4240         1.00
      0.4250         1.00
      0.4260         1.00
      0.4270         1.00
      0.4280         1.00
      0.4290         1.00
      0.4300         1.00
      0.4310         1.00
      0.4320         1.00
      0.4330         1.00
      0.4340         1.00
      0.4350         1.00
      0.4360         1.00
      0.4370         1.00
      0.4380         1.00
      0.4390         1.00
      0.4400         1.00
      0.4410         1.00
      0.4420         1.00
      0.4430         1.00
      0.4440         1.00
      0.4450         1.00
      0.4460         1.00
      0.4470         1.00
      0.4480         1.00
      0.4490         1.00
      0.4500         1.00
      0.4510         1.00
      0.4520         1.00
      0.4530         1.00
      0.4540         1.00
      0.4550         1.00
      0.4560         1.00
      0.4570         1.00
      0.4580         1.00
      0.4590         1.00
      0.4600         1.00
      0.4610         1.00
      0.4620         1.00
      0.4630         1.00
      0.4640         1.00
      0.4650         1.00
      0.4660         1.00
      0.4670         1.00
      0.4680         1.00
      0.4690         1.00
      0.4700         1.00
      0.4710         1.00
      0.4720         1.00
      0.4730         1.00
      0.4740         1.00
      0.4750         1.00
      0.4760         1.00
      0.4770         1.00
      0.4780         1.00
      0.4790         1.00
      0.4800         1.00
      0.4810         1.00
      0.4820         1.00
      0.4830         1.00
      0.4840         1.00
      0.4850         1.00
      0.4860         1.00
      0.4870         1.00
      0.4880         1.00
      0.4890         1.00
      0.4900         1.00
      0.4910         1.00
      0.4920         1.00
      0.4930         1.00
      0.4940         1.00
      0.4950         1.00
      0.4960         1.00
      0.4970         1.00
      0.4980         1.00
      0.4990         1.00
      0.5000         1.00
      0.5010         1.00
      0.5020         1.00
      0.5030         1.00
      0.5040         1.00
      0.5050         1.00
      0.5060         1.00
      0.5070         1.00
      0.5080         1.00
      0.5090         1.00
      0.5100         1.00
      0.5110         1.00
      0.5120         1.00
      0.5130         1.00
      0.5140         1.00
      0.5150         1.00
      0.5160         1.00
      0.5170         1.00
      0.5180         1.00
      0.5190         1.00
      0.5200         1.00
      0.5210         1.00
      0.5220         1.00
      0.5230         1.00
      0.5240         1.00
      0.5250         1.00
      0.5260         1.00
      0.5270         1.00
      0.5280         1.00
      0.5290         1.00
      0.5300         1.00
      0.5310         1.00
      0.5320         1.00
      0.5330         1.00
      0.5340         1.00
      0.5350         1.00
      0.5360         1.00
      0.5370         1.00
      0.5380         1.00
      0.5390         1.00
      0.5400         1.00
      0.5410         1.00
      0.5420         1.00
      0.5430         1.00
      0.5440         1.00
      0.5450         1.00
      0.5460         1.00
      0.5470         1.00
      0.5480         1.00
      0.5490         1.00
      0.5500         1.00
      0.5510         1.00
      0.5520         1.00
      0.5530         1.00
      0.5540         1.00
      0.5550         1.00
      0.5560         1.00
      0.5570         1.00
      0.5580         1.00
      0.5590         1.00
      0.5600         1.00
      0.5610         1.00
      0.5620         1.00
      0.5630         1.00
      0.5640         1.00
      0.5650         1.00
      0.5660         1.00
      0.5670         1.00
      0.5680         1.00
      0.5690         1.00
      0.5700         1.00
      0.5710         1.00
      0.5720         1.00
      0.5730         1.00
      0.5740         1.00
      0.5750         1.00
      0.5760         1.00
      0.5770         1.00
      0.5780         1.00
      0.5790         1.00
      0.5800         1.00
      0.5810         1.00
      0.5820         1.00
      0.5830         1.00
      0.5840         1.00
      0.5850         1.00
      0.5860         1.00
      0.5870         1.00
      0.5880         1.00
      0.5890         1.00
      0.5900         1.00
      0.5910         1.00
      0.5920         1.00
      0.5930         1.00
      0.5940         1.00
      0.5950         1.00
      0.5960         1.00
      0.5970         1.00
      0.5980         1.00
      0.5990         1.00
      0.6000         1.00
      0.6010         1.00
      0.6020         1.00
      0.6030         1.00
      0.6040         1.00
      0.6050         1.00
      0.6060         1.00
      0.6070         1.00
      0.6080         1.00
      0.6090         1.00
      0.6100         1.00
      0.6110         1.00
      0.6120         1.00
      0.6130         1.00
      0.6140         1.00
      0.6150         1.00
      0.6160         1.00
      0.6170         1.00
      0.6180         1.00
      0.6190         1.00
      0.6200         1.00
      0.6210         1.00
      0.6220         1.00
      0.6230         1.00
      0.6240         1.00
      0.6250         1.00
      0.6260         1.00
      0.6270         1.00
      0.6280         1.00
      0.6290         1.00
      0.6300         1.00
      0.6310         1.00
      0.6320         1.00
      0.6330         1.00
      0.6340         1.00
      0.6350         1.00
      0.6360         1.00
      0.6370         1.00
      0.6380         1.00
      0.6390         1.00
      0.6400         1.00
      0.6410         1.00
      0.6420         1.00
      0.6430         1.00
      0.6440         1.00
      0.6450         1.00
      0.6460         1.00
      0.6470         1.00
      0.6480         1.00
      0.6490         1.00
      0.6500         1.00
      0.6510         1.00
      0.6520         1.00
      0.6530         1.00
      0.6540         1.00
      0.6550         1.00
      0.6560         1.00
      0.6570         1.00
      0.6580         1.00
      0.6590         1.00
      0.6600         1.00
      0.6610         1.00
      0.6620         1.00
      0.6630         1.00
      0.6640         1.00
      0.6650         1.00
      0.6660         1.00
      0.6670         1.00
      0.6680         1.00
      0.6690         1.00
      0.6700         1.00
      0.6710         1.00
      0.6720         1.00
      0.6730         1.00
      0.6740         1.00
      0.6750         1.00
      0.6760         1.00
      0.6770         1.00
      0.6780         1.00
      0.6790         1.00
      0.6800         1.00
      0.6810         1.00
      0.6820         1.00
      0.6830         1.00
      0.6840         1.00
      0.6850         1.00
      0.6860         1.00
      0.6870         1.00
      0.6880         1.00
      0.6890         1.00
      0.6900         1.00
      0.6910         1.00
      0.6920         1.00
      0.6930         1.00
      0.6940         1.00
      0.6950         1.00
      0.6960         1.00
      0.6970         1.00
      0.6980         1.00
      0.6990         1.00
      0.7000         1.00
      0.7010         1.00
      0.7020         1.00
      0.7030         1.00
      0.7040         1.00
      0.7050         1.00
      0.7060         1.00
      0.7070         1.00
      0.7080         1.00
      0.7090         1.00
      0.7100         1.00
      0.7110         1.00
      0.7120         1.00
      0.7130         1.00
      0.7140         1.00
      0.7150         1.00
      0.7160         1.00
      0.7170         1.00
      0.7180         1.00
      0.7190         1.00
      0.7200         1.00
      0.7210         1.00
      0.7220         1.00
      0.7230         1.00
      0.7240         1.00
      0.7250         1.00
      0.7260         1.00
      0.7270         1.00
      0.7280         1.00
      0.7290         1.00
      0.7300         1.00
      0.7310         1.00
      0.7320         1.00
      0.7330         1.00
      0.7340         1.00
      0.7350         1.00
      0.7360         1.00
      0.7370         1.00
      0.7380         1.00
      0.7390         1.00
      0.7400         1.00
      0.7410         1.00
      0.7420         1.00
      0.7430         1.00
      0.7440         1.00
      0.7450         1.00
      0.7460         1.00
      0.7470         1.00
      0.7480         1.00
      0.7490         1.00
      0.7500         1.00
      0.7510         1.00
      0.7520         1.00
      0.7530         1.00
      0.7540         1.00
      0.7550         1.00
      0.7560         1.00
      0.7570         1.00
      0.7580         1.00
      0.7590         1.00
      0.7600         1.00
      0.7610         1.00
      0.7620         1.00
      0.7630         1.00
      0.7640         1.00
      0.7650         1.00
      0.7660         1.00
      0.7670         1.00
      0.7680         1.00
      0.7690         1.00
      0.7700         1.00
      0.7710         1.00
      0.7720         1.00
      0.7730         1.00
      0.7740         1.00
      0.7750         1.00
      0.7760         1.00
      0.7770         1.00
      0.7780         1.00
      0.7790         1.00
      0.7800         1.00
      0.7810         1.00
      0.7820         1.00
      0.7830         1.00
      0.7840         1.00
      0.7850         1.00
      0.7860         1.00
      0.7870         1.00
      0.7880         1.00
      0.7890         1.00
      0.7900         1.00
      0.7910         1.00
      0.7920         1.00
      0.7930         1.00
      0.7940         1.00
      0.7950         1.00
      0.7960         1.00
      0.7970         1.00
      0.7980         1.00
      0.7990         1.00
      0.8000         1.00
      0.8010         1.00
      0.8020         1.00
      0.8030         1.00
      0.8040         1.00
      0.8050         1.00
      0.8060         1.00
      0.8070         1.00
      0.8080         1.00
      0.8090         1.00
      0.8100         1.00
      0.8110         1.00
      0.8120         1.00
      0.8130         1.00
      0.8140         1.00
      0.8150         1.00
      0.8160         1.00
      0.8170         1.00
      0.8180         1.00
      0.8190         1.00
      0.8200         1.00
      0.8210         1.00
      0.8220         1.00
      0.8230         1.00
      0.8240         1.00
      0.8250         1.00
      0.8260         1.00
      0.8270         1.00
      0.8280         1.00
      0.8290         1.00
      0.8300         1.00
      0.8310         1.00
      0.8320         1.00
      0.8330         1.00
      0.8340         1.00
      0.8350         1.00
      0.8360         1.00
      0.8370         1.00
      0.8380         1.00
      0.8390         1.00
      0.8400         1.00
      0.8410         1.00
      0.8420         1.00
      0.8430         1.00
      0.8440         1.00
      0.8450         1.00
      0.8460         1.00
      0.8470         1.00
      0.8480         1.00
      0.8490         1.00
      0.8500         1.00
      0.8510         1.00
      0.8520         1.00
      0.8530         1.00
      0.8540         1.00
      0.8550         1.00
      0.8560         1.00
      0.8570         1.00
      0.8580         1.00
      0.8590         1.00
      0.8600         1.00
      0.8610         1.00
      0.8620         1.00
      0.8630         1.00
      0.8640         1.00
      0.8650         1.00
      0.8660         1.00
      0.8670         1.00
      0.8680         1.00
      0.8690         1.00
      0.8700         1.00
      0.8710         1.00
      0.8720         1.00
      0.8730         1.00
      0.8740         1.00
      0.8750         1.00
      0.8760         1.00
      0.8770         1.00
      0.8780         1.00
      0.8790         1.00
      0.8800         1.00
      0.8810         1.00
      0.8820         1.00
      0.8830         1.00
      0.8840         1.00
      0.8850         1.00
      0.8860         1.00
      0.8870         1.00
      0.8880         1.00
      0.8890         1.00
      0.8900         1.00
      0.8910         1.00
      0.8920         1.00
      0.8930         1.00
      0.8940         1.00
      0.8950         1.00
      0.8960         1.00
      0.8970         1.00
      0.8980         1.00
      0.8990         1.00
      0.9000         1.00
      0.9010         1.00
      0.9020         1.00
      0.9030         1.00
      0.9040         1.00
      0.9050         1.00
      0.9060         1.00
      0.9070         1.00
      0.9080         1.00
      0.9090         1.00
      0.9100         1.00
      0.9110         1.00
      0.9120         1.00
      0.9130         1.00
      0.9140         1.00
      0.9150         1.00
      0.9160         1.00
      0.9170         1.00
      0.9180         1.00
      0.9190         1.00
      0.9200         1.00
      0.9210         1.00
      0.9220         1.00
      0.9230         1.00
      0.9240         1.00
      0.9250         1.00
      0.9260         1.00
      0.9270         1.00
      0.9280         1.00
      0.9290         1.00
      0.9300         1.00
      0.9310         1.00
      0.9320         1.00
      0.9330         1.00
      0.9340         1.00
      0.9350         1.00
      0.9360         1.00
      0.9370         1.00
      0.9380         1.00
      0.9390         1.00
      0.9400         1.00
      0.9410         1.00
      0.9420         1.00
      0.9430         1.00
      0.9440         1.00
      0.9450         1.00
      0.9460         1.00
      0.9470         1.00
      0.9480         1.00
      0.9490         1.00
      0.9500         1.00
      0.9510         1.00
      0.9520         1.00
      0.9530         1.00
      0.9540         1.00
      0.9550         1.00
      0.9560         1.00
      0.9570         1.00
      0.9580         1.00
      0.9590         1.00
      0.9600         1.00
      0.9610         1.00
      0.9620         1.00
      0.9630         1.00
      0.9640         1.00
      0.9650         1.00
      0.9660         1.60
      0.9670         2.40
      0.9680         2.80
      0.9690         3.32
      0.9700         4.35
      0.9710         5.02
      0.9720         5.54
      0.9730         6.16
      0.9740         6.79
      0.9750         7.25
      0.9760         7.74
      0.9770         8.11
      0.9780         8.50
      0.9790         8.91
      0.9800         9.26
      0.9810         9.49
      0.9820         9.63
      0.9830         9.66
      0.9840         9.59
      0.9850         9.41
      0.9860         9.24
      0.9870         9.05
      0.9880         8.61
      0.9890         8.29
      0.9900         7.81
      0.9910         7.38
      0.9920         7.02
      0.9930         6.63
      0.9940         6.25
      0.9950         6.09
      0.9960         5.84
      0.9970         5.75
      0.9980         5.61
      0.9990         5.56
      1.0000         5.63
      1.0010         5.88
      1.0020         6.16
      1.0030         6.47
      1.0040         6.79
      1.0050         7.30
      1.0060         7.76
      1.0070         8.20
      1.0080         8.72
      1.0090         9.18
      1.0100         9.74
      1.0110        10.12
      1.0120        10.58
      1.0130        10.97
      1.0140        11.41
      1.0150        11.68
      1.0160        11.96
      1.0170        12.12
      1.0180        12.36
      1.0190        12.45
      1.0200        12.62
      1.0210        12.59
      1.0220        12.51
      1.0230        12.46
      1.0240        12.37
      1.0250        12.17
      1.0260        11.85
      1.0270        11.61
      1.0280        11.46
      1.0290        11.26
      1.0300        11.15
      1.0310        11.14
      1.0320        11.04
      1.0330        11.00
      1.0340        10.94
      1.0350        10.96
      1.0360        11.16
      1.0370        11.37
      1.0380        11.64
      1.0390        11.90
      1.0400        12.13
      1.0410        12.43
      1.0420        12.73
      1.0430        12.97
      1.0440        13.33
      1.0450        13.68
      1.0460        14.15
      1.0470        14.62
      1.0480        14.97
      1.0490        15.30
      1.0500        15.58
      1.0510        15.77
      1.0520        16.00
      1.0530        16.13
      1.0540        16.32
      1.0550        16.48
      1.0560        16.51
      1.0570        16.66
      1.0580        16.68
      1.0590        16.71
      1.0600        16.74
      1.0610        16.82
      1.0620        16.88
      1.0630        17.10
      1.0640        17.27
      1.0650        17.42
      1.0660        17.57
      1.0670        17.71
      1.0680        17.93
      1.0690        18.10
      1.0700        18.45
      1.0710        18.81
      1.0720        19.17
      1.0730        19.63
      1.0740        19.97
      1.0750        20.40
      1.0760        20.87
      1.0770        21.23
      1.0780        21.67
      1.0790        22.14
      1.0800        22.53
      1.0810        22.81
      1.0820        23.21
      1.0830        23.38
      1.0840        23.66
      1.0850        23.89
      1.0860        24.11
      1.0870        24.33
      1.0880        24.52
      1.0890        24.71
      1.0900        24.83
      1.0910        24.99
      1.0920        25.19
      1.0930        25.25
      1.0940        25.34
      1.0950        25.40
      1.0960        25.49
      1.0970        25.53
      1.0980        25.63
      1.0990        25.85
      1.1000        26.02
      1.1010        26.25
      1.1020        26.38
      1.1030        26.61
      1.1040        26.89
      1.1050        27.05
      1.1060        27.17
      1.1070        27.18
      1.1080        27.36
      1.1090        27.52
      1.1100        27.64
      1.1110        27.72
      1.1120        27.76
      1.1130        27.80
      1.1140        27.93
      1.1150        28.05
      1.1160        28.08
      1.1170        28.16
      1.1180        28.19
      1.1190        28.08
      1.1200        28.12
      1.1210        28.14
      1.1220        28.27
      1.1230        28.31
      1.1240        28.23
      1.1250        28.25
      1.1260        28.32
      1.1270        28.51
      1.1280        28.58
      1.1290        28.62
      1.1300        28.68
      1.1310        28.79
      1.1320        28.88
      1.1330        29.09
      1.1340        29.10
      1.1350        29.22
      1.1360        29.36
      1.1370        29.58
      1.1380        29.69
      1.1390        29.86
      1.1400        29.93
      1.1410        30.09
      1.1420        30.21
      1.1430        30.31
      1.1440        30.42
      1.1450        30.56
      1.1460        30.73
      1.1470        30.86
      1.1480        30.94
      1.1490        31.09
      1.1500        31.13
      1.1510        31.25
      1.1520        31.41
      1.1530        31.50
      1.1540        31.78
      1.1550        31.92
      1.1560        32.05
      1.1570        32.06
      1.1580        32.24
      1.1590        32.33
      1.1600        32.48
      1.1610        32.61
      1.1620        32.62
      1.1630        32.74
      1.1640        32.81
      1.1650        32.89
      1.1660        32.99
      1.1670        33.00
      1.1680        33.07
      1.1690        33.04
      1.1700        33.17
      1.1710        33.27
      1.1720        33.31
      1.1730        33.39
      1.1740        33.32
      1.1750        33.34
      1.1760        33.35
      1.1770        33.42
      1.1780        33.39
      1.1790        33.46
      1.1800        33.44
      1.1810        33.34
      1.1820        33.49
      1.1830        33.42
      1.1840        33.48
      1.1850        33.47
      1.1860        33.45
      1.1870        33.55
      1.1880        33.58
      1.1890        33.71
      1.1900        33.71
      1.1910        33.69
      1.1920        33.77
      1.1930        33.81
      1.1940        33.85
      1.1950        33.82
      1.1960        33.90
      1.1970        34.00
      1.1980        34.05
      1.1990        34.12
      1.2000        34.20
      1.2010        34.22
      1.2020        34.25
      1.2030        34.43
      1.2040        34.49
      1.2050        34.57
      1.2060        34.60
      1.2070        34.62
      1.2080        34.72
      1.2090        34.79
      1.2100        34.92
      1.2110        35.15
      1.2120        35.18
      1.2130        35.24
      1.2140        35.36
      1.2150        35.58
      1.2160        35.74
      1.2170        35.81
      1.2180        35.92
      1.2190        35.99
      1.2200        36.17
      1.2210        36.34
      1.2220        36.39
      1.2230        36.46
      1.2240        36.47
      1.2250        36.59
      1.2260        36.75
      1.2270        36.94
      1.2280        36.99
      1.2290        37.05
      1.2300        37.11
      1.2310        37.11
      1.2320        37.21
      1.2330        37.25
      1.2340        37.28
      1.2350        37.33
      1.2360        37.29
      1.2370        37.28
      1.2380        37.40
      1.2390        37.44
      1.2400        37.43
      1.2410        37.60
      1.2420        37.69
      1.2430        37.81
      1.2440        38.01
      1.2450        38.08
      1.2460        38.09
      1.2470        38.08
      1.2480        38.17
      1.2490        38.28
      1.2500        38.36
      1.2510        38.45
      1.2520        38.52
      1.2530        38.69
      1.2540        38.78
      1.2550        38.77
      1.2560        38.92
      1.2570        39.01
      1.2580        39.03
      1.2590        39.12
      1.2600        39.10
      1.2610        39.04
      1.2620        39.04
      1.2630        39.08
      1.2640        39.14
      1.2650        39.23
      1.2660        39.43
      1.2670        39.57
      1.2680        39.65
      1.2690        39.73
      1.2700        39.77
      1.2710        39.93
      1.2720        39.97
      1.2730        40.06
      1.2740        40.19
      1.2750        40.30
      1.2760        40.35
      1.2770        40.48
      1.2780        40.60
      1.2790        40.77
      1.2800        40.97
      1.2810        41.07
      1.2820        41.28
      1.2830        41.37
      1.2840        41.37
      1.2850        41.44
      1.2860        41.37
      1.2870        41.39
      1.2880        41.43
      1.2890        41.40
      1.2900        41.47
      1.2910        41.36
      1.2920        41.40
      1.2930        41.34
      1.2940        41.28
      1.2950        41.35
      1.2960        41.30
      1.2970        41.31
      1.2980        41.32
      1.2990        41.38
      1.3000        41.36
      1.3010        41.38
      1.3020        41.34
      1.3030        41.27
      1.3040        41.36
      1.3050        41.30
      1.3060        41.40
      1.3070        41.43
      1.3080        41.52
      1.3090        41.70
      1.3100        41.72
      1.3110        41.72
      1.3120        41.90
      1.3130        41.98
      1.3140        42.15
      1.3150        42.21
      1.3160        42.25
      1.3170        42.28
      1.3180        42.26
      1.3190        42.24
      1.3200        42.30
      1.3210        42.43
      1.3220        42.44
      1.3230        42.57
      1.3240        42.57
      1.3250        42.74
      1.3260        42.70
      1.3270        42.79
      1.3280        42.79
      1.3290        42.69
      1.3300        42.77
      1.3310        42.89
      1.3320        42.81
      1.3330        42.89
      1.3340        42.92
      1.3350        42.99
      1.3360        43.07
      1.3370        43.09
      1.3380        43.16
      1.3390        43.18
      1.3400        43.28
      1.3410        43.20
      1.3420        43.21
      1.3430        43.30
      1.3440        43.38
      1.3450        43.33
      1.3460        43.49
      1.3470        43.52
      1.3480        43.48
      1.3490        43.53
      1.3500        43.57
      1.3510        43.63
      1.3520        43.66
      1.3530        43.67
      1.3540        43.71
      1.3550        43.60
      1.3560        43.68
      1.3570        43.76
      1.3580        43.84
      1.3590        43.83
      1.3600        43.76
      1.3610        43.85
      1.3620        43.92
      1.3630        43.92
      1.3640        43.99
      1.3650        44.09
      1.3660        44.09
      1.3670        44.23
      1.3680        44.36
      1.3690        44.41
      1.3700        44.49
      1.3710        44.48
      1.3720        44.57
      1.3730        44.63
      1.3740        44.52
      1.3750        44.60
      1.3760        44.60
      1.3770        44.55
      1.3780        44.48
      1.3790        44.48
      1.3800        44.67
      1.3810        44.63
      1.3820        44.62
      1.3830        44.46
      1.3840        44.39
      1.3850        44.35
      1.3860        44.37
      1.3870        44.19
      1.3880        44.11
      1.3890        44.09
      1.3900        44.00
      1.3910        43.97
      1.3920        43.93
      1.3930        43.86
      1.3940        43.90
      1.3950        43.95
      1.3960        43.94
      1.3970        44.03
      1.3980        44.11
      1.3990        44.14
      1.4000        43.93
      1.4010        44.01
      1.4020        43.99
      1.4030        44.07
      1.4040        44.07
      1.4050        44.06
      1.4060        44.01
      1.4070        44.07
      1.4080        44.19
      1.4090        44.25
      1.4100        44.29
      1.4110        44.37
      1.4120        44.39
      1.4130        44.46
      1.4140        44.57
      1.4150        44.43
      1.4160        44.44
      1.4170        44.51
      1.4180        44.52
      1.4190        44.51
      1.4200        44.63
      1.4210        44.74
      1.4220        44.82
      1.4230        44.84
      1.4240        44.95
      1.4250        45.11
      1.4260        45.19
      1.4270        45.24
      1.4280        45.19
      1.4290        45.18
      1.4300        45.11
      1.4310        45.12
      1.4320        45.12
      1.4330        45.12
      1.4340        45.05
      1.4350        45.32
      1.4360        45.42
      1.4370        45.40
      1.4380        45.40
      1.4390        45.42
      1.4400        45.51
      1.4410        45.41
      1.4420        45.41
      1.4430        45.46
      1.4440        45.45
      1.4450        45.45
      1.4460        45.49
      1.4470        45.55
      1.4480        45.59
      1.4490        45.67
      1.4500        45.86
      1.4510        45.98
      1.4520        45.98
      1.4530        45.99
      1.4540        46.09
      1.4550        46.10
      1.4560        46.14
      1.4570        46.22
      1.4580        46.30
      1.4590        46.41
      1.4600        46.34
      1.4610        46.46
      1.4620        46.50
      1.4630        46.65
      1.4640        46.66
      1.4650        46.64
      1.4660        46.64
      1.4670        46.65
      1.4680        46.67
      1.4690        46.64
      1.4700        46.62
      1.4710        46.59
      1.4720        46.69
      1.4730        46.83
      1.4740        46.85
      1.4750        46.87
      1.4760        46.86
      1.4770        46.77
      1.4780        46.77
      1.4790        46.77
      1.4800        46.74
      1.4810        46.70
      1.4820        46.62
      1.4830        46.56
      1.4840        46.55
      1.4850        46.62
      1.4860        46.62
      1.4870        46.62
      1.4880        46.63
      1.4890        46.70
      1.4900        46.63
      1.4910        46.47
      1.4920        46.43
      1.4930        46.28
      1.4940        46.22
      1.4950        46.07
      1.4960        46.14
      1.4970        46.20
      1.4980        46.18
      1.4990        46.04
      1.5000        46.03
      1.5010        45.93
      1.5020        46.08
      1.5030        45.93
      1.5040        45.87
      1.5050        45.80
      1.5060        45.79
      1.5070        45.77
      1.5080        45.76
      1.5090        45.76
      1.5100        45.81
      1.5110        45.99
      1.5120        46.07
      1.5130        46.21
      1.5140        46.29
      1.5150        46.39
      1.5160        46.32
      1.5170        46.25
      1.5180        46.26
      1.5190        46.41
      1.5200        46.51
      1.5210        46.63
      1.5220        46.64
      1.5230        46.77
      1.5240        46.87
      1.5250        46.99
      1.5260        47.03
      1.5270        47.14
      1.5280        47.26
      1.5290        47.27
      1.5300        47.27
      1.5310        47.33
      1.5320        47.34
      1.5330        47.31
      1.5340        47.35
      1.5350        47.38
      1.5360        47.51
      1.5370        47.61
      1.5380        47.59
      1.5390        47.63
      1.5400        47.66
      1.5410        47.69
      1.5420        47.73
      1.5430        47.72
      1.5440        47.75
      1.5450        47.72
      1.5460        47.72
      1.5470        47.74
      1.5480        47.76
      1.5490        47.75
      1.5500        47.76
      1.5510        47.68
      1.5520        47.63
      1.5530        47.63
      1.5540        47.62
      1.5550        47.56
      1.5560        47.55
      1.5570        47.58
      1.5580        47.54
      1.5590        47.49
      1.5600        47.48
      1.5610        47.51
      1.5620        47.38
      1.5630        47.46
      1.5640        47.48
      1.5650        47.48
      1.5660        47.58
      1.5670        47.52
      1.5680        47.46
      1.5690        47.51
      1.5700        47.57
      1.5710        47.65
      1.5720        47.81
      1.5730        47.91
      1.5740        47.96
      1.5750        47.99
      1.5760        48.07
      1.5770        48.17
      1.5780        48.32
      1.5790        48.41
      1.5800        48.48
      1.5810        48.42
      1.5820        48.50
      1.5830        48.47
      1.5840        48.63
      1.5850        48.71
      1.5860        48.62
      1.5870        48.61
      1.5880        48.68
      1.5890        48.70
      1.5900        48.72
      1.5910        48.78
      1.5920        48.77
      1.5930        48.82
      1.5940        48.98
      1.5950        49.06
      1.5960        49.02
      1.5970        48.96
      1.5980        48.92
      1.5990        48.82
      1.6000        48.83
      1.6010        48.98
      1.6020        49.00
      1.6030        49.06
      1.6040        48.83
      1.6050        48.85
      1.6060        49.02
      1.6070        49.08
      1.6080        49.08
      1.6090        49.10
      1.6100        49.21
      1.6110        49.16
      1.6120        49.16
      1.6130        49.10
      1.6140        48.93
      1.6150        49.00
      1.6160        49.00
      1.6170        49.08
      1.6180        49.19
      1.6190        49.26
      1.6200        49.31
      1.6210        49.32
      1.6220        49.40
      1.6230        49.36
      1.6240        49.52
      1.6250        49.43
      1.6260        49.41
      1.6270        49.48
      1.6280        49.45
      1.6290        49.45
      1.6300        49.41
      1.6310        49.49
      1.6320        49.47
      1.6330        49.39
      1.6340        49.46
      1.6350        49.38
      1.6360        49.47
      1.6370        49.43
      1.6380        49.33
      1.6390        49.44
      1.6400        49.45
      1.6410        49.40
      1.6420        49.43
      1.6430        49.51
      1.6440        49.52
      1.6450        49.71
      1.6460        49.70
      1.6470        49.74
      1.6480        49.78
      1.6490        49.89
      1.6500        49.94
      1.6510        49.91
      1.6520        50.03
      1.6530        50.14
      1.6540        50.09
      1.6550        50.07
      1.6560        50.04
      1.6570        50.03
      1.6580        50.06
      1.6590        49.98
      1.6600        49.92
      1.6610        50.00
      1.6620        49.99
      1.6630        49.93
      1.6640        49.91
      1.6650        49.89
      1.6660        49.88
      1.6670        49.76
      1.6680        49.75
      1.6690        49.60
      1.6700        49.50
      1.6710        49.47
      1.6720        49.37
      1.6730        49.31
      1.6740        49.35
      1.6750        49.34
      1.6760        49.26
      1.6770        49.19
      1.6780        49.16
      1.6790        49.14
      1.6800        49.16
      1.6810        49.16
      1.6820        49.21
      1.6830        49.20
      1.6840        49.21
      1.6850        49.21
      1.6860        49.26
      1.6870        49.41
      1.6880        49.48
      1.6890        49.60
      1.6900        49.74
      1.6910        49.78
      1.6920        49.77
      1.6930        49.84
      1.6940        49.87
      1.6950        49.99
      1.6960        49.97
      1.6970        50.00
      1.6980        50.17
      1.6990        50.13
      1.7000        50.20
      1.7010        50.18
      1.7020        50.06
      1.7030        50.06
      1.7040        50.03
      1.7050        49.94
      1.7060        49.78
      1.7070        49.58
      1.7080        49.44
      1.7090        49.33
      1.7100        49.25
      1.7110        49.20
      1.7120        49.19
      1.7130        49.16
      1.7140        49.12
      1.7150        48.96
      1.7160        48.89
      1.7170        48.81
      1.7180        48.61
      1.7190        48.60
      1.7200        48.47
      1.7210        48.34
      1.7220        48.35
      1.7230        48.22
      1.7240        48.13
      1.7250        47.99
      1.7260        48.03
      1.7270        48.08
      1.7280        48.08
      1.7290        48.03
      1.7300        47.94
      1.7310        47.90
      1.7320        47.94
      1.7330        47.83
      1.7340        47.74
      1.7350        47.81
      1.7360        47.94
      1.7370        47.97
      1.7380        47.90
      1.7390        47.90
      1.7400        47.91
      1.7410        47.98
      1.7420        47.95
      1.7430        48.03
      1.7440        48.07
      1.7450        48.21
      1.7460        48.22
      1.7470        48.20
      1.7480        48.27
      1.7490        48.31
      1.7500        48.40
      1.7510        48.40
      1.7520        48.32
      1.7530        48.46
      1.7540        48.61
      1.7550        48.65
      1.7560        48.61
      1.7570        48.75
      1.7580        48.92
      1.7590        49.04
      1.7600        49.03
      1.7610        49.10
      1.7620        49.19
      1.7630        49.29
      1.7640        49.38
      1.7650        49.35
      1.7660        49.39
      1.7670        49.46
      1.7680        49.42
      1.7690        49.46
      1.7700        49.50
      1.7710        49.62
      1.7720        49.68
      1.7730        49.71
      1.7740        49.57
      1.7750        49.60
      1.7760        49.51
      1.7770        49.40
      1.7780        49.36
      1.7790        49.24
      1.7800        49.25
      1.7810        49.17
      1.7820        49.06
      1.7830        48.96
      1.7840        48.81
      1.7850        48.84
      1.7860        48.68
      1.7870        48.52
      1.7880        48.43
      1.7890        48.33
      1.7900        48.16
      1.7910        48.02
      1.7920        47.84
      1.7930        47.66
      1.7940        47.72
      1.7950        47.60
      1.7960        47.60
      1.7970        47.48
      1.7980        47.43
      1.7990        47.45
      1.8000        47.38
      1.8010        47.37
      1.8020        47.46
      1.8030        47.42
      1.8040        47.44
      1.8050        47.35
      1.8060        47.56
      1.8070        47.66
      1.8080        47.82
      1.8090        47.92
      1.8100        48.04
      1.8110        48.18
      1.8120        48.33
      1.8130        48.41
      1.8140        48.39
      1.8150        48.42
      1.8160        48.51
      1.8170        48.70
      1.8180        48.81
      1.8190        48.85
      1.8200        48.97
      1.8210        49.00
      1.8220        48.94
      1.8230        49.14
      1.8240        49.25
      1.8250        49.37
      1.8260        49.39
      1.8270        49.40
      1.8280        49.45
      1.8290        49.49
      1.8300        49.60
      1.8310        49.61
      1.8320        49.69
      1.8330        49.77
      1.8340        49.85
      1.8350        49.86
      1.8360        49.90
      1.8370        49.93
      1.8380        49.98
      1.8390        50.06
      1.8400        50.15
      1.8410        50.14
      1.8420        50.24
      1.8430        50.20
      1.8440        50.25
      1.8450        50.23
      1.8460        50.00
      1.8470        49.99
      1.8480        49.89
      1.8490        49.92
      1.8500        49.67
      1.8510        49.56
      1.8520        49.42
      1.8530        49.29
      1.8540        49.18
      1.8550        49.10
      1.8560        48.99
      1.8570        48.81
      1.8580        48.70
      1.8590        48.62
      1.8600        48.44
      1.8610        48.39
      1.8620        48.22
      1.8630        48.18
      1.8640        48.00
      1.8650        48.02
      1.8660        48.11
      1.8670        48.08
      1.8680        48.04
      1.8690        47.95
      1.8700        47.99
      1.8710        48.03
      1.8720        48.06
      1.8730        48.10
      1.8740        48.13
      1.8750        48.17
      1.8760        48.18
      1.8770        48.27
      1.8780        48.30
      1.8790        48.33
      1.8800        48.42
      1.8810        48.48
      1.8820        48.49
      1.8830        48.49
      1.8840        48.55
      1.8850        48.48
      1.8860        48.46
      1.8870        48.48
      1.8880        48.57
      1.8890        48.54
      1.8900        48.70
      1.8910        48.69
      1.8920        48.70
      1.8930        48.76
      1.8940        48.86
      1.8950        49.01
      1.8960        49.21
      1.8970        49.26
      1.8980        49.32
      1.8990        49.33
      1.9000        49.34
      1.9010        49.40
      1.9020        49.57
      1.9030        49.61
      1.9040        49.69
      1.9050        49.75
      1.9060        49.84
      1.9070        49.89
      1.9080        49.89
      1.9090        49.92
      1.9100        49.93
      1.9110        49.99
      1.9120        50.05
      1.9130        50.09
      1.9140        50.01
      1.9150        50.01
      1.9160        49.97
      1.9170        50.01
      1.9180        50.10
      1.9190        50.17
      1.9200        50.21
      1.9210        50.17
      1.9220        50.17
      1.9230        50.18
      1.9240        50.21
      1.9250        50.26
      1.9260        50.33
      1.9270        50.41
      1.9280        50.41
      1.9290        50.48
      1.9300        50.53
      1.9310        50.52
      1.9320        50.51
      1.9330        50.39
      1.9340        50.39
      1.9350        50.28
      1.9360        50.10
      1.9370        49.91
      1.9380        49.73
      1.9390        49.63
      1.9400        49.48
      1.9410        49.45
      1.9420        49.36
      1.9430        49.24
      1.9440        49.13
      1.9450        49.04
      1.9460        48.86
      1.9470        48.70
      1.9480        48.58
      1.9490        48.49
      1.9500        48.27
      1.9510        48.15
      1.9520        48.08
      1.9530        48.06
      1.9540        48.03
      1.9550        48.00
      1.9560        48.00
      1.9570        48.08
      1.9580        48.03
      1.9590        47.95
      1.9600        47.90
      1.9610        47.74
      1.9620        47.64
      1.9630        47.72
      1.9640        47.74
      1.9650        47.70
      1.9660        47.62
      1.9670        47.62
      1.9680        47.57
      1.9690        47.54
      1.9700        47.54
      1.9710        47.55
      1.9720        47.62
      1.9730        47.61
      1.9740        47.59
      1.9750        47.70
      1.9760        47.67
      1.9770        47.68
      1.9780        47.83
      1.9790        47.93
      1.9800        48.07
      1.9810        48.25
      1.9820        48.38
      1.9830        48.43
      1.9840        48.54
      1.9850        48.66
      1.9860        48.87
      1.9870        48.99
      1.9880        49.05
      1.9890        49.22
      1.9900        49.34
      1.9910        49.45
      1.9920        49.33
      1.9930        49.44
      1.9940        49.61
      1.9950        49.57
      1.9960        49.72
      1.9970        49.74
      1.9980        49.68
      1.9990        49.64
      2.0000        49.63
      2.0010        49.61
      2.0020        49.61
      2.0030        49.51
      2.0040        49.52
      2.0050        49.40
      2.0060        49.43
      2.0070        49.32
      2.0080        49.37
      2.0090        49.25
      2.0100        49.18
      2.0110        49.15
      2.0120        49.22
      2.0130        49.15
      2.0140        49.02
      2.0150        48.95
      2.0160        48.87
      2.0170        48.86
      2.0180        48.76
      2.0190        48.83
      2.0200        48.79
      2.0210        48.78
      2.0220        48.81
      2.0230        48.82
      2.0240        48.77
      2.0250        48.83
      2.0260        48.65
      2.0270        48.71
      2.0280        48.72
      2.0290        48.69
      2.0300        48.63
      2.0310        48.65
      2.0320        48.65
      2.0330        48.73
      2.0340        48.83
      2.0350        48.81
      2.0360        48.81
      2.0370        48.84
      2.0380        48.99
      2.0390        49.01
      2.0400        49.00
      2.0410        49.04
      2.0420        48.96
      2.0430        48.94
      2.0440        48.91
      2.0450        48.98
      2.0460        49.03
      2.0470        48.90
      2.0480        48.86
      2.0490        48.92
      2.0500        48.90
      2.0510        48.80
      2.0520        48.87
      2.0530        48.88
      2.0540        48.84
      2.0550        48.84
      2.0560        48.95
      2.0570        48.96
      2.0580        48.92
      2.0590        48.92
      2.0600        49.03
      2.0610        49.12
      2.0620        49.23
      2.0630        49.36
      2.0640        49.44
      2.0650        49.51
      2.0660        49.59
      2.0670        49.84
      2.0680        50.10
      2.0690        50.31
      2.0700        50.56
      2.0710        50.79
      2.0720        50.90
      2.0730        51.00
      2.0740        51.00
      2.0750        51.31
      2.0760        51.45
      2.0770        51.61
      2.0780        51.78
      2.0790        52.01
      2.0800        52.09
      2.0810        52.20
      2.0820        52.33
      2.0830        52.39
      2.0840        52.48
      2.0850        52.63
      2.0860        52.79
      2.0870        52.88
      2.0880        52.91
      2.0890        52.81
      2.0900        52.95
      2.0910        52.97
      2.0920        53.00
      2.0930        53.00
      2.0940        53.14
      2.0950        53.10
      2.0960        52.93
      2.0970        52.89
      2.0980        52.89
      2.0990        52.86
      2.1000        52.89
      2.1010        52.93
      2.1020        52.89
      2.1030        52.93
      2.1040        52.83
      2.1050        52.72
      2.1060        52.69
      2.1070        52.63
      2.1080        52.62
      2.1090        52.61
      2.1100        52.47
      2.1110        52.57
      2.1120        52.56
      2.1130        52.52
      2.1140        52.45
      2.1150        52.40
      2.1160        52.56
      2.1170        52.67
      2.1180        52.72
      2.1190        52.68
      2.1200        52.72
      2.1210        52.72
      2.1220        52.81
      2.1230        52.76
      2.1240        52.90
      2.1250        53.00
      2.1260        53.01
      2.1270        53.20
      2.1280        53.38
      2.1290        53.51
      2.1300        53.55
      2.1310        53.53
      2.1320        53.61
      2.1330        53.80
      2.1340        53.93
      2.1350        54.01
      2.1360        54.04
      2.1370        54.08
      2.1380        54.05
      2.1390        54.08
      2.1400        54.07
      2.1410        54.04
      2.1420        54.16
      2.1430        54.27
      2.1440        54.19
      2.1450        54.20
      2.1460        54.29
      2.1470        54.22
      2.1480        54.02
      2.1490        54.07
      2.1500        54.04
      2.1510        54.06
      2.1520        54.09
      2.1530        54.08
      2.1540        54.03
      2.1550        54.00
      2.1560        54.07
      2.1570        54.00
      2.1580        53.94
      2.1590        53.93
      2.1600        53.82
      2.1610        53.73
      2.1620        53.41
      2.1630        53.30
      2.1640        53.29
      2.1650        53.06
      2.1660        52.89
      2.1670        52.67
      2.1680        52.51
      2.1690        52.29
      2.1700        52.11
      2.1710        51.81
      2.1720        51.62
      2.1730        51.34
      2.1740        51.21
      2.1750        51.07
      2.1760        50.78
      2.1770        50.66
      2.1780        50.50
      2.1790        50.30
      2.1800        50.24
      2.1810        50.01
      2.1820        49.88
      2.1830        49.66
      2.1840        49.40
      2.1850        49.33
      2.1860        49.11
      2.1870        48.94
      2.1880        48.82
      2.1890        48.57
      2.1900        48.35
      2.1910        48.22
      2.1920        48.00
      2.1930        47.86
      2.1940        47.64
      2.1950        47.38
      2.1960        47.28
      2.1970        46.91
      2.1980        46.64
      2.1990        46.41
      2.2000        46.12
      2.2010        45.89
      2.2020        45.58
      2.2030        45.32
      2.2040        45.17
      2.2050        44.79
      2.2060        44.65
      2.2070        44.39
      2.2080        44.21
      2.2090        43.96
      2.2100        43.83
      2.2110        43.64
      2.2120        43.39
      2.2130        43.20
      2.2140        42.97
      2.2150        42.88
      2.2160        42.66
      2.2170        42.57
      2.2180        42.33
      2.2190        42.12
      2.2200        41.94
      2.2210        41.97
      2.2220        42.00
      2.2230        41.98
      2.2240        41.78
      2.2250        41.84
      2.2260        41.80
      2.2270        41.76
      2.2280        41.60
      2.2290        41.67
      2.2300        41.65
      2.2310        41.70
      2.2320        41.65
      2.2330        41.63
      2.2340        41.64
      2.2350        41.54
      2.2360        41.59
      2.2370        41.63
      2.2380        41.77
      2.2390        41.78
      2.2400        41.85
      2.2410        41.84
      2.2420        41.70
      2.2430        41.76
      2.2440        41.82
      2.2450        41.74
      2.2460        41.66
      2.2470        41.70
      2.2480        41.70
      2.2490        41.63
      2.2500        41.59
      2.2510        41.37
      2.2520        41.35
      2.2530        41.31
      2.2540        41.23
      2.2550        41.06
      2.2560        40.90
      2.2570        40.66
      2.2580        40.55
      2.2590        40.43
      2.2600        40.08
      2.2610        39.79
      2.2620        39.70
      2.2630        39.53
      2.2640        39.42
      2.2650        39.33
      2.2660        39.13
      2.2670        38.95
      2.2680        38.84
      2.2690        38.82
      2.2700        38.64
      2.2710        38.55
      2.2720        38.37
      2.2730        38.12
      2.2740        37.93
      2.2750        37.86
      2.2760        37.67
      2.2770        37.55
      2.2780        37.38
      2.2790        37.23
      2.2800        37.23
      2.2810        37.11
      2.2820        36.94
      2.2830        36.67
      2.2840        36.42
      2.2850        36.14
      2.2860        36.00
      2.2870        35.71
      2.2880        35.46
      2.2890        35.16
      2.2900        34.96
      2.2910        34.67
      2.2920        34.48
      2.2930        34.28
      2.2940        34.11
      2.2950        33.89
      2.2960        33.61
      2.2970        33.58
      2.2980        33.33
      2.2990        33.11
      2.3000        32.94
      2.3010        32.77
      2.3020        32.52
      2.3030        32.19
      2.3040        31.84
      2.3050        31.72
      2.3060        31.42
      2.3070        31.24
      2.3080        31.04
      2.3090        30.82
      2.3100        30.64
      2.3110        30.48
      2.3120        30.31
      2.3130        30.03
      2.3140        29.81
      2.3150        29.58
      2.3160        29.54
      2.3170        29.30
      2.3180        29.16
      2.3190        29.08
      2.3200        28.94
      2.3210        28.75
      2.3220        28.80
      2.3230        28.91
      2.3240        28.98
      2.3250        28.88
      2.3260        28.96
      2.3270        29.00
      2.3280        29.00
      2.3290        28.96
      2.3300        28.88
      2.3310        28.96
      2.3320        28.93
      2.3330        29.09
      2.3340        29.01
      2.3350        29.15
      2.3360        29.12
      2.3370        28.94
      2.3380        28.85
      2.3390        28.65
      2.3400        28.58
      2.3410        28.49
      2.3420        28.36
      2.3430        28.22
      2.3440        28.13
      2.3450        28.00
      2.3460        27.74
      2.3470        27.61
      2.3480        27.51
      2.3490        27.34
      2.3500        27.12
      2.3510        26.87
      2.3520        26.75
      2.3530        26.60
      2.3540        26.41
      2.3550        26.16
      2.3560        25.82
      2.3570        25.79
      2.3580        25.66
      2.3590        25.60
      2.3600        25.51
      2.3610        25.35
      2.3620        25.17
      2.3630        25.07
      2.3640        24.88
      2.3650        24.72
      2.3660        24.59
      2.3670        24.53
      2.3680        24.27
      2.3690        24.11
      2.3700        24.11
      2.3710        23.93
      2.3720        23.66
      2.3730        23.33
      2.3740        23.14
      2.3750        22.93
      2.3760        22.71
      2.3770        22.40
      2.3780        22.18
      2.3790        21.89
      2.3800        21.61
      2.3810        21.55
      2.3820        21.21
      2.3830        21.00
      2.3840        20.83
      2.3850        20.56
      2.3860        20.24
      2.3870        19.92
      2.3880        19.79
      2.3890        19.62
      2.3900        19.27
      2.3910        19.08
      2.3920        18.81
      2.3930        18.76
      2.3940        18.71
      2.3950        18.49
      2.3960        18.39
      2.3970        18.29
      2.3980        18.12
      2.3990        17.99
      2.4000        17.80
      2.4010        17.54
      2.4020        17.42
      2.4030        17.24
      2.4040        17.09
      2.4050        16.92
      2.4060        16.94
      2.4070        16.80
      2.4080        16.49
      2.4090        16.30
      2.4100        16.22
      2.4110        16.14
      2.4120        15.99
      2.4130        15.74
      2.4140        15.58
      2.4150        15.39
      2.4160        15.39
      2.4170        15.21
      2.4180        15.17
      2.4190        15.16
      2.4200        15.09
      2.4210        15.01
      2.4220        14.93
      2.4230        14.74
      2.4240        14.66
      2.4250        14.63
      2.4260        14.45
      2.4270        14.23
      2.4280        14.21
      2.4290        14.10
      2.4300        14.01
      2.4310        13.91
      2.4320        13.82
      2.4330        13.70
      2.4340        13.63
      2.4350        13.67
      2.4360        13.45
      2.4370        13.39
      2.4380        13.22
      2.4390        13.10
      2.4400        13.06
      2.4410        12.94
      2.4420        12.90
      2.4430        12.83
      2.4440        12.64
      2.4450        12.48
      2.4460        12.45
      2.4470        12.45
      2.4480        12.45
      2.4490        12.30
      2.4500        12.25
      2.4510        12.15
      2.4520        12.25
      2.4530        12.27
      2.4540        12.15
      2.4550        12.03
      2.4560        11.98
      2.4570        11.86
      2.4580        11.74
      2.4590        11.52
      2.4600        11.24
      2.4610        11.16
      2.4620        10.96
      2.4630        10.80
      2.4640        10.71
      2.4650        10.56
      2.4660        10.34
      2.4670        10.15
      2.4680         9.80
      2.4690         9.74
      2.4700         9.55
      2.4710         9.31
      2.4720         9.04
      2.4730         8.80
      2.4740         8.60
      2.4750         8.36
      2.4760         8.13
      2.4770         7.86
      2.4780         7.66
      2.4790         7.42
      2.4800         7.29
      2.4810         7.04
      2.4820         6.85
      2.4830         6.76
      2.4840         6.56
      2.4850         6.40
      2.4860         6.22
      2.4870         6.05
      2.4880         5.96
      2.4890         5.81
      2.4900         5.56
      2.4910         5.44
      2.4920         5.25
      2.4930         4.98
      2.4940         4.79
      2.4950         4.71
      2.4960         4.57
      2.4970         4.43
      2.4980         4.27
      2.4990         4.19
      2.5000         4.03
      2.5010         3.41
      2.5020         3.33
      2.5030         3.15
      2.5040         3.09
      2.5050         3.05
      2.5060         2.47
      2.5070         2.40
      2.5080         2.35
      2.5090         2.16
      2.5100         2.07
      2.5110         1.96
      2.5120         1.87
      2.5130         1.84
      2.5140         2.29
      2.5150         1.15
      2.5160         1.09
      2.5170         1.09
      2.5180         1.09
      2.5190         1.03
      2.5200         1.02
      2.5210         1.46
      2.5220         1.00
      2.5230         1.00
      2.5240         1.00
      2.5250         1.00
      2.5260         1.00
      2.5270         1.00
      2.5280         1.00
      2.5290         1.00
      2.5300         1.00
      2.5310         1.00
      2.5320         1.00
      2.5330         1.00
      2.5340         1.00
      2.5350         1.00
      2.5360         1.00
      2.5370         1.00
      2.5380         1.00
      2.5390         1.00
      2.5400         1.00
      2.5410         1.00
      2.5420         1.00
      2.5430         1.00
      2.5440         1.00
      2.5450         1.00
      2.5460         1.00
      2.5470         1.00
      2.5480         1.00
      2.5490         1.00
      2.5500         1.00
      2.5510         1.00
      2.5520         1.00
      2.5530         1.00
      2.5540         1.00
      2.5550         1.00
      2.5560         1.00
      2.5570         1.00
      2.5580         1.00
      2.5590         1.00
      2.5600         1.00
      2.5610         1.00
      2.5620         1.00
      2.5630         1.00
      2.5640         1.00
      2.5650         1.00
      2.5660         1.00
      2.5670         1.00
      2.5680         1.00
      2.5690         1.00
      2.5700         1.00
      2.5710         1.00
      2.5720         1.00
      2.5730         1.00
      2.5740         1.00
      2.5750         1.00
      2.5760         1.00
      2.5770         1.00
      2.5780         1.00
      2.5790         1.00
      2.5800         1.00
      2.5810         1.00
      2.5820         1.00
      2.5830         1.00
      2.5840         1.00
      2.5850         1.00
      2.5860         1.00
      2.5870         1.00
      2.5880         1.00
      2.5890         1.00
      2.5900         1.00
      2.5910         1.00
      2.5920         1.00
      2.5930         1.00
      2.5940         1.00
      2.5950         1.00
      2.5960         1.00
      2.5970         1.00
      2.5980         1.00
      2.5990         1.00
      2.6000         1.00
      2.6010         1.00
      2.6020         1.00
      2.6030         1.00
      2.6040         1.00
      2.6050         1.00
      2.6060         1.00
      2.6070         1.00
      2.6080         1.00
      2.6090         1.00
      2.6100         1.00
      2.6110         1.00
      2.6120         1.00
      2.6130         1.00
      2.6140         1.00
      2.6150         1.00
      2.6160         1.00
      2.6170         1.00
      2.6180         1.00
      2.6190         1.00
      2.6200         1.00
      2.6210         1.00
      2.6220         1.00
      2.6230         1.00
      2.6240         1.00
      2.6250         1.00
      2.6260         1.00
      2.6270         1.00
      2.6280         1.00
      2.6290         1.00
      2.6300         1.00
      2.6310         1.00
      2.6320         1.00
      2.6330         1.00
      2.6340         1.00
      2.6350         1.00
      2.6360         1.00
      2.6370         1.00
      2.6380         1.00
      2.6390         1.00
      2.6400         1.00
      2.6410         1.00
      2.6420         1.00
      2.6430         1.00
      2.6440         1.00
      2.6450         1.00
      2.6460         1.00
      2.6470         1.00
      2.6480         1.00
      2.6490         1.00
      2.6500         1.00
      2.6510         1.00
      2.6520         1.00
      2.6530         1.00
      2.6540         1.00
      2.6550         1.00
      2.6560         1.00
      2.6570         1.00
      2.6580         1.00
      2.6590         1.00
      2.6600         1.00
      2.6610         1.00
      2.6620         1.00
      2.6630         1.00
      2.6640         1.00
      2.6650         1.00
      2.6660         1.00
      2.6670         1.00
      2.6680         1.00
      2.6690         1.00
      2.6700         1.00
      2.6710         1.00
      2.6720         1.00
      2.6730         1.00
      2.6740         1.00
      2.6750         1.00
      2.6760         1.00
      2.6770         1.00
      2.6780         1.00
      2.6790         1.00
      2.6800         1.00
      2.6810         1.00
      2.6820         1.00
      2.6830         1.00
      2.6840         1.00
      2.6850         1.00
      2.6860         1.00
      2.6870         1.00
      2.6880         1.00
      2.6890         1.00
      2.6900         1.00
      2.6910         1.00
      2.6920         1.00
      2.6930         1.00
      2.6940         1.00
      2.6950         1.00
      2.6960         1.00
      2.6970         1.00
      2.6980         1.00
      2.6990         1.00
      2.7000         1.00
      2.7010         1.00
      2.7020         1.00
      2.7030         1.00
      2.7040         1.00
      2.7050         1.00
      2.7060         1.00
      2.7070         1.00
      2.7080         1.00
      2.7090         1.00
      2.7100         1.00
      2.7110         1.00
      2.7120         1.00
      2.7130         1.00
      2.7140         1.00
      2.7150         1.00
      2.7160         1.00
      2.7170         1.00
      2.7180         1.00
      2.7190         1.00
      2.7200         1.00
      2.7210         1.00
      2.7220         1.00
      2.7230         1.00
      2.7240         1.00
      2.7250         1.00
      2.7260         1.00
      2.7270         1.00
      2.7280         1.00
      2.7290         1.00
      2.7300         1.00
      2.7310         1.00
      2.7320         1.00
      2.7330         1.00
      2.7340         1.00
      2.7350         1.00
      2.7360         1.00
      2.7370         1.00
      2.7380         1.00
      2.7390         1.00
      2.7400         1.00
      2.7410         1.00
      2.7420         1.00
      2.7430         1.00
      2.7440         1.00
      2.7450         1.00
      2.7460         1.00
      2.7470         1.00
      2.7480         1.00
      2.7490         1.00
      2.7500         1.00
      2.7510         1.00
      2.7520         1.00
      2.7530         1.00
      2.7540         1.00
      2.7550         1.00
      2.7560         1.00
      2.7570         1.00
      2.7580         1.00
      2.7590         1.00
      2.7600         1.00
      2.7610         1.00
      2.7620         1.00
      2.7630         1.00
      2.7640         1.00
      2.7650         1.00
      2.7660         1.00
      2.7670         1.00
      2.7680         1.00
      2.7690         1.00
      2.7700         1.00
      2.7710         1.00
      2.7720         1.00
      2.7730         1.00
      2.7740         1.00
      2.7750         1.00
      2.7760         1.00
      2.7770         1.00
      2.7780         1.00
      2.7790         1.00
      2.7800         1.00
      2.7810         1.00
      2.7820         1.00
      2.7830         1.00
      2.7840         1.00
      2.7850         1.00
      2.7860         1.00
      2.7870         1.00
      2.7880         1.00
      2.7890         1.00
      2.7900         1.00
      2.7910         1.00
      2.7920         1.00
      2.7930         1.00
      2.7940         1.00
      2.7950         1.00
      2.7960         1.00
      2.7970         1.00
      2.7980         1.00
      2.7990         1.00
      2.8000         1.00
      2.8010         1.00
      2.8020         1.00
      2.8030         1.00
      2.8040         1.00
      2.8050         1.00
      2.8060         1.00
      2.8070         1.00
      2.8080         1.00
      2.8090         1.00
      2.8100         1.00
      2.8110         1.00
      2.8120         1.00
      2.8130         1.00
      2.8140         1.00
      2.8150         1.00
      2.8160         1.00
      2.8170         1.00
      2.8180         1.00
      2.8190         1.00
      2.8200         1.00
      2.8210         1.00
      2.8220         1.00
      2.8230         1.00
      2.8240         1.00
      2.8250         1.00
      2.8260         1.00
      2.8270         1.00
      2.8280         1.00
      2.8290         1.00
      2.8300         1.00
      2.8310         1.00
      2.8320         1.00
      2.8330         1.00
      2.8340         1.00
      2.8350         1.00
      2.8360         1.00
      2.8370         1.00
      2.8380         1.00
      2.8390         1.00
      2.8400         1.00
      2.8410         1.00
      2.8420         1.00
      2.8430         1.00
      2.8440         1.00
      2.8450         1.00
      2.8460         1.00
      2.8470         1.00
      2.8480         1.00
      2.8490         1.00
      2.8500         1.00
      2.8510         1.00
      2.8520         1.00
      2.8530         1.00
      2.8540         1.00
      2.8550         1.00
      2.8560         1.00
      2.8570         1.00
      2.8580         1.00
      2.8590         1.00
      2.8600         1.00
      2.8610         1.00
      2.8620         1.00
      2.8630         1.00
      2.8640         1.00
      2.8650         1.00
      2.8660         1.00
      2.8670         1.00
      2.8680         1.00
      2.8690         1.00
      2.8700         1.00
      2.8710         1.00
      2.8720         1.00
      2.8730         1.00
      2.8740         1.00
      2.8750         1.00
      2.8760         1.00
      2.8770         1.00
      2.8780         1.00
      2.8790         1.00
      2.8800         1.00
      2.8810         1.00
      2.8820         1.00
      2.8830         1.00
      2.8840         1.00
      2.8850         1.00
      2.8860         1.00
      2.8870         1.00
      2.8880         1.00
      2.8890         1.00
      2.8900         1.00
      2.8910         1.00
      2.8920         1.00
      2.8930         1.00
      2.8940         1.00
      2.8950         1.00
      2.8960         1.00
      2.8970         1.00
      2.8980         1.00
      2.8990         1.00
      2.9000         1.00
      2.9010         1.00
      2.9020         1.00
      2.9030         1.00
      2.9040         1.00
      2.9050         1.00
      2.9060         1.00
      2.9070         1.00
      2.9080         1.00
      2.9090         1.00
      2.9100         1.00
      2.9110         1.00
      2.9120         1.00
      2.9130         1.00
      2.9140         1.00
      2.9150         1.00
      2.9160         1.00
      2.9170         1.00
      2.9180         1.00
      2.9190         1.00
      2.9200         1.00
      2.9210         1.00
      2.9220         1.00
      2.9230         1.00
      2.9240         1.00
      2.9250         1.00
      2.9260         1.00
      2.9270         1.00
      2.9280         1.00
      2.9290         1.00
      2.9300         1.00
      2.9310         1.00
      2.9320         1.00
      2.9330         1.00
      2.9340         1.00
      2.9350         1.00
      2.9360         1.00
      2.9370         1.00
      2.9380         1.00
      2.9390         1.00
      2.9400         1.00
      2.9410         1.00
      2.9420         1.00
      2.9430         1.00
      2.9440         1.00
      2.9450         1.00
      2.9460         1.00
      2.9470         1.00
      2.9480         1.00
      2.9490         1.00
      2.9500         1.00
      2.9510         1.00
      2.9520         1.00
      2.9530         1.00
      2.9540         1.00
      2.9550         1.00
      2.9560         1.00
      2.9570         1.00
      2.9580         1.00
      2.9590         1.00
      2.9600         1.00
      2.9610         1.00
      2.9620         1.00
      2.9630         1.00
      2.9640         1.00
      2.9650         1.00
      2.9660         1.00
      2.9670         1.00
      2.9680         1.00
      2.9690         1.00
      2.9700         1.00
      2.9710         1.00
      2.9720         1.00
      2.9730         1.00
      2.9740         1.00
      2.9750         1.00
      2.9760         1.00
      2.9770         1.00
      2.9780         1.00
      2.9790         1.00
      2.9800         1.00
      2.9810         1.00
      2.9820         1.00
      2.9830         1.00
      2.9840         1.00
      2.9850         1.00
      2.9860         1.00
      2.9870         1.00
      2.9880         1.00
      2.9890         1.00
      2.9900         1.00
      2.9910         1.00
      2.9920         1.00
      2.9930         1.00
      2.9940         1.00
      2.9950         1.00
      2.9960         1.00
      2.9970         1.00
      2.9980         1.00
      2.9990         1.00
