        Time   Palpation Force
      0.0000         1.00
      0.0010         1.00
      0.0020         1.00
      0.0030         1.00
      0.0040         1.00
      0.0050         1.00
      0.0060         1.00
      0.0070         1.00
      0.0080         1.00
      0.0090         1.00
      0.0100         1.00
      0.0110         1.00
      0.0120         1.00
      0.0130         1.00
      0.0140         1.00
      0.0150         1.00
      0.0160         1.00
      0.0170         1.00
      0.0180         1.00
      0.0190         1.00
      0.0200         1.00
      0.0210         1.00
      0.0220         1.00
      0.0230         1.00
      0.0240         1.00
      0.0250         1.00
      0.0260         1.00
      0.0270         1.00
      0.0280         1.00
      0.0290         1.00
      0.0300         1.00
      0.0310         1.00
      0.0320         1.00
      0.0330         1.00
      0.0340         1.00
      0.0350         1.00
      0.0360         1.00
      0.0370         1.00
      0.0380         1.00
      0.0390         1.00
      0.0400         1.00
      0.0410         1.00
      0.0420         1.00
      0.0430         1.00
      0.0440         1.00
      0.0450         1.00
      0.0460         1.00
      0.0470         1.00
      0.0480         1.00
      0.0490         1.00
      0.0500         1.00
      0.0510         1.00
      0.0520         1.00
      0.0530         1.00
      0.0540         1.00
      0.0550         1.00
      0.0560         1.00
      0.0570         1.00
      0.0580         1.00
      0.0590         1.00
      0.0600         1.00
      0.0610         1.00
      0.0620         1.00
      0.0630         1.00
      0.0640         1.00
      0.0650         1.00
      0.0660         1.00
      0.0670         1.00
      0.0680         1.00
      0.0690         1.00
      0.0700         1.00
      0.0710         1.00
      0.0720         1.00
      0.0730         1.00
      0.0740         1.00
      0.0750         1.00
      0.0760         1.00
      0.0770         1.00
      0.0780         1.00
      0.0790         1.00
      0.0800         1.00
      0.0810         1.00
      0.0820         1.00
      0.0830         1.00
      0.0840         1.10
      0.0850         1.06
      0.0860         1.07
      0.0870         1.05
      0.0880         1.00
      0.0890         1.00
      0.0900         1.00
      0.0910         1.00
      0.0920         1.00
      0.0930         1.00
      0.0940         1.00
      0.0950         1.00
      0.0960         1.00
      0.0970         1.00
      0.0980         1.00
      0.0990         1.00
      0.1000         1.00
      0.1010         1.00
      0.1020         1.00
      0.1030         1.00
      0.1040         1.00
      0.1050         1.00
      0.1060         1.00
      0.1070         1.00
      0.1080         1.00
      0.1090         1.00
      0.1100         1.00
      0.1110         1.00
      0.1120         1.00
      0.1130         1.00
      0.1140         1.00
      0.1150         1.00
      0.1160         1.00
      0.1170         1.00
      0.1180         1.00
      0.1190         1.00
      0.1200         1.00
      0.1210         1.00
      0.1220         1.00
      0.1230         1.00
      0.1240         1.00
      0.1250         1.00
      0.1260         1.00
      0.1270         1.00
      0.1280         1.00
      0.1290         1.00
      0.1300         1.00
      0.1310         1.00
      0.1320         1.00
      0.1330         1.00
      0.1340         1.00
      0.1350         1.00
      0.1360         1.00
      0.1370         1.00
      0.1380         1.07
      0.1390         1.06
      0.1400         1.10
      0.1410         1.00
      0.1420         1.00
      0.1430         1.00
      0.1440         1.00
      0.1450         1.00
      0.1460         1.00
      0.1470         1.00
      0.1480         1.00
      0.1490         1.00
      0.1500         1.00
      0.1510         1.00
      0.1520         1.00
      0.1530         1.00
      0.1540         1.00
      0.1550         1.00
      0.1560         1.00
      0.1570         1.00
      0.1580         1.00
      0.1590         1.00
      0.1600         1.00
      0.1610         1.00
      0.1620         1.00
      0.1630         1.00
      0.1640         1.00
      0.1650         1.15
      0.1660         1.18
      0.1670         1.21
      0.1680         1.15
      0.1690         1.19
      0.1700         1.18
      0.1710         1.19
      0.1720         1.18
      0.1730         1.14
      0.1740         1.00
      0.1750         1.00
      0.1760         1.00
      0.1770         1.00
      0.1780         1.00
      0.1790         1.00
      0.1800         1.00
      0.1810         1.00
      0.1820         1.00
      0.1830         1.00
      0.1840         1.00
      0.1850         1.00
      0.1860         1.00
      0.1870         1.00
      0.1880         1.00
      0.1890         1.00
      0.1900         1.00
      0.1910         1.00
      0.1920         1.00
      0.1930         1.06
      0.1940         1.14
      0.1950         1.15
      0.1960         1.13
      0.1970         1.11
      0.1980         1.00
      0.1990         1.00
      0.2000         1.00
      0.2010         1.00
      0.2020         1.00
      0.2030         1.00
      0.2040         1.00
      0.2050         1.00
      0.2060         1.00
      0.2070         1.00
      0.2080         1.00
      0.2090         1.00
      0.2100         1.00
      0.2110         1.00
      0.2120         1.00
      0.2130         1.00
      0.2140         1.00
      0.2150         1.00
      0.2160         1.00
      0.2170         1.00
      0.2180         1.00
      0.2190         1.00
      0.2200         1.00
      0.2210         1.00
      0.2220         1.00
      0.2230         1.00
      0.2240         1.00
      0.2250         1.00
      0.2260         1.00
      0.2270         1.00
      0.2280         1.00
      0.2290         1.00
      0.2300         1.00
      0.2310         1.00
      0.2320         1.00
      0.2330         1.00
      0.2340         1.00
      0.2350         1.00
      0.2360         1.00
      0.2370         1.00
      0.2380         1.00
      0.2390         1.00
      0.2400         1.00
      0.2410         1.00
      0.2420         1.00
      0.2430         1.00
      0.2440         1.00
      0.2450         1.00
      0.2460         1.00
      0.2470         1.00
      0.2480         1.00
      0.2490         1.00
      0.2500         1.00
      0.2510         1.00
      0.2520         1.00
      0.2530         1.00
      0.2540         1.00
      0.2550         1.00
      0.2560         1.00
      0.2570         1.00
      0.2580         1.00
      0.2590         1.00
      0.2600         1.00
      0.2610         1.00
      0.2620         1.00
      0.2630         1.00
      0.2640         1.00
      0.2650         1.00
      0.2660         1.00
      0.2670         1.00
      0.2680         1.00
      0.2690         1.00
      0.2700         1.00
      0.2710         1.00
      0.2720         1.00
      0.2730         1.00
      0.2740         1.00
      0.2750         1.00
      0.2760         1.00
      0.2770         1.00
      0.2780         1.09
      0.2790         1.07
      0.2800         1.09
      0.2810         1.15
      0.2820         1.19
      0.2830         1.21
      0.2840         1.22
      0.2850         1.00
      0.2860         1.00
      0.2870         1.00
      0.2880         1.00
      0.2890         1.00
      0.2900         1.00
      0.2910         1.00
      0.2920         1.00
      0.2930         1.00
      0.2940         1.00
      0.2950         1.00
      0.2960         1.00
      0.2970         1.00
      0.2980         1.00
      0.2990         1.00
      0.3000         1.00
      0.3010         1.00
      0.3020         1.00
      0.3030         1.00
      0.3040         1.00
      0.3050         1.00
      0.3060         1.00
      0.3070         1.00
      0.3080         1.00
      0.3090         1.00
      0.3100         1.00
      0.3110         1.00
      0.3120         1.00
      0.3130         1.10
      0.3140         1.00
      0.3150         1.00
      0.3160         1.00
      0.3170         1.00
      0.3180         1.00
      0.3190         1.00
      0.3200         1.00
      0.3210         1.00
      0.3220         1.00
      0.3230         1.00
      0.3240         1.00
      0.3250         1.00
      0.3260         1.00
      0.3270         1.00
      0.3280         1.00
      0.3290         1.00
      0.3300         1.00
      0.3310         1.00
      0.3320         1.00
      0.3330         1.00
      0.3340         1.00
      0.3350         1.00
      0.3360         1.00
      0.3370         1.00
      0.3380         1.00
      0.3390         1.14
      0.3400         1.11
      0.3410         1.10
      0.3420         1.11
      0.3430         1.11
      0.3440         1.12
      0.3450         1.00
      0.3460         1.00
      0.3470         1.00
      0.3480         1.11
      0.3490         1.15
      0.3500         1.15
      0.3510         1.00
      0.3520         1.00
      0.3530         1.00
      0.3540         1.00
      0.3550         1.00
      0.3560         1.00
      0.3570         1.00
      0.3580         1.00
      0.3590         1.00
      0.3600         1.00
      0.3610         1.00
      0.3620         1.00
      0.3630         1.00
      0.3640         1.00
      0.3650         1.00
      0.3660         1.00
      0.3670         1.00
      0.3680         1.00
      0.3690         1.00
      0.3700         1.00
      0.3710         1.00
      0.3720         1.00
      0.3730         1.00
      0.3740         1.00
      0.3750         1.00
      0.3760         1.00
      0.3770         1.00
      0.3780         1.00
      0.3790         1.00
      0.3800         1.00
      0.3810         1.00
      0.3820         1.00
      0.3830         1.00
      0.3840         1.00
      0.3850         1.00
      0.3860         1.00
      0.3870         1.00
      0.3880         1.00
      0.3890         1.00
      0.3900         1.00
      0.3910         1.00
      0.3920         1.00
      0.3930         1.00
      0.3940         1.00
      0.3950         1.00
      0.3960         1.00
      0.3970         1.00
      0.3980         1.00
      0.3990         1.00
      0.4000         1.00
      0.4010         1.00
      0.4020         1.00
      0.4030         1.00
      0.4040         1.05
      0.4050         1.05
      0.4060         1.00
      0.4070         1.00
      0.4080         1.00
      0.4090         1.00
      0.4100         1.00
      0.4110         1.00
      0.4120         1.00
      0.4130         1.00
      0.4140         1.00
      0.4150         1.00
      0.4160         1.00
      0.4170         1.00
      0.4180         1.00
      0.4190         1.00
      0.4200         1.00
      0.4210         1.00
      0.4220         1.00
      0.4230         1.10
      0.4240         1.00
      0.4250         1.00
      0.4260         1.00
      0.4270         1.00
      0.4280         1.00
      0.4290         1.14
      0.4300         1.17
      0.4310         1.11
      0.4320         1.00
      0.4330         1.13
      0.4340         1.00
      0.4350         1.00
      0.4360         1.00
      0.4370         1.00
      0.4380         1.00
      0.4390         1.00
      0.4400         1.00
      0.4410         1.00
      0.4420         1.00
      0.4430         1.00
      0.4440         1.00
      0.4450         1.00
      0.4460         1.00
      0.4470         1.00
      0.4480         1.00
      0.4490         1.00
      0.4500         1.00
      0.4510         1.00
      0.4520         1.00
      0.4530         1.00
      0.4540         1.00
      0.4550         1.00
      0.4560         1.00
      0.4570         1.00
      0.4580         1.00
      0.4590         1.00
      0.4600         1.00
      0.4610         1.00
      0.4620         1.00
      0.4630         1.00
      0.4640         1.00
      0.4650         1.00
      0.4660         1.00
      0.4670         1.00
      0.4680         1.00
      0.4690         1.00
      0.4700         1.00
      0.4710         1.00
      0.4720         1.00
      0.4730         1.00
      0.4740         1.00
      0.4750         1.00
      0.4760         1.00
      0.4770         1.00
      0.4780         1.00
      0.4790         1.00
      0.4800         1.00
      0.4810         1.00
      0.4820         1.00
      0.4830         1.00
      0.4840         1.23
      0.4850         1.22
      0.4860         1.25
      0.4870         1.26
      0.4880         1.31
      0.4890         1.30
      0.4900         1.30
      0.4910         1.28
      0.4920         1.24
      0.4930         1.00
      0.4940         1.00
      0.4950         1.10
      0.4960         1.13
      0.4970         1.17
      0.4980         1.18
      0.4990         1.00
      0.5000         1.00
      0.5010         1.00
      0.5020         1.00
      0.5030         1.00
      0.5040         1.00
      0.5050         1.02
      0.5060         1.00
      0.5070         1.10
      0.5080         1.11
      0.5090         1.19
      0.5100         1.15
      0.5110         1.22
      0.5120         1.27
      0.5130         1.30
      0.5140         1.33
      0.5150         1.31
      0.5160         1.34
      0.5170         1.27
      0.5180         1.27
      0.5190         1.29
      0.5200         1.30
      0.5210         1.27
      0.5220         1.17
      0.5230         1.19
      0.5240         1.21
      0.5250         1.11
      0.5260         1.07
      0.5270         1.05
      0.5280         1.00
      0.5290         1.00
      0.5300         1.00
      0.5310         1.00
      0.5320         1.00
      0.5330         1.00
      0.5340         1.00
      0.5350         1.00
      0.5360         1.00
      0.5370         1.00
      0.5380         1.02
      0.5390         1.00
      0.5400         1.09
      0.5410         1.17
      0.5420         1.30
      0.5430         1.35
      0.5440         1.33
      0.5450         1.39
      0.5460         1.39
      0.5470         1.35
      0.5480         1.46
      0.5490         1.46
      0.5500         1.49
      0.5510         1.45
      0.5520         1.41
      0.5530         1.43
      0.5540         1.42
      0.5550         1.45
      0.5560         1.42
      0.5570         1.41
      0.5580         1.92
      0.5590         1.43
      0.5600         1.47
      0.5610         1.51
      0.5620         1.00
      0.5630         1.00
      0.5640         1.47
      0.5650         1.00
      0.5660         1.00
      0.5670         1.00
      0.5680         1.00
      0.5690         1.00
      0.5700         1.01
      0.5710         1.52
      0.5720         1.49
      0.5730         1.46
      0.5740         1.46
      0.5750         1.49
      0.5760         1.43
      0.5770         1.42
      0.5780         1.42
      0.5790         1.41
      0.5800         1.35
      0.5810         1.76
      0.5820         1.27
      0.5830         1.27
      0.5840         1.28
      0.5850         1.35
      0.5860         1.35
      0.5870         1.39
      0.5880         1.40
      0.5890         1.38
      0.5900         1.39
      0.5910         1.38
      0.5920         1.38
      0.5930         1.39
      0.5940         1.40
      0.5950         1.39
      0.5960         1.32
      0.5970         1.00
      0.5980         1.00
      0.5990         1.37
      0.6000         1.39
      0.6010         1.45
      0.6020         1.47
      0.6030         1.45
      0.6040         1.38
      0.6050         1.46
      0.6060         1.43
      0.6070         1.39
      0.6080         1.35
      0.6090         1.31
      0.6100         1.83
      0.6110         1.79
      0.6120         1.84
      0.6130         1.84
      0.6140         1.78
      0.6150         1.76
      0.6160         1.32
      0.6170         1.32
      0.6180         1.32
      0.6190         1.36
      0.6200         1.34
      0.6210         1.38
      0.6220         1.38
      0.6230         1.40
      0.6240         1.44
      0.6250         1.41
      0.6260         1.94
      0.6270         1.99
      0.6280         2.11
      0.6290         2.14
      0.6300         2.16
      0.6310         2.29
      0.6320         2.36
      0.6330         2.33
      0.6340         2.43
      0.6350         2.46
      0.6360         2.43
      0.6370         2.44
      0.6380         2.48
      0.6390         2.43
      0.6400         2.50
      0.6410         2.50
      0.6420         2.61
      0.6430         2.72
      0.6440         2.68
      0.6450         2.73
      0.6460         2.73
      0.6470         3.25
      0.6480         3.31
      0.6490         3.33
      0.6500         3.38
      0.6510         3.39
      0.6520         3.42
      0.6530         2.98
      0.6540         3.55
      0.6550         3.56
      0.6560         3.62
      0.6570         3.19
      0.6580         3.14
      0.6590         3.18
      0.6600         3.15
      0.6610         3.19
      0.6620         3.78
      0.6630         3.80
      0.6640         3.84
      0.6650         3.83
      0.6660         3.82
      0.6670         3.32
      0.6680         3.24
      0.6690         3.23
      0.6700         3.14
      0.6710         3.10
      0.6720         3.18
      0.6730         3.13
      0.6740         3.09
      0.6750         3.09
      0.6760         3.16
      0.6770         3.12
      0.6780         3.21
      0.6790         3.27
      0.6800         3.28
      0.6810         3.35
      0.6820         3.37
      0.6830         3.41
      0.6840         3.39
      0.6850         3.45
      0.6860         3.55
      0.6870         3.60
      0.6880         3.72
      0.6890         3.79
      0.6900         3.96
      0.6910         4.10
      0.6920         4.04
      0.6930         4.11
      0.6940         4.19
      0.6950         4.16
      0.6960         4.20
      0.6970         4.20
      0.6980         4.15
      0.6990         4.11
      0.7000         4.19
      0.7010         4.15
      0.7020         4.13
      0.7030         4.05
      0.7040         4.10
      0.7050         4.13
      0.7060         4.14
      0.7070         4.17
      0.7080         4.15
      0.7090         4.21
      0.7100         4.17
      0.7110         4.09
      0.7120         4.12
      0.7130         4.16
      0.7140         4.12
      0.7150         4.18
      0.7160         4.21
      0.7170         4.26
      0.7180         4.33
      0.7190         4.41
      0.7200         4.91
      0.7210         4.95
      0.7220         4.98
      0.7230         5.01
      0.7240         5.07
      0.7250         5.10
      0.7260         4.99
      0.7270         4.99
      0.7280         5.06
      0.7290         5.05
      0.7300         5.14
      0.7310         5.17
      0.7320         5.07
      0.7330         5.05
      0.7340         5.11
      0.7350         5.12
      0.7360         5.00
      0.7370         5.06
      0.7380         5.05
      0.7390         4.58
      0.7400         4.62
      0.7410         4.64
      0.7420         4.70
      0.7430         4.81
      0.7440         4.77
      0.7450         4.79
      0.7460         4.85
      0.7470         4.88
      0.7480         4.92
      0.7490         4.94
      0.7500         4.90
      0.7510         4.88
      0.7520         5.00
      0.7530         5.06
      0.7540         4.97
      0.7550         5.01
      0.7560         5.03
      0.7570         5.00
      0.7580         5.04
      0.7590         5.02
      0.7600         5.51
      0.7610         5.47
      0.7620         4.96
      0.7630         4.92
      0.7640         4.98
      0.7650         4.94
      0.7660         4.91
      0.7670         4.87
      0.7680         4.87
      0.7690         4.86
      0.7700         4.78
      0.7710         4.83
      0.7720         4.88
      0.7730         5.38
      0.7740         5.56
      0.7750         5.56
      0.7760         5.14
      0.7770         5.12
      0.7780         5.12
      0.7790         5.61
      0.7800         5.68
      0.7810         5.75
      0.7820         5.72
      0.7830         5.75
      0.7840         5.80
      0.7850         5.88
      0.7860         5.93
      0.7870         5.96
      0.7880         5.87
      0.7890         5.92
      0.7900         5.55
      0.7910         5.51
      0.7920         5.42
      0.7930         5.41
      0.7940         5.29
      0.7950         5.28
      0.7960         5.19
      0.7970         5.21
      0.7980         5.21
      0.7990         5.21
      0.8000         5.20
      0.8010         5.16
      0.8020         5.18
      0.8030         5.13
      0.8040         5.16
      0.8050         5.66
      0.8060         5.73
      0.8070         5.74
      0.8080         5.81
      0.8090         5.86
      0.8100         5.81
      0.8110         5.92
      0.8120         6.07
      0.8130         6.04
      0.8140         6.07
      0.8150         6.15
      0.8160         6.22
      0.8170         6.18
      0.8180         6.22
      0.8190         6.33
      0.8200         5.86
      0.8210         5.94
      0.8220         6.01
      0.8230         6.15
      0.8240         6.09
      0.8250         6.05
      0.8260         6.06
      0.8270         6.12
      0.8280         6.18
      0.8290         6.25
      0.8300         6.28
      0.8310         6.36
      0.8320         6.34
      0.8330         6.49
      0.8340         6.50
      0.8350         6.54
      0.8360         6.52
      0.8370         6.71
      0.8380         6.68
      0.8390         6.68
      0.8400         6.68
      0.8410         6.68
      0.8420         6.57
      0.8430         6.54
      0.8440         6.57
      0.8450         6.63
      0.8460         6.60
      0.8470         6.66
      0.8480         6.60
      0.8490         6.63
      0.8500         6.58
      0.8510         6.57
      0.8520         6.54
      0.8530         6.44
      0.8540         6.50
      0.8550         6.48
      0.8560         6.55
      0.8570         6.47
      0.8580         6.55
      0.8590         6.60
      0.8600         7.10
      0.8610         6.62
      0.8620         6.75
      0.8630         6.86
      0.8640         6.94
      0.8650         6.95
      0.8660         7.55
      0.8670         7.62
      0.8680         7.78
      0.8690         7.80
      0.8700         7.95
      0.8710         8.01
      0.8720         8.05
      0.8730         7.59
      0.8740         8.21
      0.8750         7.74
      0.8760         8.36
      0.8770         8.40
      0.8780         8.51
      0.8790         8.58
      0.8800         8.67
      0.8810         8.76
      0.8820         8.71
      0.8830         8.22
      0.8840         8.25
      0.8850         8.41
      0.8860         8.43
      0.8870         8.43
      0.8880         8.46
      0.8890         8.42
      0.8900         8.49
      0.8910         8.49
      0.8920         8.66
      0.8930         8.69
      0.8940         8.71
      0.8950         8.83
      0.8960         8.89
      0.8970         9.01
      0.8980         9.00
      0.8990         8.97
      0.9000         9.00
      0.9010         9.01
      0.9020         9.07
      0.9030         9.59
      0.9040         9.18
      0.9050         9.20
      0.9060         9.87
      0.9070        10.05
      0.9080        10.16
      0.9090        10.34
      0.9100        10.44
      0.9110        10.53
      0.9120        10.63
      0.9130        10.79
      0.9140        10.87
      0.9150        10.88
      0.9160        11.04
      0.9170        11.02
      0.9180        11.14
      0.9190        11.21
      0.9200        11.34
      0.9210        11.32
      0.9220        11.55
      0.9230        11.69
      0.9240        11.75
      0.9250        11.90
      0.9260        12.02
      0.9270        12.01
      0.9280        12.08
      0.9290        12.10
      0.9300        12.17
      0.9310        12.24
      0.9320        12.22
      0.9330        12.26
      0.9340        12.30
      0.9350        12.29
      0.9360        12.22
      0.9370        12.38
      0.9380        12.46
      0.9390        12.46
      0.9400        12.41
      0.9410        12.59
      0.9420        12.60
      0.9430        12.68
      0.9440        12.71
      0.9450        12.68
      0.9460        12.61
      0.9470        12.75
      0.9480        12.80
      0.9490        12.92
      0.9500        13.06
      0.9510        13.10
      0.9520        13.26
      0.9530        13.32
      0.9540        13.35
      0.9550        13.54
      0.9560        13.73
      0.9570        13.81
      0.9580        13.83
      0.9590        13.97
      0.9600        14.18
      0.9610        14.28
      0.9620        14.39
      0.9630        14.36
      0.9640        14.44
      0.9650        14.69
      0.9660        14.91
      0.9670        14.87
      0.9680        14.93
      0.9690        15.00
      0.9700        15.09
      0.9710        15.17
      0.9720        15.21
      0.9730        15.28
      0.9740        15.43
      0.9750        15.47
      0.9760        15.59
      0.9770        15.64
      0.9780        15.79
      0.9790        15.93
      0.9800        15.94
      0.9810        15.98
      0.9820        16.06
      0.9830        16.22
      0.9840        16.40
      0.9850        16.42
      0.9860        16.48
      0.9870        16.61
      0.9880        16.72
      0.9890        16.85
      0.9900        16.88
      0.9910        17.02
      0.9920        17.15
      0.9930        17.27
      0.9940        17.37
      0.9950        17.50
      0.9960        17.46
      0.9970        17.50
      0.9980        17.61
      0.9990        17.69
      1.0000        17.78
      1.0010        17.84
      1.0020        17.99
      1.0030        18.03
      1.0040        18.11
      1.0050        18.21
      1.0060        18.25
      1.0070        18.33
      1.0080        18.48
      1.0090        18.51
      1.0100        18.60
      1.0110        18.62
      1.0120        18.63
      1.0130        18.63
      1.0140        18.64
      1.0150        18.71
      1.0160        18.86
      1.0170        18.90
      1.0180        18.91
      1.0190        18.95
      1.0200        18.95
      1.0210        19.11
      1.0220        19.05
      1.0230        19.08
      1.0240        19.02
      1.0250        18.98
      1.0260        19.00
      1.0270        19.09
      1.0280        19.05
      1.0290        19.12
      1.0300        19.15
      1.0310        19.28
      1.0320        19.36
      1.0330        19.56
      1.0340        19.63
      1.0350        19.72
      1.0360        19.81
      1.0370        19.91
      1.0380        20.02
      1.0390        20.12
      1.0400        20.24
      1.0410        20.24
      1.0420        20.37
      1.0430        20.49
      1.0440        20.55
      1.0450        20.61
      1.0460        20.76
      1.0470        20.76
      1.0480        20.78
      1.0490        20.82
      1.0500        20.85
      1.0510        20.82
      1.0520        20.83
      1.0530        20.80
      1.0540        20.88
      1.0550        20.96
      1.0560        20.95
      1.0570        21.15
      1.0580        21.15
      1.0590        21.05
      1.0600        21.09
      1.0610        21.10
      1.0620        21.14
      1.0630        21.19
      1.0640        21.35
      1.0650        21.43
      1.0660        21.37
      1.0670        21.39
      1.0680        21.60
      1.0690        21.67
      1.0700        21.84
      1.0710        21.84
      1.0720        21.95
      1.0730        21.92
      1.0740        22.03
      1.0750        21.99
      1.0760        22.07
      1.0770        21.99
      1.0780        21.99
      1.0790        22.14
      1.0800        22.19
      1.0810        22.22
      1.0820        22.22
      1.0830        22.28
      1.0840        22.33
      1.0850        22.30
      1.0860        22.40
      1.0870        22.49
      1.0880        22.44
      1.0890        22.48
      1.0900        22.52
      1.0910        22.67
      1.0920        22.64
      1.0930        22.68
      1.0940        22.58
      1.0950        22.63
      1.0960        22.64
      1.0970        22.68
      1.0980        22.78
      1.0990        22.78
      1.1000        22.79
      1.1010        22.90
      1.1020        22.94
      1.1030        22.93
      1.1040        22.91
      1.1050        23.09
      1.1060        23.22
      1.1070        23.30
      1.1080        23.26
      1.1090        23.29
      1.1100        23.18
      1.1110        23.25
      1.1120        23.37
      1.1130        23.40
      1.1140        23.54
      1.1150        23.48
      1.1160        23.60
      1.1170        23.64
      1.1180        23.71
      1.1190        23.78
      1.1200        23.87
      1.1210        23.86
      1.1220        23.95
      1.1230        24.07
      1.1240        24.17
      1.1250        24.13
      1.1260        24.02
      1.1270        24.07
      1.1280        24.18
      1.1290        24.24
      1.1300        24.32
      1.1310        24.33
      1.1320        24.33
      1.1330        24.49
      1.1340        24.56
      1.1350        24.66
      1.1360        24.62
      1.1370        24.74
      1.1380        24.82
      1.1390        24.87
      1.1400        24.98
      1.1410        25.13
      1.1420        25.19
      1.1430        25.18
      1.1440        25.23
      1.1450        25.35
      1.1460        25.50
      1.1470        25.61
      1.1480        25.78
      1.1490        25.92
      1.1500        26.05
      1.1510        26.13
      1.1520        26.28
      1.1530        26.41
      1.1540        26.49
      1.1550        26.68
      1.1560        26.75
      1.1570        26.84
      1.1580        26.83
      1.1590        26.92
      1.1600        26.98
      1.1610        27.07
      1.1620        27.17
      1.1630        27.29
      1.1640        27.33
      1.1650        27.43
      1.1660        27.53
      1.1670        27.52
      1.1680        27.57
      1.1690        27.57
      1.1700        27.53
      1.1710        27.57
      1.1720        27.63
      1.1730        27.52
      1.1740        27.53
      1.1750        27.55
      1.1760        27.66
      1.1770        27.60
      1.1780        27.66
      1.1790        27.67
      1.1800        27.72
      1.1810        27.76
      1.1820        27.82
      1.1830        27.82
      1.1840        27.90
      1.1850        27.77
      1.1860        27.75
      1.1870        27.81
      1.1880        27.79
      1.1890        27.92
      1.1900        28.12
      1.1910        28.19
      1.1920        28.24
      1.1930        28.34
      1.1940        28.39
      1.1950        28.49
      1.1960        28.49
      1.1970        28.58
      1.1980        28.68
      1.1990        28.81
      1.2000        28.80
      1.2010        28.80
      1.2020        28.85
      1.2030        28.89
      1.2040        28.91
      1.2050        29.08
      1.2060        29.10
      1.2070        29.19
      1.2080        29.22
      1.2090        29.19
      1.2100        29.30
      1.2110        29.27
      1.2120        29.22
      1.2130        29.32
      1.2140        29.35
      1.2150        29.32
      1.2160        29.46
      1.2170        29.51
      1.2180        29.57
      1.2190        29.54
      1.2200        29.63
      1.2210        29.69
      1.2220        29.69
      1.2230        29.80
      1.2240        29.88
      1.2250        29.93
      1.2260        29.99
      1.2270        30.00
      1.2280        30.04
      1.2290        30.02
      1.2300        29.92
      1.2310        30.07
      1.2320        30.19
      1.2330        30.14
      1.2340        30.19
      1.2350        30.35
      1.2360        30.28
      1.2370        30.35
      1.2380        30.39
      1.2390        30.50
      1.2400        30.51
      1.2410        30.52
      1.2420        30.59
      1.2430        30.60
      1.2440        30.58
      1.2450        30.59
      1.2460        30.69
      1.2470        30.67
      1.2480        30.77
      1.2490        30.93
      1.2500        30.98
      1.2510        30.98
      1.2520        30.96
      1.2530        31.04
      1.2540        31.10
      1.2550        30.92
      1.2560        30.95
      1.2570        30.90
      1.2580        30.93
      1.2590        30.90
      1.2600        30.86
      1.2610        30.85
      1.2620        30.77
      1.2630        30.75
      1.2640        30.83
      1.2650        30.78
      1.2660        30.80
      1.2670        30.81
      1.2680        30.70
      1.2690        30.61
      1.2700        30.58
      1.2710        30.63
      1.2720        30.72
      1.2730        30.67
      1.2740        30.58
      1.2750        30.66
      1.2760        30.77
      1.2770        30.81
      1.2780        30.73
      1.2790        30.65
      1.2800        30.72
      1.2810        30.80
      1.2820        30.85
      1.2830        30.95
      1.2840        30.93
      1.2850        30.96
      1.2860        30.89
      1.2870        30.87
      1.2880        30.85
      1.2890        30.84
      1.2900        30.85
      1.2910        30.79
      1.2920        30.67
      1.2930        30.65
      1.2940        30.71
      1.2950        30.61
      1.2960        30.55
      1.2970        30.56
      1.2980        30.57
      1.2990        30.61
      1.3000        30.61
      1.3010        30.61
      1.3020        30.52
      1.3030        30.38
      1.3040        30.33
      1.3050        30.32
      1.3060        30.38
      1.3070        30.36
      1.3080        30.32
      1.3090        30.32
      1.3100        30.24
      1.3110        30.27
      1.3120        30.21
      1.3130        30.15
      1.3140        30.12
      1.3150        30.09
      1.3160        30.01
      1.3170        30.01
      1.3180        29.96
      1.3190        29.89
      1.3200        29.79
      1.3210        29.73
      1.3220        29.74
      1.3230        29.78
      1.3240        29.74
      1.3250        29.68
      1.3260        29.52
      1.3270        29.48
      1.3280        29.41
      1.3290        29.32
      1.3300        29.25
      1.3310        29.16
      1.3320        29.20
      1.3330        29.20
      1.3340        29.13
      1.3350        29.06
      1.3360        28.95
      1.3370        28.81
      1.3380        28.74
      1.3390        28.80
      1.3400        28.79
      1.3410        28.67
      1.3420        28.66
      1.3430        28.48
      1.3440        28.39
      1.3450        28.30
      1.3460        28.21
      1.3470        28.16
      1.3480        28.12
      1.3490        28.10
      1.3500        28.12
      1.3510        27.94
      1.3520        27.82
      1.3530        27.76
      1.3540        27.69
      1.3550        27.71
      1.3560        27.68
      1.3570        27.73
      1.3580        27.74
      1.3590        27.53
      1.3600        27.51
      1.3610        27.47
      1.3620        27.31
      1.3630        27.28
      1.3640        27.23
      1.3650        27.23
      1.3660        27.20
      1.3670        27.12
      1.3680        27.02
      1.3690        27.02
      1.3700        26.91
      1.3710        26.98
      1.3720        26.92
      1.3730        26.84
      1.3740        26.80
      1.3750        26.78
      1.3760        26.78
      1.3770        26.64
      1.3780        26.56
      1.3790        26.54
      1.3800        26.47
      1.3810        26.44
      1.3820        26.48
      1.3830        26.41
      1.3840        26.44
      1.3850        26.40
      1.3860        26.42
      1.3870        26.44
      1.3880        26.54
      1.3890        26.42
      1.3900        26.42
      1.3910        26.31
      1.3920        26.35
      1.3930        26.32
      1.3940        26.27
      1.3950        26.17
      1.3960        26.08
      1.3970        25.96
      1.3980        25.89
      1.3990        25.97
      1.4000        25.88
      1.4010        25.81
      1.4020        25.75
      1.4030        25.78
      1.4040        25.76
      1.4050        25.76
      1.4060        25.74
      1.4070        25.70
      1.4080        25.59
      1.4090        25.52
      1.4100        25.46
      1.4110        25.45
      1.4120        25.41
      1.4130        25.36
      1.4140        25.36
      1.4150        25.37
      1.4160        25.36
      1.4170        25.45
      1.4180        25.41
      1.4190        25.30
      1.4200        25.26
      1.4210        25.29
      1.4220        25.17
      1.4230        25.17
      1.4240        25.09
      1.4250        24.97
      1.4260        24.93
      1.4270        24.90
      1.4280        24.94
      1.4290        24.90
      1.4300        24.86
      1.4310        24.83
      1.4320        24.78
      1.4330        24.76
      1.4340        24.73
      1.4350        24.66
      1.4360        24.66
      1.4370        24.59
      1.4380        24.55
      1.4390        24.51
      1.4400        24.55
      1.4410        24.51
      1.4420        24.62
      1.4430        24.55
      1.4440        24.51
      1.4450        24.55
      1.4460        24.59
      1.4470        24.59
      1.4480        24.51
      1.4490        24.60
      1.4500        24.60
      1.4510        24.60
      1.4520        24.60
      1.4530        24.64
      1.4540        24.61
      1.4550        24.64
      1.4560        24.61
      1.4570        24.48
      1.4580        24.55
      1.4590        24.53
      1.4600        24.40
      1.4610        24.35
      1.4620        24.28
      1.4630        24.26
      1.4640        24.24
      1.4650        24.23
      1.4660        24.16
      1.4670        24.13
      1.4680        24.09
      1.4690        24.00
      1.4700        24.01
      1.4710        23.88
      1.4720        23.80
      1.4730        23.73
      1.4740        23.76
      1.4750        23.71
      1.4760        23.74
      1.4770        23.82
      1.4780        23.83
      1.4790        23.82
      1.4800        23.81
      1.4810        23.87
      1.4820        23.88
      1.4830        23.89
      1.4840        23.92
      1.4850        23.83
      1.4860        23.73
      1.4870        23.63
      1.4880        23.61
      1.4890        23.57
      1.4900        23.47
      1.4910        23.44
      1.4920        23.44
      1.4930        23.39
      1.4940        23.32
      1.4950        23.29
      1.4960        23.20
      1.4970        23.15
      1.4980        23.07
      1.4990        23.11
      1.5000        23.08
      1.5010        23.03
      1.5020        23.04
      1.5030        22.98
      1.5040        22.94
      1.5050        23.05
      1.5060        23.13
      1.5070        23.20
      1.5080        23.26
      1.5090        23.25
      1.5100        23.37
      1.5110        23.50
      1.5120        23.54
      1.5130        23.54
      1.5140        23.61
      1.5150        23.63
      1.5160        23.68
      1.5170        23.64
      1.5180        23.55
      1.5190        23.48
      1.5200        23.56
      1.5210        23.46
      1.5220        23.52
      1.5230        23.42
      1.5240        23.37
      1.5250        23.16
      1.5260        23.05
      1.5270        23.06
      1.5280        22.92
      1.5290        23.02
      1.5300        22.97
      1.5310        22.96
      1.5320        22.78
      1.5330        22.78
      1.5340        22.69
      1.5350        22.62
      1.5360        22.63
      1.5370        22.73
      1.5380        22.79
      1.5390        22.72
      1.5400        22.72
      1.5410        22.80
      1.5420        22.62
      1.5430        22.70
      1.5440        22.62
      1.5450        22.70
      1.5460        22.77
      1.5470        22.66
      1.5480        22.75
      1.5490        22.69
      1.5500        22.70
      1.5510        22.67
      1.5520        22.74
      1.5530        22.67
      1.5540        22.62
      1.5550        22.61
      1.5560        22.53
      1.5570        22.39
      1.5580        22.30
      1.5590        22.29
      1.5600        22.14
      1.5610        22.03
      1.5620        22.08
      1.5630        22.08
      1.5640        22.09
      1.5650        22.16
      1.5660        22.13
      1.5670        22.13
      1.5680        22.08
      1.5690        21.96
      1.5700        21.82
      1.5710        21.72
      1.5720        21.77
      1.5730        21.77
      1.5740        21.85
      1.5750        21.76
      1.5760        21.76
      1.5770        21.80
      1.5780        21.79
      1.5790        21.75
      1.5800        21.65
      1.5810        21.72
      1.5820        21.57
      1.5830        21.53
      1.5840        21.48
      1.5850        21.36
      1.5860        21.21
      1.5870        21.17
      1.5880        21.04
      1.5890        21.08
      1.5900        21.05
      1.5910        21.03
      1.5920        20.90
      1.5930        20.86
      1.5940        20.78
      1.5950        20.75
      1.5960        20.73
      1.5970        20.63
      1.5980        20.56
      1.5990        20.57
      1.6000        20.67
      1.6010        20.78
      1.6020        20.86
      1.6030        20.86
      1.6040        20.94
      1.6050        20.95
      1.6060        20.94
      1.6070        20.83
      1.6080        20.89
      1.6090        20.83
      1.6100        20.83
      1.6110        20.73
      1.6120        20.74
      1.6130        20.65
      1.6140        20.57
      1.6150        20.65
      1.6160        20.61
      1.6170        20.58
      1.6180        20.62
      1.6190        20.65
      1.6200        20.63
      1.6210        20.38
      1.6220        20.31
      1.6230        20.21
      1.6240        20.07
      1.6250        20.06
      1.6260        20.10
      1.6270        20.14
      1.6280        20.10
      1.6290        20.09
      1.6300        20.06
      1.6310        20.15
      1.6320        20.10
      1.6330        20.17
      1.6340        20.14
      1.6350        20.00
      1.6360        19.89
      1.6370        19.96
      1.6380        19.97
      1.6390        19.86
      1.6400        19.73
      1.6410        19.67
      1.6420        19.62
      1.6430        19.65
      1.6440        19.72
      1.6450        19.67
      1.6460        19.62
      1.6470        19.56
      1.6480        19.56
      1.6490        19.55
      1.6500        19.51
      1.6510        19.35
      1.6520        19.37
      1.6530        19.39
      1.6540        19.39
      1.6550        19.45
      1.6560        19.46
      1.6570        19.37
      1.6580        19.30
      1.6590        19.36
      1.6600        19.46
      1.6610        19.56
      1.6620        19.55
      1.6630        19.49
      1.6640        19.40
      1.6650        19.29
      1.6660        19.20
      1.6670        19.29
      1.6680        19.23
      1.6690        19.16
      1.6700        19.13
      1.6710        19.17
      1.6720        19.07
      1.6730        19.05
      1.6740        19.14
      1.6750        19.13
      1.6760        19.08
      1.6770        19.05
      1.6780        19.04
      1.6790        18.90
      1.6800        18.86
      1.6810        18.78
      1.6820        18.89
      1.6830        18.81
      1.6840        18.82
      1.6850        18.83
      1.6860        18.93
      1.6870        18.80
      1.6880        18.79
      1.6890        18.75
      1.6900        18.71
      1.6910        18.71
      1.6920        18.79
      1.6930        18.68
      1.6940        18.48
      1.6950        18.40
      1.6960        18.34
      1.6970        18.36
      1.6980        18.38
      1.6990        18.44
      1.7000        18.35
      1.7010        18.26
      1.7020        18.17
      1.7030        18.20
      1.7040        18.07
      1.7050        18.08
      1.7060        18.05
      1.7070        18.05
      1.7080        18.08
      1.7090        18.12
      1.7100        18.16
      1.7110        18.22
      1.7120        18.12
      1.7130        18.05
      1.7140        18.10
      1.7150        18.17
      1.7160        18.25
      1.7170        18.17
      1.7180        18.09
      1.7190        18.06
      1.7200        18.12
      1.7210        18.19
      1.7220        18.03
      1.7230        18.03
      1.7240        18.14
      1.7250        18.08
      1.7260        18.10
      1.7270        18.06
      1.7280        18.01
      1.7290        17.93
      1.7300        17.93
      1.7310        17.81
      1.7320        17.75
      1.7330        17.87
      1.7340        17.81
      1.7350        17.82
      1.7360        17.79
      1.7370        17.86
      1.7380        17.88
      1.7390        17.85
      1.7400        17.83
      1.7410        17.66
      1.7420        17.74
      1.7430        17.72
      1.7440        17.69
      1.7450        17.69
      1.7460        17.58
      1.7470        17.61
      1.7480        17.62
      1.7490        17.56
      1.7500        17.53
      1.7510        17.46
      1.7520        17.53
      1.7530        17.43
      1.7540        17.48
      1.7550        17.28
      1.7560        17.13
      1.7570        17.06
      1.7580        16.96
      1.7590        16.98
      1.7600        16.85
      1.7610        16.85
      1.7620        16.77
      1.7630        16.62
      1.7640        16.55
      1.7650        16.59
      1.7660        16.49
      1.7670        16.37
      1.7680        16.29
      1.7690        16.32
      1.7700        16.22
      1.7710        16.18
      1.7720        16.05
      1.7730        16.06
      1.7740        16.01
      1.7750        16.07
      1.7760        16.08
      1.7770        16.02
      1.7780        16.04
      1.7790        15.99
      1.7800        15.92
      1.7810        16.02
      1.7820        16.02
      1.7830        16.11
      1.7840        16.08
      1.7850        15.93
      1.7860        15.97
      1.7870        15.94
      1.7880        15.90
      1.7890        15.89
      1.7900        15.88
      1.7910        15.89
      1.7920        15.97
      1.7930        15.91
      1.7940        15.94
      1.7950        15.91
      1.7960        15.99
      1.7970        16.06
      1.7980        15.94
      1.7990        15.87
      1.8000        15.90
      1.8010        15.82
      1.8020        15.87
      1.8030        15.84
      1.8040        15.90
      1.8050        15.91
      1.8060        15.86
      1.8070        15.80
      1.8080        15.83
      1.8090        15.78
      1.8100        15.70
      1.8110        15.71
      1.8120        15.65
      1.8130        15.55
      1.8140        15.43
      1.8150        15.38
      1.8160        15.26
      1.8170        15.12
      1.8180        15.20
      1.8190        15.15
      1.8200        15.23
      1.8210        15.24
      1.8220        15.20
      1.8230        15.15
      1.8240        15.07
      1.8250        15.01
      1.8260        15.08
      1.8270        15.18
      1.8280        15.15
      1.8290        15.27
      1.8300        15.29
      1.8310        15.23
      1.8320        15.22
      1.8330        15.24
      1.8340        15.31
      1.8350        15.31
      1.8360        15.31
      1.8370        15.39
      1.8380        15.32
      1.8390        15.35
      1.8400        15.22
      1.8410        15.18
      1.8420        15.10
      1.8430        15.01
      1.8440        14.90
      1.8450        14.91
      1.8460        14.83
      1.8470        14.66
      1.8480        14.58
      1.8490        14.44
      1.8500        14.47
      1.8510        14.39
      1.8520        14.36
      1.8530        14.36
      1.8540        14.32
      1.8550        14.20
      1.8560        14.21
      1.8570        14.17
      1.8580        14.25
      1.8590        14.22
      1.8600        14.32
      1.8610        14.28
      1.8620        14.26
      1.8630        14.24
      1.8640        14.25
      1.8650        14.16
      1.8660        14.10
      1.8670        14.06
      1.8680        13.95
      1.8690        13.82
      1.8700        13.70
      1.8710        13.63
      1.8720        13.52
      1.8730        13.42
      1.8740        13.30
      1.8750        13.35
      1.8760        13.22
      1.8770        13.03
      1.8780        12.87
      1.8790        12.69
      1.8800        12.61
      1.8810        12.40
      1.8820        12.30
      1.8830        12.26
      1.8840        12.25
      1.8850        12.17
      1.8860        12.11
      1.8870        12.14
      1.8880        12.24
      1.8890        12.15
      1.8900        12.16
      1.8910        12.23
      1.8920        12.20
      1.8930        12.18
      1.8940        12.03
      1.8950        11.97
      1.8960        12.07
      1.8970        12.05
      1.8980        12.03
      1.8990        11.99
      1.9000        11.87
      1.9010        12.01
      1.9020        11.97
      1.9030        11.92
      1.9040        11.65
      1.9050        11.69
      1.9060        11.61
      1.9070        11.57
      1.9080        11.54
      1.9090        11.53
      1.9100        11.41
      1.9110        11.33
      1.9120        11.34
      1.9130        11.24
      1.9140        11.33
      1.9150        11.28
      1.9160        11.18
      1.9170        11.18
      1.9180        11.15
      1.9190        11.18
      1.9200        11.18
      1.9210        11.02
      1.9220        10.90
      1.9230        10.89
      1.9240        10.91
      1.9250        10.83
      1.9260        10.74
      1.9270        10.63
      1.9280        10.46
      1.9290        10.46
      1.9300        10.43
      1.9310        10.35
      1.9320        10.20
      1.9330        10.14
      1.9340         9.98
      1.9350         9.82
      1.9360         9.73
      1.9370         9.65
      1.9380         9.52
      1.9390         9.33
      1.9400         9.20
      1.9410         9.15
      1.9420         9.21
      1.9430         9.06
      1.9440         9.20
      1.9450         9.14
      1.9460         9.12
      1.9470         9.13
      1.9480         9.13
      1.9490         9.12
      1.9500         9.00
      1.9510         8.92
      1.9520         8.86
      1.9530         8.85
      1.9540         8.80
      1.9550         8.76
      1.9560         8.65
      1.9570         8.58
      1.9580         8.52
      1.9590         8.54
      1.9600         8.49
      1.9610         8.48
      1.9620         8.38
      1.9630         8.37
      1.9640         8.18
      1.9650         8.22
      1.9660         8.13
      1.9670         8.03
      1.9680         7.91
      1.9690         7.78
      1.9700         7.77
      1.9710         7.72
      1.9720         7.67
      1.9730         7.61
      1.9740         7.64
      1.9750         7.65
      1.9760         7.66
      1.9770         7.62
      1.9780         7.55
      1.9790         7.51
      1.9800         7.45
      1.9810         7.34
      1.9820         7.22
      1.9830         7.14
      1.9840         7.14
      1.9850         6.99
      1.9860         6.96
      1.9870         6.88
      1.9880         6.82
      1.9890         6.86
      1.9900         6.74
      1.9910         6.71
      1.9920         6.66
      1.9930         6.44
      1.9940         6.30
      1.9950         6.20
      1.9960         6.15
      1.9970         6.19
      1.9980         6.24
      1.9990         6.20
      2.0000         6.17
      2.0010         6.10
      2.0020         6.05
      2.0030         5.99
      2.0040         5.91
      2.0050         5.36
      2.0060         5.32
      2.0070         5.27
      2.0080         5.27
      2.0090         5.08
      2.0100         5.12
      2.0110         4.98
      2.0120         5.42
      2.0130         5.55
      2.0140         5.54
      2.0150         5.46
      2.0160         5.37
      2.0170         5.30
      2.0180         5.18
      2.0190         5.07
      2.0200         5.07
      2.0210         5.11
      2.0220         5.06
      2.0230         5.07
      2.0240         5.03
      2.0250         4.97
      2.0260         5.01
      2.0270         5.02
      2.0280         4.99
      2.0290         4.99
      2.0300         4.95
      2.0310         4.93
      2.0320         4.96
      2.0330         4.93
      2.0340         4.96
      2.0350         4.97
      2.0360         5.04
      2.0370         4.96
      2.0380         4.91
      2.0390         4.98
      2.0400         4.90
      2.0410         4.85
      2.0420         4.85
      2.0430         4.73
      2.0440         4.67
      2.0450         4.70
      2.0460         4.59
      2.0470         4.61
      2.0480         4.62
      2.0490         4.58
      2.0500         4.54
      2.0510         4.54
      2.0520         4.45
      2.0530         4.38
      2.0540         4.34
      2.0550         4.41
      2.0560         4.24
      2.0570         4.23
      2.0580         4.26
      2.0590         4.20
      2.0600         4.23
      2.0610         4.22
      2.0620         4.23
      2.0630         4.34
      2.0640         4.26
      2.0650         4.18
      2.0660         4.07
      2.0670         4.00
      2.0680         3.93
      2.0690         3.92
      2.0700         3.87
      2.0710         3.80
      2.0720         3.92
      2.0730         3.87
      2.0740         3.81
      2.0750         3.69
      2.0760         3.71
      2.0770         3.56
      2.0780         3.52
      2.0790         3.04
      2.0800         2.96
      2.0810         2.94
      2.0820         2.97
      2.0830         2.98
      2.0840         3.01
      2.0850         3.02
      2.0860         3.03
      2.0870         2.99
      2.0880         2.98
      2.0890         3.08
      2.0900         3.10
      2.0910         3.12
      2.0920         3.11
      2.0930         3.20
      2.0940         3.19
      2.0950         3.20
      2.0960         3.17
      2.0970         3.23
      2.0980         3.16
      2.0990         3.61
      2.1000         3.23
      2.1010         3.71
      2.1020         3.12
      2.1030         3.07
      2.1040         3.06
      2.1050         3.11
      2.1060         3.12
      2.1070         3.66
      2.1080         3.52
      2.1090         2.92
      2.1100         2.86
      2.1110         2.91
      2.1120         2.88
      2.1130         2.72
      2.1140         2.69
      2.1150         2.60
      2.1160         2.54
      2.1170         2.56
      2.1180         2.61
      2.1190         2.54
      2.1200         2.40
      2.1210         2.46
      2.1220         2.40
      2.1230         2.28
      2.1240         2.31
      2.1250         2.20
      2.1260         2.20
      2.1270         2.20
      2.1280         2.19
      2.1290         2.11
      2.1300         2.12
      2.1310         2.02
      2.1320         2.02
      2.1330         2.00
      2.1340         2.04
      2.1350         2.07
      2.1360         2.15
      2.1370         2.17
      2.1380         2.15
      2.1390         2.19
      2.1400         2.21
      2.1410         2.16
      2.1420         2.18
      2.1430         2.30
      2.1440         2.25
      2.1450         2.29
      2.1460         2.31
      2.1470         2.31
      2.1480         2.45
      2.1490         2.51
      2.1500         2.43
      2.1510         2.46
      2.1520         2.31
      2.1530         2.35
      2.1540         2.32
      2.1550         2.38
      2.1560         2.31
      2.1570         2.23
      2.1580         2.24
      2.1590         2.23
      2.1600         2.23
      2.1610         2.22
      2.1620         2.29
      2.1630         2.29
      2.1640         2.25
      2.1650         2.19
      2.1660         2.19
      2.1670         2.11
      2.1680         2.03
      2.1690         2.07
      2.1700         2.17
      2.1710         2.15
      2.1720         2.29
      2.1730         2.30
      2.1740         2.34
      2.1750         2.31
      2.1760         2.32
      2.1770         2.41
      2.1780         2.38
      2.1790         2.37
      2.1800         1.86
      2.1810         1.87
      2.1820         2.28
      2.1830         2.36
      2.1840         2.39
      2.1850         2.98
      2.1860         3.04
      2.1870         3.06
      2.1880         3.12
      2.1890         3.02
      2.1900         2.58
      2.1910         2.53
      2.1920         2.48
      2.1930         2.50
      2.1940         2.42
      2.1950         2.36
      2.1960         2.36
      2.1970         2.28
      2.1980         2.33
      2.1990         2.22
      2.2000         2.64
      2.2010         2.61
      2.2020         2.62
      2.2030         2.54
      2.2040         2.49
      2.2050         1.96
      2.2060         1.91
      2.2070         2.04
      2.2080         2.10
      2.2090         2.18
      2.2100         2.16
      2.2110         2.23
      2.2120         1.72
      2.2130         1.68
      2.2140         1.72
      2.2150         2.26
      2.2160         2.14
      2.2170         2.12
      2.2180         1.58
      2.2190         1.48
      2.2200         2.07
      2.2210         1.54
      2.2220         1.53
      2.2230         2.03
      2.2240         2.03
      2.2250         1.49
      2.2260         1.49
      2.2270         1.41
      2.2280         1.00
      2.2290         1.31
      2.2300         1.00
      2.2310         1.00
      2.2320         1.00
      2.2330         1.00
      2.2340         1.00
      2.2350         1.00
      2.2360         1.00
      2.2370         1.00
      2.2380         1.00
      2.2390         1.01
      2.2400         1.00
      2.2410         1.00
      2.2420         1.00
      2.2430         1.00
      2.2440         1.00
      2.2450         1.00
      2.2460         1.00
      2.2470         1.00
      2.2480         1.00
      2.2490         1.00
      2.2500         1.00
      2.2510         1.00
      2.2520         1.00
      2.2530         1.00
      2.2540         1.00
      2.2550         1.00
      2.2560         1.00
      2.2570         1.00
      2.2580         1.00
      2.2590         1.00
      2.2600         1.00
      2.2610         1.00
      2.2620         1.00
      2.2630         1.00
      2.2640         1.17
      2.2650         1.00
      2.2660         1.00
      2.2670         1.00
      2.2680         1.00
      2.2690         1.00
      2.2700         1.00
      2.2710         1.00
      2.2720         1.00
      2.2730         1.00
      2.2740         1.00
      2.2750         1.00
      2.2760         1.00
      2.2770         1.00
      2.2780         1.00
      2.2790         1.00
      2.2800         1.00
      2.2810         1.00
      2.2820         1.00
      2.2830         1.00
      2.2840         1.00
      2.2850         1.00
      2.2860         1.00
      2.2870         1.00
      2.2880         1.00
      2.2890         1.00
      2.2900         1.00
      2.2910         1.00
      2.2920         1.00
      2.2930         1.00
      2.2940         1.00
      2.2950         1.00
      2.2960         1.00
      2.2970         1.00
      2.2980         1.00
      2.2990         1.00
      2.3000         1.00
      2.3010         1.00
      2.3020         1.00
      2.3030         1.00
      2.3040         1.00
      2.3050         1.00
      2.3060         1.00
      2.3070         1.00
      2.3080         1.00
      2.3090         1.00
      2.3100         1.00
      2.3110         1.00
      2.3120         1.00
      2.3130         1.00
      2.3140         1.00
      2.3150         1.00
      2.3160         1.00
      2.3170         1.00
      2.3180         1.00
      2.3190         1.00
      2.3200         1.00
      2.3210         1.00
      2.3220         1.00
      2.3230         1.00
      2.3240         1.00
      2.3250         1.00
      2.3260         1.00
      2.3270         1.00
      2.3280         1.00
      2.3290         1.00
      2.3300         1.00
      2.3310         1.00
      2.3320         1.00
      2.3330         1.00
      2.3340         1.00
      2.3350         1.00
      2.3360         1.00
      2.3370         1.00
      2.3380         1.00
      2.3390         1.00
      2.3400         1.00
      2.3410         1.00
      2.3420         1.00
      2.3430         1.00
      2.3440         1.00
      2.3450         1.00
      2.3460         1.00
      2.3470         1.00
      2.3480         1.00
      2.3490         1.00
      2.3500         1.00
      2.3510         1.00
      2.3520         1.00
      2.3530         1.00
      2.3540         1.00
      2.3550         1.00
      2.3560         1.23
      2.3570         1.24
      2.3580         1.29
      2.3590         1.33
      2.3600         1.28
      2.3610         1.31
      2.3620         1.25
      2.3630         1.24
      2.3640         1.25
      2.3650         1.21
      2.3660         1.20
      2.3670         1.12
      2.3680         1.11
      2.3690         1.06
      2.3700         1.03
      2.3710         1.00
      2.3720         1.00
      2.3730         1.00
      2.3740         1.00
      2.3750         1.00
      2.3760         1.00
      2.3770         1.00
      2.3780         1.00
      2.3790         1.00
      2.3800         1.00
      2.3810         1.00
      2.3820         1.00
      2.3830         1.00
      2.3840         1.00
      2.3850         1.00
      2.3860         1.00
      2.3870         1.00
      2.3880         1.00
      2.3890         1.00
      2.3900         1.00
      2.3910         1.00
      2.3920         1.00
      2.3930         1.27
      2.3940         1.24
      2.3950         1.00
      2.3960         1.00
      2.3970         1.00
      2.3980         1.00
      2.3990         1.00
      2.4000         1.00
      2.4010         1.00
      2.4020         1.00
      2.4030         1.00
      2.4040         1.00
      2.4050         1.00
      2.4060         1.00
      2.4070         1.00
      2.4080         1.00
      2.4090         1.00
      2.4100         1.20
      2.4110         1.20
      2.4120         1.24
      2.4130         1.26
      2.4140         1.35
      2.4150         1.34
      2.4160         1.38
      2.4170         1.31
      2.4180         1.00
      2.4190         1.00
      2.4200         1.00
      2.4210         1.00
      2.4220         1.00
      2.4230         1.00
      2.4240         1.00
      2.4250         1.00
      2.4260         1.00
      2.4270         1.00
      2.4280         1.00
      2.4290         1.00
      2.4300         1.00
      2.4310         1.00
      2.4320         1.00
      2.4330         1.00
      2.4340         1.00
      2.4350         1.00
      2.4360         1.00
      2.4370         1.00
      2.4380         1.00
      2.4390         1.00
      2.4400         1.00
      2.4410         1.00
      2.4420         1.00
      2.4430         1.00
      2.4440         1.20
      2.4450         1.30
      2.4460         1.28
      2.4470         1.24
      2.4480         1.24
      2.4490         1.35
      2.4500         1.36
      2.4510         1.35
      2.4520         1.42
      2.4530         1.39
      2.4540         1.30
      2.4550         1.31
      2.4560         1.31
      2.4570         1.28
      2.4580         1.29
      2.4590         1.26
      2.4600         1.30
      2.4610         1.29
      2.4620         1.22
      2.4630         1.22
      2.4640         1.29
      2.4650         1.27
      2.4660         1.38
      2.4670         1.46
      2.4680         1.46
      2.4690         1.43
      2.4700         1.45
      2.4710         1.41
      2.4720         1.36
      2.4730         1.42
      2.4740         1.38
      2.4750         1.38
      2.4760         1.43
      2.4770         1.40
      2.4780         1.38
      2.4790         1.36
      2.4800         1.35
      2.4810         1.32
      2.4820         1.28
      2.4830         1.28
      2.4840         1.00
      2.4850         1.00
      2.4860         1.00
      2.4870         1.00
      2.4880         1.00
      2.4890         1.06
      2.4900         1.05
      2.4910         1.05
      2.4920         1.09
      2.4930         1.00
      2.4940         1.09
      2.4950         1.11
      2.4960         1.14
      2.4970         1.16
      2.4980         1.20
      2.4990         1.23
      2.5000         1.19
      2.5010         1.20
      2.5020         1.24
      2.5030         1.00
      2.5040         1.00
      2.5050         1.00
      2.5060         1.00
      2.5070         1.00
      2.5080         1.00
      2.5090         1.00
      2.5100         1.00
      2.5110         1.00
      2.5120         1.00
      2.5130         1.00
      2.5140         1.00
      2.5150         1.00
      2.5160         1.00
      2.5170         1.00
      2.5180         1.00
      2.5190         1.00
      2.5200         1.00
      2.5210         1.00
      2.5220         1.00
      2.5230         1.00
      2.5240         1.00
      2.5250         1.00
      2.5260         1.00
      2.5270         1.00
      2.5280         1.00
      2.5290         1.00
      2.5300         1.00
      2.5310         1.05
      2.5320         1.00
      2.5330         1.00
      2.5340         1.00
      2.5350         1.00
      2.5360         1.14
      2.5370         1.18
      2.5380         1.00
      2.5390         1.00
      2.5400         1.00
      2.5410         1.00
      2.5420         1.00
      2.5430         1.00
      2.5440         1.00
      2.5450         1.00
      2.5460         1.00
      2.5470         1.00
      2.5480         1.00
      2.5490         1.00
      2.5500         1.00
      2.5510         1.00
      2.5520         1.00
      2.5530         1.03
      2.5540         1.00
      2.5550         1.00
      2.5560         1.00
      2.5570         1.00
      2.5580         1.10
      2.5590         1.00
      2.5600         1.14
      2.5610         1.19
      2.5620         1.23
      2.5630         1.27
      2.5640         1.24
      2.5650         1.22
      2.5660         1.34
      2.5670         1.32
      2.5680         1.31
      2.5690         1.34
      2.5700         1.26
      2.5710         1.22
      2.5720         1.21
      2.5730         1.65
      2.5740         1.65
      2.5750         1.69
      2.5760         1.64
      2.5770         1.67
      2.5780         1.67
      2.5790         1.71
      2.5800         1.75
      2.5810         1.64
      2.5820         1.10
      2.5830         1.00
      2.5840         1.00
      2.5850         1.00
      2.5860         1.00
      2.5870         1.27
      2.5880         1.00
      2.5890         1.00
      2.5900         1.00
      2.5910         1.00
      2.5920         1.26
      2.5930         1.00
      2.5940         1.00
      2.5950         1.00
      2.5960         1.00
      2.5970         1.00
      2.5980         1.00
      2.5990         1.00
      2.6000         1.00
      2.6010         1.24
      2.6020         1.26
      2.6030         1.27
      2.6040         1.22
      2.6050         1.23
      2.6060         1.00
      2.6070         1.00
      2.6080         1.00
      2.6090         1.00
      2.6100         1.00
      2.6110         1.00
      2.6120         1.00
      2.6130         1.29
      2.6140         1.34
      2.6150         1.39
      2.6160         1.46
      2.6170         1.49
      2.6180         1.45
      2.6190         1.51
      2.6200         1.46
      2.6210         1.45
      2.6220         1.35
      2.6230         1.35
      2.6240         1.38
      2.6250         1.34
      2.6260         1.84
      2.6270         1.84
      2.6280         1.77
      2.6290         1.72
      2.6300         1.71
      2.6310         1.80
      2.6320         1.77
      2.6330         1.72
      2.6340         1.69
      2.6350         1.13
      2.6360         1.05
      2.6370         1.00
      2.6380         1.00
      2.6390         1.00
      2.6400         1.00
      2.6410         1.00
      2.6420         1.30
      2.6430         1.31
      2.6440         1.30
      2.6450         1.41
      2.6460         1.45
      2.6470         1.47
      2.6480         1.49
      2.6490         1.46
      2.6500         1.43
      2.6510         1.43
      2.6520         1.47
      2.6530         1.42
      2.6540         1.42
      2.6550         1.38
      2.6560         1.38
      2.6570         1.39
      2.6580         1.37
      2.6590         1.29
      2.6600         1.27
      2.6610         1.26
      2.6620         1.18
      2.6630         1.15
      2.6640         1.19
      2.6650         1.03
      2.6660         1.05
      2.6670         1.09
      2.6680         1.12
      2.6690         1.68
      2.6700         1.72
      2.6710         1.72
      2.6720         1.71
      2.6730         1.27
      2.6740         1.30
      2.6750         1.35
      2.6760         1.44
      2.6770         1.43
      2.6780         1.40
      2.6790         1.52
      2.6800         1.52
      2.6810         1.52
      2.6820         1.51
      2.6830         1.47
      2.6840         1.46
      2.6850         1.58
      2.6860         1.58
      2.6870         1.49
      2.6880         1.91
      2.6890         1.84
      2.6900         1.27
      2.6910         1.73
      2.6920         1.21
      2.6930         1.23
      2.6940         1.20
      2.6950         1.00
      2.6960         1.00
      2.6970         1.00
      2.6980         1.00
      2.6990         1.00
      2.7000         1.00
      2.7010         1.00
      2.7020         1.00
      2.7030         1.00
      2.7040         1.00
      2.7050         1.00
      2.7060         1.00
      2.7070         1.05
      2.7080         1.06
      2.7090         1.07
      2.7100         1.00
      2.7110         1.00
      2.7120         1.00
      2.7130         1.00
      2.7140         1.00
      2.7150         1.00
      2.7160         1.00
      2.7170         1.00
      2.7180         1.00
      2.7190         1.00
      2.7200         1.00
      2.7210         1.00
      2.7220         1.00
      2.7230         1.00
      2.7240         1.00
      2.7250         1.00
      2.7260         1.07
      2.7270         1.09
      2.7280         1.11
      2.7290         1.64
      2.7300         1.68
      2.7310         1.71
      2.7320         1.15
      2.7330         1.22
      2.7340         1.30
      2.7350         1.26
      2.7360         1.29
      2.7370         1.31
      2.7380         1.32
      2.7390         1.35
      2.7400         1.31
      2.7410         1.34
      2.7420         1.87
      2.7430         1.92
      2.7440         1.89
      2.7450         1.92
      2.7460         1.85
      2.7470         1.78
      2.7480         1.71
      2.7490         1.19
      2.7500         1.25
      2.7510         1.16
      2.7520         1.16
      2.7530         1.16
      2.7540         1.12
      2.7550         1.15
      2.7560         1.00
      2.7570         1.00
      2.7580         1.00
      2.7590         1.19
      2.7600         1.22
      2.7610         1.25
      2.7620         1.19
      2.7630         1.21
      2.7640         1.23
      2.7650         1.22
      2.7660         1.83
      2.7670         1.91
      2.7680         1.96
      2.7690         1.98
      2.7700         1.96
      2.7710         1.40
      2.7720         1.38
      2.7730         1.38
      2.7740         1.31
      2.7750         1.30
      2.7760         1.26
      2.7770         1.19
      2.7780         1.17
      2.7790         1.65
      2.7800         1.63
      2.7810         1.59
      2.7820         1.64
      2.7830         1.00
      2.7840         1.00
      2.7850         1.00
      2.7860         1.00
      2.7870         1.00
      2.7880         1.00
      2.7890         1.00
      2.7900         1.15
      2.7910         1.17
      2.7920         1.21
      2.7930         1.21
      2.7940         1.26
      2.7950         1.30
      2.7960         1.29
      2.7970         1.31
      2.7980         1.34
      2.7990         1.30
      2.8000         1.30
      2.8010         1.31
      2.8020         1.32
      2.8030         1.30
      2.8040         1.29
      2.8050         1.23
      2.8060         1.15
      2.8070         1.14
      2.8080         1.14
      2.8090         1.00
      2.8100         1.00
      2.8110         1.00
      2.8120         1.00
      2.8130         1.00
      2.8140         1.00
      2.8150         1.17
      2.8160         1.13
      2.8170         1.00
      2.8180         1.14
      2.8190         1.17
      2.8200         1.19
      2.8210         1.22
      2.8220         1.22
      2.8230         1.29
      2.8240         1.23
      2.8250         1.30
      2.8260         1.35
      2.8270         1.85
      2.8280         1.91
      2.8290         1.93
      2.8300         2.03
      2.8310         2.07
      2.8320         2.08
      2.8330         2.14
      2.8340         2.03
      2.8350         2.00
      2.8360         2.07
      2.8370         2.14
      2.8380         2.09
      2.8390         2.01
      2.8400         1.98
      2.8410         1.90
      2.8420         1.80
      2.8430         1.87
      2.8440         1.98
      2.8450         2.00
      2.8460         1.96
      2.8470         1.83
      2.8480         1.90
      2.8490         1.94
      2.8500         1.91
      2.8510         1.91
      2.8520         1.91
      2.8530         1.91
      2.8540         2.03
      2.8550         2.07
      2.8560         1.97
      2.8570         1.96
      2.8580         1.95
      2.8590         2.04
      2.8600         2.11
      2.8610         2.11
      2.8620         2.14
      2.8630         2.02
      2.8640         1.94
      2.8650         1.78
      2.8660         1.82
      2.8670         1.83
      2.8680         1.21
      2.8690         1.16
      2.8700         1.17
      2.8710         1.00
      2.8720         1.00
      2.8730         1.00
      2.8740         1.00
      2.8750         1.00
      2.8760         1.00
      2.8770         1.00
      2.8780         1.00
      2.8790         1.00
      2.8800         1.00
      2.8810         1.00
      2.8820         1.00
      2.8830         1.29
      2.8840         1.31
      2.8850         1.35
      2.8860         1.34
      2.8870         1.34
      2.8880         1.39
      2.8890         1.42
      2.8900         1.31
      2.8910         1.31
      2.8920         1.33
      2.8930         1.30
      2.8940         1.31
      2.8950         1.31
      2.8960         1.27
      2.8970         1.23
      2.8980         1.21
      2.8990         1.23
      2.9000         1.26
      2.9010         1.83
      2.9020         1.76
      2.9030         1.69
      2.9040         1.74
      2.9050         1.82
      2.9060         1.83
      2.9070         1.87
      2.9080         1.34
      2.9090         1.37
      2.9100         1.43
      2.9110         1.51
      2.9120         2.06
      2.9130         2.06
      2.9140         2.08
      2.9150         2.15
      2.9160         2.04
      2.9170         2.11
      2.9180         2.14
      2.9190         2.11
      2.9200         2.11
      2.9210         1.52
      2.9220         2.01
      2.9230         1.50
      2.9240         1.52
      2.9250         1.51
      2.9260         1.47
      2.9270         1.48
      2.9280         1.51
      2.9290         1.44
      2.9300         1.35
      2.9310         1.39
      2.9320         1.00
      2.9330         1.00
      2.9340         1.00
      2.9350         1.00
      2.9360         1.00
      2.9370         1.00
      2.9380         1.50
      2.9390         1.52
      2.9400         1.57
      2.9410         1.65
      2.9420         1.66
      2.9430         1.63
      2.9440         1.55
      2.9450         1.59
      2.9460         1.58
      2.9470         1.59
      2.9480         1.54
      2.9490         1.50
      2.9500         1.50
      2.9510         1.44
      2.9520         1.35
      2.9530         1.30
      2.9540         1.23
      2.9550         1.19
      2.9560         1.09
      2.9570         1.00
      2.9580         1.00
      2.9590         1.00
      2.9600         1.00
      2.9610         1.02
      2.9620         1.07
      2.9630         1.05
      2.9640         1.00
      2.9650         1.00
      2.9660         1.00
      2.9670         1.00
      2.9680         1.21
      2.9690         1.76
      2.9700         1.37
      2.9710         1.35
      2.9720         1.35
      2.9730         1.32
      2.9740         1.81
      2.9750         1.77
      2.9760         1.28
      2.9770         1.30
      2.9780         1.30
      2.9790         1.32
      2.9800         1.26
      2.9810         1.28
      2.9820         1.22
      2.9830         1.20
      2.9840         1.20
      2.9850         1.17
      2.9860         1.00
      2.9870         1.00
      2.9880         1.00
      2.9890         1.00
      2.9900         1.00
      2.9910         1.00
      2.9920         1.00
      2.9930         1.00
      2.9940         1.00
      2.9950         1.00
      2.9960         1.06
      2.9970         1.13
      2.9980         1.17
      2.9990         1.21
