        Time   Palpation Force
      0.0000         1.00
      0.0010         1.00
      0.0020         1.00
      0.0030         1.00
      0.0040         1.00
      0.0050         1.00
      0.0060         1.00
      0.0070         1.00
      0.0080         1.00
      0.0090         1.00
      0.0100         1.00
      0.0110         1.00
      0.0120         1.00
      0.0130         1.00
      0.0140         1.07
      0.0150         1.16
      0.0160         1.21
      0.0170         1.25
      0.0180         1.34
      0.0190         1.42
      0.0200         1.42
      0.0210         1.41
      0.0220         1.38
      0.0230         1.43
      0.0240         1.41
      0.0250         1.37
      0.0260         1.35
      0.0270         1.31
      0.0280         1.30
      0.0290         1.29
      0.0300         1.31
      0.0310         1.35
      0.0320         1.34
      0.0330         1.34
      0.0340         1.34
      0.0350         1.37
      0.0360         1.38
      0.0370         1.45
      0.0380         1.45
      0.0390         1.48
      0.0400         1.46
      0.0410         1.48
      0.0420         1.48
      0.0430         1.48
      0.0440         1.53
      0.0450         1.61
      0.0460         1.65
      0.0470         1.67
      0.0480         1.69
      0.0490         1.71
      0.0500         1.76
      0.0510         1.73
      0.0520         1.23
      0.0530         1.23
      0.0540         1.21
      0.0550         1.69
      0.0560         1.18
      0.0570         1.12
      0.0580         1.12
      0.0590         1.12
      0.0600         1.10
      0.0610         1.08
      0.0620         1.06
      0.0630         1.05
      0.0640         1.05
      0.0650         1.00
      0.0660         1.00
      0.0670         1.00
      0.0680         1.05
      0.0690         1.05
      0.0700         1.02
      0.0710         1.00
      0.0720         1.02
      0.0730         1.01
      0.0740         1.00
      0.0750         1.02
      0.0760         1.05
      0.0770         1.04
      0.0780         1.05
      0.0790         1.05
      0.0800         1.09
      0.0810         1.02
      0.0820         1.10
      0.0830         1.57
      0.0840         1.53
      0.0850         1.52
      0.0860         1.50
      0.0870         1.50
      0.0880         1.00
      0.0890         1.00
      0.0900         1.00
      0.0910         1.00
      0.0920         1.00
      0.0930         1.00
      0.0940         1.43
      0.0950         1.37
      0.0960         1.34
      0.0970         1.41
      0.0980         1.41
      0.0990         1.42
      0.1000         1.39
      0.1010         1.45
      0.1020         1.43
      0.1030         1.49
      0.1040         1.54
      0.1050         1.60
      0.1060         1.61
      0.1070         1.58
      0.1080         1.61
      0.1090         1.60
      0.1100         1.54
      0.1110         1.57
      0.1120         1.58
      0.1130         1.56
      0.1140         1.57
      0.1150         1.61
      0.1160         1.65
      0.1170         1.56
      0.1180         1.52
      0.1190         1.45
      0.1200         1.45
      0.1210         1.45
      0.1220         1.48
      0.1230         1.49
      0.1240         1.45
      0.1250         1.39
      0.1260         1.39
      0.1270         1.42
      0.1280         1.42
      0.1290         1.46
      0.1300         1.49
      0.1310         1.48
      0.1320         1.49
      0.1330         1.56
      0.1340         1.56
      0.1350         1.52
      0.1360         1.53
      0.1370         1.52
      0.1380         1.54
      0.1390         1.63
      0.1400         1.64
      0.1410         1.64
      0.1420         1.56
      0.1430         1.49
      0.1440         1.49
      0.1450         1.48
      0.1460         1.46
      0.1470         1.50
      0.1480         1.43
      0.1490         1.43
      0.1500         1.38
      0.1510         1.39
      0.1520         1.37
      0.1530         1.31
      0.1540         1.33
      0.1550         1.38
      0.1560         1.37
      0.1570         1.37
      0.1580         1.39
      0.1590         1.34
      0.1600         1.35
      0.1610         1.31
      0.1620         1.37
      0.1630         1.42
      0.1640         1.00
      0.1650         1.49
      0.1660         1.50
      0.1670         1.45
      0.1680         1.50
      0.1690         1.48
      0.1700         1.53
      0.1710         1.53
      0.1720         1.57
      0.1730         1.60
      0.1740         1.58
      0.1750         1.54
      0.1760         1.52
      0.1770         1.04
      0.1780         1.53
      0.1790         1.54
      0.1800         1.50
      0.1810         1.56
      0.1820         1.54
      0.1830         1.58
      0.1840         1.60
      0.1850         1.63
      0.1860         1.65
      0.1870         1.68
      0.1880         1.68
      0.1890         1.68
      0.1900         1.73
      0.1910         1.72
      0.1920         1.67
      0.1930         1.65
      0.1940         1.69
      0.1950         1.71
      0.1960         1.71
      0.1970         1.73
      0.1980         1.75
      0.1990         1.71
      0.2000         1.73
      0.2010         1.75
      0.2020         1.73
      0.2030         1.67
      0.2040         1.58
      0.2050         1.52
      0.2060         1.46
      0.2070         1.98
      0.2080         1.99
      0.2090         1.93
      0.2100         1.34
      0.2110         1.83
      0.2120         1.37
      0.2130         1.86
      0.2140         1.87
      0.2150         1.34
      0.2160         1.41
      0.2170         1.39
      0.2180         1.41
      0.2190         1.49
      0.2200         1.52
      0.2210         1.45
      0.2220         1.45
      0.2230         1.49
      0.2240         1.54
      0.2250         1.56
      0.2260         1.57
      0.2270         1.57
      0.2280         1.56
      0.2290         1.60
      0.2300         1.60
      0.2310         1.61
      0.2320         1.53
      0.2330         1.57
      0.2340         1.53
      0.2350         1.57
      0.2360         1.56
      0.2370         1.56
      0.2380         1.52
      0.2390         1.48
      0.2400         1.41
      0.2410         1.45
      0.2420         1.45
      0.2430         1.46
      0.2440         1.48
      0.2450         1.49
      0.2460         1.49
      0.2470         1.45
      0.2480         1.54
      0.2490         1.54
      0.2500         1.56
      0.2510         1.61
      0.2520         1.65
      0.2530         1.58
      0.2540         1.54
      0.2550         1.54
      0.2560         1.50
      0.2570         1.49
      0.2580         1.53
      0.2590         1.48
      0.2600         1.50
      0.2610         1.48
      0.2620         1.00
      0.2630         1.00
      0.2640         1.00
      0.2650         1.00
      0.2660         1.00
      0.2670         1.00
      0.2680         1.86
      0.2690         1.86
      0.2700         1.86
      0.2710         1.87
      0.2720         1.35
      0.2730         1.35
      0.2740         1.00
      0.2750         1.39
      0.2760         1.00
      0.2770         1.48
      0.2780         1.49
      0.2790         1.54
      0.2800         1.06
      0.2810         1.58
      0.2820         1.58
      0.2830         1.54
      0.2840         1.61
      0.2850         1.58
      0.2860         1.64
      0.2870         1.67
      0.2880         1.63
      0.2890         1.61
      0.2900         1.08
      0.2910         1.54
      0.2920         1.00
      0.2930         1.52
      0.2940         1.43
      0.2950         1.00
      0.2960         1.00
      0.2970         1.00
      0.2980         1.00
      0.2990         1.00
      0.3000         1.00
      0.3010         1.00
      0.3020         1.00
      0.3030         1.00
      0.3040         1.00
      0.3050         1.00
      0.3060         1.00
      0.3070         1.00
      0.3080         1.00
      0.3090         1.00
      0.3100         1.00
      0.3110         1.00
      0.3120         1.00
      0.3130         1.00
      0.3140         1.00
      0.3150         1.00
      0.3160         1.00
      0.3170         1.00
      0.3180         1.02
      0.3190         1.00
      0.3200         1.01
      0.3210         1.00
      0.3220         1.02
      0.3230         1.05
      0.3240         1.01
      0.3250         1.57
      0.3260         1.60
      0.3270         1.63
      0.3280         1.52
      0.3290         1.56
      0.3300         1.53
      0.3310         1.50
      0.3320         1.50
      0.3330         1.49
      0.3340         1.46
      0.3350         1.45
      0.3360         1.48
      0.3370         1.48
      0.3380         1.53
      0.3390         1.57
      0.3400         1.57
      0.3410         1.58
      0.3420         1.53
      0.3430         1.57
      0.3440         1.56
      0.3450         1.57
      0.3460         1.54
      0.3470         1.53
      0.3480         1.60
      0.3490         1.53
      0.3500         1.53
      0.3510         1.02
      0.3520         1.46
      0.3530         1.43
      0.3540         1.46
      0.3550         1.46
      0.3560         1.42
      0.3570         1.38
      0.3580         1.34
      0.3590         1.34
      0.3600         1.38
      0.3610         1.42
      0.3620         1.48
      0.3630         1.45
      0.3640         1.41
      0.3650         1.42
      0.3660         1.45
      0.3670         1.41
      0.3680         1.42
      0.3690         1.45
      0.3700         1.45
      0.3710         1.45
      0.3720         1.53
      0.3730         1.58
      0.3740         1.58
      0.3750         1.63
      0.3760         1.63
      0.3770         1.63
      0.3780         1.61
      0.3790         1.60
      0.3800         1.54
      0.3810         1.49
      0.3820         1.43
      0.3830         1.42
      0.3840         1.43
      0.3850         1.42
      0.3860         1.43
      0.3870         1.43
      0.3880         1.45
      0.3890         1.42
      0.3900         1.46
      0.3910         1.49
      0.3920         1.45
      0.3930         1.49
      0.3940         1.49
      0.3950         1.50
      0.3960         1.52
      0.3970         1.60
      0.3980         1.61
      0.3990         1.64
      0.4000         1.67
      0.4010         1.67
      0.4020         1.69
      0.4030         1.68
      0.4040         1.71
      0.4050         1.71
      0.4060         1.72
      0.4070         1.71
      0.4080         1.65
      0.4090         1.64
      0.4100         1.64
      0.4110         1.65
      0.4120         1.65
      0.4130         1.03
      0.4140         1.01
      0.4150         1.00
      0.4160         1.00
      0.4170         1.00
      0.4180         1.00
      0.4190         1.43
      0.4200         1.00
      0.4210         1.52
      0.4220         1.56
      0.4230         1.60
      0.4240         1.61
      0.4250         1.63
      0.4260         1.60
      0.4270         1.64
      0.4280         1.67
      0.4290         1.72
      0.4300         1.71
      0.4310         1.68
      0.4320         1.67
      0.4330         1.72
      0.4340         1.68
      0.4350         1.65
      0.4360         1.63
      0.4370         1.60
      0.4380         1.60
      0.4390         1.60
      0.4400         1.58
      0.4410         1.50
      0.4420         1.49
      0.4430         1.46
      0.4440         1.42
      0.4450         1.46
      0.4460         1.49
      0.4470         1.52
      0.4480         1.50
      0.4490         1.50
      0.4500         1.49
      0.4510         1.50
      0.4520         1.54
      0.4530         1.52
      0.4540         1.57
      0.4550         1.64
      0.4560         1.64
      0.4570         1.71
      0.4580         1.76
      0.4590         1.79
      0.4600         1.79
      0.4610         1.79
      0.4620         1.78
      0.4630         1.78
      0.4640         1.73
      0.4650         1.68
      0.4660         1.65
      0.4670         1.60
      0.4680         1.56
      0.4690         1.53
      0.4700         1.58
      0.4710         2.06
      0.4720         2.05
      0.4730         2.09
      0.4740         2.09
      0.4750         2.13
      0.4760         2.13
      0.4770         2.10
      0.4780         2.10
      0.4790         2.09
      0.4800         2.13
      0.4810         2.13
      0.4820         2.12
      0.4830         2.06
      0.4840         1.63
      0.4850         1.60
      0.4860         1.56
      0.4870         1.58
      0.4880         2.13
      0.4890         2.16
      0.4900         2.10
      0.4910         1.61
      0.4920         1.61
      0.4930         1.61
      0.4940         1.17
      0.4950         1.61
      0.4960         1.63
      0.4970         2.10
      0.4980         1.55
      0.4990         1.53
      0.5000         1.53
      0.5010         1.40
      0.5020         1.40
      0.5030         1.35
      0.5040         1.38
      0.5050         1.50
      0.5060         2.07
      0.5070         2.06
      0.5080         1.59
      0.5090         1.09
      0.5100         1.65
      0.5110         1.67
      0.5120         1.68
      0.5130         1.69
      0.5140         1.65
      0.5150         1.67
      0.5160         1.67
      0.5170         1.68
      0.5180         1.16
      0.5190         1.17
      0.5200         1.17
      0.5210         1.72
      0.5220         1.76
      0.5230         1.72
      0.5240         1.73
      0.5250         1.54
      0.5260         1.56
      0.5270         2.14
      0.5280         2.14
      0.5290         2.10
      0.5300         2.07
      0.5310         2.02
      0.5320         1.93
      0.5330         1.43
      0.5340         1.45
      0.5350         1.50
      0.5360         1.53
      0.5370         1.54
      0.5380         1.57
      0.5390         1.58
      0.5400         1.63
      0.5410         1.61
      0.5420         1.61
      0.5430         1.68
      0.5440         1.68
      0.5450         1.76
      0.5460         1.75
      0.5470         1.79
      0.5480         1.78
      0.5490         1.82
      0.5500         1.75
      0.5510         1.73
      0.5520         1.73
      0.5530         1.71
      0.5540         1.65
      0.5550         1.60
      0.5560         1.63
      0.5570         1.58
      0.5580         1.50
      0.5590         1.46
      0.5600         1.46
      0.5610         1.43
      0.5620         1.38
      0.5630         1.35
      0.5640         1.38
      0.5650         1.38
      0.5660         1.37
      0.5670         1.33
      0.5680         1.27
      0.5690         1.30
      0.5700         1.34
      0.5710         1.35
      0.5720         1.39
      0.5730         1.42
      0.5740         1.42
      0.5750         1.43
      0.5760         1.42
      0.5770         1.46
      0.5780         1.50
      0.5790         1.53
      0.5800         1.50
      0.5810         1.57
      0.5820         1.56
      0.5830         1.54
      0.5840         1.49
      0.5850         1.48
      0.5860         1.52
      0.5870         1.54
      0.5880         1.58
      0.5890         1.02
      0.5900         1.52
      0.5910         1.53
      0.5920         1.53
      0.5930         1.03
      0.5940         1.57
      0.5950         1.57
      0.5960         1.60
      0.5970         1.57
      0.5980         1.58
      0.5990         1.58
      0.6000         1.58
      0.6010         1.57
      0.6020         1.65
      0.6030         1.65
      0.6040         1.65
      0.6050         1.61
      0.6060         1.56
      0.6070         1.54
      0.6080         1.49
      0.6090         1.49
      0.6100         1.46
      0.6110         1.45
      0.6120         1.41
      0.6130         1.39
      0.6140         1.35
      0.6150         1.34
      0.6160         1.31
      0.6170         1.00
      0.6180         1.33
      0.6190         1.34
      0.6200         1.00
      0.6210         1.00
      0.6220         1.29
      0.6230         1.29
      0.6240         1.34
      0.6250         1.41
      0.6260         1.45
      0.6270         1.49
      0.6280         1.52
      0.6290         1.53
      0.6300         1.53
      0.6310         1.56
      0.6320         1.63
      0.6330         1.67
      0.6340         1.68
      0.6350         1.69
      0.6360         1.69
      0.6370         1.67
      0.6380         1.69
      0.6390         1.68
      0.6400         1.69
      0.6410         1.67
      0.6420         1.63
      0.6430         1.58
      0.6440         1.57
      0.6450         1.50
      0.6460         2.02
      0.6470         2.01
      0.6480         1.97
      0.6490         1.97
      0.6500         2.08
      0.6510         2.08
      0.6520         2.06
      0.6530         1.98
      0.6540         1.99
      0.6550         1.50
      0.6560         1.53
      0.6570         1.58
      0.6580         1.60
      0.6590         1.58
      0.6600         1.63
      0.6610         1.69
      0.6620         1.72
      0.6630         1.84
      0.6640         1.82
      0.6650         1.86
      0.6660         1.88
      0.6670         1.86
      0.6680         1.80
      0.6690         1.79
      0.6700         1.75
      0.6710         1.76
      0.6720         1.82
      0.6730         1.80
      0.6740         1.79
      0.6750         2.27
      0.6760         1.69
      0.6770         1.64
      0.6780         1.67
      0.6790         1.71
      0.6800         1.67
      0.6810         1.67
      0.6820         1.68
      0.6830         1.58
      0.6840         2.13
      0.6850         2.13
      0.6860         2.12
      0.6870         1.69
      0.6880         1.76
      0.6890         2.31
      0.6900         1.80
      0.6910         1.82
      0.6920         1.78
      0.6930         1.78
      0.6940         1.82
      0.6950         1.83
      0.6960         2.38
      0.6970         1.83
      0.6980         2.29
      0.6990         2.31
      0.7000         2.31
      0.7010         2.35
      0.7020         2.36
      0.7030         2.48
      0.7040         2.46
      0.7050         2.44
      0.7060         2.40
      0.7070         2.50
      0.7080         2.52
      0.7090         2.58
      0.7100         2.67
      0.7110         2.65
      0.7120         2.67
      0.7130         2.75
      0.7140         2.77
      0.7150         2.82
      0.7160         2.85
      0.7170         3.07
      0.7180         3.05
      0.7190         3.12
      0.7200         3.22
      0.7210         3.31
      0.7220         3.43
      0.7230         3.45
      0.7240         3.53
      0.7250         3.65
      0.7260         3.74
      0.7270         3.73
      0.7280         3.72
      0.7290         3.74
      0.7300         3.80
      0.7310         3.91
      0.7320         4.00
      0.7330         4.08
      0.7340         4.11
      0.7350         4.16
      0.7360         4.20
      0.7370         4.19
      0.7380         4.32
      0.7390         4.34
      0.7400         4.41
      0.7410         4.45
      0.7420         4.49
      0.7430         4.45
      0.7440         4.48
      0.7450         4.53
      0.7460         4.62
      0.7470         4.72
      0.7480         4.84
      0.7490         4.84
      0.7500         4.90
      0.7510         4.90
      0.7520         5.00
      0.7530         5.11
      0.7540         5.21
      0.7550         5.23
      0.7560         5.30
      0.7570         5.36
      0.7580         5.34
      0.7590         5.44
      0.7600         5.48
      0.7610         5.57
      0.7620         5.61
      0.7630         5.72
      0.7640         5.79
      0.7650         5.84
      0.7660         5.81
      0.7670         5.84
      0.7680         5.91
      0.7690         5.98
      0.7700         6.05
      0.7710         6.10
      0.7720         6.11
      0.7730         6.09
      0.7740         6.11
      0.7750         6.25
      0.7760         6.33
      0.7770         6.43
      0.7780         6.53
      0.7790         6.60
      0.7800         6.71
      0.7810         6.71
      0.7820         6.82
      0.7830         6.90
      0.7840         6.99
      0.7850         7.02
      0.7860         7.13
      0.7870         7.17
      0.7880         7.20
      0.7890         7.35
      0.7900         7.36
      0.7910         7.48
      0.7920         7.49
      0.7930         7.62
      0.7940         7.74
      0.7950         7.72
      0.7960         7.74
      0.7970         7.79
      0.7980         7.86
      0.7990         7.91
      0.8000         7.90
      0.8010         7.97
      0.8020         7.98
      0.8030         8.12
      0.8040         8.15
      0.8050         8.28
      0.8060         8.40
      0.8070         8.54
      0.8080         8.59
      0.8090         8.59
      0.8100         8.71
      0.8110         8.80
      0.8120         8.94
      0.8130         8.99
      0.8140         9.01
      0.8150         9.07
      0.8160         9.19
      0.8170         9.19
      0.8180         9.23
      0.8190         9.24
      0.8200         9.26
      0.8210         9.34
      0.8220         9.36
      0.8230         9.42
      0.8240         9.53
      0.8250         9.54
      0.8260         9.68
      0.8270         9.70
      0.8280         9.82
      0.8290         9.91
      0.8300        10.47
      0.8310        10.51
      0.8320        10.00
      0.8330        10.06
      0.8340        10.08
      0.8350        10.25
      0.8360        10.30
      0.8370        10.38
      0.8380        10.46
      0.8390        10.58
      0.8400        10.72
      0.8410        10.77
      0.8420        10.88
      0.8430        10.87
      0.8440        10.92
      0.8450        11.00
      0.8460        10.91
      0.8470        10.91
      0.8480        10.91
      0.8490        10.96
      0.8500        11.02
      0.8510        11.08
      0.8520        11.19
      0.8530        11.25
      0.8540        11.37
      0.8550        11.36
      0.8560        11.97
      0.8570        12.10
      0.8580        12.11
      0.8590        12.11
      0.8600        11.66
      0.8610        12.22
      0.8620        11.79
      0.8630        11.83
      0.8640        11.93
      0.8650        11.99
      0.8660        12.72
      0.8670        12.86
      0.8680        12.98
      0.8690        13.10
      0.8700        13.14
      0.8710        13.23
      0.8720        13.22
      0.8730        13.32
      0.8740        13.30
      0.8750        13.44
      0.8760        13.48
      0.8770        13.53
      0.8780        13.63
      0.8790        13.72
      0.8800        13.75
      0.8810        13.89
      0.8820        14.05
      0.8830        14.20
      0.8840        14.19
      0.8850        14.26
      0.8860        14.34
      0.8870        14.35
      0.8880        14.38
      0.8890        14.30
      0.8900        14.30
      0.8910        14.22
      0.8920        13.79
      0.8930        13.84
      0.8940        14.43
      0.8950        13.93
      0.8960        14.04
      0.8970        14.11
      0.8980        14.13
      0.8990        14.17
      0.9000        14.28
      0.9010        14.38
      0.9020        14.42
      0.9030        14.47
      0.9040        14.59
      0.9050        14.59
      0.9060        14.54
      0.9070        14.48
      0.9080        14.53
      0.9090        14.62
      0.9100        15.20
      0.9110        15.26
      0.9120        15.41
      0.9130        15.44
      0.9140        15.46
      0.9150        15.59
      0.9160        15.60
      0.9170        15.64
      0.9180        15.76
      0.9190        15.84
      0.9200        15.84
      0.9210        15.79
      0.9220        15.71
      0.9230        15.73
      0.9240        15.72
      0.9250        15.70
      0.9260        15.65
      0.9270        15.79
      0.9280        15.26
      0.9290        15.77
      0.9300        15.78
      0.9310        15.33
      0.9320        15.34
      0.9330        15.42
      0.9340        15.45
      0.9350        15.42
      0.9360        15.45
      0.9370        15.50
      0.9380        15.50
      0.9390        16.06
      0.9400        16.10
      0.9410        16.14
      0.9420        16.29
      0.9430        16.30
      0.9440        16.33
      0.9450        16.37
      0.9460        16.40
      0.9470        16.43
      0.9480        16.49
      0.9490        16.59
      0.9500        16.63
      0.9510        16.67
      0.9520        16.75
      0.9530        16.91
      0.9540        16.92
      0.9550        17.08
      0.9560        17.15
      0.9570        17.15
      0.9580        17.17
      0.9590        17.25
      0.9600        17.31
      0.9610        17.37
      0.9620        17.41
      0.9630        17.52
      0.9640        17.62
      0.9650        17.72
      0.9660        17.85
      0.9670        17.88
      0.9680        17.97
      0.9690        18.05
      0.9700        18.07
      0.9710        18.08
      0.9720        18.15
      0.9730        18.19
      0.9740        18.26
      0.9750        18.18
      0.9760        18.20
      0.9770        18.20
      0.9780        18.34
      0.9790        18.31
      0.9800        18.41
      0.9810        18.48
      0.9820        18.56
      0.9830        18.61
      0.9840        18.71
      0.9850        18.74
      0.9860        18.75
      0.9870        18.75
      0.9880        18.80
      0.9890        18.82
      0.9900        18.91
      0.9910        19.03
      0.9920        19.07
      0.9930        19.06
      0.9940        19.14
      0.9950        19.22
      0.9960        19.25
      0.9970        19.30
      0.9980        19.33
      0.9990        19.33
      1.0000        19.34
      1.0010        19.40
      1.0020        19.38
      1.0030        19.45
      1.0040        19.40
      1.0050        19.49
      1.0060        19.52
      1.0070        19.61
      1.0080        19.67
      1.0090        19.71
      1.0100        19.67
      1.0110        19.68
      1.0120        19.70
      1.0130        19.80
      1.0140        19.85
      1.0150        19.88
      1.0160        19.90
      1.0170        19.92
      1.0180        19.88
      1.0190        19.97
      1.0200        20.07
      1.0210        19.98
      1.0220        19.94
      1.0230        19.86
      1.0240        19.90
      1.0250        19.91
      1.0260        19.97
      1.0270        19.94
      1.0280        19.99
      1.0290        20.02
      1.0300        20.14
      1.0310        20.17
      1.0320        20.29
      1.0330        20.37
      1.0340        20.39
      1.0350        20.47
      1.0360        20.60
      1.0370        20.70
      1.0380        20.70
      1.0390        20.72
      1.0400        20.70
      1.0410        20.82
      1.0420        20.94
      1.0430        21.06
      1.0440        21.00
      1.0450        21.03
      1.0460        21.05
      1.0470        21.13
      1.0480        21.05
      1.0490        21.13
      1.0500        21.17
      1.0510        21.29
      1.0520        21.28
      1.0530        21.14
      1.0540        21.21
      1.0550        21.20
      1.0560        21.09
      1.0570        21.11
      1.0580        21.17
      1.0590        21.21
      1.0600        21.29
      1.0610        21.26
      1.0620        21.26
      1.0630        21.32
      1.0640        21.44
      1.0650        21.47
      1.0660        21.57
      1.0670        21.57
      1.0680        21.58
      1.0690        21.59
      1.0700        21.56
      1.0710        21.56
      1.0720        21.61
      1.0730        21.66
      1.0740        21.62
      1.0750        21.68
      1.0760        21.78
      1.0770        21.81
      1.0780        21.95
      1.0790        21.98
      1.0800        22.04
      1.0810        22.13
      1.0820        22.16
      1.0830        22.17
      1.0840        22.25
      1.0850        22.32
      1.0860        22.29
      1.0870        22.44
      1.0880        22.59
      1.0890        22.73
      1.0900        22.83
      1.0910        22.83
      1.0920        22.88
      1.0930        22.87
      1.0940        22.96
      1.0950        22.99
      1.0960        23.06
      1.0970        23.15
      1.0980        23.06
      1.0990        22.99
      1.1000        22.99
      1.1010        23.06
      1.1020        23.08
      1.1030        23.06
      1.1040        23.08
      1.1050        23.01
      1.1060        23.02
      1.1070        22.99
      1.1080        22.98
      1.1090        22.91
      1.1100        22.94
      1.1110        22.94
      1.1120        22.95
      1.1130        23.14
      1.1140        23.15
      1.1150        23.23
      1.1160        23.18
      1.1170        23.14
      1.1180        23.25
      1.1190        23.41
      1.1200        23.45
      1.1210        23.41
      1.1220        23.52
      1.1230        23.60
      1.1240        23.61
      1.1250        23.70
      1.1260        23.74
      1.1270        23.78
      1.1280        23.87
      1.1290        23.94
      1.1300        23.89
      1.1310        23.93
      1.1320        23.97
      1.1330        23.97
      1.1340        23.95
      1.1350        23.98
      1.1360        24.01
      1.1370        24.03
      1.1380        24.02
      1.1390        23.99
      1.1400        24.03
      1.1410        24.09
      1.1420        24.06
      1.1430        24.00
      1.1440        24.00
      1.1450        24.02
      1.1460        24.10
      1.1470        24.06
      1.1480        24.06
      1.1490        24.00
      1.1500        24.07
      1.1510        24.10
      1.1520        24.07
      1.1530        24.02
      1.1540        24.01
      1.1550        23.91
      1.1560        23.91
      1.1570        23.95
      1.1580        23.99
      1.1590        24.02
      1.1600        24.01
      1.1610        24.09
      1.1620        24.07
      1.1630        24.15
      1.1640        24.14
      1.1650        24.10
      1.1660        24.10
      1.1670        24.17
      1.1680        24.08
      1.1690        24.04
      1.1700        24.03
      1.1710        24.00
      1.1720        23.91
      1.1730        23.87
      1.1740        23.93
      1.1750        24.04
      1.1760        24.13
      1.1770        24.07
      1.1780        24.04
      1.1790        24.08
      1.1800        24.09
      1.1810        23.95
      1.1820        23.95
      1.1830        24.46
      1.1840        24.49
      1.1850        24.59
      1.1860        24.47
      1.1870        24.40
      1.1880        24.41
      1.1890        24.36
      1.1900        24.30
      1.1910        24.44
      1.1920        24.47
      1.1930        24.67
      1.1940        24.78
      1.1950        24.71
      1.1960        24.59
      1.1970        24.59
      1.1980        24.63
      1.1990        24.59
      1.2000        24.61
      1.2010        24.68
      1.2020        24.72
      1.2030        24.72
      1.2040        24.75
      1.2050        24.77
      1.2060        24.93
      1.2070        24.95
      1.2080        24.99
      1.2090        25.08
      1.2100        25.30
      1.2110        25.19
      1.2120        25.24
      1.2130        25.08
      1.2140        24.99
      1.2150        25.05
      1.2160        25.15
      1.2170        25.22
      1.2180        25.25
      1.2190        25.32
      1.2200        25.31
      1.2210        25.26
      1.2220        25.37
      1.2230        25.41
      1.2240        25.59
      1.2250        25.56
      1.2260        25.60
      1.2270        25.71
      1.2280        25.72
      1.2290        25.76
      1.2300        25.72
      1.2310        25.87
      1.2320        25.96
      1.2330        25.99
      1.2340        26.11
      1.2350        26.12
      1.2360        26.17
      1.2370        26.16
      1.2380        26.19
      1.2390        26.17
      1.2400        26.19
      1.2410        26.30
      1.2420        26.24
      1.2430        26.25
      1.2440        26.23
      1.2450        26.24
      1.2460        26.20
      1.2470        26.23
      1.2480        26.27
      1.2490        26.14
      1.2500        26.08
      1.2510        26.06
      1.2520        26.00
      1.2530        26.13
      1.2540        26.03
      1.2550        26.08
      1.2560        26.04
      1.2570        26.09
      1.2580        26.12
      1.2590        26.08
      1.2600        26.16
      1.2610        26.17
      1.2620        26.24
      1.2630        26.17
      1.2640        26.11
      1.2650        26.15
      1.2660        26.17
      1.2670        26.13
      1.2680        26.20
      1.2690        26.27
      1.2700        26.32
      1.2710        26.39
      1.2720        26.45
      1.2730        26.39
      1.2740        26.49
      1.2750        26.49
      1.2760        26.53
      1.2770        26.57
      1.2780        26.56
      1.2790        26.60
      1.2800        26.56
      1.2810        26.54
      1.2820        26.52
      1.2830        26.56
      1.2840        26.61
      1.2850        26.66
      1.2860        26.69
      1.2870        26.74
      1.2880        26.75
      1.2890        26.82
      1.2900        26.86
      1.2910        26.80
      1.2920        26.82
      1.2930        26.87
      1.2940        26.92
      1.2950        26.96
      1.2960        26.96
      1.2970        26.90
      1.2980        26.95
      1.2990        26.96
      1.3000        26.99
      1.3010        26.94
      1.3020        26.90
      1.3030        26.90
      1.3040        26.92
      1.3050        26.87
      1.3060        26.86
      1.3070        26.83
      1.3080        26.79
      1.3090        26.75
      1.3100        26.66
      1.3110        26.73
      1.3120        26.75
      1.3130        26.81
      1.3140        26.81
      1.3150        26.75
      1.3160        26.79
      1.3170        26.86
      1.3180        26.92
      1.3190        26.94
      1.3200        26.91
      1.3210        26.99
      1.3220        27.08
      1.3230        27.12
      1.3240        27.09
      1.3250        27.11
      1.3260        27.14
      1.3270        27.27
      1.3280        27.31
      1.3290        27.26
      1.3300        27.32
      1.3310        27.25
      1.3320        27.18
      1.3330        27.09
      1.3340        27.02
      1.3350        27.01
      1.3360        26.89
      1.3370        26.94
      1.3380        26.85
      1.3390        26.85
      1.3400        26.82
      1.3410        26.72
      1.3420        26.69
      1.3430        26.69
      1.3440        26.69
      1.3450        26.66
      1.3460        26.58
      1.3470        26.44
      1.3480        26.44
      1.3490        26.52
      1.3500        26.51
      1.3510        26.53
      1.3520        26.63
      1.3530        26.65
      1.3540        26.60
      1.3550        26.60
      1.3560        26.75
      1.3570        26.69
      1.3580        26.76
      1.3590        26.73
      1.3600        26.76
      1.3610        26.87
      1.3620        26.94
      1.3630        26.95
      1.3640        26.98
      1.3650        26.96
      1.3660        27.03
      1.3670        27.02
      1.3680        27.05
      1.3690        27.06
      1.3700        27.06
      1.3710        27.06
      1.3720        27.06
      1.3730        27.07
      1.3740        27.18
      1.3750        27.29
      1.3760        27.21
      1.3770        27.25
      1.3780        27.27
      1.3790        27.30
      1.3800        27.28
      1.3810        27.30
      1.3820        27.27
      1.3830        27.30
      1.3840        27.35
      1.3850        27.46
      1.3860        27.41
      1.3870        27.56
      1.3880        27.46
      1.3890        27.49
      1.3900        27.60
      1.3910        27.58
      1.3920        27.48
      1.3930        27.44
      1.3940        27.47
      1.3950        27.48
      1.3960        27.51
      1.3970        27.51
      1.3980        27.43
      1.3990        27.51
      1.4000        27.54
      1.4010        27.51
      1.4020        27.55
      1.4030        27.53
      1.4040        27.56
      1.4050        27.45
      1.4060        27.57
      1.4070        27.48
      1.4080        27.48
      1.4090        27.57
      1.4100        27.46
      1.4110        27.49
      1.4120        27.60
      1.4130        27.60
      1.4140        27.57
      1.4150        27.45
      1.4160        27.57
      1.4170        27.53
      1.4180        27.53
      1.4190        27.49
      1.4200        27.48
      1.4210        27.47
      1.4220        27.40
      1.4230        27.33
      1.4240        27.24
      1.4250        27.28
      1.4260        27.28
      1.4270        27.32
      1.4280        27.44
      1.4290        27.39
      1.4300        27.45
      1.4310        27.41
      1.4320        27.35
      1.4330        27.37
      1.4340        27.35
      1.4350        27.37
      1.4360        27.25
      1.4370        27.28
      1.4380        27.27
      1.4390        27.29
      1.4400        27.39
      1.4410        27.42
      1.4420        27.43
      1.4430        27.43
      1.4440        27.42
      1.4450        27.42
      1.4460        27.29
      1.4470        27.31
      1.4480        27.21
      1.4490        27.21
      1.4500        27.16
      1.4510        27.13
      1.4520        27.14
      1.4530        27.21
      1.4540        27.24
      1.4550        27.24
      1.4560        27.21
      1.4570        27.21
      1.4580        27.17
      1.4590        27.08
      1.4600        26.94
      1.4610        26.97
      1.4620        27.04
      1.4630        27.08
      1.4640        27.14
      1.4650        27.14
      1.4660        27.21
      1.4670        27.22
      1.4680        27.27
      1.4690        27.21
      1.4700        27.26
      1.4710        27.35
      1.4720        27.31
      1.4730        27.22
      1.4740        27.22
      1.4750        27.30
      1.4760        27.37
      1.4770        27.30
      1.4780        27.34
      1.4790        27.45
      1.4800        27.45
      1.4810        27.39
      1.4820        27.33
      1.4830        27.32
      1.4840        27.31
      1.4850        27.23
      1.4860        27.33
      1.4870        27.32
      1.4880        27.32
      1.4890        27.43
      1.4900        27.43
      1.4910        27.49
      1.4920        27.53
      1.4930        27.52
      1.4940        27.50
      1.4950        27.45
      1.4960        27.41
      1.4970        27.41
      1.4980        27.30
      1.4990        27.17
      1.5000        27.30
      1.5010        27.27
      1.5020        27.36
      1.5030        27.44
      1.5040        27.37
      1.5050        27.39
      1.5060        27.27
      1.5070        27.23
      1.5080        27.12
      1.5090        27.05
      1.5100        27.04
      1.5110        26.89
      1.5120        26.80
      1.5130        26.85
      1.5140        26.89
      1.5150        26.90
      1.5160        26.89
      1.5170        26.84
      1.5180        27.00
      1.5190        27.09
      1.5200        26.97
      1.5210        27.06
      1.5220        26.93
      1.5230        26.84
      1.5240        26.86
      1.5250        26.87
      1.5260        26.91
      1.5270        26.85
      1.5280        26.87
      1.5290        26.84
      1.5300        26.86
      1.5310        26.98
      1.5320        27.03
      1.5330        27.06
      1.5340        26.97
      1.5350        26.98
      1.5360        26.95
      1.5370        27.02
      1.5380        26.97
      1.5390        26.98
      1.5400        26.98
      1.5410        26.94
      1.5420        26.94
      1.5430        26.98
      1.5440        27.03
      1.5450        27.07
      1.5460        26.99
      1.5470        27.05
      1.5480        27.18
      1.5490        27.19
      1.5500        27.19
      1.5510        27.10
      1.5520        27.03
      1.5530        26.99
      1.5540        27.00
      1.5550        26.92
      1.5560        26.95
      1.5570        26.91
      1.5580        26.95
      1.5590        26.94
      1.5600        27.02
      1.5610        27.00
      1.5620        26.99
      1.5630        26.88
      1.5640        26.79
      1.5650        26.76
      1.5660        26.83
      1.5670        26.73
      1.5680        26.69
      1.5690        26.62
      1.5700        26.55
      1.5710        26.62
      1.5720        26.74
      1.5730        26.66
      1.5740        26.74
      1.5750        26.82
      1.5760        26.82
      1.5770        26.74
      1.5780        26.71
      1.5790        26.68
      1.5800        26.64
      1.5810        26.71
      1.5820        26.76
      1.5830        26.87
      1.5840        26.98
      1.5850        27.02
      1.5860        27.06
      1.5870        27.11
      1.5880        27.10
      1.5890        27.12
      1.5900        27.22
      1.5910        27.11
      1.5920        27.10
      1.5930        27.26
      1.5940        27.26
      1.5950        27.26
      1.5960        27.27
      1.5970        27.40
      1.5980        27.33
      1.5990        27.26
      1.6000        27.25
      1.6010        27.22
      1.6020        27.14
      1.6030        27.05
      1.6040        26.99
      1.6050        26.94
      1.6060        26.84
      1.6070        26.90
      1.6080        26.92
      1.6090        26.96
      1.6100        26.86
      1.6110        26.91
      1.6120        26.87
      1.6130        26.77
      1.6140        26.75
      1.6150        26.71
      1.6160        26.64
      1.6170        26.63
      1.6180        26.60
      1.6190        26.64
      1.6200        26.57
      1.6210        26.41
      1.6220        26.49
      1.6230        26.50
      1.6240        26.50
      1.6250        26.45
      1.6260        26.40
      1.6270        26.37
      1.6280        26.33
      1.6290        26.31
      1.6300        26.36
      1.6310        26.37
      1.6320        26.37
      1.6330        26.41
      1.6340        26.47
      1.6350        26.41
      1.6360        26.51
      1.6370        26.49
      1.6380        26.57
      1.6390        26.58
      1.6400        26.65
      1.6410        26.68
      1.6420        26.72
      1.6430        26.73
      1.6440        26.75
      1.6450        26.81
      1.6460        26.83
      1.6470        26.91
      1.6480        26.77
      1.6490        26.79
      1.6500        26.80
      1.6510        26.75
      1.6520        26.77
      1.6530        26.67
      1.6540        26.60
      1.6550        26.66
      1.6560        26.58
      1.6570        26.56
      1.6580        26.55
      1.6590        26.59
      1.6600        26.59
      1.6610        26.71
      1.6620        26.63
      1.6630        26.62
      1.6640        26.53
      1.6650        26.47
      1.6660        26.55
      1.6670        26.48
      1.6680        26.65
      1.6690        26.58
      1.6700        26.55
      1.6710        26.47
      1.6720        26.47
      1.6730        26.42
      1.6740        26.42
      1.6750        26.39
      1.6760        26.44
      1.6770        26.40
      1.6780        26.35
      1.6790        26.30
      1.6800        26.22
      1.6810        26.14
      1.6820        26.07
      1.6830        26.00
      1.6840        26.00
      1.6850        26.06
      1.6860        26.01
      1.6870        25.92
      1.6880        25.74
      1.6890        25.81
      1.6900        25.74
      1.6910        25.73
      1.6920        25.77
      1.6930        25.80
      1.6940        25.71
      1.6950        25.75
      1.6960        25.65
      1.6970        25.68
      1.6980        25.63
      1.6990        25.63
      1.7000        25.62
      1.7010        25.59
      1.7020        25.67
      1.7030        25.79
      1.7040        25.84
      1.7050        25.80
      1.7060        25.83
      1.7070        25.84
      1.7080        25.84
      1.7090        25.86
      1.7100        25.82
      1.7110        25.91
      1.7120        25.74
      1.7130        25.70
      1.7140        25.70
      1.7150        25.49
      1.7160        25.40
      1.7170        25.32
      1.7180        25.31
      1.7190        25.19
      1.7200        25.22
      1.7210        25.22
      1.7220        25.28
      1.7230        25.20
      1.7240        25.17
      1.7250        25.10
      1.7260        25.03
      1.7270        25.06
      1.7280        25.05
      1.7290        24.98
      1.7300        25.01
      1.7310        25.03
      1.7320        25.12
      1.7330        25.11
      1.7340        25.11
      1.7350        25.17
      1.7360        25.22
      1.7370        25.23
      1.7380        25.42
      1.7390        25.51
      1.7400        25.49
      1.7410        25.44
      1.7420        25.22
      1.7430        25.17
      1.7440        25.07
      1.7450        25.12
      1.7460        25.09
      1.7470        25.03
      1.7480        25.11
      1.7490        25.03
      1.7500        24.95
      1.7510        24.83
      1.7520        24.74
      1.7530        24.87
      1.7540        24.89
      1.7550        25.00
      1.7560        25.00
      1.7570        25.05
      1.7580        24.86
      1.7590        24.86
      1.7600        24.87
      1.7610        24.87
      1.7620        24.99
      1.7630        25.06
      1.7640        25.15
      1.7650        25.18
      1.7660        25.26
      1.7670        25.30
      1.7680        25.23
      1.7690        25.21
      1.7700        25.34
      1.7710        25.33
      1.7720        25.38
      1.7730        25.29
      1.7740        25.21
      1.7750        25.17
      1.7760        25.14
      1.7770        25.08
      1.7780        25.04
      1.7790        24.92
      1.7800        24.86
      1.7810        24.83
      1.7820        24.77
      1.7830        24.67
      1.7840        24.61
      1.7850        24.66
      1.7860        24.62
      1.7870        24.56
      1.7880        24.59
      1.7890        24.62
      1.7900        24.53
      1.7910        24.64
      1.7920        24.52
      1.7930        24.51
      1.7940        24.52
      1.7950        24.48
      1.7960        24.49
      1.7970        24.48
      1.7980        24.43
      1.7990        24.49
      1.8000        24.49
      1.8010        24.55
      1.8020        24.41
      1.8030        24.43
      1.8040        24.44
      1.8050        24.33
      1.8060        24.25
      1.8070        24.24
      1.8080        24.19
      1.8090        24.20
      1.8100        24.17
      1.8110        24.09
      1.8120        24.25
      1.8130        24.25
      1.8140        24.18
      1.8150        24.20
      1.8160        24.14
      1.8170        24.12
      1.8180        24.22
      1.8190        24.16
      1.8200        24.17
      1.8210        24.09
      1.8220        24.16
      1.8230        24.12
      1.8240        24.06
      1.8250        24.04
      1.8260        24.02
      1.8270        23.98
      1.8280        23.98
      1.8290        23.93
      1.8300        23.92
      1.8310        23.85
      1.8320        23.72
      1.8330        23.69
      1.8340        23.68
      1.8350        23.71
      1.8360        23.72
      1.8370        23.73
      1.8380        23.67
      1.8390        23.71
      1.8400        23.67
      1.8410        23.72
      1.8420        23.65
      1.8430        23.64
      1.8440        23.66
      1.8450        23.62
      1.8460        23.67
      1.8470        23.65
      1.8480        23.57
      1.8490        23.59
      1.8500        23.67
      1.8510        23.73
      1.8520        23.74
      1.8530        23.79
      1.8540        23.79
      1.8550        23.75
      1.8560        23.75
      1.8570        23.73
      1.8580        23.69
      1.8590        23.61
      1.8600        23.54
      1.8610        23.50
      1.8620        23.53
      1.8630        23.42
      1.8640        23.33
      1.8650        23.36
      1.8660        23.28
      1.8670        23.33
      1.8680        23.31
      1.8690        23.33
      1.8700        22.70
      1.8710        22.62
      1.8720        22.63
      1.8730        22.61
      1.8740        22.51
      1.8750        22.38
      1.8760        22.31
      1.8770        22.24
      1.8780        22.23
      1.8790        22.16
      1.8800        22.12
      1.8810        22.04
      1.8820        22.01
      1.8830        21.95
      1.8840        22.48
      1.8850        22.39
      1.8860        22.39
      1.8870        22.23
      1.8880        22.18
      1.8890        22.04
      1.8900        21.95
      1.8910        21.39
      1.8920        21.34
      1.8930        21.24
      1.8940        21.27
      1.8950        21.23
      1.8960        21.26
      1.8970        21.76
      1.8980        21.82
      1.8990        21.84
      1.9000        21.81
      1.9010        21.84
      1.9020        21.82
      1.9030        21.84
      1.9040        21.73
      1.9050        21.74
      1.9060        21.66
      1.9070        21.72
      1.9080        21.76
      1.9090        21.72
      1.9100        21.79
      1.9110        21.74
      1.9120        21.67
      1.9130        21.59
      1.9140        21.53
      1.9150        21.57
      1.9160        21.55
      1.9170        21.51
      1.9180        21.38
      1.9190        21.23
      1.9200        21.15
      1.9210        21.11
      1.9220        21.02
      1.9230        20.98
      1.9240        20.98
      1.9250        20.35
      1.9260        20.30
      1.9270        20.20
      1.9280        20.10
      1.9290        20.03
      1.9300        20.04
      1.9310        20.05
      1.9320        20.08
      1.9330        20.04
      1.9340        20.01
      1.9350        19.94
      1.9360        19.89
      1.9370        19.79
      1.9380        19.63
      1.9390        19.74
      1.9400        19.66
      1.9410        19.58
      1.9420        19.52
      1.9430        19.50
      1.9440        19.32
      1.9450        19.33
      1.9460        19.31
      1.9470        19.27
      1.9480        19.24
      1.9490        19.19
      1.9500        19.02
      1.9510        18.96
      1.9520        18.72
      1.9530        18.66
      1.9540        18.57
      1.9550        18.47
      1.9560        18.39
      1.9570        18.26
      1.9580        18.16
      1.9590        17.98
      1.9600        17.89
      1.9610        17.86
      1.9620        17.81
      1.9630        17.72
      1.9640        17.70
      1.9650        17.56
      1.9660        17.45
      1.9670        17.37
      1.9680        17.29
      1.9690        17.13
      1.9700        17.06
      1.9710        16.87
      1.9720        16.83
      1.9730        16.69
      1.9740        16.56
      1.9750        16.44
      1.9760        16.26
      1.9770        16.20
      1.9780        16.20
      1.9790        16.11
      1.9800        16.00
      1.9810        15.82
      1.9820        15.74
      1.9830        15.53
      1.9840        15.39
      1.9850        15.28
      1.9860        15.12
      1.9870        15.05
      1.9880        14.84
      1.9890        14.80
      1.9900        14.70
      1.9910        14.71
      1.9920        14.58
      1.9930        14.48
      1.9940        14.39
      1.9950        14.31
      1.9960        14.21
      1.9970        14.12
      1.9980        14.04
      1.9990        13.90
      2.0000        13.78
      2.0010        13.65
      2.0020        13.49
      2.0030        13.47
      2.0040        13.34
      2.0050        13.27
      2.0060        13.25
      2.0070        13.03
      2.0080        13.00
      2.0090        12.90
      2.0100        12.83
      2.0110        12.20
      2.0120        12.18
      2.0130        12.06
      2.0140        11.98
      2.0150        12.39
      2.0160        12.29
      2.0170        12.20
      2.0180        12.11
      2.0190        12.03
      2.0200        12.04
      2.0210        12.03
      2.0220        11.98
      2.0230        11.88
      2.0240        11.87
      2.0250        11.78
      2.0260        11.63
      2.0270        11.60
      2.0280        11.59
      2.0290        11.54
      2.0300        11.39
      2.0310        11.28
      2.0320        11.19
      2.0330        11.16
      2.0340        11.05
      2.0350        10.92
      2.0360        10.86
      2.0370        10.74
      2.0380        10.62
      2.0390        10.03
      2.0400         9.91
      2.0410         9.83
      2.0420         9.77
      2.0430         9.69
      2.0440         9.61
      2.0450         9.49
      2.0460         9.39
      2.0470         9.89
      2.0480         9.80
      2.0490         9.71
      2.0500         9.69
      2.0510         9.60
      2.0520         9.42
      2.0530         9.34
      2.0540         9.24
      2.0550         9.20
      2.0560         9.08
      2.0570         9.01
      2.0580         8.42
      2.0590         8.36
      2.0600         8.31
      2.0610         8.19
      2.0620         8.05
      2.0630         7.91
      2.0640         7.74
      2.0650         7.65
      2.0660         7.55
      2.0670         7.40
      2.0680         7.27
      2.0690         7.19
      2.0700         7.07
      2.0710         7.05
      2.0720         7.07
      2.0730         6.89
      2.0740         6.83
      2.0750         6.71
      2.0760         6.69
      2.0770         6.63
      2.0780         6.59
      2.0790         6.52
      2.0800         6.44
      2.0810         6.37
      2.0820         6.32
      2.0830         6.30
      2.0840         6.29
      2.0850         6.32
      2.0860         6.30
      2.0870         6.28
      2.0880         6.28
      2.0890         6.25
      2.0900         6.25
      2.0910         6.18
      2.0920         6.07
      2.0930         6.07
      2.0940         6.05
      2.0950         6.03
      2.0960         5.98
      2.0970         5.83
      2.0980         5.79
      2.0990         5.72
      2.1000         5.65
      2.1010         5.67
      2.1020         5.67
      2.1030         5.61
      2.1040         5.57
      2.1050         5.46
      2.1060         5.33
      2.1070         5.26
      2.1080         5.22
      2.1090         5.20
      2.1100         5.11
      2.1110         5.03
      2.1120         4.96
      2.1130         4.97
      2.1140         4.93
      2.1150         4.89
      2.1160         4.87
      2.1170         4.92
      2.1180         4.80
      2.1190         4.80
      2.1200         4.73
      2.1210         4.69
      2.1220         4.63
      2.1230         4.57
      2.1240         4.54
      2.1250         4.57
      2.1260         4.61
      2.1270         4.58
      2.1280         3.95
      2.1290         3.87
      2.1300         3.82
      2.1310         4.34
      2.1320         3.83
      2.1330         4.35
      2.1340         3.75
      2.1350         4.27
      2.1360         4.19
      2.1370         4.14
      2.1380         4.14
      2.1390         4.10
      2.1400         4.18
      2.1410         4.08
      2.1420         4.03
      2.1430         4.03
      2.1440         4.04
      2.1450         3.97
      2.1460         3.95
      2.1470         3.91
      2.1480         4.02
      2.1490         4.02
      2.1500         4.06
      2.1510         4.04
      2.1520         3.99
      2.1530         3.94
      2.1540         3.92
      2.1550         3.81
      2.1560         3.81
      2.1570         3.80
      2.1580         3.79
      2.1590         3.79
      2.1600         3.72
      2.1610         3.77
      2.1620         3.69
      2.1630         3.69
      2.1640         3.68
      2.1650         3.66
      2.1660         3.66
      2.1670         3.72
      2.1680         3.62
      2.1690         3.57
      2.1700         3.55
      2.1710         3.57
      2.1720         3.55
      2.1730         3.50
      2.1740         3.47
      2.1750         3.46
      2.1760         3.44
      2.1770         3.46
      2.1780         3.47
      2.1790         3.43
      2.1800         3.40
      2.1810         3.40
      2.1820         2.95
      2.1830         3.46
      2.1840         2.87
      2.1850         2.87
      2.1860         2.86
      2.1870         2.75
      2.1880         2.79
      2.1890         2.76
      2.1900         3.28
      2.1910         3.23
      2.1920         3.16
      2.1930         3.17
      2.1940         2.66
      2.1950         2.75
      2.1960         3.23
      2.1970         3.21
      2.1980         3.13
      2.1990         3.12
      2.2000         2.60
      2.2010         2.53
      2.2020         2.54
      2.2030         2.50
      2.2040         2.96
      2.2050         2.93
      2.2060         2.90
      2.2070         3.07
      2.2080         3.03
      2.2090         3.03
      2.2100         3.05
      2.2110         3.05
      2.2120         3.08
      2.2130         3.04
      2.2140         2.94
      2.2150         2.86
      2.2160         2.85
      2.2170         2.30
      2.2180         2.33
      2.2190         2.25
      2.2200         2.27
      2.2210         2.26
      2.2220         2.22
      2.2230         2.20
      2.2240         2.19
      2.2250         2.12
      2.2260         2.11
      2.2270         2.03
      2.2280         2.04
      2.2290         2.03
      2.2300         1.96
      2.2310         1.92
      2.2320         2.44
      2.2330         2.43
      2.2340         2.47
      2.2350         2.48
      2.2360         2.48
      2.2370         1.98
      2.2380         1.94
      2.2390         2.01
      2.2400         2.01
      2.2410         1.98
      2.2420         1.90
      2.2430         1.87
      2.2440         1.92
      2.2450         1.94
      2.2460         1.88
      2.2470         1.86
      2.2480         1.83
      2.2490         1.82
      2.2500         1.79
      2.2510         2.25
      2.2520         2.31
      2.2530         2.28
      2.2540         1.76
      2.2550         2.26
      2.2560         2.29
      2.2570         2.33
      2.2580         2.35
      2.2590         2.36
      2.2600         2.32
      2.2610         2.36
      2.2620         2.40
      2.2630         2.47
      2.2640         2.40
      2.2650         2.39
      2.2660         2.39
      2.2670         2.37
      2.2680         2.33
      2.2690         2.35
      2.2700         2.36
      2.2710         2.37
      2.2720         2.33
      2.2730         1.84
      2.2740         2.38
      2.2750         1.84
      2.2760         1.82
      2.2770         1.75
      2.2780         1.76
      2.2790         1.72
      2.2800         2.23
      2.2810         2.18
      2.2820         2.18
      2.2830         2.10
      2.2840         2.12
      2.2850         2.13
      2.2860         1.63
      2.2870         1.61
      2.2880         1.67
      2.2890         1.68
      2.2900         1.67
      2.2910         1.71
      2.2920         1.69
      2.2930         1.73
      2.2940         1.73
      2.2950         1.76
      2.2960         1.78
      2.2970         1.82
      2.2980         1.76
      2.2990         1.73
      2.3000         1.73
      2.3010         1.78
      2.3020         1.75
      2.3030         1.76
      2.3040         1.82
      2.3050         2.21
      2.3060         2.29
      2.3070         2.25
      2.3080         2.18
      2.3090         2.10
      2.3100         1.54
      2.3110         1.54
      2.3120         1.54
      2.3130         1.48
      2.3140         1.52
      2.3150         1.53
      2.3160         1.52
      2.3170         1.46
      2.3180         1.49
      2.3190         1.52
      2.3200         1.49
      2.3210         1.49
      2.3220         1.53
      2.3230         1.54
      2.3240         1.50
      2.3250         1.54
      2.3260         1.49
      2.3270         1.53
      2.3280         1.57
      2.3290         1.57
      2.3300         1.56
      2.3310         1.49
      2.3320         1.48
      2.3330         1.49
      2.3340         1.41
      2.3350         1.41
      2.3360         1.38
      2.3370         1.38
      2.3380         1.38
      2.3390         1.43
      2.3400         1.45
      2.3410         1.41
      2.3420         1.37
      2.3430         1.35
      2.3440         1.34
      2.3450         1.34
      2.3460         1.30
      2.3470         1.41
      2.3480         1.42
      2.3490         1.42
      2.3500         1.42
      2.3510         1.49
      2.3520         1.49
      2.3530         1.49
      2.3540         1.54
      2.3550         1.57
      2.3560         1.58
      2.3570         1.60
      2.3580         1.53
      2.3590         1.42
      2.3600         1.38
      2.3610         1.39
      2.3620         1.39
      2.3630         1.39
      2.3640         1.42
      2.3650         1.45
      2.3660         1.46
      2.3670         1.35
      2.3680         1.30
      2.3690         1.27
      2.3700         1.33
      2.3710         1.26
      2.3720         1.27
      2.3730         1.31
      2.3740         1.33
      2.3750         1.31
      2.3760         1.30
      2.3770         1.33
      2.3780         1.41
      2.3790         1.45
      2.3800         1.48
      2.3810         1.52
      2.3820         1.57
      2.3830         1.63
      2.3840         1.60
      2.3850         1.57
      2.3860         1.57
      2.3870         1.61
      2.3880         1.64
      2.3890         1.71
      2.3900         1.72
      2.3910         1.71
      2.3920         1.69
      2.3930         1.65
      2.3940         1.58
      2.3950         1.54
      2.3960         1.57
      2.3970         1.53
      2.3980         1.50
      2.3990         1.49
      2.4000         1.49
      2.4010         1.41
      2.4020         1.37
      2.4030         1.31
      2.4040         1.34
      2.4050         1.37
      2.4060         1.43
      2.4070         1.39
      2.4080         1.42
      2.4090         1.39
      2.4100         1.33
      2.4110         1.37
      2.4120         1.35
      2.4130         1.39
      2.4140         1.45
      2.4150         1.45
      2.4160         1.45
      2.4170         1.48
      2.4180         1.48
      2.4190         1.52
      2.4200         1.52
      2.4210         1.56
      2.4220         1.56
      2.4230         1.53
      2.4240         1.53
      2.4250         1.50
      2.4260         1.46
      2.4270         1.49
      2.4280         1.45
      2.4290         1.48
      2.4300         1.42
      2.4310         1.43
      2.4320         1.41
      2.4330         1.41
      2.4340         1.39
      2.4350         1.46
      2.4360         1.50
      2.4370         1.53
      2.4380         1.56
      2.4390         1.61
      2.4400         1.60
      2.4410         1.63
      2.4420         1.67
      2.4430         1.71
      2.4440         1.68
      2.4450         1.68
      2.4460         1.68
      2.4470         1.63
      2.4480         1.60
      2.4490         1.54
      2.4500         1.58
      2.4510         1.60
      2.4520         1.63
      2.4530         1.60
      2.4540         1.60
      2.4550         1.50
      2.4560         1.42
      2.4570         1.38
      2.4580         1.34
      2.4590         1.24
      2.4600         1.29
      2.4610         1.29
      2.4620         1.27
      2.4630         1.24
      2.4640         1.27
      2.4650         1.30
      2.4660         1.31
      2.4670         1.35
      2.4680         1.45
      2.4690         1.54
      2.4700         1.63
      2.4710         1.60
      2.4720         1.63
      2.4730         1.61
      2.4740         1.58
      2.4750         1.67
      2.4760         1.67
      2.4770         1.72
      2.4780         1.78
      2.4790         1.79
      2.4800         1.79
      2.4810         1.72
      2.4820         1.73
      2.4830         1.76
      2.4840         1.71
      2.4850         1.68
      2.4860         1.65
      2.4870         1.63
      2.4880         1.60
      2.4890         1.50
      2.4900         1.45
      2.4910         1.50
      2.4920         1.53
      2.4930         1.56
      2.4940         1.54
      2.4950         1.54
      2.4960         1.56
      2.4970         1.50
      2.4980         1.45
      2.4990         1.45
      2.5000         1.43
      2.5010         1.49
      2.5020         1.45
      2.5030         1.45
      2.5040         1.50
      2.5050         1.49
      2.5060         1.49
      2.5070         1.53
      2.5080         1.50
      2.5090         1.02
      2.5100         1.50
      2.5110         1.43
      2.5120         1.38
      2.5130         1.34
      2.5140         1.38
      2.5150         1.39
      2.5160         1.46
      2.5170         1.46
      2.5180         1.46
      2.5190         1.49
      2.5200         1.50
      2.5210         1.54
      2.5220         1.60
      2.5230         1.64
      2.5240         1.67
      2.5250         1.73
      2.5260         1.73
      2.5270         1.76
      2.5280         1.76
      2.5290         1.78
      2.5300         1.84
      2.5310         1.91
      2.5320         1.92
      2.5330         1.92
      2.5340         1.91
      2.5350         1.91
      2.5360         1.90
      2.5370         1.91
      2.5380         1.92
      2.5390         1.90
      2.5400         1.88
      2.5410         1.25
      2.5420         1.20
      2.5430         1.08
      2.5440         1.09
      2.5450         1.00
      2.5460         1.04
      2.5470         1.00
      2.5480         1.00
      2.5490         1.00
      2.5500         1.00
      2.5510         1.00
      2.5520         1.00
      2.5530         1.00
      2.5540         1.04
      2.5550         1.00
      2.5560         1.00
      2.5570         1.00
      2.5580         1.42
      2.5590         1.50
      2.5600         1.00
      2.5610         1.56
      2.5620         1.57
      2.5630         1.58
      2.5640         1.56
      2.5650         1.61
      2.5660         1.61
      2.5670         1.56
      2.5680         1.61
      2.5690         1.60
      2.5700         1.56
      2.5710         1.54
      2.5720         1.52
      2.5730         1.53
      2.5740         1.49
      2.5750         1.46
      2.5760         1.49
      2.5770         1.50
      2.5780         1.57
      2.5790         1.60
      2.5800         1.67
      2.5810         1.61
      2.5820         1.64
      2.5830         1.65
      2.5840         1.68
      2.5850         1.69
      2.5860         1.69
      2.5870         1.73
      2.5880         1.72
      2.5890         1.72
      2.5900         1.72
      2.5910         1.78
      2.5920         1.82
      2.5930         1.80
      2.5940         1.29
      2.5950         1.28
      2.5960         1.25
      2.5970         1.76
      2.5980         1.73
      2.5990         1.15
      2.6000         1.05
      2.6010         1.06
      2.6020         1.02
      2.6030         1.00
      2.6040         1.00
      2.6050         1.00
      2.6060         1.00
      2.6070         1.00
      2.6080         1.00
      2.6090         1.00
      2.6100         1.00
      2.6110         1.00
      2.6120         1.00
      2.6130         1.00
      2.6140         1.00
      2.6150         1.35
      2.6160         1.00
      2.6170         1.00
      2.6180         1.43
      2.6190         1.42
      2.6200         1.46
      2.6210         1.42
      2.6220         1.43
      2.6230         1.49
      2.6240         1.50
      2.6250         1.48
      2.6260         1.41
      2.6270         1.42
      2.6280         1.46
      2.6290         1.45
      2.6300         1.37
      2.6310         1.37
      2.6320         1.30
      2.6330         1.35
      2.6340         1.34
      2.6350         1.42
      2.6360         1.31
      2.6370         1.31
      2.6380         1.33
      2.6390         1.37
      2.6400         1.33
      2.6410         1.37
      2.6420         1.43
      2.6430         1.43
      2.6440         1.50
      2.6450         1.50
      2.6460         1.60
      2.6470         1.64
      2.6480         1.61
      2.6490         1.63
      2.6500         1.68
      2.6510         1.71
      2.6520         1.76
      2.6530         1.73
      2.6540         1.73
      2.6550         1.68
      2.6560         1.16
      2.6570         1.15
      2.6580         1.17
      2.6590         1.69
      2.6600         1.16
      2.6610         1.60
      2.6620         1.50
      2.6630         1.49
      2.6640         1.48
      2.6650         1.00
      2.6660         1.00
      2.6670         1.00
      2.6680         1.00
      2.6690         1.00
      2.6700         1.00
      2.6710         1.00
      2.6720         1.00
      2.6730         1.00
      2.6740         1.00
      2.6750         1.46
      2.6760         1.00
      2.6770         1.00
      2.6780         1.00
      2.6790         1.00
      2.6800         1.00
      2.6810         1.00
      2.6820         1.00
      2.6830         1.00
      2.6840         1.00
      2.6850         1.00
      2.6860         1.02
      2.6870         1.02
      2.6880         1.00
      2.6890         1.02
      2.6900         1.50
      2.6910         1.52
      2.6920         1.54
      2.6930         1.54
      2.6940         1.54
      2.6950         1.57
      2.6960         1.60
      2.6970         1.67
      2.6980         1.65
      2.6990         1.68
      2.7000         1.72
      2.7010         1.73
      2.7020         1.72
      2.7030         1.75
      2.7040         1.76
      2.7050         1.73
      2.7060         1.75
      2.7070         1.75
      2.7080         1.78
      2.7090         1.78
      2.7100         1.83
      2.7110         1.82
      2.7120         1.23
      2.7130         1.16
      2.7140         1.17
      2.7150         1.12
      2.7160         1.13
      2.7170         1.02
      2.7180         1.00
      2.7190         1.00
      2.7200         1.00
      2.7210         1.00
      2.7220         1.00
      2.7230         1.35
      2.7240         1.35
      2.7250         1.30
      2.7260         1.33
      2.7270         1.38
      2.7280         1.88
      2.7290         1.90
      2.7300         1.88
      2.7310         1.90
      2.7320         1.89
      2.7330         1.46
      2.7340         1.46
      2.7350         1.52
      2.7360         1.50
      2.7370         1.56
      2.7380         1.58
      2.7390         1.58
      2.7400         1.61
      2.7410         1.61
      2.7420         1.65
      2.7430         1.60
      2.7440         1.63
      2.7450         1.58
      2.7460         1.61
      2.7470         1.56
      2.7480         1.54
      2.7490         1.58
      2.7500         1.57
      2.7510         1.53
      2.7520         1.54
      2.7530         1.50
      2.7540         1.52
      2.7550         1.49
      2.7560         1.52
      2.7570         1.54
      2.7580         1.57
      2.7590         1.64
      2.7600         1.63
      2.7610         1.68
      2.7620         1.68
      2.7630         1.76
      2.7640         1.79
      2.7650         1.83
      2.7660         1.79
      2.7670         1.83
      2.7680         1.87
      2.7690         1.84
      2.7700         1.84
      2.7710         1.87
      2.7720         1.82
      2.7730         1.75
      2.7740         1.73
      2.7750         1.73
      2.7760         1.12
      2.7770         1.05
      2.7780         1.00
      2.7790         1.43
      2.7800         1.44
      2.7810         1.44
      2.7820         1.48
      2.7830         1.47
      2.7840         1.42
      2.7850         1.46
      2.7860         1.53
      2.7870         1.54
      2.7880         1.38
      2.7890         1.45
      2.7900         1.00
      2.7910         1.00
      2.7920         1.52
      2.7930         1.06
      2.7940         1.04
      2.7950         1.57
      2.7960         1.61
      2.7970         1.63
      2.7980         1.61
      2.7990         1.58
      2.8000         1.60
      2.8010         1.61
      2.8020         1.60
      2.8030         1.58
      2.8040         1.56
      2.8050         1.02
      2.8060         1.45
      2.8070         1.97
      2.8080         2.01
      2.8090         1.97
      2.8100         1.91
      2.8110         1.95
      2.8120         1.98
      2.8130         2.02
      2.8140         2.06
      2.8150         2.09
      2.8160         2.10
      2.8170         1.54
      2.8180         1.60
      2.8190         1.64
      2.8200         1.68
      2.8210         1.68
      2.8220         1.68
      2.8230         1.65
      2.8240         1.65
      2.8250         1.64
      2.8260         1.67
      2.8270         1.65
      2.8280         1.64
      2.8290         1.68
      2.8300         1.72
      2.8310         1.75
      2.8320         1.71
      2.8330         1.14
      2.8340         1.08
      2.8350         1.02
      2.8360         1.01
      2.8370         1.04
      2.8380         1.02
      2.8390         1.01
      2.8400         1.05
      2.8410         1.01
      2.8420         1.02
      2.8430         1.05
      2.8440         1.55
      2.8450         1.12
      2.8460         1.67
      2.8470         1.64
      2.8480         1.69
      2.8490         1.68
      2.8500         1.67
      2.8510         1.69
      2.8520         1.72
      2.8530         1.73
      2.8540         1.79
      2.8550         1.76
      2.8560         1.79
      2.8570         1.82
      2.8580         1.79
      2.8590         1.79
      2.8600         1.78
      2.8610         1.24
      2.8620         1.76
      2.8630         1.24
      2.8640         1.76
      2.8650         1.75
      2.8660         1.73
      2.8670         1.78
      2.8680         1.73
      2.8690         1.72
      2.8700         1.71
      2.8710         1.69
      2.8720         1.73
      2.8730         1.78
      2.8740         1.73
      2.8750         1.76
      2.8760         1.79
      2.8770         1.79
      2.8780         1.82
      2.8790         1.82
      2.8800         1.80
      2.8810         1.87
      2.8820         1.83
      2.8830         1.83
      2.8840         1.88
      2.8850         1.38
      2.8860         1.34
      2.8870         1.22
      2.8880         1.19
      2.8890         1.19
      2.8900         1.76
      2.8910         1.73
      2.8920         1.69
      2.8930         1.65
      2.8940         1.65
      2.8950         1.64
      2.8960         1.61
      2.8970         1.57
      2.8980         1.57
      2.8990         1.60
      2.9000         1.60
      2.9010         1.58
      2.9020         1.63
      2.9030         1.63
      2.9040         1.56
      2.9050         1.56
      2.9060         1.60
      2.9070         1.64
      2.9080         1.65
      2.9090         1.72
      2.9100         1.68
      2.9110         1.67
      2.9120         1.63
      2.9130         1.61
      2.9140         1.60
      2.9150         1.58
      2.9160         1.57
      2.9170         1.05
      2.9180         1.04
      2.9190         1.52
      2.9200         1.00
      2.9210         1.00
      2.9220         1.00
      2.9230         1.00
      2.9240         1.00
      2.9250         1.00
      2.9260         1.35
      2.9270         1.00
      2.9280         1.34
      2.9290         1.32
      2.9300         1.00
      2.9310         1.38
      2.9320         1.00
      2.9330         1.00
      2.9340         1.43
      2.9350         1.43
      2.9360         1.00
      2.9370         1.49
      2.9380         1.46
      2.9390         1.00
      2.9400         1.04
      2.9410         1.06
      2.9420         1.57
      2.9430         1.05
      2.9440         1.06
      2.9450         1.06
      2.9460         1.04
      2.9470         1.00
      2.9480         1.00
      2.9490         1.00
      2.9500         1.00
      2.9510         1.00
      2.9520         1.00
      2.9530         1.00
      2.9540         1.00
      2.9550         1.00
      2.9560         1.00
      2.9570         1.00
      2.9580         1.00
      2.9590         1.00
      2.9600         1.00
      2.9610         1.00
      2.9620         1.00
      2.9630         1.00
      2.9640         1.04
      2.9650         1.05
      2.9660         1.10
      2.9670         1.13
      2.9680         1.18
      2.9690         1.14
      2.9700         1.10
      2.9710         1.05
      2.9720         1.12
      2.9730         1.00
      2.9740         1.00
      2.9750         1.00
      2.9760         1.00
      2.9770         1.04
      2.9780         1.00
      2.9790         1.00
      2.9800         1.00
      2.9810         1.00
      2.9820         1.00
      2.9830         1.00
      2.9840         1.00
      2.9850         1.00
      2.9860         1.00
      2.9870         1.00
      2.9880         1.00
      2.9890         1.00
      2.9900         1.04
      2.9910         1.16
      2.9920         1.10
      2.9930         1.71
      2.9940         1.67
      2.9950         1.67
      2.9960         1.67
      2.9970         1.65
      2.9980         1.75
      2.9990         1.71
