        Time   Palpation Force
      0.0000         1.00
      0.0010         1.00
      0.0020         1.00
      0.0030         1.00
      0.0040         1.00
      0.0050         1.00
      0.0060         1.00
      0.0070         1.00
      0.0080         1.00
      0.0090         1.00
      0.0100         1.04
      0.0110         1.11
      0.0120         1.24
      0.0130         1.33
      0.0140         1.38
      0.0150         1.43
      0.0160         1.54
      0.0170         1.63
      0.0180         1.18
      0.0190         1.78
      0.0200         1.75
      0.0210         1.71
      0.0220         1.75
      0.0230         1.72
      0.0240         1.75
      0.0250         1.79
      0.0260         1.82
      0.0270         1.86
      0.0280         1.83
      0.0290         1.84
      0.0300         1.88
      0.0310         1.87
      0.0320         1.83
      0.0330         1.83
      0.0340         1.86
      0.0350         1.90
      0.0360         1.88
      0.0370         1.91
      0.0380         1.98
      0.0390         1.95
      0.0400         1.92
      0.0410         1.92
      0.0420         1.87
      0.0430         1.86
      0.0440         1.90
      0.0450         1.83
      0.0460         1.76
      0.0470         1.69
      0.0480         1.65
      0.0490         1.61
      0.0500         1.63
      0.0510         1.65
      0.0520         1.65
      0.0530         1.65
      0.0540         1.67
      0.0550         1.67
      0.0560         1.65
      0.0570         1.64
      0.0580         1.67
      0.0590         1.71
      0.0600         1.75
      0.0610         1.78
      0.0620         1.82
      0.0630         1.87
      0.0640         1.83
      0.0650         1.83
      0.0660         1.39
      0.0670         1.94
      0.0680         1.98
      0.0690         1.97
      0.0700         1.97
      0.0710         1.46
      0.0720         1.44
      0.0730         1.39
      0.0740         1.43
      0.0750         1.40
      0.0760         1.39
      0.0770         1.36
      0.0780         1.27
      0.0790         1.29
      0.0800         1.32
      0.0810         1.25
      0.0820         1.18
      0.0830         1.13
      0.0840         1.63
      0.0850         1.67
      0.0860         1.64
      0.0870         1.64
      0.0880         1.64
      0.0890         1.68
      0.0900         1.71
      0.0910         1.73
      0.0920         1.73
      0.0930         1.72
      0.0940         1.76
      0.0950         1.76
      0.0960         1.80
      0.0970         1.80
      0.0980         1.79
      0.0990         1.75
      0.1000         1.72
      0.1010         1.78
      0.1020         1.82
      0.1030         1.82
      0.1040         1.83
      0.1050         1.79
      0.1060         1.84
      0.1070         1.86
      0.1080         1.84
      0.1090         1.88
      0.1100         1.80
      0.1110         1.78
      0.1120         1.75
      0.1130         1.75
      0.1140         1.68
      0.1150         1.76
      0.1160         1.79
      0.1170         1.87
      0.1180         1.92
      0.1190         1.97
      0.1200         1.99
      0.1210         2.01
      0.1220         1.99
      0.1230         2.03
      0.1240         2.05
      0.1250         2.06
      0.1260         2.03
      0.1270         2.03
      0.1280         2.05
      0.1290         2.01
      0.1300         2.05
      0.1310         2.05
      0.1320         2.05
      0.1330         1.99
      0.1340         2.01
      0.1350         1.91
      0.1360         1.86
      0.1370         1.82
      0.1380         1.71
      0.1390         1.68
      0.1400         1.63
      0.1410         1.12
      0.1420         1.67
      0.1430         1.67
      0.1440         1.68
      0.1450         1.68
      0.1460         1.69
      0.1470         1.68
      0.1480         1.71
      0.1490         1.67
      0.1500         1.71
      0.1510         1.73
      0.1520         1.78
      0.1530         1.84
      0.1540         1.86
      0.1550         1.86
      0.1560         1.87
      0.1570         1.82
      0.1580         1.91
      0.1590         1.91
      0.1600         1.91
      0.1610         1.86
      0.1620         1.84
      0.1630         1.79
      0.1640         1.79
      0.1650         1.79
      0.1660         1.73
      0.1670         1.73
      0.1680         1.68
      0.1690         1.75
      0.1700         1.69
      0.1710         1.69
      0.1720         1.63
      0.1730         1.65
      0.1740         1.68
      0.1750         1.72
      0.1760         1.75
      0.1770         1.76
      0.1780         1.73
      0.1790         1.75
      0.1800         1.75
      0.1810         1.82
      0.1820         1.76
      0.1830         1.83
      0.1840         1.80
      0.1850         1.83
      0.1860         1.86
      0.1870         1.83
      0.1880         1.84
      0.1890         1.79
      0.1900         1.79
      0.1910         1.79
      0.1920         1.86
      0.1930         1.82
      0.1940         1.78
      0.1950         1.75
      0.1960         1.71
      0.1970         1.71
      0.1980         1.72
      0.1990         1.71
      0.2000         1.71
      0.2010         1.71
      0.2020         1.75
      0.2030         1.72
      0.2040         1.71
      0.2050         1.73
      0.2060         1.71
      0.2070         1.73
      0.2080         1.71
      0.2090         1.71
      0.2100         1.72
      0.2110         1.71
      0.2120         1.71
      0.2130         1.75
      0.2140         1.78
      0.2150         1.80
      0.2160         1.82
      0.2170         1.83
      0.2180         1.80
      0.2190         1.78
      0.2200         1.80
      0.2210         1.79
      0.2220         1.27
      0.2230         1.76
      0.2240         1.76
      0.2250         1.69
      0.2260         1.71
      0.2270         1.71
      0.2280         1.73
      0.2290         1.75
      0.2300         1.76
      0.2310         1.76
      0.2320         1.75
      0.2330         1.76
      0.2340         1.71
      0.2350         1.71
      0.2360         1.68
      0.2370         1.65
      0.2380         1.68
      0.2390         1.72
      0.2400         1.72
      0.2410         1.72
      0.2420         1.73
      0.2430         1.71
      0.2440         1.73
      0.2450         1.80
      0.2460         1.76
      0.2470         1.73
      0.2480         1.73
      0.2490         1.21
      0.2500         1.15
      0.2510         1.10
      0.2520         1.12
      0.2530         1.05
      0.2540         1.10
      0.2550         1.09
      0.2560         1.65
      0.2570         1.65
      0.2580         1.67
      0.2590         1.64
      0.2600         1.71
      0.2610         1.72
      0.2620         1.71
      0.2630         1.78
      0.2640         1.82
      0.2650         1.76
      0.2660         1.86
      0.2670         1.88
      0.2680         1.90
      0.2690         1.94
      0.2700         1.90
      0.2710         1.99
      0.2720         1.99
      0.2730         1.99
      0.2740         2.01
      0.2750         1.47
      0.2760         1.38
      0.2770         1.38
      0.2780         1.32
      0.2790         1.35
      0.2800         1.31
      0.2810         1.29
      0.2820         1.32
      0.2830         1.27
      0.2840         1.23
      0.2850         1.19
      0.2860         1.15
      0.2870         1.14
      0.2880         1.10
      0.2890         1.08
      0.2900         1.63
      0.2910         1.56
      0.2920         1.60
      0.2930         1.67
      0.2940         1.67
      0.2950         1.69
      0.2960         1.79
      0.2970         1.82
      0.2980         1.86
      0.2990         1.87
      0.3000         1.86
      0.3010         1.86
      0.3020         1.83
      0.3030         1.90
      0.3040         1.86
      0.3050         1.84
      0.3060         1.87
      0.3070         1.86
      0.3080         1.87
      0.3090         1.92
      0.3100         1.95
      0.3110         1.94
      0.3120         1.88
      0.3130         1.86
      0.3140         1.84
      0.3150         1.82
      0.3160         1.72
      0.3170         1.69
      0.3180         1.68
      0.3190         1.68
      0.3200         1.69
      0.3210         1.68
      0.3220         1.69
      0.3230         1.67
      0.3240         1.69
      0.3250         1.75
      0.3260         1.73
      0.3270         1.75
      0.3280         1.76
      0.3290         1.72
      0.3300         1.69
      0.3310         1.71
      0.3320         1.72
      0.3330         1.67
      0.3340         1.65
      0.3350         1.68
      0.3360         1.69
      0.3370         1.67
      0.3380         1.67
      0.3390         1.68
      0.3400         1.63
      0.3410         1.64
      0.3420         1.14
      0.3430         1.16
      0.3440         1.68
      0.3450         1.14
      0.3460         1.13
      0.3470         1.13
      0.3480         1.10
      0.3490         1.68
      0.3500         1.21
      0.3510         1.20
      0.3520         1.24
      0.3530         1.25
      0.3540         1.25
      0.3550         1.24
      0.3560         1.20
      0.3570         1.24
      0.3580         1.23
      0.3590         1.25
      0.3600         1.28
      0.3610         1.23
      0.3620         1.17
      0.3630         1.16
      0.3640         1.20
      0.3650         1.21
      0.3660         1.28
      0.3670         1.29
      0.3680         1.28
      0.3690         1.78
      0.3700         1.72
      0.3710         1.72
      0.3720         1.65
      0.3730         1.64
      0.3740         1.64
      0.3750         1.63
      0.3760         1.67
      0.3770         1.64
      0.3780         1.65
      0.3790         1.68
      0.3800         1.72
      0.3810         1.71
      0.3820         1.75
      0.3830         1.73
      0.3840         1.72
      0.3850         1.72
      0.3860         1.73
      0.3870         1.73
      0.3880         1.73
      0.3890         1.73
      0.3900         1.73
      0.3910         1.80
      0.3920         1.83
      0.3930         1.31
      0.3940         1.83
      0.3950         1.82
      0.3960         1.78
      0.3970         1.76
      0.3980         1.78
      0.3990         1.73
      0.4000         1.68
      0.4010         1.71
      0.4020         1.67
      0.4030         1.67
      0.4040         1.64
      0.4050         1.68
      0.4060         1.69
      0.4070         1.73
      0.4080         1.76
      0.4090         1.79
      0.4100         1.83
      0.4110         1.80
      0.4120         1.87
      0.4130         1.86
      0.4140         1.84
      0.4150         1.91
      0.4160         1.92
      0.4170         1.95
      0.4180         1.97
      0.4190         1.98
      0.4200         1.99
      0.4210         2.02
      0.4220         2.03
      0.4230         2.06
      0.4240         2.13
      0.4250         2.06
      0.4260         2.03
      0.4270         1.46
      0.4280         1.44
      0.4290         1.44
      0.4300         1.44
      0.4310         1.95
      0.4320         1.87
      0.4330         1.88
      0.4340         1.84
      0.4350         1.29
      0.4360         1.82
      0.4370         1.31
      0.4380         1.29
      0.4390         1.82
      0.4400         1.32
      0.4410         1.80
      0.4420         1.83
      0.4430         1.29
      0.4440         1.75
      0.4450         1.79
      0.4460         1.78
      0.4470         1.76
      0.4480         1.75
      0.4490         1.78
      0.4500         1.78
      0.4510         1.73
      0.4520         1.72
      0.4530         1.21
      0.4540         1.28
      0.4550         1.27
      0.4560         1.19
      0.4570         1.23
      0.4580         1.20
      0.4590         1.72
      0.4600         1.69
      0.4610         1.71
      0.4620         1.67
      0.4630         1.68
      0.4640         1.69
      0.4650         1.69
      0.4660         1.71
      0.4670         1.76
      0.4680         1.76
      0.4690         1.73
      0.4700         1.75
      0.4710         1.80
      0.4720         1.84
      0.4730         1.79
      0.4740         1.79
      0.4750         1.86
      0.4760         1.90
      0.4770         1.90
      0.4780         1.95
      0.4790         1.98
      0.4800         1.99
      0.4810         1.95
      0.4820         1.97
      0.4830         1.92
      0.4840         1.87
      0.4850         1.84
      0.4860         1.32
      0.4870         1.84
      0.4880         1.82
      0.4890         1.83
      0.4900         1.82
      0.4910         1.78
      0.4920         1.82
      0.4930         1.84
      0.4940         1.84
      0.4950         1.82
      0.4960         1.79
      0.4970         1.82
      0.4980         1.80
      0.4990         1.80
      0.5000         1.84
      0.5010         1.88
      0.5020         1.88
      0.5030         1.94
      0.5040         2.06
      0.5050         2.12
      0.5060         2.10
      0.5070         2.12
      0.5080         2.12
      0.5090         2.13
      0.5100         2.09
      0.5110         2.10
      0.5120         2.07
      0.5130         2.06
      0.5140         2.07
      0.5150         2.02
      0.5160         2.01
      0.5170         1.95
      0.5180         1.92
      0.5190         1.92
      0.5200         1.86
      0.5210         1.87
      0.5220         1.35
      0.5230         1.27
      0.5240         1.23
      0.5250         1.21
      0.5260         1.27
      0.5270         1.78
      0.5280         1.82
      0.5290         1.79
      0.5300         1.80
      0.5310         1.87
      0.5320         1.90
      0.5330         1.91
      0.5340         1.92
      0.5350         1.95
      0.5360         1.95
      0.5370         2.01
      0.5380         2.03
      0.5390         1.98
      0.5400         2.01
      0.5410         1.99
      0.5420         1.94
      0.5430         1.95
      0.5440         1.91
      0.5450         1.90
      0.5460         1.87
      0.5470         1.83
      0.5480         1.79
      0.5490         1.83
      0.5500         1.88
      0.5510         1.83
      0.5520         1.28
      0.5530         1.25
      0.5540         1.27
      0.5550         1.28
      0.5560         1.88
      0.5570         1.31
      0.5580         1.32
      0.5590         1.84
      0.5600         1.86
      0.5610         1.32
      0.5620         1.36
      0.5630         1.92
      0.5640         1.98
      0.5650         1.94
      0.5660         1.42
      0.5670         1.44
      0.5680         1.99
      0.5690         1.97
      0.5700         1.91
      0.5710         1.90
      0.5720         1.82
      0.5730         1.80
      0.5740         1.78
      0.5750         1.78
      0.5760         1.72
      0.5770         1.75
      0.5780         1.75
      0.5790         1.80
      0.5800         1.79
      0.5810         1.79
      0.5820         1.76
      0.5830         1.76
      0.5840         1.76
      0.5850         1.84
      0.5860         1.38
      0.5870         1.42
      0.5880         1.97
      0.5890         1.48
      0.5900         1.49
      0.5910         1.53
      0.5920         1.62
      0.5930         1.62
      0.5940         1.62
      0.5950         1.64
      0.5960         1.70
      0.5970         1.69
      0.5980         1.70
      0.5990         1.73
      0.6000         1.70
      0.6010         1.76
      0.6020         1.88
      0.6030         1.84
      0.6040         2.43
      0.6050         2.49
      0.6060         3.04
      0.6070         3.06
      0.6080         3.12
      0.6090         3.23
      0.6100         3.25
      0.6110         3.25
      0.6120         3.26
      0.6130         3.30
      0.6140         3.38
      0.6150         3.50
      0.6160         3.56
      0.6170         3.64
      0.6180         3.68
      0.6190         3.76
      0.6200         3.92
      0.6210         4.00
      0.6220         4.05
      0.6230         3.99
      0.6240         4.14
      0.6250         4.25
      0.6260         4.29
      0.6270         4.39
      0.6280         4.45
      0.6290         4.49
      0.6300         4.60
      0.6310         4.65
      0.6320         4.80
      0.6330         4.87
      0.6340         5.03
      0.6350         5.03
      0.6360         5.10
      0.6370         5.22
      0.6380         5.32
      0.6390         5.40
      0.6400         5.47
      0.6410         5.51
      0.6420         5.58
      0.6430         5.80
      0.6440         5.84
      0.6450         5.89
      0.6460         5.99
      0.6470         6.11
      0.6480         6.26
      0.6490         6.35
      0.6500         6.44
      0.6510         6.57
      0.6520         6.62
      0.6530         6.76
      0.6540         6.76
      0.6550         6.98
      0.6560         7.08
      0.6570         7.11
      0.6580         7.19
      0.6590         7.25
      0.6600         7.35
      0.6610         7.41
      0.6620         7.54
      0.6630         8.17
      0.6640         8.28
      0.6650         8.35
      0.6660         8.40
      0.6670         8.48
      0.6680         8.62
      0.6690         8.71
      0.6700         8.83
      0.6710         8.97
      0.6720         9.17
      0.6730         9.25
      0.6740         9.38
      0.6750         9.46
      0.6760         9.56
      0.6770         9.65
      0.6780         9.29
      0.6790         9.45
      0.6800         9.57
      0.6810         9.74
      0.6820         9.86
      0.6830         9.94
      0.6840        10.06
      0.6850        10.20
      0.6860        10.92
      0.6870        11.03
      0.6880        11.18
      0.6890        11.30
      0.6900        11.43
      0.6910        11.60
      0.6920        11.65
      0.6930        11.84
      0.6940        11.88
      0.6950        11.88
      0.6960        11.96
      0.6970        12.18
      0.6980        12.34
      0.6990        12.49
      0.7000        12.53
      0.7010        12.63
      0.7020        12.68
      0.7030        12.78
      0.7040        12.95
      0.7050        13.02
      0.7060        13.11
      0.7070        13.24
      0.7080        13.32
      0.7090        13.55
      0.7100        13.66
      0.7110        13.76
      0.7120        13.91
      0.7130        14.02
      0.7140        14.26
      0.7150        14.48
      0.7160        14.64
      0.7170        14.77
      0.7180        14.92
      0.7190        15.01
      0.7200        15.19
      0.7210        15.37
      0.7220        15.54
      0.7230        15.64
      0.7240        15.75
      0.7250        15.91
      0.7260        16.09
      0.7270        16.23
      0.7280        16.30
      0.7290        16.41
      0.7300        16.57
      0.7310        17.17
      0.7320        17.33
      0.7330        17.42
      0.7340        17.43
      0.7350        17.49
      0.7360        17.63
      0.7370        17.69
      0.7380        17.69
      0.7390        17.80
      0.7400        17.87
      0.7410        17.96
      0.7420        18.08
      0.7430        18.17
      0.7440        18.19
      0.7450        18.32
      0.7460        18.41
      0.7470        18.02
      0.7480        18.28
      0.7490        18.42
      0.7500        18.58
      0.7510        18.69
      0.7520        18.73
      0.7530        18.95
      0.7540        19.17
      0.7550        19.28
      0.7560        19.35
      0.7570        19.47
      0.7580        19.71
      0.7590        19.89
      0.7600        19.97
      0.7610        20.14
      0.7620        20.25
      0.7630        20.36
      0.7640        20.44
      0.7650        20.65
      0.7660        20.70
      0.7670        20.74
      0.7680        20.69
      0.7690        20.69
      0.7700        20.72
      0.7710        20.88
      0.7720        21.07
      0.7730        21.00
      0.7740        20.95
      0.7750        21.06
      0.7760        21.17
      0.7770        21.26
      0.7780        21.31
      0.7790        21.39
      0.7800        21.46
      0.7810        21.46
      0.7820        21.49
      0.7830        21.61
      0.7840        21.73
      0.7850        21.70
      0.7860        21.75
      0.7870        21.87
      0.7880        21.99
      0.7890        22.07
      0.7900        22.11
      0.7910        22.10
      0.7920        22.07
      0.7930        22.14
      0.7940        22.33
      0.7950        22.34
      0.7960        22.40
      0.7970        22.39
      0.7980        22.41
      0.7990        22.43
      0.8000        22.48
      0.8010        22.58
      0.8020        22.58
      0.8030        22.61
      0.8040        22.62
      0.8050        22.73
      0.8060        22.81
      0.8070        22.77
      0.8080        22.81
      0.8090        22.82
      0.8100        22.89
      0.8110        22.98
      0.8120        23.07
      0.8130        23.18
      0.8140        23.09
      0.8150        23.15
      0.8160        23.17
      0.8170        23.20
      0.8180        23.19
      0.8190        23.20
      0.8200        23.17
      0.8210        23.23
      0.8220        23.29
      0.8230        23.29
      0.8240        23.32
      0.8250        23.28
      0.8260        23.26
      0.8270        23.36
      0.8280        23.45
      0.8290        23.56
      0.8300        23.57
      0.8310        23.57
      0.8320        23.65
      0.8330        23.69
      0.8340        24.32
      0.8350        24.37
      0.8360        24.36
      0.8370        24.40
      0.8380        24.40
      0.8390        24.59
      0.8400        24.67
      0.8410        24.65
      0.8420        24.78
      0.8430        24.81
      0.8440        24.85
      0.8450        24.85
      0.8460        24.95
      0.8470        24.89
      0.8480        24.86
      0.8490        24.71
      0.8500        24.67
      0.8510        24.62
      0.8520        24.57
      0.8530        24.50
      0.8540        24.44
      0.8550        23.84
      0.8560        24.34
      0.8570        24.22
      0.8580        23.67
      0.8590        23.56
      0.8600        23.61
      0.8610        24.23
      0.8620        24.14
      0.8630        24.17
      0.8640        24.11
      0.8650        24.16
      0.8660        24.07
      0.8670        24.10
      0.8680        24.08
      0.8690        24.15
      0.8700        24.28
      0.8710        24.35
      0.8720        24.33
      0.8730        24.43
      0.8740        24.47
      0.8750        24.59
      0.8760        24.67
      0.8770        24.75
      0.8780        24.87
      0.8790        24.89
      0.8800        24.74
      0.8810        24.64
      0.8820        24.72
      0.8830        24.66
      0.8840        24.56
      0.8850        24.48
      0.8860        24.46
      0.8870        24.42
      0.8880        24.30
      0.8890        24.33
      0.8900        23.74
      0.8910        23.70
      0.8920        23.66
      0.8930        23.61
      0.8940        23.57
      0.8950        23.46
      0.8960        23.90
      0.8970        23.88
      0.8980        23.82
      0.8990        23.84
      0.9000        23.95
      0.9010        23.95
      0.9020        23.88
      0.9030        23.90
      0.9040        24.09
      0.9050        23.97
      0.9060        23.97
      0.9070        23.89
      0.9080        24.00
      0.9090        23.91
      0.9100        23.87
      0.9110        23.87
      0.9120        23.82
      0.9130        23.79
      0.9140        23.75
      0.9150        23.71
      0.9160        23.56
      0.9170        23.50
      0.9180        23.55
      0.9190        23.46
      0.9200        22.84
      0.9210        22.87
      0.9220        22.87
      0.9230        22.80
      0.9240        22.75
      0.9250        22.83
      0.9260        22.88
      0.9270        22.84
      0.9280        22.85
      0.9290        22.89
      0.9300        23.42
      0.9310        22.83
      0.9320        22.93
      0.9330        22.92
      0.9340        22.89
      0.9350        23.45
      0.9360        23.53
      0.9370        23.52
      0.9380        22.98
      0.9390        23.48
      0.9400        23.60
      0.9410        23.55
      0.9420        23.48
      0.9430        23.52
      0.9440        23.44
      0.9450        23.48
      0.9460        23.55
      0.9470        23.61
      0.9480        23.44
      0.9490        23.45
      0.9500        23.43
      0.9510        23.49
      0.9520        23.45
      0.9530        23.48
      0.9540        23.44
      0.9550        23.38
      0.9560        23.34
      0.9570        23.33
      0.9580        23.26
      0.9590        23.30
      0.9600        22.78
      0.9610        22.84
      0.9620        22.89
      0.9630        22.90
      0.9640        22.85
      0.9650        22.89
      0.9660        22.85
      0.9670        22.87
      0.9680        22.88
      0.9690        22.82
      0.9700        22.82
      0.9710        22.85
      0.9720        22.74
      0.9730        22.72
      0.9740        22.69
      0.9750        22.66
      0.9760        22.69
      0.9770        22.62
      0.9780        22.63
      0.9790        22.54
      0.9800        22.43
      0.9810        22.34
      0.9820        22.34
      0.9830        22.34
      0.9840        22.33
      0.9850        22.27
      0.9860        22.24
      0.9870        22.28
      0.9880        22.33
      0.9890        22.29
      0.9900        22.24
      0.9910        22.13
      0.9920        22.17
      0.9930        22.16
      0.9940        22.17
      0.9950        22.12
      0.9960        22.05
      0.9970        22.12
      0.9980        22.06
      0.9990        22.01
      1.0000        22.00
      1.0010        22.01
      1.0020        21.92
      1.0030        21.83
      1.0040        21.72
      1.0050        21.68
      1.0060        21.73
      1.0070        21.68
      1.0080        21.62
      1.0090        21.56
      1.0100        21.58
      1.0110        21.65
      1.0120        21.61
      1.0130        21.57
      1.0140        21.49
      1.0150        21.50
      1.0160        21.49
      1.0170        21.39
      1.0180        21.43
      1.0190        21.53
      1.0200        21.47
      1.0210        21.47
      1.0220        21.47
      1.0230        21.55
      1.0240        21.55
      1.0250        21.58
      1.0260        21.57
      1.0270        21.50
      1.0280        21.49
      1.0290        21.49
      1.0300        21.34
      1.0310        21.26
      1.0320        21.19
      1.0330        21.18
      1.0340        21.20
      1.0350        21.18
      1.0360        21.19
      1.0370        21.21
      1.0380        21.15
      1.0390        21.16
      1.0400        21.21
      1.0410        21.13
      1.0420        21.14
      1.0430        21.10
      1.0440        21.13
      1.0450        21.04
      1.0460        20.98
      1.0470        21.03
      1.0480        20.98
      1.0490        20.99
      1.0500        21.00
      1.0510        21.04
      1.0520        21.05
      1.0530        21.06
      1.0540        21.08
      1.0550        21.56
      1.0560        20.97
      1.0570        20.96
      1.0580        21.48
      1.0590        21.41
      1.0600        21.36
      1.0610        20.90
      1.0620        20.77
      1.0630        20.75
      1.0640        20.79
      1.0650        20.89
      1.0660        20.93
      1.0670        20.93
      1.0680        20.91
      1.0690        20.95
      1.0700        21.01
      1.0710        21.01
      1.0720        21.01
      1.0730        20.97
      1.0740        20.99
      1.0750        21.07
      1.0760        21.10
      1.0770        21.17
      1.0780        21.14
      1.0790        21.07
      1.0800        21.13
      1.0810        21.11
      1.0820        21.15
      1.0830        21.11
      1.0840        20.99
      1.0850        20.99
      1.0860        21.36
      1.0870        21.24
      1.0880        21.25
      1.0890        21.18
      1.0900        21.10
      1.0910        21.10
      1.0920        21.14
      1.0930        21.20
      1.0940        21.16
      1.0950        21.09
      1.0960        21.10
      1.0970        21.09
      1.0980        21.14
      1.0990        21.24
      1.1000        21.28
      1.1010        21.23
      1.1020        21.14
      1.1030        21.10
      1.1040        21.15
      1.1050        21.18
      1.1060        21.19
      1.1070        21.21
      1.1080        21.26
      1.1090        21.29
      1.1100        21.35
      1.1110        21.30
      1.1120        21.26
      1.1130        21.20
      1.1140        21.17
      1.1150        21.25
      1.1160        21.25
      1.1170        21.20
      1.1180        21.16
      1.1190        21.12
      1.1200        20.50
      1.1210        20.46
      1.1220        20.59
      1.1230        20.63
      1.1240        20.64
      1.1250        20.58
      1.1260        20.56
      1.1270        20.54
      1.1280        20.50
      1.1290        20.44
      1.1300        20.51
      1.1310        20.49
      1.1320        20.44
      1.1330        20.44
      1.1340        20.97
      1.1350        20.51
      1.1360        20.52
      1.1370        20.56
      1.1380        20.56
      1.1390        20.61
      1.1400        21.18
      1.1410        21.24
      1.1420        21.26
      1.1430        21.36
      1.1440        21.40
      1.1450        21.48
      1.1460        21.52
      1.1470        21.63
      1.1480        21.74
      1.1490        21.79
      1.1500        21.81
      1.1510        21.89
      1.1520        21.98
      1.1530        21.91
      1.1540        21.82
      1.1550        21.80
      1.1560        21.88
      1.1570        21.78
      1.1580        21.79
      1.1590        21.76
      1.1600        21.78
      1.1610        21.87
      1.1620        21.80
      1.1630        21.31
      1.1640        21.37
      1.1650        21.38
      1.1660        21.28
      1.1670        21.22
      1.1680        21.18
      1.1690        21.10
      1.1700        21.06
      1.1710        21.07
      1.1720        21.06
      1.1730        21.02
      1.1740        21.04
      1.1750        20.93
      1.1760        20.83
      1.1770        20.89
      1.1780        20.89
      1.1790        20.90
      1.1800        20.89
      1.1810        20.85
      1.1820        20.83
      1.1830        20.74
      1.1840        21.19
      1.1850        20.60
      1.1860        20.79
      1.1870        21.32
      1.1880        20.86
      1.1890        21.50
      1.1900        21.58
      1.1910        21.00
      1.1920        21.03
      1.1930        21.11
      1.1940        21.08
      1.1950        21.16
      1.1960        21.22
      1.1970        21.23
      1.1980        21.35
      1.1990        21.25
      1.2000        21.24
      1.2010        21.22
      1.2020        21.26
      1.2030        21.88
      1.2040        21.85
      1.2050        21.84
      1.2060        21.80
      1.2070        21.62
      1.2080        21.65
      1.2090        21.55
      1.2100        20.96
      1.2110        20.96
      1.2120        20.92
      1.2130        20.93
      1.2140        20.87
      1.2150        20.91
      1.2160        20.93
      1.2170        20.88
      1.2180        20.87
      1.2190        20.94
      1.2200        20.92
      1.2210        20.94
      1.2220        20.88
      1.2230        20.91
      1.2240        20.95
      1.2250        20.97
      1.2260        20.95
      1.2270        21.02
      1.2280        20.92
      1.2290        20.94
      1.2300        20.91
      1.2310        20.94
      1.2320        21.01
      1.2330        20.94
      1.2340        20.98
      1.2350        20.94
      1.2360        20.93
      1.2370        20.98
      1.2380        20.89
      1.2390        20.90
      1.2400        20.89
      1.2410        20.94
      1.2420        20.93
      1.2430        20.87
      1.2440        20.90
      1.2450        20.91
      1.2460        20.88
      1.2470        20.93
      1.2480        20.99
      1.2490        21.00
      1.2500        21.08
      1.2510        21.04
      1.2520        21.00
      1.2530        21.07
      1.2540        21.00
      1.2550        20.92
      1.2560        20.92
      1.2570        20.96
      1.2580        21.48
      1.2590        20.96
      1.2600        21.48
      1.2610        21.48
      1.2620        21.49
      1.2630        21.51
      1.2640        21.39
      1.2650        21.36
      1.2660        21.33
      1.2670        21.34
      1.2680        20.87
      1.2690        21.46
      1.2700        20.92
      1.2710        20.96
      1.2720        21.45
      1.2730        20.88
      1.2740        20.96
      1.2750        21.01
      1.2760        21.07
      1.2770        20.98
      1.2780        20.90
      1.2790        20.90
      1.2800        20.91
      1.2810        20.95
      1.2820        20.99
      1.2830        21.01
      1.2840        21.05
      1.2850        21.06
      1.2860        21.11
      1.2870        21.09
      1.2880        20.91
      1.2890        20.70
      1.2900        20.67
      1.2910        20.67
      1.2920        20.69
      1.2930        20.59
      1.2940        20.48
      1.2950        20.44
      1.2960        20.27
      1.2970        20.32
      1.2980        20.40
      1.2990        20.46
      1.3000        20.42
      1.3010        20.34
      1.3020        20.35
      1.3030        20.32
      1.3040        20.39
      1.3050        20.44
      1.3060        20.37
      1.3070        20.41
      1.3080        20.47
      1.3090        20.63
      1.3100        20.60
      1.3110        20.61
      1.3120        20.64
      1.3130        20.65
      1.3140        20.68
      1.3150        20.71
      1.3160        20.78
      1.3170        20.68
      1.3180        20.70
      1.3190        20.62
      1.3200        20.65
      1.3210        20.66
      1.3220        20.62
      1.3230        20.61
      1.3240        20.65
      1.3250        20.58
      1.3260        20.58
      1.3270        20.59
      1.3280        20.58
      1.3290        20.51
      1.3300        20.47
      1.3310        20.43
      1.3320        20.47
      1.3330        20.57
      1.3340        20.58
      1.3350        20.65
      1.3360        20.63
      1.3370        20.67
      1.3380        20.65
      1.3390        20.67
      1.3400        20.60
      1.3410        20.59
      1.3420        20.56
      1.3430        20.62
      1.3440        20.50
      1.3450        20.42
      1.3460        20.44
      1.3470        20.43
      1.3480        20.89
      1.3490        20.88
      1.3500        20.87
      1.3510        20.35
      1.3520        20.38
      1.3530        20.28
      1.3540        20.33
      1.3550        20.27
      1.3560        20.28
      1.3570        20.35
      1.3580        20.38
      1.3590        20.31
      1.3600        20.41
      1.3610        20.39
      1.3620        20.89
      1.3630        20.44
      1.3640        20.51
      1.3650        20.59
      1.3660        20.55
      1.3670        20.50
      1.3680        20.52
      1.3690        20.50
      1.3700        20.56
      1.3710        20.60
      1.3720        20.53
      1.3730        20.67
      1.3740        20.72
      1.3750        20.72
      1.3760        20.79
      1.3770        20.75
      1.3780        20.69
      1.3790        20.71
      1.3800        20.71
      1.3810        20.75
      1.3820        20.73
      1.3830        20.63
      1.3840        20.69
      1.3850        20.63
      1.3860        20.63
      1.3870        20.63
      1.3880        20.63
      1.3890        20.71
      1.3900        20.71
      1.3910        20.58
      1.3920        20.54
      1.3930        20.48
      1.3940        20.33
      1.3950        20.28
      1.3960        20.23
      1.3970        20.23
      1.3980        20.22
      1.3990        20.18
      1.4000        20.16
      1.4010        20.07
      1.4020        20.24
      1.4030        20.21
      1.4040        20.10
      1.4050        20.01
      1.4060        20.06
      1.4070        20.08
      1.4080        20.04
      1.4090        20.02
      1.4100        20.02
      1.4110        20.13
      1.4120        20.09
      1.4130        20.01
      1.4140        20.08
      1.4150        20.09
      1.4160        20.12
      1.4170        20.02
      1.4180        20.08
      1.4190        20.10
      1.4200        20.10
      1.4210        20.15
      1.4220        20.01
      1.4230        20.01
      1.4240        20.00
      1.4250        20.09
      1.4260        20.10
      1.4270        20.13
      1.4280        20.19
      1.4290        20.18
      1.4300        20.14
      1.4310        20.12
      1.4320        20.16
      1.4330        20.16
      1.4340        20.18
      1.4350        20.16
      1.4360        20.13
      1.4370        20.70
      1.4380        20.10
      1.4390        20.05
      1.4400        20.03
      1.4410        20.00
      1.4420        19.94
      1.4430        19.92
      1.4440        20.00
      1.4450        19.92
      1.4460        19.82
      1.4470        19.75
      1.4480        19.67
      1.4490        19.73
      1.4500        19.63
      1.4510        19.68
      1.4520        19.63
      1.4530        19.65
      1.4540        19.67
      1.4550        19.68
      1.4560        19.55
      1.4570        19.57
      1.4580        19.68
      1.4590        19.69
      1.4600        19.67
      1.4610        19.64
      1.4620        19.62
      1.4630        19.57
      1.4640        19.49
      1.4650        19.49
      1.4660        19.51
      1.4670        19.43
      1.4680        19.51
      1.4690        19.35
      1.4700        19.45
      1.4710        19.33
      1.4720        19.31
      1.4730        19.21
      1.4740        19.11
      1.4750        19.12
      1.4760        19.13
      1.4770        19.04
      1.4780        18.92
      1.4790        18.90
      1.4800        18.79
      1.4810        18.77
      1.4820        18.73
      1.4830        18.75
      1.4840        18.72
      1.4850        18.71
      1.4860        18.64
      1.4870        18.66
      1.4880        18.58
      1.4890        18.58
      1.4900        18.45
      1.4910        18.41
      1.4920        18.32
      1.4930        18.32
      1.4940        18.25
      1.4950        18.16
      1.4960        18.10
      1.4970        17.97
      1.4980        17.89
      1.4990        17.85
      1.5000        17.79
      1.5010        17.77
      1.5020        17.74
      1.5030        17.63
      1.5040        17.54
      1.5050        17.39
      1.5060        17.35
      1.5070        17.21
      1.5080        17.05
      1.5090        16.98
      1.5100        16.90
      1.5110        16.86
      1.5120        16.87
      1.5130        16.79
      1.5140        16.72
      1.5150        16.60
      1.5160        16.51
      1.5170        16.45
      1.5180        16.35
      1.5190        16.22
      1.5200        16.17
      1.5210        16.06
      1.5220        16.02
      1.5230        15.97
      1.5240        15.93
      1.5250        15.87
      1.5260        15.74
      1.5270        15.67
      1.5280        15.58
      1.5290        15.44
      1.5300        15.29
      1.5310        15.10
      1.5320        15.04
      1.5330        14.94
      1.5340        14.85
      1.5350        14.78
      1.5360        14.72
      1.5370        14.64
      1.5380        14.55
      1.5390        14.44
      1.5400        14.32
      1.5410        14.11
      1.5420        13.86
      1.5430        13.74
      1.5440        13.61
      1.5450        13.52
      1.5460        13.40
      1.5470        13.28
      1.5480        13.18
      1.5490        13.10
      1.5500        13.05
      1.5510        12.95
      1.5520        12.77
      1.5530        12.60
      1.5540        12.52
      1.5550        12.40
      1.5560        12.21
      1.5570        12.13
      1.5580        12.05
      1.5590        11.92
      1.5600        11.78
      1.5610        11.75
      1.5620        11.74
      1.5630        11.11
      1.5640        10.99
      1.5650        10.85
      1.5660        10.74
      1.5670        10.66
      1.5680        10.59
      1.5690        10.97
      1.5700        10.87
      1.5710        10.79
      1.5720        10.68
      1.5730        10.61
      1.5740        10.46
      1.5750        10.35
      1.5760        10.25
      1.5770        10.02
      1.5780         9.91
      1.5790         9.79
      1.5800         9.75
      1.5810         9.10
      1.5820         8.93
      1.5830         8.79
      1.5840         8.67
      1.5850         8.65
      1.5860         8.55
      1.5870         8.51
      1.5880         8.45
      1.5890         8.48
      1.5900         8.44
      1.5910         8.37
      1.5920         8.22
      1.5930         8.11
      1.5940         8.06
      1.5950         7.89
      1.5960         7.80
      1.5970         7.81
      1.5980         7.66
      1.5990         7.64
      1.6000         7.53
      1.6010         7.50
      1.6020         7.53
      1.6030         7.46
      1.6040         7.42
      1.6050         7.35
      1.6060         7.35
      1.6070         7.24
      1.6080         7.13
      1.6090         7.01
      1.6100         6.90
      1.6110         6.84
      1.6120         6.85
      1.6130         6.88
      1.6140         6.80
      1.6150         6.84
      1.6160         6.72
      1.6170         6.66
      1.6180         6.69
      1.6190         6.57
      1.6200         6.55
      1.6210         6.47
      1.6220         6.39
      1.6230         6.36
      1.6240         6.32
      1.6250         6.25
      1.6260         6.10
      1.6270         6.00
      1.6280         6.00
      1.6290         5.91
      1.6300         5.89
      1.6310         5.83
      1.6320         5.72
      1.6330         5.70
      1.6340         5.63
      1.6350         5.49
      1.6360         5.51
      1.6370         5.45
      1.6380         5.39
      1.6390         5.39
      1.6400         5.32
      1.6410         5.29
      1.6420         5.23
      1.6430         5.21
      1.6440         5.12
      1.6450         5.06
      1.6460         5.10
      1.6470         5.10
      1.6480         5.04
      1.6490         4.98
      1.6500         4.91
      1.6510         4.86
      1.6520         4.90
      1.6530         4.79
      1.6540         4.76
      1.6550         4.72
      1.6560         4.70
      1.6570         4.65
      1.6580         4.55
      1.6590         4.53
      1.6600         4.55
      1.6610         4.51
      1.6620         4.51
      1.6630         4.49
      1.6640         4.55
      1.6650         4.52
      1.6660         4.46
      1.6670         4.38
      1.6680         4.38
      1.6690         4.37
      1.6700         4.28
      1.6710         4.25
      1.6720         4.20
      1.6730         4.13
      1.6740         4.06
      1.6750         4.05
      1.6760         4.03
      1.6770         4.01
      1.6780         3.56
      1.6790         3.43
      1.6800         3.27
      1.6810         3.28
      1.6820         3.31
      1.6830         3.20
      1.6840         3.09
      1.6850         3.09
      1.6860         3.03
      1.6870         3.54
      1.6880         3.52
      1.6890         3.54
      1.6900         3.60
      1.6910         3.58
      1.6920         3.57
      1.6930         3.66
      1.6940         3.66
      1.6950         3.69
      1.6960         3.69
      1.6970         3.64
      1.6980         3.60
      1.6990         3.62
      1.7000         3.73
      1.7010         3.65
      1.7020         3.60
      1.7030         3.62
      1.7040         3.65
      1.7050         3.69
      1.7060         3.69
      1.7070         3.73
      1.7080         3.68
      1.7090         3.61
      1.7100         3.63
      1.7110         3.60
      1.7120         3.54
      1.7130         3.48
      1.7140         3.37
      1.7150         3.35
      1.7160         3.30
      1.7170         3.37
      1.7180         3.26
      1.7190         3.23
      1.7200         3.12
      1.7210         3.10
      1.7220         3.07
      1.7230         2.51
      1.7240         2.52
      1.7250         2.47
      1.7260         2.47
      1.7270         2.44
      1.7280         2.40
      1.7290         2.36
      1.7300         2.31
      1.7310         2.32
      1.7320         2.35
      1.7330         2.28
      1.7340         2.31
      1.7350         2.29
      1.7360         2.29
      1.7370         2.27
      1.7380         2.31
      1.7390         2.28
      1.7400         2.28
      1.7410         2.22
      1.7420         2.20
      1.7430         2.16
      1.7440         2.61
      1.7450         2.10
      1.7460         2.59
      1.7470         2.54
      1.7480         2.51
      1.7490         2.48
      1.7500         1.98
      1.7510         1.95
      1.7520         1.90
      1.7530         1.87
      1.7540         1.87
      1.7550         1.88
      1.7560         1.88
      1.7570         1.88
      1.7580         1.84
      1.7590         1.80
      1.7600         1.73
      1.7610         1.72
      1.7620         1.67
      1.7630         1.65
      1.7640         1.64
      1.7650         1.61
      1.7660         1.60
      1.7670         1.58
      1.7680         1.04
      1.7690         1.00
      1.7700         1.00
      1.7710         1.00
      1.7720         1.00
      1.7730         1.00
      1.7740         1.00
      1.7750         1.00
      1.7760         1.00
      1.7770         1.00
      1.7780         1.00
      1.7790         1.29
      1.7800         1.34
      1.7810         1.37
      1.7820         1.38
      1.7830         1.39
      1.7840         1.41
      1.7850         1.38
      1.7860         1.37
      1.7870         1.38
      1.7880         1.38
      1.7890         1.41
      1.7900         1.45
      1.7910         1.50
      1.7920         1.50
      1.7930         1.50
      1.7940         1.53
      1.7950         1.53
      1.7960         1.57
      1.7970         1.52
      1.7980         1.50
      1.7990         1.54
      1.8000         1.50
      1.8010         1.48
      1.8020         1.48
      1.8030         1.50
      1.8040         1.53
      1.8050         1.58
      1.8060         1.56
      1.8070         1.56
      1.8080         1.57
      1.8090         1.60
      1.8100         1.60
      1.8110         1.60
      1.8120         1.58
      1.8130         1.67
      1.8140         1.60
      1.8150         1.63
      1.8160         1.67
      1.8170         1.72
      1.8180         1.76
      1.8190         1.73
      1.8200         1.78
      1.8210         1.79
      1.8220         1.80
      1.8230         1.78
      1.8240         1.72
      1.8250         1.68
      1.8260         1.73
      1.8270         1.69
      1.8280         1.75
      1.8290         1.72
      1.8300         1.61
      1.8310         1.61
      1.8320         1.61
      1.8330         1.54
      1.8340         1.61
      1.8350         1.57
      1.8360         1.50
      1.8370         1.57
      1.8380         1.56
      1.8390         1.53
      1.8400         1.52
      1.8410         1.57
      1.8420         1.57
      1.8430         1.64
      1.8440         1.69
      1.8450         1.72
      1.8460         1.67
      1.8470         1.68
      1.8480         1.63
      1.8490         1.64
      1.8500         1.71
      1.8510         1.65
      1.8520         1.67
      1.8530         1.67
      1.8540         1.63
      1.8550         1.65
      1.8560         1.63
      1.8570         1.57
      1.8580         1.56
      1.8590         1.52
      1.8600         1.54
      1.8610         1.52
      1.8620         1.52
      1.8630         1.48
      1.8640         1.42
      1.8650         1.41
      1.8660         1.00
      1.8670         1.45
      1.8680         1.46
      1.8690         1.50
      1.8700         1.49
      1.8710         1.56
      1.8720         1.56
      1.8730         1.58
      1.8740         1.64
      1.8750         1.67
      1.8760         1.71
      1.8770         1.69
      1.8780         1.73
      1.8790         1.72
      1.8800         1.67
      1.8810         1.65
      1.8820         1.67
      1.8830         1.61
      1.8840         1.63
      1.8850         1.67
      1.8860         1.69
      1.8870         1.69
      1.8880         1.67
      1.8890         1.61
      1.8900         1.58
      1.8910         1.61
      1.8920         1.56
      1.8930         1.56
      1.8940         1.56
      1.8950         1.56
      1.8960         1.56
      1.8970         1.60
      1.8980         1.56
      1.8990         1.65
      1.9000         1.18
      1.9010         1.17
      1.9020         1.16
      1.9030         1.20
      1.9040         1.72
      1.9050         1.67
      1.9060         1.68
      1.9070         1.71
      1.9080         1.72
      1.9090         1.23
      1.9100         1.00
      1.9110         1.16
      1.9120         1.21
      1.9130         1.21
      1.9140         1.67
      1.9150         1.61
      1.9160         1.60
      1.9170         1.54
      1.9180         1.56
      1.9190         1.54
      1.9200         1.53
      1.9210         1.52
      1.9220         1.58
      1.9230         1.61
      1.9240         1.68
      1.9250         1.71
      1.9260         1.72
      1.9270         1.75
      1.9280         1.75
      1.9290         1.75
      1.9300         1.79
      1.9310         1.79
      1.9320         1.87
      1.9330         1.86
      1.9340         1.91
      1.9350         1.95
      1.9360         1.95
      1.9370         1.98
      1.9380         2.03
      1.9390         1.98
      1.9400         1.97
      1.9410         1.97
      1.9420         1.90
      1.9430         1.84
      1.9440         1.79
      1.9450         1.82
      1.9460         1.72
      1.9470         1.68
      1.9480         1.67
      1.9490         1.65
      1.9500         1.63
      1.9510         1.63
      1.9520         1.56
      1.9530         1.57
      1.9540         1.56
      1.9550         1.60
      1.9560         1.61
      1.9570         1.65
      1.9580         1.61
      1.9590         1.65
      1.9600         1.65
      1.9610         1.67
      1.9620         1.68
      1.9630         1.71
      1.9640         1.72
      1.9650         1.69
      1.9660         1.78
      1.9670         1.79
      1.9680         1.76
      1.9690         1.79
      1.9700         1.83
      1.9710         1.83
      1.9720         1.83
      1.9730         1.83
      1.9740         1.78
      1.9750         1.72
      1.9760         1.69
      1.9770         1.63
      1.9780         1.60
      1.9790         1.60
      1.9800         1.63
      1.9810         1.63
      1.9820         1.61
      1.9830         1.61
      1.9840         1.58
      1.9850         1.57
      1.9860         1.53
      1.9870         1.50
      1.9880         1.54
      1.9890         1.56
      1.9900         1.53
      1.9910         1.54
      1.9920         1.54
      1.9930         1.05
      1.9940         1.68
      1.9950         1.18
      1.9960         1.72
      1.9970         1.76
      1.9980         1.80
      1.9990         1.83
      2.0000         1.82
      2.0010         1.82
      2.0020         1.86
      2.0030         1.84
      2.0040         1.86
      2.0050         1.86
      2.0060         1.87
      2.0070         1.88
      2.0080         1.87
      2.0090         1.84
      2.0100         1.82
      2.0110         1.80
      2.0120         1.83
      2.0130         1.80
      2.0140         1.82
      2.0150         1.83
      2.0160         1.83
      2.0170         1.87
      2.0180         1.83
      2.0190         1.83
      2.0200         1.82
      2.0210         1.84
      2.0220         1.83
      2.0230         1.84
      2.0240         1.80
      2.0250         1.80
      2.0260         1.79
      2.0270         1.78
      2.0280         1.82
      2.0290         1.84
      2.0300         1.87
      2.0310         1.87
      2.0320         1.84
      2.0330         1.73
      2.0340         1.71
      2.0350         1.69
      2.0360         1.65
      2.0370         1.61
      2.0380         1.61
      2.0390         1.53
      2.0400         1.52
      2.0410         1.50
      2.0420         1.00
      2.0430         1.02
      2.0440         1.05
      2.0450         1.60
      2.0460         1.65
      2.0470         1.65
      2.0480         1.65
      2.0490         1.65
      2.0500         1.67
      2.0510         1.71
      2.0520         1.71
      2.0530         1.78
      2.0540         1.78
      2.0550         1.79
      2.0560         1.82
      2.0570         1.78
      2.0580         1.78
      2.0590         1.80
      2.0600         1.82
      2.0610         1.78
      2.0620         1.78
      2.0630         1.69
      2.0640         1.69
      2.0650         1.69
      2.0660         1.69
      2.0670         2.24
      2.0680         1.65
      2.0690         1.60
      2.0700         2.09
      2.0710         2.13
      2.0720         2.16
      2.0730         2.17
      2.0740         1.57
      2.0750         1.56
      2.0760         1.54
      2.0770         1.63
      2.0780         1.65
      2.0790         1.71
      2.0800         1.75
      2.0810         1.82
      2.0820         2.36
      2.0830         1.83
      2.0840         1.86
      2.0850         1.83
      2.0860         1.80
      2.0870         1.80
      2.0880         1.82
      2.0890         1.83
      2.0900         1.29
      2.0910         1.20
      2.0920         1.17
      2.0930         1.21
      2.0940         1.28
      2.0950         1.25
      2.0960         1.32
      2.0970         1.31
      2.0980         1.79
      2.0990         1.79
      2.1000         1.75
      2.1010         1.72
      2.1020         1.75
      2.1030         1.80
      2.1040         1.84
      2.1050         1.88
      2.1060         1.90
      2.1070         1.87
      2.1080         1.92
      2.1090         1.92
      2.1100         1.95
      2.1110         1.95
      2.1120         1.94
      2.1130         1.92
      2.1140         1.39
      2.1150         1.30
      2.1160         1.23
      2.1170         1.21
      2.1180         1.23
      2.1190         1.04
      2.1200         1.00
      2.1210         1.00
      2.1220         1.00
      2.1230         1.00
      2.1240         1.00
      2.1250         1.00
      2.1260         1.00
      2.1270         1.00
      2.1280         1.00
      2.1290         1.00
      2.1300         1.00
      2.1310         1.00
      2.1320         1.00
      2.1330         1.00
      2.1340         1.00
      2.1350         1.02
      2.1360         1.56
      2.1370         1.05
      2.1380         1.56
      2.1390         1.63
      2.1400         1.68
      2.1410         1.68
      2.1420         1.75
      2.1430         1.75
      2.1440         1.78
      2.1450         1.80
      2.1460         1.80
      2.1470         1.28
      2.1480         1.83
      2.1490         1.87
      2.1500         1.87
      2.1510         1.84
      2.1520         1.87
      2.1530         1.88
      2.1540         1.86
      2.1550         1.87
      2.1560         1.88
      2.1570         1.90
      2.1580         1.35
      2.1590         1.35
      2.1600         1.34
      2.1610         1.36
      2.1620         1.34
      2.1630         1.36
      2.1640         1.38
      2.1650         1.30
      2.1660         1.38
      2.1670         1.36
      2.1680         1.32
      2.1690         1.34
      2.1700         1.34
      2.1710         1.39
      2.1720         1.34
      2.1730         1.41
      2.1740         1.35
      2.1750         1.24
      2.1760         1.22
      2.1770         1.00
      2.1780         1.27
      2.1790         1.24
      2.1800         1.24
      2.1810         1.16
      2.1820         1.17
      2.1830         1.05
      2.1840         1.08
      2.1850         1.15
      2.1860         1.09
      2.1870         1.09
      2.1880         1.10
      2.1890         1.04
      2.1900         1.05
      2.1910         1.04
      2.1920         1.10
      2.1930         1.08
      2.1940         1.17
      2.1950         1.79
      2.1960         1.80
      2.1970         1.84
      2.1980         1.86
      2.1990         1.84
      2.2000         1.80
      2.2010         1.83
      2.2020         1.87
      2.2030         1.92
      2.2040         1.91
      2.2050         1.94
      2.2060         1.91
      2.2070         1.92
      2.2080         1.95
      2.2090         1.95
      2.2100         1.90
      2.2110         1.88
      2.2120         1.86
      2.2130         1.82
      2.2140         1.86
      2.2150         1.84
      2.2160         1.87
      2.2170         1.84
      2.2180         1.86
      2.2190         1.92
      2.2200         1.95
      2.2210         1.94
      2.2220         1.91
      2.2230         1.95
      2.2240         1.99
      2.2250         2.01
      2.2260         2.05
      2.2270         2.02
      2.2280         2.01
      2.2290         1.53
      2.2300         1.46
      2.2310         1.47
      2.2320         1.47
      2.2330         1.50
      2.2340         1.97
      2.2350         1.94
      2.2360         1.88
      2.2370         1.87
      2.2380         1.29
      2.2390         1.73
      2.2400         1.73
      2.2410         1.73
      2.2420         1.71
      2.2430         1.68
      2.2440         1.65
      2.2450         1.65
      2.2460         1.67
      2.2470         1.65
      2.2480         1.64
      2.2490         1.64
      2.2500         1.72
      2.2510         1.71
      2.2520         1.68
      2.2530         1.73
      2.2540         1.79
      2.2550         1.76
      2.2560         1.83
      2.2570         1.90
      2.2580         1.92
      2.2590         1.97
      2.2600         1.97
      2.2610         1.98
      2.2620         2.01
      2.2630         1.99
      2.2640         1.98
      2.2650         1.38
      2.2660         1.26
      2.2670         1.27
      2.2680         1.24
      2.2690         1.23
      2.2700         1.16
      2.2710         1.16
      2.2720         1.15
      2.2730         1.14
      2.2740         1.12
      2.2750         1.69
      2.2760         1.69
      2.2770         1.65
      2.2780         1.71
      2.2790         1.67
      2.2800         1.64
      2.2810         1.69
      2.2820         1.72
      2.2830         1.75
      2.2840         1.24
      2.2850         1.82
      2.2860         1.86
      2.2870         1.86
      2.2880         1.36
      2.2890         1.86
      2.2900         1.87
      2.2910         1.90
      2.2920         1.95
      2.2930         1.91
      2.2940         1.88
      2.2950         1.83
      2.2960         1.76
      2.2970         1.75
      2.2980         1.69
      2.2990         1.69
      2.3000         1.71
      2.3010         1.65
      2.3020         1.60
      2.3030         1.63
      2.3040         1.64
      2.3050         1.65
      2.3060         1.67
      2.3070         1.72
      2.3080         1.75
      2.3090         1.79
      2.3100         1.80
      2.3110         1.76
      2.3120         1.71
      2.3130         1.73
      2.3140         1.76
      2.3150         1.78
      2.3160         1.84
      2.3170         1.86
      2.3180         1.87
      2.3190         1.90
      2.3200         1.86
      2.3210         1.88
      2.3220         1.90
      2.3230         1.87
      2.3240         1.90
      2.3250         1.88
      2.3260         1.83
      2.3270         1.79
      2.3280         1.82
      2.3290         1.76
      2.3300         1.82
      2.3310         1.83
      2.3320         1.84
      2.3330         1.88
      2.3340         1.88
      2.3350         1.84
      2.3360         1.83
      2.3370         1.84
      2.3380         1.84
      2.3390         1.83
      2.3400         1.90
      2.3410         1.86
      2.3420         1.88
      2.3430         1.91
      2.3440         1.92
      2.3450         1.92
      2.3460         1.95
      2.3470         1.94
      2.3480         1.91
      2.3490         1.92
      2.3500         1.86
      2.3510         1.88
      2.3520         1.86
      2.3530         1.78
      2.3540         1.76
      2.3550         1.80
      2.3560         1.76
      2.3570         1.72
      2.3580         1.78
      2.3590         1.80
      2.3600         1.78
      2.3610         1.82
      2.3620         1.83
      2.3630         1.83
      2.3640         1.80
      2.3650         1.84
      2.3660         1.90
      2.3670         1.94
      2.3680         1.92
      2.3690         1.98
      2.3700         2.02
      2.3710         2.02
      2.3720         2.01
      2.3730         1.53
      2.3740         2.09
      2.3750         2.06
      2.3760         2.10
      2.3770         2.16
      2.3780         2.09
      2.3790         2.06
      2.3800         2.06
      2.3810         2.02
      2.3820         2.01
      2.3830         2.01
      2.3840         1.99
      2.3850         1.97
      2.3860         1.92
      2.3870         1.86
      2.3880         2.43
      2.3890         2.42
      2.3900         2.43
      2.3910         2.46
      2.3920         2.48
      2.3930         2.48
      2.3940         1.97
      2.3950         1.98
      2.3960         1.97
      2.3970         1.91
      2.3980         1.92
      2.3990         1.97
      2.4000         2.01
      2.4010         2.03
      2.4020         1.99
      2.4030         1.98
      2.4040         1.99
      2.4050         1.97
      2.4060         1.98
      2.4070         2.05
      2.4080         1.99
      2.4090         1.95
      2.4100         1.95
      2.4110         1.88
      2.4120         1.88
      2.4130         1.87
      2.4140         1.86
      2.4150         1.86
      2.4160         1.86
      2.4170         1.92
      2.4180         1.87
      2.4190         1.86
      2.4200         1.83
      2.4210         1.79
      2.4220         1.83
      2.4230         1.84
      2.4240         1.86
      2.4250         1.87
      2.4260         1.86
      2.4270         1.87
      2.4280         1.87
      2.4290         1.91
      2.4300         1.90
      2.4310         1.94
      2.4320         1.95
      2.4330         1.94
      2.4340         1.94
      2.4350         1.92
      2.4360         1.94
      2.4370         1.88
      2.4380         1.91
      2.4390         1.88
      2.4400         1.92
      2.4410         1.97
      2.4420         1.88
      2.4430         1.83
      2.4440         1.21
      2.4450         1.23
      2.4460         1.31
      2.4470         1.78
      2.4480         1.28
      2.4490         1.27
      2.4500         1.31
      2.4510         1.25
      2.4520         1.23
      2.4530         1.34
      2.4540         1.32
      2.4550         1.86
      2.4560         1.87
      2.4570         1.88
      2.4580         1.94
      2.4590         1.97
      2.4600         1.90
      2.4610         1.90
      2.4620         1.97
      2.4630         1.98
      2.4640         2.06
      2.4650         2.05
      2.4660         1.95
      2.4670         2.01
      2.4680         1.97
      2.4690         1.92
      2.4700         1.84
      2.4710         1.86
      2.4720         1.86
      2.4730         1.82
      2.4740         1.80
      2.4750         1.84
      2.4760         1.75
      2.4770         1.73
      2.4780         1.68
      2.4790         1.68
      2.4800         1.72
      2.4810         1.73
      2.4820         1.73
      2.4830         1.76
      2.4840         1.69
      2.4850         1.78
      2.4860         1.79
      2.4870         1.80
      2.4880         1.87
      2.4890         1.90
      2.4900         1.94
      2.4910         1.92
      2.4920         1.94
      2.4930         1.94
      2.4940         1.92
      2.4950         1.88
      2.4960         1.95
      2.4970         1.94
      2.4980         1.95
      2.4990         1.92
      2.5000         1.86
      2.5010         1.86
      2.5020         1.83
      2.5030         1.82
      2.5040         1.86
      2.5050         1.24
      2.5060         1.78
      2.5070         1.73
      2.5080         1.71
      2.5090         1.68
      2.5100         2.17
      2.5110         2.25
      2.5120         2.23
      2.5130         2.27
      2.5140         2.29
      2.5150         1.83
      2.5160         2.33
      2.5170         2.36
      2.5180         2.36
      2.5190         2.40
      2.5200         2.43
      2.5210         2.43
      2.5220         2.46
      2.5230         2.44
      2.5240         2.43
      2.5250         1.86
      2.5260         1.86
      2.5270         1.87
      2.5280         1.84
      2.5290         1.90
      2.5300         1.92
      2.5310         1.86
      2.5320         1.87
      2.5330         1.83
      2.5340         1.80
      2.5350         1.78
      2.5360         1.78
      2.5370         1.75
      2.5380         1.78
      2.5390         1.73
      2.5400         1.78
      2.5410         1.79
      2.5420         1.80
      2.5430         1.84
      2.5440         1.92
      2.5450         1.98
      2.5460         1.98
      2.5470         2.01
      2.5480         2.01
      2.5490         1.95
      2.5500         1.90
      2.5510         1.90
      2.5520         1.88
      2.5530         1.91
      2.5540         1.92
      2.5550         1.92
      2.5560         1.92
      2.5570         1.94
      2.5580         1.90
      2.5590         1.91
      2.5600         1.87
      2.5610         1.87
      2.5620         1.84
      2.5630         1.80
      2.5640         1.72
      2.5650         1.65
      2.5660         1.63
      2.5670         1.61
      2.5680         1.67
      2.5690         1.68
      2.5700         1.71
      2.5710         1.72
      2.5720         1.75
      2.5730         1.20
      2.5740         1.72
      2.5750         1.71
      2.5760         1.24
      2.5770         1.28
      2.5780         1.29
      2.5790         1.79
      2.5800         1.27
      2.5810         1.29
      2.5820         1.83
      2.5830         1.87
      2.5840         1.35
      2.5850         1.39
      2.5860         1.43
      2.5870         1.36
      2.5880         1.80
      2.5890         1.82
      2.5900         1.82
      2.5910         1.82
      2.5920         1.75
      2.5930         1.75
      2.5940         1.76
      2.5950         1.83
      2.5960         1.76
      2.5970         1.78
      2.5980         1.78
      2.5990         1.82
      2.6000         1.83
      2.6010         1.83
      2.6020         1.84
      2.6030         1.80
      2.6040         1.87
      2.6050         1.84
      2.6060         1.82
      2.6070         1.87
      2.6080         1.91
      2.6090         1.42
      2.6100         1.32
      2.6110         1.31
      2.6120         1.35
      2.6130         1.40
      2.6140         1.92
      2.6150         1.36
      2.6160         1.88
      2.6170         1.87
      2.6180         1.84
      2.6190         1.82
      2.6200         1.76
      2.6210         1.73
      2.6220         1.67
      2.6230         1.72
      2.6240         1.69
      2.6250         1.69
      2.6260         1.73
      2.6270         1.76
      2.6280         1.75
      2.6290         1.71
      2.6300         1.73
      2.6310         1.75
      2.6320         1.78
      2.6330         1.76
      2.6340         1.78
      2.6350         1.71
      2.6360         1.68
      2.6370         1.67
      2.6380         1.73
      2.6390         1.75
      2.6400         1.78
      2.6410         1.76
      2.6420         1.80
      2.6430         1.24
      2.6440         1.21
      2.6450         1.23
      2.6460         1.24
      2.6470         1.16
      2.6480         1.17
      2.6490         1.17
      2.6500         1.17
      2.6510         1.19
      2.6520         1.17
      2.6530         1.21
      2.6540         1.21
      2.6550         1.78
      2.6560         1.80
      2.6570         1.84
      2.6580         1.79
      2.6590         1.86
      2.6600         1.86
      2.6610         1.95
      2.6620         1.97
      2.6630         2.01
      2.6640         2.05
      2.6650         2.07
      2.6660         2.10
      2.6670         2.09
      2.6680         2.06
      2.6690         2.01
      2.6700         2.01
      2.6710         1.97
      2.6720         1.99
      2.6730         2.01
      2.6740         1.98
      2.6750         1.99
      2.6760         1.99
      2.6770         1.92
      2.6780         1.92
      2.6790         1.82
      2.6800         1.82
      2.6810         1.75
      2.6820         1.72
      2.6830         1.67
      2.6840         1.67
      2.6850         1.61
      2.6860         1.58
      2.6870         1.63
      2.6880         1.65
      2.6890         1.76
      2.6900         1.80
      2.6910         1.80
      2.6920         1.73
      2.6930         1.72
      2.6940         1.76
      2.6950         1.78
      2.6960         1.78
      2.6970         1.80
      2.6980         1.83
      2.6990         1.86
      2.7000         1.86
      2.7010         1.82
      2.7020         1.80
      2.7030         1.32
      2.7040         1.80
      2.7050         1.90
      2.7060         1.90
      2.7070         1.31
      2.7080         1.35
      2.7090         1.23
      2.7100         1.71
      2.7110         1.20
      2.7120         1.69
      2.7130         1.21
      2.7140         1.17
      2.7150         1.20
      2.7160         1.73
      2.7170         1.73
      2.7180         1.72
      2.7190         1.73
      2.7200         1.76
      2.7210         1.82
      2.7220         1.84
      2.7230         1.86
      2.7240         1.91
      2.7250         1.86
      2.7260         1.86
      2.7270         1.32
      2.7280         1.23
      2.7290         1.27
      2.7300         1.27
      2.7310         1.30
      2.7320         1.34
      2.7330         1.23
      2.7340         1.20
      2.7350         1.22
      2.7360         1.20
      2.7370         1.18
      2.7380         1.15
      2.7390         1.22
      2.7400         1.28
      2.7410         1.80
      2.7420         1.82
      2.7430         1.80
      2.7440         1.78
      2.7450         1.79
      2.7460         1.76
      2.7470         1.79
      2.7480         1.29
      2.7490         1.83
      2.7500         1.84
      2.7510         1.86
      2.7520         1.88
      2.7530         1.91
      2.7540         1.94
      2.7550         1.91
      2.7560         1.90
      2.7570         1.88
      2.7580         1.90
      2.7590         1.83
      2.7600         1.78
      2.7610         1.75
      2.7620         1.71
      2.7630         1.69
      2.7640         1.64
      2.7650         1.63
      2.7660         1.63
      2.7670         1.63
      2.7680         1.63
      2.7690         1.64
      2.7700         1.60
      2.7710         1.56
      2.7720         1.49
      2.7730         1.52
      2.7740         1.50
      2.7750         1.57
      2.7760         1.54
      2.7770         1.56
      2.7780         1.54
      2.7790         1.65
      2.7800         1.14
      2.7810         1.72
      2.7820         1.72
      2.7830         1.20
      2.7840         1.17
      2.7850         1.00
      2.7860         1.00
      2.7870         1.00
      2.7880         1.00
      2.7890         1.00
      2.7900         1.00
      2.7910         1.00
      2.7920         1.00
      2.7930         1.00
      2.7940         1.22
      2.7950         1.23
      2.7960         1.31
      2.7970         1.39
      2.7980         1.44
      2.7990         1.51
      2.8000         2.09
      2.8010         2.09
      2.8020         2.16
      2.8030         2.16
      2.8040         2.20
      2.8050         2.22
      2.8060         2.24
      2.8070         2.21
      2.8080         2.20
      2.8090         2.24
      2.8100         2.28
      2.8110         2.28
      2.8120         2.32
      2.8130         2.33
      2.8140         2.31
      2.8150         2.29
      2.8160         2.20
      2.8170         1.63
      2.8180         2.10
      2.8190         2.05
      2.8200         1.47
      2.8210         1.35
      2.8220         1.32
      2.8230         1.36
      2.8240         1.83
      2.8250         1.80
      2.8260         1.78
      2.8270         1.79
      2.8280         1.75
      2.8290         1.79
      2.8300         1.78
      2.8310         1.78
      2.8320         1.79
      2.8330         1.80
      2.8340         1.83
      2.8350         1.84
      2.8360         1.92
      2.8370         1.95
      2.8380         1.99
      2.8390         2.03
      2.8400         2.05
      2.8410         2.06
      2.8420         2.05
      2.8430         2.02
      2.8440         2.03
      2.8450         2.03
      2.8460         2.03
      2.8470         2.05
      2.8480         2.01
      2.8490         1.98
      2.8500         1.95
      2.8510         1.99
      2.8520         1.91
      2.8530         1.91
      2.8540         1.90
      2.8550         1.87
      2.8560         2.36
      2.8570         1.84
      2.8580         1.80
      2.8590         1.83
      2.8600         1.86
      2.8610         1.88
      2.8620         1.86
      2.8630         1.84
      2.8640         1.91
      2.8650         1.92
      2.8660         1.91
      2.8670         1.92
      2.8680         2.01
      2.8690         2.02
      2.8700         2.01
      2.8710         1.97
      2.8720         1.98
      2.8730         1.95
      2.8740         1.97
      2.8750         1.94
      2.8760         1.94
      2.8770         1.90
      2.8780         1.36
      2.8790         1.84
      2.8800         1.87
      2.8810         1.86
      2.8820         1.92
      2.8830         1.91
      2.8840         1.33
      2.8850         1.83
      2.8860         1.82
      2.8870         1.79
      2.8880         1.79
      2.8890         1.82
      2.8900         1.83
      2.8910         1.87
      2.8920         1.91
      2.8930         1.97
      2.8940         1.98
      2.8950         1.99
      2.8960         2.06
      2.8970         2.12
      2.8980         1.64
      2.8990         2.13
      2.9000         2.07
      2.9010         2.06
      2.9020         2.05
      2.9030         1.54
      2.9040         1.99
      2.9050         2.01
      2.9060         2.01
      2.9070         1.97
      2.9080         1.97
      2.9090         1.95
      2.9100         1.95
      2.9110         1.92
      2.9120         1.94
      2.9130         1.88
      2.9140         1.86
      2.9150         1.86
      2.9160         1.80
      2.9170         1.76
      2.9180         1.75
      2.9190         1.79
      2.9200         1.87
      2.9210         1.88
      2.9220         1.90
      2.9230         1.92
      2.9240         2.05
      2.9250         1.98
      2.9260         1.99
      2.9270         2.02
      2.9280         1.99
      2.9290         1.94
      2.9300         1.94
      2.9310         1.98
      2.9320         1.94
      2.9330         1.43
      2.9340         1.92
      2.9350         1.40
      2.9360         1.38
      2.9370         1.90
      2.9380         1.95
      2.9390         1.86
      2.9400         1.82
      2.9410         1.35
      2.9420         1.31
      2.9430         1.78
      2.9440         1.75
      2.9450         1.31
      2.9460         1.86
      2.9470         1.91
      2.9480         1.95
      2.9490         1.98
      2.9500         1.99
      2.9510         1.91
      2.9520         1.97
      2.9530         1.95
      2.9540         2.02
      2.9550         2.05
      2.9560         2.10
      2.9570         2.09
      2.9580         2.09
      2.9590         2.13
      2.9600         2.09
      2.9610         2.07
      2.9620         2.05
      2.9630         2.10
      2.9640         2.06
      2.9650         2.02
      2.9660         1.99
      2.9670         1.95
      2.9680         1.90
      2.9690         1.88
      2.9700         1.86
      2.9710         1.84
      2.9720         1.78
      2.9730         1.82
      2.9740         1.25
      2.9750         1.79
      2.9760         1.29
      2.9770         1.31
      2.9780         1.34
      2.9790         1.35
      2.9800         1.44
      2.9810         1.42
      2.9820         1.98
      2.9830         1.46
      2.9840         1.46
      2.9850         1.50
      2.9860         2.03
      2.9870         1.54
      2.9880         2.05
      2.9890         2.07
      2.9900         2.16
      2.9910         2.18
      2.9920         2.17
      2.9930         2.10
      2.9940         1.57
      2.9950         1.51
      2.9960         1.95
      2.9970         1.92
      2.9980         1.87
      2.9990         1.86
