        Time   Palpation Force
      0.0000         1.00
      0.0010         1.00
      0.0020         1.00
      0.0030         1.00
      0.0040         1.00
      0.0050         1.00
      0.0060         1.01
      0.0070         1.16
      0.0080         1.77
      0.0090         1.93
      0.0100         2.13
      0.0110         2.25
      0.0120         2.45
      0.0130         3.16
      0.0140         3.37
      0.0150         3.62
      0.0160         3.81
      0.0170         4.04
      0.0180         4.34
      0.0190         4.60
      0.0200         4.64
      0.0210         4.69
      0.0220         4.76
      0.0230         4.70
      0.0240         4.64
      0.0250         4.58
      0.0260         4.58
      0.0270         4.50
      0.0280         4.50
      0.0290         4.44
      0.0300         4.36
      0.0310         4.42
      0.0320         4.39
      0.0330         4.39
      0.0340         4.36
      0.0350         4.32
      0.0360         4.40
      0.0370         4.40
      0.0380         4.30
      0.0390         4.28
      0.0400         4.24
      0.0410         4.19
      0.0420         4.15
      0.0430         4.17
      0.0440         4.23
      0.0450         4.21
      0.0460         4.29
      0.0470         4.41
      0.0480         4.46
      0.0490         4.56
      0.0500         4.65
      0.0510         4.64
      0.0520         4.60
      0.0530         4.57
      0.0540         4.57
      0.0550         4.53
      0.0560         4.53
      0.0570         4.49
      0.0580         4.53
      0.0590         4.52
      0.0600         4.53
      0.0610         4.60
      0.0620         4.60
      0.0630         4.64
      0.0640         4.57
      0.0650         4.65
      0.0660         4.67
      0.0670         4.57
      0.0680         4.48
      0.0690         4.44
      0.0700         4.40
      0.0710         4.32
      0.0720         4.39
      0.0730         4.47
      0.0740         4.47
      0.0750         4.46
      0.0760         4.50
      0.0770         4.56
      0.0780         4.52
      0.0790         4.48
      0.0800         4.53
      0.0810         4.50
      0.0820         4.50
      0.0830         4.39
      0.0840         4.46
      0.0850         4.41
      0.0860         4.37
      0.0870         4.30
      0.0880         4.37
      0.0890         4.38
      0.0900         4.41
      0.0910         4.48
      0.0920         4.39
      0.0930         4.36
      0.0940         4.36
      0.0950         4.41
      0.0960         4.32
      0.0970         4.32
      0.0980         4.32
      0.0990         4.37
      0.1000         4.31
      0.1010         4.33
      0.1020         4.41
      0.1030         4.49
      0.1040         4.41
      0.1050         4.38
      0.1060         4.40
      0.1070         4.48
      0.1080         4.52
      0.1090         4.48
      0.1100         4.44
      0.1110         4.49
      0.1120         4.52
      0.1130         4.50
      0.1140         4.54
      0.1150         4.59
      0.1160         4.57
      0.1170         4.63
      0.1180         4.68
      0.1190         4.70
      0.1200         4.71
      0.1210         4.66
      0.1220         4.54
      0.1230         5.09
      0.1240         4.67
      0.1250         4.70
      0.1260         4.71
      0.1270         4.79
      0.1280         4.75
      0.1290         4.81
      0.1300         4.82
      0.1310         4.76
      0.1320         4.80
      0.1330         4.84
      0.1340         4.87
      0.1350         4.90
      0.1360         4.96
      0.1370         4.89
      0.1380         4.89
      0.1390         4.87
      0.1400         4.93
      0.1410         4.88
      0.1420         4.99
      0.1430         5.00
      0.1440         4.95
      0.1450         4.97
      0.1460         4.95
      0.1470         4.85
      0.1480         4.85
      0.1490         4.79
      0.1500         4.82
      0.1510         4.91
      0.1520         4.95
      0.1530         4.88
      0.1540         4.83
      0.1550         4.76
      0.1560         4.64
      0.1570         4.64
      0.1580         4.60
      0.1590         4.60
      0.1600         4.53
      0.1610         4.63
      0.1620         4.59
      0.1630         4.52
      0.1640         4.56
      0.1650         4.53
      0.1660         4.52
      0.1670         4.60
      0.1680         4.60
      0.1690         4.72
      0.1700         4.70
      0.1710         4.70
      0.1720         4.58
      0.1730         4.58
      0.1740         4.54
      0.1750         4.57
      0.1760         4.65
      0.1770         4.65
      0.1780         4.65
      0.1790         4.67
      0.1800         4.67
      0.1810         4.59
      0.1820         4.54
      0.1830         4.60
      0.1840         4.56
      0.1850         4.56
      0.1860         4.55
      0.1870         4.45
      0.1880         4.45
      0.1890         4.37
      0.1900         4.37
      0.1910         4.28
      0.1920         4.37
      0.1930         4.40
      0.1940         4.45
      0.1950         4.44
      0.1960         4.47
      0.1970         4.47
      0.1980         4.51
      0.1990         4.49
      0.2000         4.45
      0.2010         4.51
      0.2020         4.55
      0.2030         4.49
      0.2040         4.53
      0.2050         4.58
      0.2060         4.52
      0.2070         4.55
      0.2080         4.55
      0.2090         4.55
      0.2100         4.52
      0.2110         4.54
      0.2120         4.48
      0.2130         4.51
      0.2140         4.50
      0.2150         4.54
      0.2160         4.57
      0.2170         4.57
      0.2180         4.55
      0.2190         4.53
      0.2200         4.61
      0.2210         4.63
      0.2220         4.66
      0.2230         4.69
      0.2240         4.65
      0.2250         4.63
      0.2260         4.69
      0.2270         4.64
      0.2280         4.63
      0.2290         4.63
      0.2300         4.61
      0.2310         4.56
      0.2320         4.58
      0.2330         4.44
      0.2340         4.46
      0.2350         4.41
      0.2360         4.35
      0.2370         4.33
      0.2380         4.33
      0.2390         4.36
      0.2400         4.23
      0.2410         4.18
      0.2420         4.09
      0.2430         3.59
      0.2440         3.66
      0.2450         3.63
      0.2460         4.17
      0.2470         4.19
      0.2480         4.19
      0.2490         4.17
      0.2500         4.24
      0.2510         4.40
      0.2520         4.37
      0.2530         4.52
      0.2540         4.49
      0.2550         4.50
      0.2560         4.54
      0.2570         4.54
      0.2580         4.53
      0.2590         4.46
      0.2600         4.54
      0.2610         4.49
      0.2620         4.58
      0.2630         4.53
      0.2640         4.48
      0.2650         4.50
      0.2660         4.51
      0.2670         4.57
      0.2680         4.52
      0.2690         4.51
      0.2700         4.44
      0.2710         4.36
      0.2720         4.36
      0.2730         4.30
      0.2740         4.37
      0.2750         4.32
      0.2760         4.28
      0.2770         4.28
      0.2780         4.26
      0.2790         4.31
      0.2800         4.31
      0.2810         4.35
      0.2820         4.31
      0.2830         4.34
      0.2840         4.38
      0.2850         4.40
      0.2860         4.31
      0.2870         4.28
      0.2880         4.37
      0.2890         4.42
      0.2900         4.42
      0.2910         4.37
      0.2920         4.31
      0.2930         4.26
      0.2940         4.21
      0.2950         4.20
      0.2960         4.26
      0.2970         4.23
      0.2980         4.25
      0.2990         4.19
      0.3000         4.15
      0.3010         4.21
      0.3020         4.16
      0.3030         4.15
      0.3040         3.66
      0.3050         3.53
      0.3060         3.59
      0.3070         4.12
      0.3080         4.04
      0.3090         3.99
      0.3100         4.09
      0.3110         4.05
      0.3120         4.10
      0.3130         4.19
      0.3140         4.22
      0.3150         4.26
      0.3160         4.19
      0.3170         4.22
      0.3180         4.21
      0.3190         4.26
      0.3200         4.20
      0.3210         4.20
      0.3220         4.24
      0.3230         4.25
      0.3240         4.25
      0.3250         4.30
      0.3260         4.28
      0.3270         4.23
      0.3280         4.20
      0.3290         4.17
      0.3300         4.13
      0.3310         4.24
      0.3320         4.24
      0.3330         4.24
      0.3340         3.67
      0.3350         3.63
      0.3360         4.12
      0.3370         4.12
      0.3380         4.08
      0.3390         4.05
      0.3400         4.18
      0.3410         4.16
      0.3420         4.16
      0.3430         4.25
      0.3440         4.25
      0.3450         4.28
      0.3460         4.30
      0.3470         4.25
      0.3480         4.29
      0.3490         4.29
      0.3500         4.30
      0.3510         4.25
      0.3520         4.27
      0.3530         4.23
      0.3540         4.34
      0.3550         4.30
      0.3560         3.82
      0.3570         3.86
      0.3580         3.89
      0.3590         3.90
      0.3600         3.90
      0.3610         3.94
      0.3620         3.90
      0.3630         3.89
      0.3640         3.78
      0.3650         3.68
      0.3660         4.16
      0.3670         4.25
      0.3680         4.29
      0.3690         4.28
      0.3700         4.22
      0.3710         4.24
      0.3720         4.21
      0.3730         4.25
      0.3740         4.22
      0.3750         4.31
      0.3760         4.25
      0.3770         4.29
      0.3780         4.29
      0.3790         4.31
      0.3800         4.33
      0.3810         4.18
      0.3820         4.26
      0.3830         4.25
      0.3840         4.30
      0.3850         4.29
      0.3860         4.29
      0.3870         4.14
      0.3880         4.09
      0.3890         4.21
      0.3900         4.27
      0.3910         4.23
      0.3920         4.25
      0.3930         4.28
      0.3940         4.30
      0.3950         4.28
      0.3960         4.33
      0.3970         4.35
      0.3980         4.49
      0.3990         4.54
      0.4000         4.49
      0.4010         4.62
      0.4020         4.53
      0.4030         4.50
      0.4040         4.49
      0.4050         4.51
      0.4060         4.47
      0.4070         4.60
      0.4080         4.61
      0.4090         4.56
      0.4100         4.49
      0.4110         4.53
      0.4120         4.46
      0.4130         4.37
      0.4140         4.32
      0.4150         4.29
      0.4160         4.28
      0.4170         4.17
      0.4180         4.13
      0.4190         4.06
      0.4200         4.10
      0.4210         4.02
      0.4220         4.10
      0.4230         4.14
      0.4240         4.12
      0.4250         4.21
      0.4260         4.22
      0.4270         4.15
      0.4280         4.09
      0.4290         4.10
      0.4300         4.15
      0.4310         4.17
      0.4320         4.13
      0.4330         4.14
      0.4340         4.19
      0.4350         4.23
      0.4360         4.25
      0.4370         4.31
      0.4380         4.30
      0.4390         4.36
      0.4400         4.18
      0.4410         4.20
      0.4420         4.17
      0.4430         4.15
      0.4440         4.13
      0.4450         3.56
      0.4460         3.58
      0.4470         3.58
      0.4480         3.62
      0.4490         3.55
      0.4500         3.56
      0.4510         3.59
      0.4520         3.66
      0.4530         3.63
      0.4540         3.64
      0.4550         3.59
      0.4560         3.60
      0.4570         3.55
      0.4580         3.52
      0.4590         4.00
      0.4600         4.13
      0.4610         4.17
      0.4620         4.12
      0.4630         4.13
      0.4640         4.17
      0.4650         4.26
      0.4660         4.25
      0.4670         4.35
      0.4680         4.33
      0.4690         4.37
      0.4700         4.33
      0.4710         4.30
      0.4720         4.33
      0.4730         4.39
      0.4740         4.37
      0.4750         4.43
      0.4760         4.44
      0.4770         4.48
      0.4780         4.44
      0.4790         4.40
      0.4800         4.36
      0.4810         4.32
      0.4820         4.28
      0.4830         4.24
      0.4840         4.26
      0.4850         4.20
      0.4860         4.24
      0.4870         4.20
      0.4880         4.22
      0.4890         4.26
      0.4900         4.36
      0.4910         4.40
      0.4920         4.44
      0.4930         4.41
      0.4940         4.38
      0.4950         4.33
      0.4960         4.28
      0.4970         4.24
      0.4980         4.22
      0.4990         4.22
      0.5000         4.38
      0.5010         4.40
      0.5020         4.43
      0.5030         4.41
      0.5040         4.43
      0.5050         4.38
      0.5060         4.45
      0.5070         4.49
      0.5080         4.54
      0.5090         4.56
      0.5100         4.50
      0.5110         4.57
      0.5120         4.54
      0.5130         4.54
      0.5140         4.65
      0.5150         4.63
      0.5160         4.63
      0.5170         4.63
      0.5180         4.75
      0.5190         4.75
      0.5200         4.66
      0.5210         4.66
      0.5220         4.63
      0.5230         4.66
      0.5240         4.60
      0.5250         4.66
      0.5260         4.57
      0.5270         4.52
      0.5280         4.52
      0.5290         4.51
      0.5300         4.45
      0.5310         4.33
      0.5320         4.30
      0.5330         4.35
      0.5340         4.21
      0.5350         4.19
      0.5360         4.27
      0.5370         4.33
      0.5380         4.27
      0.5390         4.28
      0.5400         4.31
      0.5410         4.33
      0.5420         4.40
      0.5430         4.44
      0.5440         4.47
      0.5450         4.53
      0.5460         4.64
      0.5470         4.62
      0.5480         4.57
      0.5490         4.65
      0.5500         4.69
      0.5510         4.80
      0.5520         4.78
      0.5530         4.70
      0.5540         4.70
      0.5550         4.75
      0.5560         4.64
      0.5570         4.56
      0.5580         4.52
      0.5590         4.44
      0.5600         4.43
      0.5610         4.44
      0.5620         4.44
      0.5630         4.39
      0.5640         4.41
      0.5650         4.35
      0.5660         4.29
      0.5670         4.35
      0.5680         4.39
      0.5690         4.36
      0.5700         4.40
      0.5710         4.38
      0.5720         4.34
      0.5730         4.41
      0.5740         4.41
      0.5750         4.41
      0.5760         4.52
      0.5770         4.51
      0.5780         4.53
      0.5790         4.60
      0.5800         4.53
      0.5810         4.47
      0.5820         4.40
      0.5830         4.48
      0.5840         4.41
      0.5850         4.36
      0.5860         4.24
      0.5870         4.17
      0.5880         3.70
      0.5890         3.64
      0.5900         3.67
      0.5910         3.66
      0.5920         3.74
      0.5930         3.70
      0.5940         3.70
      0.5950         3.68
      0.5960         3.62
      0.5970         3.56
      0.5980         3.62
      0.5990         3.60
      0.6000         3.59
      0.6010         3.64
      0.6020         4.23
      0.6030         4.21
      0.6040         4.25
      0.6050         4.37
      0.6060         4.48
      0.6070         4.57
      0.6080         4.57
      0.6090         4.65
      0.6100         4.71
      0.6110         4.68
      0.6120         4.56
      0.6130         4.64
      0.6140         4.64
      0.6150         4.67
      0.6160         4.67
      0.6170         4.78
      0.6180         5.30
      0.6190         5.25
      0.6200         5.22
      0.6210         5.17
      0.6220         5.18
      0.6230         5.14
      0.6240         5.26
      0.6250         5.24
      0.6260         5.26
      0.6270         5.22
      0.6280         5.10
      0.6290         4.96
      0.6300         5.00
      0.6310         4.96
      0.6320         5.03
      0.6330         5.00
      0.6340         5.02
      0.6350         5.05
      0.6360         5.16
      0.6370         5.10
      0.6380         4.61
      0.6390         5.30
      0.6400         5.32
      0.6410         4.76
      0.6420         4.76
      0.6430         4.78
      0.6440         4.78
      0.6450         4.78
      0.6460         4.83
      0.6470         4.89
      0.6480         4.97
      0.6490         4.99
      0.6500         4.93
      0.6510         4.97
      0.6520         5.02
      0.6530         5.02
      0.6540         5.06
      0.6550         5.04
      0.6560         5.07
      0.6570         5.07
      0.6580         5.10
      0.6590         5.12
      0.6600         5.10
      0.6610         5.11
      0.6620         5.66
      0.6630         5.79
      0.6640         5.22
      0.6650         5.24
      0.6660         5.28
      0.6670         5.71
      0.6680         5.69
      0.6690         5.71
      0.6700         5.73
      0.6710         5.22
      0.6720         5.63
      0.6730         5.23
      0.6740         5.26
      0.6750         5.34
      0.6760         5.41
      0.6770         5.48
      0.6780         5.49
      0.6790         5.52
      0.6800         5.57
      0.6810         5.69
      0.6820         5.76
      0.6830         5.74
      0.6840         5.78
      0.6850         5.80
      0.6860         5.87
      0.6870         5.99
      0.6880         6.17
      0.6890         6.22
      0.6900         6.37
      0.6910         6.47
      0.6920         6.55
      0.6930         6.53
      0.6940         6.54
      0.6950         6.64
      0.6960         6.70
      0.6970         6.80
      0.6980         6.90
      0.6990         6.91
      0.7000         6.96
      0.7010         6.93
      0.7020         6.98
      0.7030         7.02
      0.7040         6.98
      0.7050         6.98
      0.7060         6.97
      0.7070         7.03
      0.7080         7.02
      0.7090         7.09
      0.7100         7.08
      0.7110         7.06
      0.7120         7.21
      0.7130         7.35
      0.7140         7.94
      0.7150         8.04
      0.7160         8.03
      0.7170         8.03
      0.7180         7.96
      0.7190         8.07
      0.7200         8.15
      0.7210         8.25
      0.7220         8.25
      0.7230         8.35
      0.7240         8.50
      0.7250         8.62
      0.7260         8.69
      0.7270         8.66
      0.7280         8.86
      0.7290         8.89
      0.7300         8.94
      0.7310         9.01
      0.7320         9.05
      0.7330         9.09
      0.7340         9.12
      0.7350         9.20
      0.7360         9.33
      0.7370         9.42
      0.7380         9.56
      0.7390         9.65
      0.7400         9.75
      0.7410         9.79
      0.7420         9.91
      0.7430        10.06
      0.7440        10.20
      0.7450        10.26
      0.7460        10.38
      0.7470        10.65
      0.7480        10.65
      0.7490        10.83
      0.7500        11.04
      0.7510        11.25
      0.7520        11.29
      0.7530        11.46
      0.7540        11.58
      0.7550        11.64
      0.7560        11.75
      0.7570        11.83
      0.7580        11.96
      0.7590        12.04
      0.7600        12.16
      0.7610        12.29
      0.7620        12.46
      0.7630        12.58
      0.7640        12.66
      0.7650        12.73
      0.7660        12.83
      0.7670        12.91
      0.7680        13.02
      0.7690        13.14
      0.7700        13.16
      0.7710        13.26
      0.7720        13.39
      0.7730        13.49
      0.7740        13.59
      0.7750        13.73
      0.7760        13.84
      0.7770        13.96
      0.7780        14.09
      0.7790        14.21
      0.7800        14.20
      0.7810        14.32
      0.7820        14.36
      0.7830        14.50
      0.7840        14.54
      0.7850        14.67
      0.7860        14.73
      0.7870        14.77
      0.7880        14.86
      0.7890        14.88
      0.7900        14.92
      0.7910        14.92
      0.7920        15.03
      0.7930        15.00
      0.7940        15.06
      0.7950        15.02
      0.7960        15.06
      0.7970        15.20
      0.7980        15.28
      0.7990        15.33
      0.8000        15.63
      0.8010        15.63
      0.8020        15.72
      0.8030        15.76
      0.8040        16.02
      0.8050        16.12
      0.8060        16.31
      0.8070        16.39
      0.8080        16.51
      0.8090        16.62
      0.8100        16.81
      0.8110        17.03
      0.8120        17.07
      0.8130        17.22
      0.8140        17.28
      0.8150        17.41
      0.8160        17.48
      0.8170        17.45
      0.8180        17.45
      0.8190        17.61
      0.8200        17.48
      0.8210        17.58
      0.8220        17.62
      0.8230        17.54
      0.8240        17.58
      0.8250        17.68
      0.8260        17.56
      0.8270        17.70
      0.8280        17.24
      0.8290        17.28
      0.8300        17.29
      0.8310        17.26
      0.8320        17.30
      0.8330        17.95
      0.8340        17.57
      0.8350        18.16
      0.8360        18.24
      0.8370        18.31
      0.8380        18.41
      0.8390        18.56
      0.8400        18.72
      0.8410        18.84
      0.8420        18.98
      0.8430        19.15
      0.8440        19.19
      0.8450        19.22
      0.8460        19.36
      0.8470        19.36
      0.8480        19.50
      0.8490        19.63
      0.8500        19.73
      0.8510        19.81
      0.8520        19.89
      0.8530        19.93
      0.8540        19.95
      0.8550        20.00
      0.8560        20.07
      0.8570        20.24
      0.8580        20.43
      0.8590        20.28
      0.8600        20.39
      0.8610        20.51
      0.8620        20.62
      0.8630        20.62
      0.8640        20.66
      0.8650        20.69
      0.8660        20.89
      0.8670        20.81
      0.8680        20.89
      0.8690        20.93
      0.8700        20.96
      0.8710        21.07
      0.8720        21.23
      0.8730        21.26
      0.8740        21.42
      0.8750        21.46
      0.8760        21.61
      0.8770        21.61
      0.8780        21.58
      0.8790        21.74
      0.8800        21.77
      0.8810        21.65
      0.8820        21.71
      0.8830        21.76
      0.8840        21.86
      0.8850        21.96
      0.8860        21.92
      0.8870        22.12
      0.8880        22.11
      0.8890        22.23
      0.8900        22.30
      0.8910        22.28
      0.8920        22.28
      0.8930        22.30
      0.8940        22.35
      0.8950        22.51
      0.8960        22.52
      0.8970        22.63
      0.8980        22.70
      0.8990        22.79
      0.9000        22.88
      0.9010        22.98
      0.9020        22.97
      0.9030        23.05
      0.9040        23.03
      0.9050        23.14
      0.9060        23.20
      0.9070        23.26
      0.9080        23.34
      0.9090        23.33
      0.9100        23.45
      0.9110        23.43
      0.9120        23.49
      0.9130        23.60
      0.9140        23.54
      0.9150        23.57
      0.9160        23.58
      0.9170        23.60
      0.9180        23.58
      0.9190        23.54
      0.9200        23.57
      0.9210        23.64
      0.9220        23.68
      0.9230        23.69
      0.9240        23.77
      0.9250        23.83
      0.9260        23.93
      0.9270        23.95
      0.9280        24.00
      0.9290        24.06
      0.9300        24.04
      0.9310        24.10
      0.9320        24.12
      0.9330        24.07
      0.9340        24.20
      0.9350        24.12
      0.9360        24.25
      0.9370        24.25
      0.9380        24.39
      0.9390        24.36
      0.9400        24.46
      0.9410        24.46
      0.9420        24.46
      0.9430        24.53
      0.9440        24.53
      0.9450        24.44
      0.9460        24.52
      0.9470        24.58
      0.9480        24.62
      0.9490        24.65
      0.9500        24.76
      0.9510        24.83
      0.9520        24.91
      0.9530        25.06
      0.9540        25.09
      0.9550        25.24
      0.9560        25.20
      0.9570        25.28
      0.9580        25.26
      0.9590        25.37
      0.9600        25.49
      0.9610        25.63
      0.9620        25.73
      0.9630        25.86
      0.9640        25.96
      0.9650        26.09
      0.9660        26.08
      0.9670        26.14
      0.9680        26.20
      0.9690        26.24
      0.9700        26.19
      0.9710        26.29
      0.9720        26.26
      0.9730        26.34
      0.9740        26.34
      0.9750        26.45
      0.9760        26.54
      0.9770        26.61
      0.9780        26.66
      0.9790        26.69
      0.9800        26.55
      0.9810        26.65
      0.9820        26.75
      0.9830        26.77
      0.9840        26.86
      0.9850        26.88
      0.9860        26.96
      0.9870        27.02
      0.9880        27.05
      0.9890        27.19
      0.9900        27.19
      0.9910        27.23
      0.9920        27.35
      0.9930        27.36
      0.9940        27.35
      0.9950        27.24
      0.9960        27.31
      0.9970        27.31
      0.9980        27.32
      0.9990        27.35
      1.0000        27.49
      1.0010        27.38
      1.0020        27.38
      1.0030        27.42
      1.0040        27.40
      1.0050        27.40
      1.0060        27.45
      1.0070        27.50
      1.0080        27.54
      1.0090        27.51
      1.0100        27.59
      1.0110        27.59
      1.0120        27.57
      1.0130        27.60
      1.0140        27.67
      1.0150        27.76
      1.0160        27.72
      1.0170        27.83
      1.0180        27.94
      1.0190        28.07
      1.0200        28.05
      1.0210        28.09
      1.0220        28.14
      1.0230        28.06
      1.0240        28.08
      1.0250        28.11
      1.0260        28.10
      1.0270        27.96
      1.0280        27.91
      1.0290        27.92
      1.0300        27.94
      1.0310        27.95
      1.0320        28.01
      1.0330        27.99
      1.0340        28.02
      1.0350        28.06
      1.0360        28.14
      1.0370        28.07
      1.0380        28.07
      1.0390        28.11
      1.0400        28.23
      1.0410        28.33
      1.0420        28.38
      1.0430        28.47
      1.0440        28.45
      1.0450        28.54
      1.0460        28.53
      1.0470        28.70
      1.0480        28.81
      1.0490        28.80
      1.0500        28.87
      1.0510        28.89
      1.0520        28.99
      1.0530        29.06
      1.0540        29.14
      1.0550        29.15
      1.0560        29.13
      1.0570        29.14
      1.0580        29.13
      1.0590        29.12
      1.0600        29.07
      1.0610        29.05
      1.0620        28.95
      1.0630        29.03
      1.0640        29.08
      1.0650        29.07
      1.0660        29.18
      1.0670        29.22
      1.0680        29.26
      1.0690        29.35
      1.0700        29.39
      1.0710        29.40
      1.0720        29.39
      1.0730        29.38
      1.0740        29.38
      1.0750        29.45
      1.0760        29.46
      1.0770        29.66
      1.0780        29.74
      1.0790        29.77
      1.0800        29.76
      1.0810        29.73
      1.0820        29.87
      1.0830        29.76
      1.0840        29.87
      1.0850        29.96
      1.0860        29.88
      1.0870        29.83
      1.0880        29.81
      1.0890        29.78
      1.0900        29.78
      1.0910        29.86
      1.0920        29.73
      1.0930        29.73
      1.0940        29.71
      1.0950        29.73
      1.0960        29.78
      1.0970        29.67
      1.0980        29.65
      1.0990        29.62
      1.1000        29.73
      1.1010        29.82
      1.1020        29.82
      1.1030        29.97
      1.1040        29.91
      1.1050        29.86
      1.1060        29.94
      1.1070        29.90
      1.1080        30.00
      1.1090        30.02
      1.1100        30.05
      1.1110        30.00
      1.1120        30.09
      1.1130        30.15
      1.1140        30.20
      1.1150        30.31
      1.1160        30.36
      1.1170        30.43
      1.1180        30.47
      1.1190        30.49
      1.1200        30.42
      1.1210        30.43
      1.1220        30.50
      1.1230        30.49
      1.1240        30.52
      1.1250        30.52
      1.1260        30.59
      1.1270        30.62
      1.1280        30.58
      1.1290        30.71
      1.1300        30.79
      1.1310        30.90
      1.1320        31.01
      1.1330        31.06
      1.1340        31.13
      1.1350        31.09
      1.1360        31.08
      1.1370        31.08
      1.1380        31.10
      1.1390        31.13
      1.1400        31.15
      1.1410        31.21
      1.1420        31.22
      1.1430        31.26
      1.1440        31.23
      1.1450        31.25
      1.1460        31.21
      1.1470        31.16
      1.1480        31.12
      1.1490        30.89
      1.1500        30.85
      1.1510        30.84
      1.1520        30.74
      1.1530        30.69
      1.1540        30.65
      1.1550        30.65
      1.1560        30.64
      1.1570        30.52
      1.1580        30.48
      1.1590        30.49
      1.1600        30.47
      1.1610        30.37
      1.1620        30.26
      1.1630        30.28
      1.1640        30.37
      1.1650        30.36
      1.1660        30.30
      1.1670        30.30
      1.1680        30.37
      1.1690        30.40
      1.1700        30.26
      1.1710        30.18
      1.1720        30.24
      1.1730        30.18
      1.1740        30.08
      1.1750        29.93
      1.1760        29.86
      1.1770        29.96
      1.1780        29.92
      1.1790        29.89
      1.1800        29.82
      1.1810        29.89
      1.1820        29.86
      1.1830        29.78
      1.1840        29.75
      1.1850        29.75
      1.1860        29.75
      1.1870        29.72
      1.1880        29.60
      1.1890        29.59
      1.1900        29.63
      1.1910        29.65
      1.1920        29.56
      1.1930        29.60
      1.1940        29.68
      1.1950        29.75
      1.1960        29.69
      1.1970        29.59
      1.1980        29.61
      1.1990        29.56
      1.2000        29.56
      1.2010        29.62
      1.2020        29.63
      1.2030        29.63
      1.2040        29.51
      1.2050        29.42
      1.2060        29.46
      1.2070        29.42
      1.2080        29.40
      1.2090        29.40
      1.2100        29.38
      1.2110        29.42
      1.2120        29.44
      1.2130        29.39
      1.2140        29.33
      1.2150        29.20
      1.2160        29.25
      1.2170        29.36
      1.2180        29.28
      1.2190        29.27
      1.2200        29.35
      1.2210        29.31
      1.2220        29.28
      1.2230        29.22
      1.2240        29.30
      1.2250        29.35
      1.2260        29.28
      1.2270        29.41
      1.2280        29.39
      1.2290        29.50
      1.2300        29.53
      1.2310        29.38
      1.2320        29.30
      1.2330        29.27
      1.2340        29.18
      1.2350        29.29
      1.2360        29.26
      1.2370        29.15
      1.2380        29.13
      1.2390        29.11
      1.2400        29.06
      1.2410        28.96
      1.2420        28.94
      1.2430        28.98
      1.2440        28.90
      1.2450        28.82
      1.2460        28.79
      1.2470        28.74
      1.2480        28.68
      1.2490        28.60
      1.2500        28.49
      1.2510        28.52
      1.2520        28.61
      1.2530        28.56
      1.2540        28.56
      1.2550        28.43
      1.2560        28.40
      1.2570        28.31
      1.2580        28.39
      1.2590        28.33
      1.2600        28.28
      1.2610        28.35
      1.2620        28.29
      1.2630        28.18
      1.2640        28.16
      1.2650        28.17
      1.2660        28.09
      1.2670        28.03
      1.2680        28.02
      1.2690        27.94
      1.2700        27.99
      1.2710        27.98
      1.2720        27.86
      1.2730        27.81
      1.2740        27.79
      1.2750        27.94
      1.2760        27.92
      1.2770        28.01
      1.2780        27.94
      1.2790        28.02
      1.2800        27.99
      1.2810        27.80
      1.2820        27.85
      1.2830        27.81
      1.2840        27.74
      1.2850        27.74
      1.2860        27.73
      1.2870        27.78
      1.2880        27.74
      1.2890        27.79
      1.2900        27.74
      1.2910        27.79
      1.2920        27.85
      1.2930        28.05
      1.2940        28.02
      1.2950        27.88
      1.2960        27.84
      1.2970        27.81
      1.2980        27.78
      1.2990        27.80
      1.3000        27.74
      1.3010        27.79
      1.3020        27.78
      1.3030        27.89
      1.3040        27.99
      1.3050        28.05
      1.3060        28.19
      1.3070        28.19
      1.3080        28.31
      1.3090        28.35
      1.3100        28.37
      1.3110        28.30
      1.3120        28.30
      1.3130        28.16
      1.3140        28.23
      1.3150        28.27
      1.3160        28.38
      1.3170        28.36
      1.3180        28.35
      1.3190        28.26
      1.3200        28.44
      1.3210        28.42
      1.3220        28.41
      1.3230        28.38
      1.3240        28.38
      1.3250        28.27
      1.3260        28.22
      1.3270        28.23
      1.3280        28.10
      1.3290        27.99
      1.3300        28.04
      1.3310        27.99
      1.3320        27.95
      1.3330        27.99
      1.3340        27.93
      1.3350        27.91
      1.3360        27.88
      1.3370        27.84
      1.3380        27.92
      1.3390        27.86
      1.3400        27.73
      1.3410        27.84
      1.3420        27.74
      1.3430        27.73
      1.3440        27.65
      1.3450        27.60
      1.3460        27.52
      1.3470        27.45
      1.3480        27.36
      1.3490        27.32
      1.3500        27.13
      1.3510        27.23
      1.3520        27.12
      1.3530        27.06
      1.3540        27.09
      1.3550        27.13
      1.3560        26.98
      1.3570        26.98
      1.3580        26.89
      1.3590        26.93
      1.3600        26.99
      1.3610        26.86
      1.3620        26.86
      1.3630        26.76
      1.3640        26.79
      1.3650        26.80
      1.3660        26.78
      1.3670        26.76
      1.3680        26.89
      1.3690        26.82
      1.3700        26.85
      1.3710        26.75
      1.3720        26.77
      1.3730        26.78
      1.3740        26.68
      1.3750        26.68
      1.3760        26.60
      1.3770        26.57
      1.3780        26.60
      1.3790        26.50
      1.3800        26.40
      1.3810        26.33
      1.3820        26.38
      1.3830        26.33
      1.3840        26.33
      1.3850        26.33
      1.3860        26.35
      1.3870        26.35
      1.3880        26.27
      1.3890        26.30
      1.3900        26.34
      1.3910        26.12
      1.3920        26.19
      1.3930        26.07
      1.3940        26.16
      1.3950        26.09
      1.3960        26.16
      1.3970        26.13
      1.3980        26.01
      1.3990        26.07
      1.4000        26.07
      1.4010        26.05
      1.4020        25.95
      1.4030        25.96
      1.4040        25.89
      1.4050        25.81
      1.4060        25.79
      1.4070        25.69
      1.4080        25.79
      1.4090        25.85
      1.4100        25.79
      1.4110        25.92
      1.4120        25.87
      1.4130        25.93
      1.4140        25.84
      1.4150        25.84
      1.4160        25.85
      1.4170        25.93
      1.4180        26.01
      1.4190        25.97
      1.4200        25.87
      1.4210        25.95
      1.4220        25.95
      1.4230        26.04
      1.4240        26.06
      1.4250        26.14
      1.4260        26.00
      1.4270        26.06
      1.4280        26.03
      1.4290        25.90
      1.4300        25.92
      1.4310        25.98
      1.4320        25.90
      1.4330        25.89
      1.4340        25.84
      1.4350        25.85
      1.4360        25.75
      1.4370        25.56
      1.4380        25.52
      1.4390        25.44
      1.4400        25.47
      1.4410        25.36
      1.4420        25.39
      1.4430        25.33
      1.4440        25.25
      1.4450        25.25
      1.4460        25.29
      1.4470        25.24
      1.4480        25.20
      1.4490        25.26
      1.4500        25.20
      1.4510        25.11
      1.4520        25.12
      1.4530        25.05
      1.4540        25.10
      1.4550        25.08
      1.4560        25.22
      1.4570        25.39
      1.4580        25.39
      1.4590        25.36
      1.4600        25.29
      1.4610        25.28
      1.4620        25.27
      1.4630        25.15
      1.4640        25.12
      1.4650        25.04
      1.4660        25.02
      1.4670        24.99
      1.4680        24.95
      1.4690        24.92
      1.4700        24.90
      1.4710        24.91
      1.4720        24.72
      1.4730        24.71
      1.4740        24.72
      1.4750        24.68
      1.4760        24.56
      1.4770        24.50
      1.4780        24.47
      1.4790        24.51
      1.4800        24.41
      1.4810        24.53
      1.4820        24.42
      1.4830        24.50
      1.4840        24.50
      1.4850        24.37
      1.4860        24.35
      1.4870        24.35
      1.4880        24.34
      1.4890        24.24
      1.4900        24.17
      1.4910        24.11
      1.4920        24.15
      1.4930        24.15
      1.4940        24.00
      1.4950        23.92
      1.4960        23.91
      1.4970        23.79
      1.4980        23.56
      1.4990        23.53
      1.5000        23.62
      1.5010        23.44
      1.5020        23.41
      1.5030        23.22
      1.5040        23.13
      1.5050        23.20
      1.5060        23.16
      1.5070        23.08
      1.5080        23.01
      1.5090        22.93
      1.5100        22.94
      1.5110        22.89
      1.5120        22.83
      1.5130        22.18
      1.5140        22.56
      1.5150        22.48
      1.5160        22.43
      1.5170        22.36
      1.5180        22.41
      1.5190        22.20
      1.5200        22.08
      1.5210        21.88
      1.5220        21.74
      1.5230        21.69
      1.5240        21.60
      1.5250        21.43
      1.5260        21.29
      1.5270        21.09
      1.5280        20.94
      1.5290        20.82
      1.5300        20.74
      1.5310        20.67
      1.5320        20.67
      1.5330        20.64
      1.5340        20.57
      1.5350        20.41
      1.5360        20.34
      1.5370        20.30
      1.5380        20.26
      1.5390        20.22
      1.5400        20.22
      1.5410        20.21
      1.5420        20.28
      1.5430        20.21
      1.5440        20.17
      1.5450        20.16
      1.5460        20.19
      1.5470        20.24
      1.5480        20.13
      1.5490        20.13
      1.5500        20.08
      1.5510        20.01
      1.5520        19.92
      1.5530        19.86
      1.5540        19.88
      1.5550        19.85
      1.5560        19.70
      1.5570        19.56
      1.5580        19.40
      1.5590        19.42
      1.5600        19.25
      1.5610        19.27
      1.5620        19.10
      1.5630        19.07
      1.5640        18.96
      1.5650        18.82
      1.5660        18.83
      1.5670        18.71
      1.5680        18.70
      1.5690        18.69
      1.5700        18.60
      1.5710        18.57
      1.5720        18.58
      1.5730        18.57
      1.5740        18.56
      1.5750        18.45
      1.5760        18.42
      1.5770        18.38
      1.5780        18.38
      1.5790        18.23
      1.5800        18.19
      1.5810        18.03
      1.5820        17.99
      1.5830        17.95
      1.5840        17.92
      1.5850        17.91
      1.5860        17.71
      1.5870        17.69
      1.5880        17.66
      1.5890        17.56
      1.5900        17.56
      1.5910        17.45
      1.5920        17.35
      1.5930        17.19
      1.5940        17.02
      1.5950        17.08
      1.5960        16.93
      1.5970        16.89
      1.5980        16.84
      1.5990        16.92
      1.6000        16.87
      1.6010        16.80
      1.6020        16.82
      1.6030        16.77
      1.6040        16.69
      1.6050        16.63
      1.6060        16.59
      1.6070        16.50
      1.6080        16.47
      1.6090        16.41
      1.6100        16.31
      1.6110        16.23
      1.6120        16.20
      1.6130        16.16
      1.6140        16.15
      1.6150        16.03
      1.6160        16.03
      1.6170        15.94
      1.6180        15.85
      1.6190        15.69
      1.6200        15.65
      1.6210        15.56
      1.6220        15.47
      1.6230        15.32
      1.6240        15.27
      1.6250        15.16
      1.6260        15.08
      1.6270        14.97
      1.6280        14.81
      1.6290        14.79
      1.6300        14.71
      1.6310        14.66
      1.6320        14.52
      1.6330        14.41
      1.6340        14.32
      1.6350        14.23
      1.6360        14.15
      1.6370        13.63
      1.6380        13.60
      1.6390        14.00
      1.6400        13.96
      1.6410        13.96
      1.6420        13.28
      1.6430        13.77
      1.6440        13.16
      1.6450        13.12
      1.6460        13.01
      1.6470        13.04
      1.6480        12.98
      1.6490        12.90
      1.6500        12.90
      1.6510        12.83
      1.6520        12.83
      1.6530        12.83
      1.6540        12.78
      1.6550        12.78
      1.6560        12.71
      1.6570        13.18
      1.6580        13.07
      1.6590        13.11
      1.6600        13.08
      1.6610        13.05
      1.6620        13.11
      1.6630        12.99
      1.6640        12.92
      1.6650        12.87
      1.6660        12.74
      1.6670        12.69
      1.6680        12.78
      1.6690        12.74
      1.6700        12.66
      1.6710        12.53
      1.6720        12.31
      1.6730        12.19
      1.6740        12.19
      1.6750        12.11
      1.6760        12.00
      1.6770        11.84
      1.6780        11.36
      1.6790        11.26
      1.6800        11.11
      1.6810        11.17
      1.6820        11.02
      1.6830        11.02
      1.6840        11.10
      1.6850        11.03
      1.6860        11.08
      1.6870        11.59
      1.6880        10.95
      1.6890        10.83
      1.6900        10.83
      1.6910        10.91
      1.6920        10.92
      1.6930        10.94
      1.6940        10.84
      1.6950        10.79
      1.6960        10.83
      1.6970        10.78
      1.6980        10.64
      1.6990        10.59
      1.7000        10.56
      1.7010        10.41
      1.7020        10.44
      1.7030        10.39
      1.7040        10.23
      1.7050        10.21
      1.7060        10.15
      1.7070        10.48
      1.7080        10.44
      1.7090        10.50
      1.7100         9.86
      1.7110         9.81
      1.7120         9.73
      1.7130         9.78
      1.7140        10.25
      1.7150        10.24
      1.7160        10.22
      1.7170        10.22
      1.7180        10.17
      1.7190        10.19
      1.7200        10.15
      1.7210        10.04
      1.7220        10.03
      1.7230        10.04
      1.7240        10.07
      1.7250        10.06
      1.7260        10.06
      1.7270        10.02
      1.7280         9.58
      1.7290        10.06
      1.7300        10.07
      1.7310        10.02
      1.7320        10.05
      1.7330         9.44
      1.7340         9.35
      1.7350         9.35
      1.7360         9.36
      1.7370         9.43
      1.7380         9.53
      1.7390         9.44
      1.7400         9.34
      1.7410         9.40
      1.7420         9.37
      1.7430         9.40
      1.7440         9.34
      1.7450         9.35
      1.7460         9.33
      1.7470         9.37
      1.7480         9.23
      1.7490         9.20
      1.7500         9.14
      1.7510         9.13
      1.7520         9.07
      1.7530         9.03
      1.7540         9.14
      1.7550         9.57
      1.7560         9.49
      1.7570         9.50
      1.7580         9.42
      1.7590         9.40
      1.7600         9.50
      1.7610         9.49
      1.7620         9.51
      1.7630         8.96
      1.7640         9.04
      1.7650         9.04
      1.7660         8.99
      1.7670         8.93
      1.7680         8.93
      1.7690         8.92
      1.7700         9.45
      1.7710         9.35
      1.7720         9.30
      1.7730         9.35
      1.7740         9.35
      1.7750         9.32
      1.7760         8.85
      1.7770         9.30
      1.7780         9.20
      1.7790         9.30
      1.7800         9.26
      1.7810         9.20
      1.7820         9.12
      1.7830         9.00
      1.7840         8.93
      1.7850         8.93
      1.7860         8.99
      1.7870         9.04
      1.7880         9.03
      1.7890         8.95
      1.7900         8.83
      1.7910         8.83
      1.7920         8.81
      1.7930         8.71
      1.7940         8.73
      1.7950         8.21
      1.7960         8.25
      1.7970         8.13
      1.7980         8.18
      1.7990         8.11
      1.8000         8.10
      1.8010         8.15
      1.8020         8.25
      1.8030         8.34
      1.8040         8.27
      1.8050         8.18
      1.8060         8.11
      1.8070         8.07
      1.8080         8.13
      1.8090         8.07
      1.8100         8.06
      1.8110         8.07
      1.8120         8.05
      1.8130         8.05
      1.8140         7.92
      1.8150         7.88
      1.8160         7.82
      1.8170         7.90
      1.8180         7.81
      1.8190         7.92
      1.8200         7.90
      1.8210         7.94
      1.8220         7.82
      1.8230         7.71
      1.8240         7.74
      1.8250         7.67
      1.8260         7.67
      1.8270         7.58
      1.8280         7.59
      1.8290         7.56
      1.8300         7.57
      1.8310         7.55
      1.8320         7.50
      1.8330         7.46
      1.8340         7.48
      1.8350         7.46
      1.8360         7.41
      1.8370         7.40
      1.8380         7.42
      1.8390         7.32
      1.8400         7.36
      1.8410         7.36
      1.8420         7.35
      1.8430         7.28
      1.8440         7.29
      1.8450         7.30
      1.8460         7.34
      1.8470         7.32
      1.8480         7.27
      1.8490         7.31
      1.8500         7.26
      1.8510         7.22
      1.8520         7.27
      1.8530         7.25
      1.8540         7.19
      1.8550         7.23
      1.8560         7.28
      1.8570         7.27
      1.8580         7.33
      1.8590         7.36
      1.8600         7.37
      1.8610         7.32
      1.8620         7.30
      1.8630         7.45
      1.8640         7.38
      1.8650         7.41
      1.8660         7.34
      1.8670         7.38
      1.8680         7.40
      1.8690         7.44
      1.8700         7.43
      1.8710         7.44
      1.8720         7.51
      1.8730         7.47
      1.8740         7.54
      1.8750         7.50
      1.8760         7.47
      1.8770         7.38
      1.8780         7.36
      1.8790         7.35
      1.8800         7.27
      1.8810         7.24
      1.8820         7.26
      1.8830         7.21
      1.8840         7.22
      1.8850         7.24
      1.8860         7.21
      1.8870         7.22
      1.8880         7.19
      1.8890         7.11
      1.8900         7.17
      1.8910         7.13
      1.8920         7.03
      1.8930         7.06
      1.8940         7.00
      1.8950         6.98
      1.8960         6.92
      1.8970         6.94
      1.8980         6.88
      1.8990         6.83
      1.9000         6.80
      1.9010         6.73
      1.9020         6.60
      1.9030         6.57
      1.9040         6.57
      1.9050         6.55
      1.9060         6.46
      1.9070         6.50
      1.9080         6.47
      1.9090         6.42
      1.9100         6.39
      1.9110         6.42
      1.9120         6.43
      1.9130         6.43
      1.9140         6.46
      1.9150         6.44
      1.9160         6.41
      1.9170         6.48
      1.9180         6.43
      1.9190         6.48
      1.9200         6.45
      1.9210         6.49
      1.9220         6.53
      1.9230         6.53
      1.9240         6.45
      1.9250         6.39
      1.9260         6.49
      1.9270         6.41
      1.9280         6.33
      1.9290         6.33
      1.9300         6.36
      1.9310         6.29
      1.9320         6.21
      1.9330         6.13
      1.9340         6.09
      1.9350         6.15
      1.9360         6.11
      1.9370         6.00
      1.9380         6.06
      1.9390         6.00
      1.9400         6.03
      1.9410         6.04
      1.9420         6.02
      1.9430         6.02
      1.9440         6.03
      1.9450         6.07
      1.9460         6.06
      1.9470         5.95
      1.9480         6.04
      1.9490         6.04
      1.9500         6.06
      1.9510         6.11
      1.9520         6.12
      1.9530         6.14
      1.9540         6.18
      1.9550         6.16
      1.9560         6.16
      1.9570         6.11
      1.9580         6.02
      1.9590         5.99
      1.9600         6.42
      1.9610         6.30
      1.9620         5.71
      1.9630         6.27
      1.9640         6.29
      1.9650         6.25
      1.9660         6.20
      1.9670         6.33
      1.9680         5.72
      1.9690         6.26
      1.9700         6.23
      1.9710         6.21
      1.9720         6.14
      1.9730         5.61
      1.9740         6.05
      1.9750         5.92
      1.9760         5.96
      1.9770         6.05
      1.9780         6.05
      1.9790         6.10
      1.9800         5.56
      1.9810         5.60
      1.9820         5.65
      1.9830         5.53
      1.9840         5.51
      1.9850         5.44
      1.9860         5.39
      1.9870         5.26
      1.9880         5.17
      1.9890         5.13
      1.9900         5.05
      1.9910         5.04
      1.9920         5.04
      1.9930         5.08
      1.9940         5.17
      1.9950         5.21
      1.9960         5.21
      1.9970         5.17
      1.9980         5.10
      1.9990         4.99
      2.0000         4.97
      2.0010         5.02
      2.0020         4.98
      2.0030         5.01
      2.0040         4.99
      2.0050         5.01
      2.0060         4.95
      2.0070         5.02
      2.0080         5.10
      2.0090         5.10
      2.0100         5.07
      2.0110         5.03
      2.0120         5.02
      2.0130         5.04
      2.0140         4.95
      2.0150         4.92
      2.0160         4.92
      2.0170         4.94
      2.0180         5.01
      2.0190         5.02
      2.0200         5.14
      2.0210         5.07
      2.0220         5.06
      2.0230         5.02
      2.0240         5.06
      2.0250         5.05
      2.0260         5.10
      2.0270         5.14
      2.0280         5.06
      2.0290         5.11
      2.0300         5.23
      2.0310         5.22
      2.0320         5.27
      2.0330         5.17
      2.0340         5.11
      2.0350         5.08
      2.0360         5.07
      2.0370         5.06
      2.0380         4.98
      2.0390         4.94
      2.0400         4.81
      2.0410         4.80
      2.0420         4.79
      2.0430         4.79
      2.0440         4.76
      2.0450         4.72
      2.0460         4.70
      2.0470         4.66
      2.0480         4.69
      2.0490         4.61
      2.0500         4.49
      2.0510         4.57
      2.0520         4.46
      2.0530         4.49
      2.0540         4.50
      2.0550         4.54
      2.0560         4.55
      2.0570         4.48
      2.0580         4.47
      2.0590         4.47
      2.0600         4.46
      2.0610         4.49
      2.0620         4.44
      2.0630         4.47
      2.0640         4.43
      2.0650         4.52
      2.0660         4.50
      2.0670         4.33
      2.0680         4.30
      2.0690         4.34
      2.0700         4.34
      2.0710         4.29
      2.0720         4.26
      2.0730         4.26
      2.0740         4.22
      2.0750         4.16
      2.0760         4.09
      2.0770         4.18
      2.0780         4.31
      2.0790         4.35
      2.0800         4.32
      2.0810         4.32
      2.0820         4.33
      2.0830         4.23
      2.0840         4.32
      2.0850         4.21
      2.0860         4.17
      2.0870         4.29
      2.0880         4.35
      2.0890         4.26
      2.0900         4.28
      2.0910         4.26
      2.0920         4.42
      2.0930         4.38
      2.0940         4.38
      2.0950         4.38
      2.0960         4.42
      2.0970         4.40
      2.0980         4.32
      2.0990         4.28
      2.1000         4.26
      2.1010         4.21
      2.1020         4.22
      2.1030         4.21
      2.1040         4.17
      2.1050         4.18
      2.1060         4.24
      2.1070         4.20
      2.1080         4.09
      2.1090         4.20
      2.1100         4.14
      2.1110         4.21
      2.1120         4.09
      2.1130         4.17
      2.1140         4.24
      2.1150         4.21
      2.1160         4.20
      2.1170         4.30
      2.1180         4.23
      2.1190         4.33
      2.1200         4.43
      2.1210         4.42
      2.1220         4.40
      2.1230         4.44
      2.1240         4.47
      2.1250         4.47
      2.1260         4.44
      2.1270         4.46
      2.1280         4.48
      2.1290         4.44
      2.1300         4.46
      2.1310         4.36
      2.1320         4.35
      2.1330         4.20
      2.1340         4.15
      2.1350         4.22
      2.1360         4.13
      2.1370         3.98
      2.1380         4.03
      2.1390         3.95
      2.1400         3.82
      2.1410         3.81
      2.1420         3.77
      2.1430         3.77
      2.1440         3.66
      2.1450         3.69
      2.1460         3.71
      2.1470         3.66
      2.1480         3.66
      2.1490         3.66
      2.1500         3.59
      2.1510         3.60
      2.1520         3.68
      2.1530         3.78
      2.1540         3.80
      2.1550         3.76
      2.1560         3.82
      2.1570         3.78
      2.1580         3.74
      2.1590         3.67
      2.1600         3.75
      2.1610         3.79
      2.1620         3.87
      2.1630         3.87
      2.1640         3.91
      2.1650         3.86
      2.1660         3.88
      2.1670         3.94
      2.1680         3.97
      2.1690         3.90
      2.1700         3.98
      2.1710         3.95
      2.1720         3.81
      2.1730         3.77
      2.1740         3.72
      2.1750         3.67
      2.1760         3.70
      2.1770         3.76
      2.1780         3.79
      2.1790         3.83
      2.1800         3.80
      2.1810         3.77
      2.1820         3.71
      2.1830         3.73
      2.1840         3.75
      2.1850         3.78
      2.1860         3.71
      2.1870         3.68
      2.1880         3.64
      2.1890         3.67
      2.1900         3.62
      2.1910         3.62
      2.1920         3.69
      2.1930         3.70
      2.1940         3.66
      2.1950         3.20
      2.1960         3.14
      2.1970         3.10
      2.1980         3.10
      2.1990         3.06
      2.2000         3.04
      2.2010         3.57
      2.2020         3.58
      2.2030         3.61
      2.2040         3.51
      2.2050         3.48
      2.2060         3.52
      2.2070         3.62
      2.2080         3.56
      2.2090         3.52
      2.2100         3.59
      2.2110         3.52
      2.2120         3.57
      2.2130         3.60
      2.2140         3.61
      2.2150         3.57
      2.2160         3.61
      2.2170         3.70
      2.2180         3.68
      2.2190         3.71
      2.2200         3.65
      2.2210         3.59
      2.2220         3.60
      2.2230         3.60
      2.2240         3.78
      2.2250         3.79
      2.2260         3.80
      2.2270         3.76
      2.2280         3.83
      2.2290         3.82
      2.2300         3.82
      2.2310         3.80
      2.2320         3.79
      2.2330         3.76
      2.2340         3.79
      2.2350         3.81
      2.2360         3.89
      2.2370         3.85
      2.2380         3.78
      2.2390         3.74
      2.2400         3.80
      2.2410         3.80
      2.2420         3.76
      2.2430         3.69
      2.2440         3.56
      2.2450         3.56
      2.2460         3.49
      2.2470         3.41
      2.2480         3.38
      2.2490         3.42
      2.2500         3.37
      2.2510         3.52
      2.2520         3.48
      2.2530         3.48
      2.2540         3.41
      2.2550         3.41
      2.2560         3.37
      2.2570         3.37
      2.2580         3.48
      2.2590         3.44
      2.2600         3.41
      2.2610         3.43
      2.2620         3.48
      2.2630         3.48
      2.2640         3.57
      2.2650         3.59
      2.2660         3.62
      2.2670         3.66
      2.2680         3.73
      2.2690         3.72
      2.2700         3.76
      2.2710         3.69
      2.2720         3.65
      2.2730         3.64
      2.2740         3.75
      2.2750         3.69
      2.2760         3.65
      2.2770         3.64
      2.2780         3.61
      2.2790         3.57
      2.2800         3.52
      2.2810         3.45
      2.2820         3.37
      2.2830         3.34
      2.2840         2.83
      2.2850         2.81
      2.2860         2.84
      2.2870         2.76
      2.2880         2.69
      2.2890         2.67
      2.2900         2.53
      2.2910         2.52
      2.2920         2.52
      2.2930         3.06
      2.2940         3.01
      2.2950         3.14
      2.2960         3.21
      2.2970         3.19
      2.2980         3.17
      2.2990         3.33
      2.3000         3.37
      2.3010         3.46
      2.3020         3.53
      2.3030         3.54
      2.3040         3.64
      2.3050         3.69
      2.3060         3.64
      2.3070         3.77
      2.3080         3.76
      2.3090         3.80
      2.3100         3.82
      2.3110         3.77
      2.3120         3.82
      2.3130         3.74
      2.3140         3.71
      2.3150         3.66
      2.3160         3.68
      2.3170         3.67
      2.3180         3.78
      2.3190         3.68
      2.3200         3.73
      2.3210         3.77
      2.3220         3.77
      2.3230         3.81
      2.3240         3.66
      2.3250         3.73
      2.3260         3.70
      2.3270         3.58
      2.3280         3.69
      2.3290         3.74
      2.3300         3.75
      2.3310         3.82
      2.3320         3.86
      2.3330         3.94
      2.3340         3.91
      2.3350         3.90
      2.3360         3.79
      2.3370         3.82
      2.3380         3.75
      2.3390         3.78
      2.3400         3.77
      2.3410         3.66
      2.3420         3.68
      2.3430         3.72
      2.3440         3.81
      2.3450         3.73
      2.3460         3.73
      2.3470         3.79
      2.3480         3.79
      2.3490         3.78
      2.3500         3.83
      2.3510         3.75
      2.3520         3.63
      2.3530         3.52
      2.3540         3.61
      2.3550         3.56
      2.3560         3.60
      2.3570         3.53
      2.3580         3.49
      2.3590         3.52
      2.3600         3.44
      2.3610         3.52
      2.3620         3.52
      2.3630         3.52
      2.3640         3.53
      2.3650         3.51
      2.3660         3.55
      2.3670         3.57
      2.3680         3.59
      2.3690         3.55
      2.3700         3.51
      2.3710         3.52
      2.3720         3.57
      2.3730         3.63
      2.3740         3.55
      2.3750         3.63
      2.3760         3.59
      2.3770         3.71
      2.3780         3.82
      2.3790         3.83
      2.3800         3.90
      2.3810         3.88
      2.3820         3.88
      2.3830         3.88
      2.3840         3.83
      2.3850         3.89
      2.3860         3.84
      2.3870         3.83
      2.3880         3.73
      2.3890         3.71
      2.3900         3.72
      2.3910         3.73
      2.3920         3.71
      2.3930         3.73
      2.3940         3.76
      2.3950         3.75
      2.3960         3.84
      2.3970         3.73
      2.3980         3.57
      2.3990         3.49
      2.4000         3.51
      2.4010         3.44
      2.4020         3.44
      2.4030         3.39
      2.4040         3.33
      2.4050         3.27
      2.4060         3.29
      2.4070         3.31
      2.4080         3.27
      2.4090         3.27
      2.4100         3.32
      2.4110         3.33
      2.4120         3.36
      2.4130         3.37
      2.4140         3.36
      2.4150         3.37
      2.4160         3.35
      2.4170         3.43
      2.4180         3.53
      2.4190         3.55
      2.4200         3.55
      2.4210         3.60
      2.4220         3.60
      2.4230         3.51
      2.4240         3.58
      2.4250         3.62
      2.4260         3.66
      2.4270         3.58
      2.4280         3.13
      2.4290         3.18
      2.4300         3.13
      2.4310         3.13
      2.4320         3.14
      2.4330         3.10
      2.4340         3.59
      2.4350         3.57
      2.4360         3.51
      2.4370         3.46
      2.4380         3.44
      2.4390         3.48
      2.4400         3.40
      2.4410         3.44
      2.4420         3.44
      2.4430         3.52
      2.4440         3.53
      2.4450         3.59
      2.4460         3.63
      2.4470         3.75
      2.4480         3.83
      2.4490         3.83
      2.4500         3.92
      2.4510         3.99
      2.4520         3.99
      2.4530         3.97
      2.4540         3.94
      2.4550         3.97
      2.4560         3.98
      2.4570         3.99
      2.4580         4.02
      2.4590         4.05
      2.4600         4.03
      2.4610         3.94
      2.4620         3.90
      2.4630         3.94
      2.4640         3.90
      2.4650         3.85
      2.4660         3.79
      2.4670         3.82
      2.4680         3.85
      2.4690         3.91
      2.4700         3.91
      2.4710         3.92
      2.4720         3.92
      2.4730         4.07
      2.4740         4.06
      2.4750         4.09
      2.4760         4.07
      2.4770         4.18
      2.4780         4.13
      2.4790         4.04
      2.4800         4.07
      2.4810         4.19
      2.4820         4.20
      2.4830         4.18
      2.4840         4.20
      2.4850         4.22
      2.4860         4.24
      2.4870         4.18
      2.4880         4.06
      2.4890         4.02
      2.4900         3.95
      2.4910         3.93
      2.4920         3.85
      2.4930         3.78
      2.4940         3.84
      2.4950         3.85
      2.4960         3.90
      2.4970         3.84
      2.4980         3.88
      2.4990         3.92
      2.5000         3.99
      2.5010         3.96
      2.5020         4.08
      2.5030         4.11
      2.5040         4.08
      2.5050         4.08
      2.5060         4.10
      2.5070         4.11
      2.5080         4.14
      2.5090         4.14
      2.5100         4.21
      2.5110         4.19
      2.5120         4.22
      2.5130         4.18
      2.5140         4.13
      2.5150         4.10
      2.5160         4.05
      2.5170         3.97
      2.5180         3.97
      2.5190         3.97
      2.5200         4.00
      2.5210         3.94
      2.5220         3.81
      2.5230         3.84
      2.5240         3.90
      2.5250         3.97
      2.5260         3.99
      2.5270         3.98
      2.5280         3.99
      2.5290         3.94
      2.5300         3.97
      2.5310         3.94
      2.5320         3.93
      2.5330         3.96
      2.5340         4.03
      2.5350         3.96
      2.5360         3.99
      2.5370         4.09
      2.5380         4.07
      2.5390         4.07
      2.5400         4.10
      2.5410         4.14
      2.5420         4.20
      2.5430         4.16
      2.5440         4.09
      2.5450         4.04
      2.5460         3.93
      2.5470         3.97
      2.5480         4.00
      2.5490         4.03
      2.5500         3.96
      2.5510         3.91
      2.5520         3.93
      2.5530         3.89
      2.5540         3.91
      2.5550         3.95
      2.5560         3.96
      2.5570         3.93
      2.5580         3.97
      2.5590         4.00
      2.5600         3.90
      2.5610         3.89
      2.5620         3.91
      2.5630         3.97
      2.5640         4.01
      2.5650         3.90
      2.5660         3.94
      2.5670         3.89
      2.5680         3.90
      2.5690         3.91
      2.5700         3.96
      2.5710         4.05
      2.5720         4.01
      2.5730         4.08
      2.5740         4.01
      2.5750         4.00
      2.5760         3.88
      2.5770         3.89
      2.5780         3.85
      2.5790         3.36
      2.5800         3.39
      2.5810         3.39
      2.5820         3.37
      2.5830         3.36
      2.5840         3.33
      2.5850         3.89
      2.5860         3.86
      2.5870         3.90
      2.5880         3.86
      2.5890         3.84
      2.5900         3.77
      2.5910         3.70
      2.5920         3.75
      2.5930         3.73
      2.5940         3.78
      2.5950         3.79
      2.5960         3.87
      2.5970         3.83
      2.5980         3.84
      2.5990         3.83
      2.6000         3.83
      2.6010         3.82
      2.6020         3.79
      2.6030         3.71
      2.6040         3.70
      2.6050         3.69
      2.6060         3.71
      2.6070         3.65
      2.6080         3.69
      2.6090         3.77
      2.6100         3.81
      2.6110         3.82
      2.6120         3.79
      2.6130         3.79
      2.6140         3.78
      2.6150         3.74
      2.6160         3.72
      2.6170         3.79
      2.6180         3.76
      2.6190         3.82
      2.6200         3.86
      2.6210         3.86
      2.6220         3.82
      2.6230         3.84
      2.6240         3.82
      2.6250         3.85
      2.6260         3.82
      2.6270         3.89
      2.6280         3.87
      2.6290         3.75
      2.6300         3.66
      2.6310         3.73
      2.6320         3.71
      2.6330         3.67
      2.6340         3.12
      2.6350         3.69
      2.6360         3.82
      2.6370         3.84
      2.6380         3.86
      2.6390         3.82
      2.6400         3.78
      2.6410         3.84
      2.6420         3.93
      2.6430         3.97
      2.6440         4.02
      2.6450         4.01
      2.6460         4.05
      2.6470         4.05
      2.6480         4.03
      2.6490         4.09
      2.6500         4.22
      2.6510         4.10
      2.6520         4.11
      2.6530         4.13
      2.6540         4.17
      2.6550         4.15
      2.6560         4.13
      2.6570         3.98
      2.6580         3.90
      2.6590         3.90
      2.6600         3.85
      2.6610         3.77
      2.6620         3.73
      2.6630         3.75
      2.6640         3.75
      2.6650         3.67
      2.6660         3.67
      2.6670         3.66
      2.6680         3.61
      2.6690         3.14
      2.6700         3.10
      2.6710         3.09
      2.6720         3.13
      2.6730         3.70
      2.6740         3.67
      2.6750         3.68
      2.6760         3.71
      2.6770         3.76
      2.6780         3.86
      2.6790         3.88
      2.6800         3.91
      2.6810         4.05
      2.6820         4.01
      2.6830         3.93
      2.6840         3.87
      2.6850         3.90
      2.6860         3.85
      2.6870         3.78
      2.6880         3.83
      2.6890         3.84
      2.6900         3.84
      2.6910         3.92
      2.6920         3.88
      2.6930         3.89
      2.6940         3.89
      2.6950         3.42
      2.6960         3.40
      2.6970         3.42
      2.6980         3.89
      2.6990         3.92
      2.7000         3.99
      2.7010         3.92
      2.7020         3.97
      2.7030         3.40
      2.7040         3.97
      2.7050         4.01
      2.7060         4.01
      2.7070         4.08
      2.7080         4.14
      2.7090         4.17
      2.7100         4.24
      2.7110         4.22
      2.7120         4.22
      2.7130         4.12
      2.7140         4.12
      2.7150         4.13
      2.7160         4.15
      2.7170         4.09
      2.7180         4.05
      2.7190         4.00
      2.7200         4.01
      2.7210         4.01
      2.7220         3.44
      2.7230         4.03
      2.7240         3.51
      2.7250         3.95
      2.7260         3.44
      2.7270         3.43
      2.7280         3.40
      2.7290         3.37
      2.7300         3.33
      2.7310         3.81
      2.7320         3.86
      2.7330         3.90
      2.7340         3.94
      2.7350         3.90
      2.7360         3.86
      2.7370         3.91
      2.7380         4.06
      2.7390         4.08
      2.7400         4.05
      2.7410         4.01
      2.7420         4.05
      2.7430         4.00
      2.7440         4.02
      2.7450         4.07
      2.7460         4.13
      2.7470         4.15
      2.7480         4.12
      2.7490         4.20
      2.7500         4.22
      2.7510         3.68
      2.7520         3.68
      2.7530         3.68
      2.7540         3.73
      2.7550         3.67
      2.7560         4.24
      2.7570         4.30
      2.7580         4.20
      2.7590         4.22
      2.7600         4.23
      2.7610         4.31
      2.7620         4.37
      2.7630         4.44
      2.7640         4.41
      2.7650         4.40
      2.7660         4.42
      2.7670         4.44
      2.7680         4.52
      2.7690         4.49
      2.7700         4.45
      2.7710         4.41
      2.7720         4.48
      2.7730         4.52
      2.7740         4.44
      2.7750         4.46
      2.7760         4.37
      2.7770         4.29
      2.7780         4.29
      2.7790         4.32
      2.7800         4.32
      2.7810         4.32
      2.7820         4.30
      2.7830         4.22
      2.7840         4.31
      2.7850         4.37
      2.7860         4.35
      2.7870         4.41
      2.7880         4.35
      2.7890         4.31
      2.7900         4.40
      2.7910         4.36
      2.7920         4.27
      2.7930         4.19
      2.7940         4.22
      2.7950         4.19
      2.7960         4.24
      2.7970         4.31
      2.7980         4.32
      2.7990         4.28
      2.8000         4.31
      2.8010         4.27
      2.8020         4.29
      2.8030         4.35
      2.8040         4.31
      2.8050         4.25
      2.8060         4.20
      2.8070         4.19
      2.8080         4.12
      2.8090         4.15
      2.8100         4.08
      2.8110         4.15
      2.8120         4.24
      2.8130         4.20
      2.8140         4.16
      2.8150         4.24
      2.8160         4.30
      2.8170         4.24
      2.8180         4.22
      2.8190         4.27
      2.8200         4.27
      2.8210         4.21
      2.8220         4.20
      2.8230         4.27
      2.8240         4.25
      2.8250         4.21
      2.8260         4.26
      2.8270         4.20
      2.8280         4.25
      2.8290         4.26
      2.8300         4.28
      2.8310         4.29
      2.8320         4.29
      2.8330         4.37
      2.8340         4.43
      2.8350         4.47
      2.8360         4.36
      2.8370         4.43
      2.8380         4.44
      2.8390         4.44
      2.8400         4.39
      2.8410         4.47
      2.8420         4.46
      2.8430         4.44
      2.8440         4.50
      2.8450         4.61
      2.8460         4.57
      2.8470         4.61
      2.8480         4.67
      2.8490         4.63
      2.8500         4.71
      2.8510         4.76
      2.8520         4.70
      2.8530         4.72
      2.8540         4.76
      2.8550         4.70
      2.8560         4.72
      2.8570         4.70
      2.8580         4.67
      2.8590         4.66
      2.8600         4.70
      2.8610         4.70
      2.8620         4.75
      2.8630         4.74
      2.8640         4.59
      2.8650         4.51
      2.8660         4.57
      2.8670         4.51
      2.8680         4.46
      2.8690         4.42
      2.8700         4.35
      2.8710         3.86
      2.8720         3.88
      2.8730         3.85
      2.8740         3.81
      2.8750         3.77
      2.8760         3.73
      2.8770         3.68
      2.8780         3.64
      2.8790         3.60
      2.8800         3.60
      2.8810         3.56
      2.8820         4.08
      2.8830         4.01
      2.8840         4.09
      2.8850         4.12
      2.8860         4.11
      2.8870         4.16
      2.8880         4.14
      2.8890         4.23
      2.8900         4.27
      2.8910         4.35
      2.8920         4.36
      2.8930         4.35
      2.8940         4.33
      2.8950         4.37
      2.8960         4.36
      2.8970         4.32
      2.8980         4.27
      2.8990         4.23
      2.9000         4.19
      2.9010         4.19
      2.9020         4.06
      2.9030         4.11
      2.9040         4.13
      2.9050         4.15
      2.9060         4.10
      2.9070         4.16
      2.9080         4.25
      2.9090         4.22
      2.9100         4.18
      2.9110         4.10
      2.9120         4.07
      2.9130         4.14
      2.9140         4.25
      2.9150         4.21
      2.9160         4.26
      2.9170         4.27
      2.9180         4.38
      2.9190         4.44
      2.9200         4.46
      2.9210         4.54
      2.9220         4.52
      2.9230         4.45
      2.9240         4.41
      2.9250         4.40
      2.9260         4.39
      2.9270         4.31
      2.9280         4.18
      2.9290         4.14
      2.9300         4.14
      2.9310         4.19
      2.9320         4.23
      2.9330         4.17
      2.9340         4.20
      2.9350         4.25
      2.9360         4.16
      2.9370         4.20
      2.9380         4.22
      2.9390         4.22
      2.9400         4.26
      2.9410         4.21
      2.9420         4.28
      2.9430         4.32
      2.9440         4.33
      2.9450         4.36
      2.9460         4.48
      2.9470         4.46
      2.9480         4.56
      2.9490         4.61
      2.9500         4.56
      2.9510         4.51
      2.9520         4.52
      2.9530         4.55
      2.9540         4.47
      2.9550         4.37
      2.9560         4.42
      2.9570         4.37
      2.9580         4.31
      2.9590         4.30
      2.9600         4.23
      2.9610         4.27
      2.9620         4.33
      2.9630         4.40
      2.9640         4.40
      2.9650         4.35
      2.9660         4.29
      2.9670         4.33
      2.9680         4.41
      2.9690         4.36
      2.9700         4.40
      2.9710         4.39
      2.9720         4.38
      2.9730         4.35
      2.9740         4.31
      2.9750         4.38
      2.9760         4.38
      2.9770         4.38
      2.9780         4.40
      2.9790         4.36
      2.9800         4.32
      2.9810         4.20
      2.9820         4.16
      2.9830         4.10
      2.9840         4.05
      2.9850         4.08
      2.9860         4.04
      2.9870         4.11
      2.9880         3.92
      2.9890         4.00
      2.9900         4.07
      2.9910         4.15
      2.9920         4.19
      2.9930         4.25
      2.9940         4.32
      2.9950         4.25
      2.9960         4.33
      2.9970         4.32
      2.9980         4.23
      2.9990         4.19
