        Time   Palpation Force
      0.0000         1.00
      0.0010         1.00
      0.0020         1.00
      0.0030         1.00
      0.0040         1.00
      0.0050         1.00
      0.0060         1.00
      0.0070         1.00
      0.0080         1.00
      0.0090         1.00
      0.0100         1.00
      0.0110         1.00
      0.0120         1.00
      0.0130         1.00
      0.0140         1.00
      0.0150         1.00
      0.0160         1.00
      0.0170         1.00
      0.0180         1.00
      0.0190         1.00
      0.0200         1.00
      0.0210         1.00
      0.0220         1.00
      0.0230         1.00
      0.0240         1.00
      0.0250         1.00
      0.0260         1.00
      0.0270         1.00
      0.0280         1.00
      0.0290         1.00
      0.0300         1.00
      0.0310         1.00
      0.0320         1.00
      0.0330         1.00
      0.0340         1.00
      0.0350         1.00
      0.0360         1.00
      0.0370         1.00
      0.0380         1.00
      0.0390         1.00
      0.0400         1.00
      0.0410         1.00
      0.0420         1.00
      0.0430         1.00
      0.0440         1.00
      0.0450         1.00
      0.0460         1.00
      0.0470         1.00
      0.0480         1.00
      0.0490         1.00
      0.0500         1.00
      0.0510         1.00
      0.0520         1.00
      0.0530         1.00
      0.0540         1.00
      0.0550         1.00
      0.0560         1.00
      0.0570         1.00
      0.0580         1.00
      0.0590         1.00
      0.0600         1.00
      0.0610         1.00
      0.0620         1.00
      0.0630         1.00
      0.0640         1.00
      0.0650         1.00
      0.0660         1.00
      0.0670         1.00
      0.0680         1.00
      0.0690         1.00
      0.0700         1.00
      0.0710         1.00
      0.0720         1.00
      0.0730         1.00
      0.0740         1.00
      0.0750         1.00
      0.0760         1.00
      0.0770         1.00
      0.0780         1.00
      0.0790         1.00
      0.0800         1.00
      0.0810         1.00
      0.0820         1.00
      0.0830         1.00
      0.0840         1.00
      0.0850         1.00
      0.0860         1.00
      0.0870         1.00
      0.0880         1.00
      0.0890         1.00
      0.0900         1.00
      0.0910         1.00
      0.0920         1.00
      0.0930         1.00
      0.0940         1.00
      0.0950         1.00
      0.0960         1.00
      0.0970         1.00
      0.0980         1.00
      0.0990         1.00
      0.1000         1.00
      0.1010         1.00
      0.1020         1.00
      0.1030         1.00
      0.1040         1.00
      0.1050         1.00
      0.1060         1.00
      0.1070         1.00
      0.1080         1.00
      0.1090         1.00
      0.1100         1.00
      0.1110         1.00
      0.1120         1.00
      0.1130         1.00
      0.1140         1.00
      0.1150         1.00
      0.1160         1.00
      0.1170         1.00
      0.1180         1.00
      0.1190         1.00
      0.1200         1.00
      0.1210         1.00
      0.1220         1.00
      0.1230         1.00
      0.1240         1.00
      0.1250         1.00
      0.1260         1.00
      0.1270         1.00
      0.1280         1.00
      0.1290         1.00
      0.1300         1.00
      0.1310         1.00
      0.1320         1.00
      0.1330         1.00
      0.1340         1.00
      0.1350         1.00
      0.1360         1.00
      0.1370         1.00
      0.1380         1.00
      0.1390         1.00
      0.1400         1.00
      0.1410         1.00
      0.1420         1.00
      0.1430         1.00
      0.1440         1.00
      0.1450         1.00
      0.1460         1.00
      0.1470         1.00
      0.1480         1.00
      0.1490         1.00
      0.1500         1.00
      0.1510         1.00
      0.1520         1.00
      0.1530         1.00
      0.1540         1.00
      0.1550         1.00
      0.1560         1.00
      0.1570         1.00
      0.1580         1.00
      0.1590         1.00
      0.1600         1.00
      0.1610         1.00
      0.1620         1.00
      0.1630         1.00
      0.1640         1.00
      0.1650         1.00
      0.1660         1.00
      0.1670         1.00
      0.1680         1.00
      0.1690         1.00
      0.1700         1.00
      0.1710         1.00
      0.1720         1.00
      0.1730         1.00
      0.1740         1.00
      0.1750         1.00
      0.1760         1.00
      0.1770         1.00
      0.1780         1.00
      0.1790         1.00
      0.1800         1.00
      0.1810         1.00
      0.1820         1.00
      0.1830         1.00
      0.1840         1.00
      0.1850         1.00
      0.1860         1.00
      0.1870         1.00
      0.1880         1.00
      0.1890         1.00
      0.1900         1.00
      0.1910         1.00
      0.1920         1.00
      0.1930         1.00
      0.1940         1.00
      0.1950         1.00
      0.1960         1.00
      0.1970         1.00
      0.1980         1.00
      0.1990         1.00
      0.2000         1.00
      0.2010         1.00
      0.2020         1.00
      0.2030         1.00
      0.2040         1.00
      0.2050         1.00
      0.2060         1.00
      0.2070         1.00
      0.2080         1.00
      0.2090         1.00
      0.2100         1.00
      0.2110         1.00
      0.2120         1.00
      0.2130         1.00
      0.2140         1.00
      0.2150         1.00
      0.2160         1.00
      0.2170         1.00
      0.2180         1.00
      0.2190         1.00
      0.2200         1.00
      0.2210         1.00
      0.2220         1.00
      0.2230         1.00
      0.2240         1.00
      0.2250         1.00
      0.2260         1.00
      0.2270         1.00
      0.2280         1.00
      0.2290         1.00
      0.2300         1.00
      0.2310         1.00
      0.2320         1.00
      0.2330         1.00
      0.2340         1.00
      0.2350         1.00
      0.2360         1.00
      0.2370         1.00
      0.2380         1.00
      0.2390         1.00
      0.2400         1.00
      0.2410         1.00
      0.2420         1.00
      0.2430         1.00
      0.2440         1.00
      0.2450         1.00
      0.2460         1.00
      0.2470         1.00
      0.2480         1.00
      0.2490         1.00
      0.2500         1.00
      0.2510         1.00
      0.2520         1.00
      0.2530         1.00
      0.2540         1.00
      0.2550         1.00
      0.2560         1.00
      0.2570         1.00
      0.2580         1.00
      0.2590         1.00
      0.2600         1.00
      0.2610         1.00
      0.2620         1.00
      0.2630         1.00
      0.2640         1.00
      0.2650         1.00
      0.2660         1.00
      0.2670         1.00
      0.2680         1.00
      0.2690         1.00
      0.2700         1.00
      0.2710         1.00
      0.2720         1.00
      0.2730         1.00
      0.2740         1.00
      0.2750         1.00
      0.2760         1.00
      0.2770         1.00
      0.2780         1.00
      0.2790         1.00
      0.2800         1.00
      0.2810         1.00
      0.2820         1.00
      0.2830         1.00
      0.2840         1.00
      0.2850         1.00
      0.2860         1.00
      0.2870         1.00
      0.2880         1.00
      0.2890         1.00
      0.2900         1.00
      0.2910         1.00
      0.2920         1.00
      0.2930         1.00
      0.2940         1.00
      0.2950         1.00
      0.2960         1.00
      0.2970         1.00
      0.2980         1.00
      0.2990         1.00
      0.3000         1.00
      0.3010         1.00
      0.3020         1.00
      0.3030         1.00
      0.3040         1.00
      0.3050         1.00
      0.3060         1.00
      0.3070         1.00
      0.3080         1.00
      0.3090         1.00
      0.3100         1.00
      0.3110         1.00
      0.3120         1.00
      0.3130         1.00
      0.3140         1.00
      0.3150         1.00
      0.3160         1.00
      0.3170         1.00
      0.3180         1.00
      0.3190         1.00
      0.3200         1.00
      0.3210         1.00
      0.3220         1.00
      0.3230         1.00
      0.3240         1.00
      0.3250         1.00
      0.3260         1.00
      0.3270         1.00
      0.3280         1.00
      0.3290         1.00
      0.3300         1.00
      0.3310         1.00
      0.3320         1.00
      0.3330         1.00
      0.3340         1.00
      0.3350         1.00
      0.3360         1.00
      0.3370         1.00
      0.3380         1.00
      0.3390         1.00
      0.3400         1.00
      0.3410         1.00
      0.3420         1.00
      0.3430         1.00
      0.3440         1.00
      0.3450         1.00
      0.3460         1.00
      0.3470         1.00
      0.3480         1.00
      0.3490         1.00
      0.3500         1.00
      0.3510         1.00
      0.3520         1.00
      0.3530         1.00
      0.3540         1.00
      0.3550         1.00
      0.3560         1.00
      0.3570         1.00
      0.3580         1.00
      0.3590         1.00
      0.3600         1.00
      0.3610         1.00
      0.3620         1.00
      0.3630         1.00
      0.3640         1.00
      0.3650         1.00
      0.3660         1.00
      0.3670         1.00
      0.3680         1.00
      0.3690         1.00
      0.3700         1.00
      0.3710         1.00
      0.3720         1.00
      0.3730         1.00
      0.3740         1.00
      0.3750         1.00
      0.3760         1.00
      0.3770         1.00
      0.3780         1.00
      0.3790         1.00
      0.3800         1.00
      0.3810         1.00
      0.3820         1.00
      0.3830         1.00
      0.3840         1.00
      0.3850         1.00
      0.3860         1.00
      0.3870         1.00
      0.3880         1.00
      0.3890         1.00
      0.3900         1.00
      0.3910         1.00
      0.3920         1.00
      0.3930         1.00
      0.3940         1.00
      0.3950         1.00
      0.3960         1.00
      0.3970         1.00
      0.3980         1.00
      0.3990         1.00
      0.4000         1.00
      0.4010         1.00
      0.4020         1.00
      0.4030         1.00
      0.4040         1.00
      0.4050         1.00
      0.4060         1.00
      0.4070         1.00
      0.4080         1.00
      0.4090         1.00
      0.4100         1.00
      0.4110         1.00
      0.4120         1.00
      0.4130         1.00
      0.4140         1.00
      0.4150         1.00
      0.4160         1.00
      0.4170         1.00
      0.4180         1.00
      0.4190         1.00
      0.4200         1.00
      0.4210         1.00
      0.4220         1.00
      0.4230         1.00
      0.4240         1.00
      0.4250         1.00
      0.4260         1.00
      0.4270         1.00
      0.4280         1.00
      0.4290         1.00
      0.4300         1.00
      0.4310         1.00
      0.4320         1.00
      0.4330         1.00
      0.4340         1.00
      0.4350         1.00
      0.4360         1.00
      0.4370         1.00
      0.4380         1.00
      0.4390         1.00
      0.4400         1.00
      0.4410         1.00
      0.4420         1.00
      0.4430         1.00
      0.4440         1.00
      0.4450         1.00
      0.4460         1.00
      0.4470         1.00
      0.4480         1.00
      0.4490         1.00
      0.4500         1.00
      0.4510         1.00
      0.4520         1.00
      0.4530         1.00
      0.4540         1.00
      0.4550         1.00
      0.4560         1.00
      0.4570         1.00
      0.4580         1.00
      0.4590         1.00
      0.4600         1.00
      0.4610         1.00
      0.4620         1.00
      0.4630         1.00
      0.4640         1.00
      0.4650         1.00
      0.4660         1.00
      0.4670         1.00
      0.4680         1.00
      0.4690         1.00
      0.4700         1.00
      0.4710         1.00
      0.4720         1.00
      0.4730         1.00
      0.4740         1.00
      0.4750         1.00
      0.4760         1.00
      0.4770         1.00
      0.4780         1.00
      0.4790         1.00
      0.4800         1.00
      0.4810         1.00
      0.4820         1.00
      0.4830         1.00
      0.4840         1.00
      0.4850         1.00
      0.4860         1.00
      0.4870         1.00
      0.4880         1.00
      0.4890         1.00
      0.4900         1.00
      0.4910         1.00
      0.4920         1.00
      0.4930         1.00
      0.4940         1.00
      0.4950         1.00
      0.4960         1.00
      0.4970         1.00
      0.4980         1.00
      0.4990         1.00
      0.5000         1.00
      0.5010         1.00
      0.5020         1.00
      0.5030         1.00
      0.5040         1.00
      0.5050         1.00
      0.5060         1.00
      0.5070         1.00
      0.5080         1.00
      0.5090         1.00
      0.5100         1.00
      0.5110         1.00
      0.5120         1.00
      0.5130         1.00
      0.5140         1.00
      0.5150         1.00
      0.5160         1.00
      0.5170         1.00
      0.5180         1.00
      0.5190         1.00
      0.5200         1.00
      0.5210         1.00
      0.5220         1.00
      0.5230         1.00
      0.5240         1.00
      0.5250         1.00
      0.5260         1.00
      0.5270         1.00
      0.5280         1.00
      0.5290         1.00
      0.5300         1.00
      0.5310         1.00
      0.5320         1.00
      0.5330         1.00
      0.5340         1.00
      0.5350         1.00
      0.5360         1.00
      0.5370         1.00
      0.5380         1.00
      0.5390         1.00
      0.5400         1.00
      0.5410         1.00
      0.5420         1.00
      0.5430         1.00
      0.5440         1.00
      0.5450         1.00
      0.5460         1.00
      0.5470         1.00
      0.5480         1.00
      0.5490         1.00
      0.5500         1.00
      0.5510         1.00
      0.5520         1.00
      0.5530         1.00
      0.5540         1.00
      0.5550         1.00
      0.5560         1.00
      0.5570         1.00
      0.5580         1.00
      0.5590         1.00
      0.5600         1.00
      0.5610         1.00
      0.5620         1.00
      0.5630         1.00
      0.5640         1.00
      0.5650         1.00
      0.5660         1.00
      0.5670         1.00
      0.5680         1.00
      0.5690         1.00
      0.5700         1.00
      0.5710         1.00
      0.5720         1.00
      0.5730         1.00
      0.5740         1.00
      0.5750         1.00
      0.5760         1.00
      0.5770         1.00
      0.5780         1.00
      0.5790         1.00
      0.5800         1.00
      0.5810         1.00
      0.5820         1.00
      0.5830         1.00
      0.5840         1.00
      0.5850         1.00
      0.5860         1.00
      0.5870         1.00
      0.5880         1.00
      0.5890         1.00
      0.5900         1.00
      0.5910         1.00
      0.5920         1.00
      0.5930         1.00
      0.5940         1.00
      0.5950         1.00
      0.5960         1.00
      0.5970         1.00
      0.5980         1.00
      0.5990         1.00
      0.6000         1.00
      0.6010         1.00
      0.6020         1.00
      0.6030         1.00
      0.6040         1.00
      0.6050         1.00
      0.6060         1.00
      0.6070         1.00
      0.6080         1.00
      0.6090         1.00
      0.6100         1.00
      0.6110         1.00
      0.6120         1.00
      0.6130         1.00
      0.6140         1.00
      0.6150         1.00
      0.6160         1.00
      0.6170         1.00
      0.6180         1.00
      0.6190         1.00
      0.6200         1.00
      0.6210         1.00
      0.6220         1.00
      0.6230         1.00
      0.6240         1.00
      0.6250         1.00
      0.6260         1.00
      0.6270         1.00
      0.6280         1.00
      0.6290         1.00
      0.6300         1.00
      0.6310         1.00
      0.6320         1.00
      0.6330         1.00
      0.6340         1.00
      0.6350         1.00
      0.6360         1.00
      0.6370         1.00
      0.6380         1.00
      0.6390         1.00
      0.6400         1.00
      0.6410         1.00
      0.6420         1.00
      0.6430         1.00
      0.6440         1.00
      0.6450         1.00
      0.6460         1.00
      0.6470         1.00
      0.6480         1.00
      0.6490         1.00
      0.6500         1.00
      0.6510         1.00
      0.6520         1.00
      0.6530         1.00
      0.6540         1.00
      0.6550         1.00
      0.6560         1.00
      0.6570         1.00
      0.6580         1.00
      0.6590         1.00
      0.6600         1.00
      0.6610         1.00
      0.6620         1.00
      0.6630         1.00
      0.6640         1.00
      0.6650         1.00
      0.6660         1.00
      0.6670         1.00
      0.6680         1.00
      0.6690         1.00
      0.6700         1.00
      0.6710         1.00
      0.6720         1.00
      0.6730         1.00
      0.6740         1.00
      0.6750         1.00
      0.6760         1.00
      0.6770         1.00
      0.6780         1.00
      0.6790         1.00
      0.6800         1.00
      0.6810         1.00
      0.6820         1.00
      0.6830         1.00
      0.6840         1.00
      0.6850         1.00
      0.6860         1.00
      0.6870         1.00
      0.6880         1.00
      0.6890         1.00
      0.6900         1.00
      0.6910         1.00
      0.6920         1.00
      0.6930         1.00
      0.6940         1.00
      0.6950         1.00
      0.6960         1.00
      0.6970         1.00
      0.6980         1.00
      0.6990         1.00
      0.7000         1.00
      0.7010         1.00
      0.7020         1.00
      0.7030         1.00
      0.7040         1.00
      0.7050         1.00
      0.7060         1.00
      0.7070         1.00
      0.7080         1.00
      0.7090         1.00
      0.7100         1.00
      0.7110         1.00
      0.7120         1.00
      0.7130         1.00
      0.7140         1.00
      0.7150         1.00
      0.7160         1.00
      0.7170         1.00
      0.7180         1.00
      0.7190         1.00
      0.7200         1.00
      0.7210         1.00
      0.7220         1.00
      0.7230         1.00
      0.7240         1.00
      0.7250         1.00
      0.7260         1.00
      0.7270         1.00
      0.7280         1.00
      0.7290         1.00
      0.7300         1.00
      0.7310         1.00
      0.7320         1.00
      0.7330         1.00
      0.7340         1.00
      0.7350         1.00
      0.7360         1.00
      0.7370         1.00
      0.7380         1.00
      0.7390         1.00
      0.7400         1.00
      0.7410         1.00
      0.7420         1.00
      0.7430         1.00
      0.7440         1.00
      0.7450         1.00
      0.7460         1.00
      0.7470         1.00
      0.7480         1.00
      0.7490         1.00
      0.7500         1.00
      0.7510         1.00
      0.7520         1.00
      0.7530         1.00
      0.7540         1.00
      0.7550         1.00
      0.7560         1.00
      0.7570         1.00
      0.7580         1.00
      0.7590         1.00
      0.7600         1.00
      0.7610         1.00
      0.7620         1.00
      0.7630         1.00
      0.7640         1.00
      0.7650         1.00
      0.7660         1.00
      0.7670         1.00
      0.7680         1.00
      0.7690         1.00
      0.7700         1.00
      0.7710         1.00
      0.7720         1.00
      0.7730         1.00
      0.7740         1.00
      0.7750         1.00
      0.7760         1.00
      0.7770         1.00
      0.7780         1.00
      0.7790         1.00
      0.7800         1.00
      0.7810         1.00
      0.7820         1.00
      0.7830         1.00
      0.7840         1.00
      0.7850         1.00
      0.7860         1.00
      0.7870         1.00
      0.7880         1.00
      0.7890         1.00
      0.7900         1.00
      0.7910         1.00
      0.7920         1.00
      0.7930         1.00
      0.7940         1.00
      0.7950         1.00
      0.7960         1.00
      0.7970         1.00
      0.7980         1.00
      0.7990         1.00
      0.8000         1.00
      0.8010         1.00
      0.8020         1.00
      0.8030         1.00
      0.8040         1.00
      0.8050         1.00
      0.8060         1.00
      0.8070         1.00
      0.8080         1.00
      0.8090         1.00
      0.8100         1.00
      0.8110         1.00
      0.8120         1.00
      0.8130         1.00
      0.8140         1.00
      0.8150         1.00
      0.8160         1.00
      0.8170         1.00
      0.8180         1.00
      0.8190         1.00
      0.8200         1.00
      0.8210         1.00
      0.8220         1.00
      0.8230         1.00
      0.8240         1.00
      0.8250         1.00
      0.8260         1.00
      0.8270         1.00
      0.8280         1.00
      0.8290         1.00
      0.8300         1.00
      0.8310         1.00
      0.8320         1.00
      0.8330         1.00
      0.8340         1.00
      0.8350         1.00
      0.8360         1.00
      0.8370         1.00
      0.8380         1.00
      0.8390         1.00
      0.8400         1.00
      0.8410         1.00
      0.8420         1.00
      0.8430         1.00
      0.8440         1.00
      0.8450         1.00
      0.8460         1.00
      0.8470         1.00
      0.8480         1.00
      0.8490         1.00
      0.8500         1.00
      0.8510         1.00
      0.8520         1.00
      0.8530         1.00
      0.8540         1.00
      0.8550         1.00
      0.8560         1.00
      0.8570         1.00
      0.8580         1.00
      0.8590         1.00
      0.8600         1.00
      0.8610         1.00
      0.8620         1.00
      0.8630         1.00
      0.8640         1.00
      0.8650         1.00
      0.8660         1.00
      0.8670         1.00
      0.8680         1.00
      0.8690         1.00
      0.8700         1.00
      0.8710         1.00
      0.8720         1.00
      0.8730         1.00
      0.8740         1.00
      0.8750         1.00
      0.8760         1.00
      0.8770         1.00
      0.8780         1.00
      0.8790         1.00
      0.8800         1.00
      0.8810         1.00
      0.8820         1.00
      0.8830         1.00
      0.8840         1.00
      0.8850         1.00
      0.8860         1.00
      0.8870         1.00
      0.8880         1.00
      0.8890         1.00
      0.8900         1.00
      0.8910         1.00
      0.8920         1.00
      0.8930         1.00
      0.8940         1.00
      0.8950         1.00
      0.8960         1.00
      0.8970         1.00
      0.8980         1.00
      0.8990         1.00
      0.9000         1.00
      0.9010         1.00
      0.9020         1.00
      0.9030         1.00
      0.9040         1.00
      0.9050         1.00
      0.9060         1.00
      0.9070         1.00
      0.9080         1.00
      0.9090         1.00
      0.9100         1.00
      0.9110         1.00
      0.9120         1.00
      0.9130         1.00
      0.9140         1.00
      0.9150         1.00
      0.9160         1.00
      0.9170         1.00
      0.9180         1.00
      0.9190         1.00
      0.9200         1.00
      0.9210         1.00
      0.9220         1.00
      0.9230         1.00
      0.9240         1.00
      0.9250         1.00
      0.9260         1.00
      0.9270         1.00
      0.9280         1.00
      0.9290         1.00
      0.9300         1.00
      0.9310         1.00
      0.9320         1.00
      0.9330         1.00
      0.9340         1.00
      0.9350         1.00
      0.9360         1.00
      0.9370         1.00
      0.9380         1.00
      0.9390         1.00
      0.9400         1.00
      0.9410         1.00
      0.9420         1.00
      0.9430         1.00
      0.9440         1.00
      0.9450         1.00
      0.9460         1.00
      0.9470         1.00
      0.9480         1.00
      0.9490         1.00
      0.9500         1.00
      0.9510         1.00
      0.9520         1.00
      0.9530         1.00
      0.9540         1.00
      0.9550         1.00
      0.9560         1.00
      0.9570         1.00
      0.9580         1.00
      0.9590         1.00
      0.9600         1.00
      0.9610         1.00
      0.9620         1.00
      0.9630         1.00
      0.9640         1.00
      0.9650         1.00
      0.9660         1.00
      0.9670         1.00
      0.9680         1.00
      0.9690         1.00
      0.9700         1.00
      0.9710         1.00
      0.9720         1.00
      0.9730         1.00
      0.9740         1.00
      0.9750         1.00
      0.9760         1.00
      0.9770         1.00
      0.9780         1.00
      0.9790         1.00
      0.9800         1.00
      0.9810         1.00
      0.9820         1.00
      0.9830         1.00
      0.9840         1.00
      0.9850         1.00
      0.9860         1.00
      0.9870         1.00
      0.9880         1.00
      0.9890         1.00
      0.9900         1.00
      0.9910         1.00
      0.9920         1.00
      0.9930         1.00
      0.9940         1.00
      0.9950         1.00
      0.9960         1.00
      0.9970         1.00
      0.9980         1.00
      0.9990         1.00
      1.0000         1.00
      1.0010         1.00
      1.0020         1.00
      1.0030         1.00
      1.0040         1.00
      1.0050         1.00
      1.0060         1.00
      1.0070         1.00
      1.0080         1.00
      1.0090         1.00
      1.0100         1.00
      1.0110         1.00
      1.0120         1.00
      1.0130         1.00
      1.0140         1.00
      1.0150         1.00
      1.0160         1.00
      1.0170         1.00
      1.0180         1.00
      1.0190         1.00
      1.0200         1.00
      1.0210         1.00
      1.0220         1.00
      1.0230         1.00
      1.0240         1.00
      1.0250         1.00
      1.0260         1.00
      1.0270         1.00
      1.0280         1.00
      1.0290         1.00
      1.0300         1.00
      1.0310         1.00
      1.0320         1.00
      1.0330         1.00
      1.0340         1.00
      1.0350         1.00
      1.0360         1.00
      1.0370         1.00
      1.0380         1.00
      1.0390         1.00
      1.0400         1.00
      1.0410         1.00
      1.0420         1.00
      1.0430         1.00
      1.0440         1.00
      1.0450         1.00
      1.0460         1.00
      1.0470         1.00
      1.0480         1.00
      1.0490         1.00
      1.0500         1.00
      1.0510         1.00
      1.0520         1.00
      1.0530         1.00
      1.0540         1.00
      1.0550         1.00
      1.0560         1.00
      1.0570         1.00
      1.0580         1.00
      1.0590         1.00
      1.0600         1.00
      1.0610         1.00
      1.0620         1.00
      1.0630         1.00
      1.0640         1.00
      1.0650         1.00
      1.0660         1.00
      1.0670         1.00
      1.0680         1.00
      1.0690         1.00
      1.0700         1.00
      1.0710         1.00
      1.0720         1.00
      1.0730         1.00
      1.0740         1.00
      1.0750         1.00
      1.0760         1.00
      1.0770         1.00
      1.0780         1.00
      1.0790         1.00
      1.0800         1.00
      1.0810         1.00
      1.0820         1.00
      1.0830         1.00
      1.0840         1.00
      1.0850         1.00
      1.0860         1.00
      1.0870         1.00
      1.0880         1.00
      1.0890         1.00
      1.0900         1.00
      1.0910         1.00
      1.0920         1.00
      1.0930         1.00
      1.0940         1.00
      1.0950         1.00
      1.0960         1.00
      1.0970         1.00
      1.0980         1.00
      1.0990         1.00
      1.1000         1.00
      1.1010         1.00
      1.1020         1.00
      1.1030         1.00
      1.1040         1.00
      1.1050         1.00
      1.1060         1.00
      1.1070         1.00
      1.1080         1.00
      1.1090         1.00
      1.1100         1.00
      1.1110         1.00
      1.1120         1.00
      1.1130         1.00
      1.1140         1.00
      1.1150         1.00
      1.1160         1.00
      1.1170         1.00
      1.1180         1.00
      1.1190         1.79
      1.1200         3.42
      1.1210         4.27
      1.1220         5.23
      1.1230         6.26
      1.1240         7.31
      1.1250         8.43
      1.1260         9.56
      1.1270        10.74
      1.1280        11.88
      1.1290        13.00
      1.1300        13.94
      1.1310        14.85
      1.1320        15.69
      1.1330        16.36
      1.1340        16.78
      1.1350        17.09
      1.1360        17.35
      1.1370        17.62
      1.1380        17.65
      1.1390        17.43
      1.1400        17.27
      1.1410        16.79
      1.1420        16.23
      1.1430        15.55
      1.1440        15.04
      1.1450        14.37
      1.1460        13.54
      1.1470        12.80
      1.1480        12.01
      1.1490        11.30
      1.1500        10.73
      1.1510        10.13
      1.1520         9.64
      1.1530         9.19
      1.1540         8.93
      1.1550         8.63
      1.1560         8.49
      1.1570         8.37
      1.1580         8.26
      1.1590         8.31
      1.1600         8.28
      1.1610         8.39
      1.1620         8.60
      1.1630         8.88
      1.1640         9.06
      1.1650         9.31
      1.1660         9.62
      1.1670         9.85
      1.1680        10.19
      1.1690        10.53
      1.1700        10.78
      1.1710        10.96
      1.1720        11.05
      1.1730        11.06
      1.1740        11.01
      1.1750        11.04
      1.1760        10.92
      1.1770        10.91
      1.1780        10.84
      1.1790        10.78
      1.1800        10.68
      1.1810        10.55
      1.1820        10.24
      1.1830        10.04
      1.1840         9.79
      1.1850         9.49
      1.1860         9.22
      1.1870         9.00
      1.1880         8.69
      1.1890         8.36
      1.1900         8.25
      1.1910         8.10
      1.1920         8.02
      1.1930         8.09
      1.1940         8.23
      1.1950         8.25
      1.1960         8.36
      1.1970         8.47
      1.1980         8.63
      1.1990         8.74
      1.2000         8.96
      1.2010         9.15
      1.2020         9.44
      1.2030         9.62
      1.2040         9.85
      1.2050        10.10
      1.2060        10.37
      1.2070        10.56
      1.2080        10.76
      1.2090        10.99
      1.2100        11.00
      1.2110        11.12
      1.2120        11.20
      1.2130        11.22
      1.2140        11.24
      1.2150        11.34
      1.2160        11.31
      1.2170        11.23
      1.2180        11.27
      1.2190        11.27
      1.2200        11.17
      1.2210        11.08
      1.2220        11.09
      1.2230        10.97
      1.2240        10.97
      1.2250        11.01
      1.2260        11.08
      1.2270        11.07
      1.2280        11.22
      1.2290        11.27
      1.2300        11.50
      1.2310        11.54
      1.2320        11.66
      1.2330        11.86
      1.2340        12.06
      1.2350        12.18
      1.2360        12.44
      1.2370        12.70
      1.2380        12.87
      1.2390        13.00
      1.2400        13.25
      1.2410        13.52
      1.2420        13.66
      1.2430        13.96
      1.2440        14.03
      1.2450        14.08
      1.2460        14.11
      1.2470        14.35
      1.2480        14.36
      1.2490        14.31
      1.2500        14.27
      1.2510        14.40
      1.2520        14.43
      1.2530        14.42
      1.2540        14.36
      1.2550        14.39
      1.2560        14.39
      1.2570        14.34
      1.2580        14.27
      1.2590        14.26
      1.2600        14.23
      1.2610        14.23
      1.2620        14.27
      1.2630        14.27
      1.2640        14.22
      1.2650        14.39
      1.2660        14.47
      1.2670        14.50
      1.2680        14.64
      1.2690        14.86
      1.2700        14.91
      1.2710        14.95
      1.2720        15.06
      1.2730        15.19
      1.2740        15.26
      1.2750        15.34
      1.2760        15.39
      1.2770        15.50
      1.2780        15.52
      1.2790        15.55
      1.2800        15.58
      1.2810        15.50
      1.2820        15.39
      1.2830        15.46
      1.2840        15.62
      1.2850        15.43
      1.2860        15.31
      1.2870        15.24
      1.2880        15.10
      1.2890        15.10
      1.2900        15.13
      1.2910        15.10
      1.2920        15.06
      1.2930        14.94
      1.2940        14.94
      1.2950        14.92
      1.2960        14.90
      1.2970        15.04
      1.2980        15.08
      1.2990        15.18
      1.3000        15.24
      1.3010        15.30
      1.3020        15.48
      1.3030        15.42
      1.3040        15.41
      1.3050        15.57
      1.3060        15.73
      1.3070        15.84
      1.3080        15.87
      1.3090        15.87
      1.3100        15.82
      1.3110        15.77
      1.3120        15.83
      1.3130        15.95
      1.3140        15.97
      1.3150        16.00
      1.3160        16.04
      1.3170        15.80
      1.3180        15.80
      1.3190        15.72
      1.3200        15.65
      1.3210        15.73
      1.3220        15.71
      1.3230        15.72
      1.3240        15.67
      1.3250        15.64
      1.3260        15.66
      1.3270        15.57
      1.3280        15.68
      1.3290        15.56
      1.3300        15.56
      1.3310        15.66
      1.3320        15.62
      1.3330        15.54
      1.3340        15.57
      1.3350        15.51
      1.3360        15.50
      1.3370        15.58
      1.3380        15.58
      1.3390        15.57
      1.3400        15.58
      1.3410        15.52
      1.3420        15.45
      1.3430        15.46
      1.3440        15.40
      1.3450        15.28
      1.3460        15.21
      1.3470        15.15
      1.3480        14.95
      1.3490        15.04
      1.3500        15.08
      1.3510        15.03
      1.3520        14.96
      1.3530        14.95
      1.3540        14.79
      1.3550        14.76
      1.3560        14.69
      1.3570        14.64
      1.3580        14.66
      1.3590        14.64
      1.3600        14.50
      1.3610        14.62
      1.3620        14.66
      1.3630        14.63
      1.3640        14.70
      1.3650        14.66
      1.3660        14.64
      1.3670        14.69
      1.3680        14.85
      1.3690        14.82
      1.3700        14.76
      1.3710        14.70
      1.3720        14.80
      1.3730        14.81
      1.3740        14.93
      1.3750        14.88
      1.3760        14.89
      1.3770        14.91
      1.3780        14.85
      1.3790        14.87
      1.3800        15.04
      1.3810        14.95
      1.3820        14.87
      1.3830        14.78
      1.3840        14.81
      1.3850        14.88
      1.3860        14.79
      1.3870        14.79
      1.3880        14.79
      1.3890        14.79
      1.3900        14.82
      1.3910        14.80
      1.3920        14.72
      1.3930        14.75
      1.3940        14.69
      1.3950        14.77
      1.3960        14.77
      1.3970        14.69
      1.3980        14.64
      1.3990        14.66
      1.4000        14.65
      1.4010        14.48
      1.4020        14.56
      1.4030        14.60
      1.4040        14.46
      1.4050        14.42
      1.4060        14.44
      1.4070        14.39
      1.4080        14.27
      1.4090        14.28
      1.4100        14.25
      1.4110        14.24
      1.4120        14.23
      1.4130        14.19
      1.4140        14.12
      1.4150        14.08
      1.4160        13.98
      1.4170        13.97
      1.4180        14.02
      1.4190        13.96
      1.4200        13.91
      1.4210        13.99
      1.4220        13.91
      1.4230        13.93
      1.4240        13.99
      1.4250        14.03
      1.4260        14.11
      1.4270        14.11
      1.4280        14.16
      1.4290        14.07
      1.4300        14.06
      1.4310        13.96
      1.4320        13.95
      1.4330        13.92
      1.4340        14.00
      1.4350        14.00
      1.4360        14.16
      1.4370        14.14
      1.4380        14.04
      1.4390        14.02
      1.4400        14.02
      1.4410        14.07
      1.4420        14.05
      1.4430        13.99
      1.4440        14.05
      1.4450        14.03
      1.4460        14.03
      1.4470        14.04
      1.4480        14.04
      1.4490        14.14
      1.4500        14.24
      1.4510        14.42
      1.4520        14.40
      1.4530        14.44
      1.4540        14.40
      1.4550        14.50
      1.4560        14.34
      1.4570        14.49
      1.4580        14.57
      1.4590        14.63
      1.4600        14.67
      1.4610        14.67
      1.4620        14.70
      1.4630        14.67
      1.4640        14.66
      1.4650        14.73
      1.4660        14.65
      1.4670        14.62
      1.4680        14.68
      1.4690        14.61
      1.4700        14.64
      1.4710        14.64
      1.4720        14.70
      1.4730        14.73
      1.4740        14.72
      1.4750        14.66
      1.4760        14.77
      1.4770        14.66
      1.4780        14.73
      1.4790        14.59
      1.4800        14.52
      1.4810        14.50
      1.4820        14.55
      1.4830        14.58
      1.4840        14.65
      1.4850        14.59
      1.4860        14.69
      1.4870        14.70
      1.4880        14.65
      1.4890        14.67
      1.4900        14.59
      1.4910        14.61
      1.4920        14.57
      1.4930        14.50
      1.4940        14.49
      1.4950        14.60
      1.4960        14.63
      1.4970        14.71
      1.4980        14.65
      1.4990        14.76
      1.5000        14.76
      1.5010        14.86
      1.5020        14.85
      1.5030        14.84
      1.5040        14.85
      1.5050        14.90
      1.5060        14.92
      1.5070        14.99
      1.5080        15.07
      1.5090        15.18
      1.5100        15.22
      1.5110        15.21
      1.5120        15.30
      1.5130        15.35
      1.5140        15.39
      1.5150        15.30
      1.5160        15.29
      1.5170        15.26
      1.5180        15.13
      1.5190        15.17
      1.5200        15.22
      1.5210        15.16
      1.5220        15.20
      1.5230        15.25
      1.5240        15.21
      1.5250        15.13
      1.5260        15.16
      1.5270        15.14
      1.5280        15.14
      1.5290        15.02
      1.5300        14.94
      1.5310        14.95
      1.5320        14.97
      1.5330        14.96
      1.5340        14.90
      1.5350        14.89
      1.5360        14.79
      1.5370        14.87
      1.5380        14.97
      1.5390        14.95
      1.5400        14.91
      1.5410        14.96
      1.5420        14.92
      1.5430        14.89
      1.5440        14.89
      1.5450        14.96
      1.5460        14.80
      1.5470        14.84
      1.5480        14.81
      1.5490        14.87
      1.5500        14.94
      1.5510        14.84
      1.5520        14.75
      1.5530        14.69
      1.5540        14.74
      1.5550        14.78
      1.5560        14.85
      1.5570        14.79
      1.5580        14.82
      1.5590        14.89
      1.5600        14.97
      1.5610        14.90
      1.5620        14.91
      1.5630        14.99
      1.5640        15.10
      1.5650        15.10
      1.5660        15.29
      1.5670        15.33
      1.5680        15.42
      1.5690        15.45
      1.5700        15.54
      1.5710        15.70
      1.5720        15.78
      1.5730        15.80
      1.5740        15.84
      1.5750        15.87
      1.5760        16.00
      1.5770        16.05
      1.5780        16.11
      1.5790        16.07
      1.5800        16.02
      1.5810        16.14
      1.5820        16.18
      1.5830        16.18
      1.5840        16.14
      1.5850        16.14
      1.5860        16.12
      1.5870        16.16
      1.5880        16.03
      1.5890        16.01
      1.5900        15.93
      1.5910        15.91
      1.5920        15.89
      1.5930        15.94
      1.5940        15.94
      1.5950        15.96
      1.5960        15.97
      1.5970        15.94
      1.5980        16.00
      1.5990        16.04
      1.6000        16.06
      1.6010        15.97
      1.6020        15.98
      1.6030        15.98
      1.6040        16.00
      1.6050        16.05
      1.6060        16.02
      1.6070        15.98
      1.6080        15.99
      1.6090        15.99
      1.6100        16.03
      1.6110        16.00
      1.6120        16.01
      1.6130        16.04
      1.6140        16.03
      1.6150        16.04
      1.6160        15.92
      1.6170        15.97
      1.6180        15.96
      1.6190        16.07
      1.6200        16.08
      1.6210        16.15
      1.6220        16.12
      1.6230        16.13
      1.6240        16.16
      1.6250        16.12
      1.6260        16.16
      1.6270        16.19
      1.6280        16.19
      1.6290        16.13
      1.6300        16.12
      1.6310        16.19
      1.6320        16.20
      1.6330        16.16
      1.6340        16.20
      1.6350        16.12
      1.6360        16.16
      1.6370        16.08
      1.6380        16.05
      1.6390        15.99
      1.6400        15.95
      1.6410        15.89
      1.6420        15.93
      1.6430        15.89
      1.6440        15.78
      1.6450        15.73
      1.6460        15.67
      1.6470        15.58
      1.6480        15.62
      1.6490        15.71
      1.6500        15.75
      1.6510        15.70
      1.6520        15.73
      1.6530        15.81
      1.6540        15.85
      1.6550        15.93
      1.6560        15.92
      1.6570        16.03
      1.6580        16.06
      1.6590        16.07
      1.6600        16.11
      1.6610        16.16
      1.6620        16.20
      1.6630        16.22
      1.6640        16.23
      1.6650        16.34
      1.6660        16.37
      1.6670        16.33
      1.6680        16.28
      1.6690        16.29
      1.6700        16.27
      1.6710        16.27
      1.6720        16.23
      1.6730        16.18
      1.6740        16.28
      1.6750        16.28
      1.6760        16.27
      1.6770        16.22
      1.6780        16.27
      1.6790        16.23
      1.6800        16.27
      1.6810        16.31
      1.6820        16.19
      1.6830        16.27
      1.6840        16.37
      1.6850        16.39
      1.6860        16.39
      1.6870        16.43
      1.6880        16.48
      1.6890        16.47
      1.6900        16.45
      1.6910        16.51
      1.6920        16.48
      1.6930        16.43
      1.6940        16.24
      1.6950        16.23
      1.6960        16.22
      1.6970        16.26
      1.6980        16.16
      1.6990        16.16
      1.7000        16.16
      1.7010        16.15
      1.7020        16.18
      1.7030        16.15
      1.7040        16.10
      1.7050        16.03
      1.7060        16.07
      1.7070        16.09
      1.7080        16.17
      1.7090        16.11
      1.7100        16.09
      1.7110        16.05
      1.7120        16.16
      1.7130        16.28
      1.7140        16.27
      1.7150        16.25
      1.7160        16.32
      1.7170        16.31
      1.7180        16.24
      1.7190        16.20
      1.7200        16.20
      1.7210        16.18
      1.7220        16.26
      1.7230        16.16
      1.7240        16.16
      1.7250        16.15
      1.7260        16.07
      1.7270        16.07
      1.7280        16.04
      1.7290        16.07
      1.7300        16.09
      1.7310        16.15
      1.7320        16.11
      1.7330        16.06
      1.7340        16.15
      1.7350        16.18
      1.7360        16.12
      1.7370        16.04
      1.7380        16.18
      1.7390        16.23
      1.7400        16.29
      1.7410        16.33
      1.7420        16.28
      1.7430        16.32
      1.7440        16.31
      1.7450        16.35
      1.7460        16.46
      1.7470        16.51
      1.7480        16.50
      1.7490        16.55
      1.7500        16.59
      1.7510        16.56
      1.7520        16.59
      1.7530        16.66
      1.7540        16.65
      1.7550        16.61
      1.7560        16.69
      1.7570        16.77
      1.7580        16.68
      1.7590        16.70
      1.7600        16.68
      1.7610        16.66
      1.7620        16.65
      1.7630        16.78
      1.7640        16.81
      1.7650        16.84
      1.7660        16.70
      1.7670        16.75
      1.7680        16.74
      1.7690        16.75
      1.7700        16.79
      1.7710        16.82
      1.7720        16.79
      1.7730        16.82
      1.7740        16.88
      1.7750        16.86
      1.7760        16.87
      1.7770        16.83
      1.7780        16.90
      1.7790        16.75
      1.7800        16.68
      1.7810        16.74
      1.7820        16.79
      1.7830        16.73
      1.7840        16.70
      1.7850        16.74
      1.7860        16.77
      1.7870        16.63
      1.7880        16.65
      1.7890        16.77
      1.7900        16.68
      1.7910        16.61
      1.7920        16.54
      1.7930        16.49
      1.7940        16.43
      1.7950        16.58
      1.7960        16.57
      1.7970        16.58
      1.7980        16.70
      1.7990        16.79
      1.8000        16.81
      1.8010        16.79
      1.8020        16.86
      1.8030        16.86
      1.8040        16.84
      1.8050        16.82
      1.8060        16.95
      1.8070        17.03
      1.8080        17.01
      1.8090        16.91
      1.8100        16.94
      1.8110        16.99
      1.8120        17.14
      1.8130        17.09
      1.8140        17.04
      1.8150        16.93
      1.8160        16.95
      1.8170        16.91
      1.8180        16.87
      1.8190        16.88
      1.8200        16.90
      1.8210        16.86
      1.8220        16.80
      1.8230        16.84
      1.8240        16.93
      1.8250        16.95
      1.8260        16.91
      1.8270        16.87
      1.8280        16.92
      1.8290        16.89
      1.8300        16.92
      1.8310        16.89
      1.8320        16.82
      1.8330        16.87
      1.8340        16.86
      1.8350        16.86
      1.8360        16.89
      1.8370        17.02
      1.8380        17.01
      1.8390        17.09
      1.8400        17.10
      1.8410        17.12
      1.8420        17.12
      1.8430        17.06
      1.8440        17.09
      1.8450        17.04
      1.8460        17.08
      1.8470        17.04
      1.8480        17.04
      1.8490        17.05
      1.8500        17.12
      1.8510        17.17
      1.8520        17.08
      1.8530        17.08
      1.8540        17.20
      1.8550        17.26
      1.8560        17.13
      1.8570        17.01
      1.8580        17.05
      1.8590        16.98
      1.8600        16.95
      1.8610        16.93
      1.8620        17.01
      1.8630        17.03
      1.8640        16.97
      1.8650        17.01
      1.8660        16.77
      1.8670        16.89
      1.8680        16.85
      1.8690        16.83
      1.8700        16.81
      1.8710        16.70
      1.8720        16.76
      1.8730        16.85
      1.8740        16.84
      1.8750        16.84
      1.8760        16.92
      1.8770        16.97
      1.8780        16.93
      1.8790        16.88
      1.8800        16.89
      1.8810        16.89
      1.8820        16.88
      1.8830        16.85
      1.8840        16.85
      1.8850        16.90
      1.8860        17.09
      1.8870        17.06
      1.8880        17.13
      1.8890        17.21
      1.8900        17.14
      1.8910        17.17
      1.8920        17.25
      1.8930        17.21
      1.8940        17.18
      1.8950        17.10
      1.8960        17.10
      1.8970        17.03
      1.8980        17.06
      1.8990        17.06
      1.9000        17.02
      1.9010        17.01
      1.9020        16.94
      1.9030        16.80
      1.9040        16.74
      1.9050        16.65
      1.9060        16.62
      1.9070        16.56
      1.9080        16.51
      1.9090        16.42
      1.9100        16.38
      1.9110        16.45
      1.9120        16.39
      1.9130        16.30
      1.9140        16.23
      1.9150        16.23
      1.9160        16.18
      1.9170        16.16
      1.9180        16.05
      1.9190        16.15
      1.9200        16.19
      1.9210        16.13
      1.9220        16.17
      1.9230        16.28
      1.9240        16.32
      1.9250        16.38
      1.9260        16.31
      1.9270        16.31
      1.9280        16.23
      1.9290        16.25
      1.9300        16.27
      1.9310        16.29
      1.9320        16.24
      1.9330        16.26
      1.9340        16.19
      1.9350        16.21
      1.9360        16.31
      1.9370        16.34
      1.9380        16.38
      1.9390        16.38
      1.9400        16.41
      1.9410        16.51
      1.9420        16.46
      1.9430        16.52
      1.9440        16.51
      1.9450        16.51
      1.9460        16.56
      1.9470        16.60
      1.9480        16.79
      1.9490        16.79
      1.9500        16.71
      1.9510        16.67
      1.9520        16.67
      1.9530        16.60
      1.9540        16.64
      1.9550        16.66
      1.9560        16.62
      1.9570        16.62
      1.9580        16.59
      1.9590        16.62
      1.9600        16.45
      1.9610        16.34
      1.9620        16.34
      1.9630        16.29
      1.9640        16.25
      1.9650        16.18
      1.9660        16.28
      1.9670        16.16
      1.9680        16.12
      1.9690        16.15
      1.9700        16.29
      1.9710        16.29
      1.9720        16.25
      1.9730        16.35
      1.9740        16.50
      1.9750        16.54
      1.9760        16.59
      1.9770        16.71
      1.9780        16.71
      1.9790        16.65
      1.9800        16.87
      1.9810        16.95
      1.9820        16.95
      1.9830        17.02
      1.9840        17.01
      1.9850        17.09
      1.9860        17.01
      1.9870        17.09
      1.9880        16.97
      1.9890        16.88
      1.9900        16.84
      1.9910        16.88
      1.9920        17.00
      1.9930        16.92
      1.9940        16.91
      1.9950        16.85
      1.9960        16.83
      1.9970        16.72
      1.9980        16.69
      1.9990        16.75
      2.0000        16.60
      2.0010        16.62
      2.0020        16.69
      2.0030        16.68
      2.0040        16.72
      2.0050        16.71
      2.0060        16.70
      2.0070        16.75
      2.0080        16.75
      2.0090        16.86
      2.0100        16.87
      2.0110        16.95
      2.0120        16.94
      2.0130        17.04
      2.0140        17.00
      2.0150        17.03
      2.0160        17.02
      2.0170        17.03
      2.0180        17.04
      2.0190        16.91
      2.0200        16.99
      2.0210        17.01
      2.0220        16.95
      2.0230        16.94
      2.0240        16.97
      2.0250        16.94
      2.0260        16.98
      2.0270        16.93
      2.0280        17.02
      2.0290        17.02
      2.0300        17.06
      2.0310        17.09
      2.0320        17.06
      2.0330        17.06
      2.0340        17.01
      2.0350        17.11
      2.0360        17.07
      2.0370        17.06
      2.0380        17.11
      2.0390        17.25
      2.0400        17.14
      2.0410        17.08
      2.0420        17.06
      2.0430        17.03
      2.0440        17.07
      2.0450        17.07
      2.0460        16.88
      2.0470        16.87
      2.0480        16.76
      2.0490        16.68
      2.0500        16.58
      2.0510        16.49
      2.0520        16.38
      2.0530        16.24
      2.0540        16.20
      2.0550        16.07
      2.0560        16.11
      2.0570        16.10
      2.0580        16.08
      2.0590        16.10
      2.0600        16.15
      2.0610        16.11
      2.0620        16.15
      2.0630        16.20
      2.0640        16.20
      2.0650        16.15
      2.0660        16.35
      2.0670        16.33
      2.0680        16.32
      2.0690        16.37
      2.0700        16.43
      2.0710        16.21
      2.0720        16.27
      2.0730        16.35
      2.0740        16.44
      2.0750        16.52
      2.0760        16.51
      2.0770        16.50
      2.0780        16.47
      2.0790        16.34
      2.0800        16.30
      2.0810        16.32
      2.0820        16.22
      2.0830        16.23
      2.0840        16.22
      2.0850        16.18
      2.0860        16.17
      2.0870        16.27
      2.0880        16.27
      2.0890        16.23
      2.0900        16.30
      2.0910        16.47
      2.0920        16.58
      2.0930        16.64
      2.0940        16.66
      2.0950        16.64
      2.0960        16.68
      2.0970        16.74
      2.0980        16.82
      2.0990        16.86
      2.1000        16.82
      2.1010        16.83
      2.1020        16.86
      2.1030        16.79
      2.1040        16.74
      2.1050        16.83
      2.1060        16.79
      2.1070        16.67
      2.1080        16.68
      2.1090        16.64
      2.1100        16.50
      2.1110        16.46
      2.1120        16.33
      2.1130        16.16
      2.1140        16.00
      2.1150        15.97
      2.1160        15.85
      2.1170        15.76
      2.1180        15.66
      2.1190        15.59
      2.1200        15.54
      2.1210        15.50
      2.1220        15.57
      2.1230        15.49
      2.1240        15.50
      2.1250        15.46
      2.1260        15.46
      2.1270        15.53
      2.1280        15.41
      2.1290        15.37
      2.1300        15.26
      2.1310        15.19
      2.1320        15.19
      2.1330        15.21
      2.1340        15.34
      2.1350        15.26
      2.1360        15.20
      2.1370        15.18
      2.1380        15.22
      2.1390        15.22
      2.1400        15.26
      2.1410        15.12
      2.1420        15.01
      2.1430        15.06
      2.1440        14.92
      2.1450        14.94
      2.1460        14.82
      2.1470        14.75
      2.1480        14.85
      2.1490        14.85
      2.1500        14.97
      2.1510        14.99
      2.1520        14.94
      2.1530        15.05
      2.1540        14.90
      2.1550        14.94
      2.1560        15.10
      2.1570        15.23
      2.1580        15.25
      2.1590        15.30
      2.1600        15.30
      2.1610        15.43
      2.1620        15.49
      2.1630        15.49
      2.1640        15.56
      2.1650        15.52
      2.1660        15.50
      2.1670        15.46
      2.1680        15.45
      2.1690        15.50
      2.1700        15.57
      2.1710        15.57
      2.1720        15.64
      2.1730        15.57
      2.1740        15.66
      2.1750        15.65
      2.1760        15.54
      2.1770        15.40
      2.1780        15.30
      2.1790        15.27
      2.1800        15.31
      2.1810        15.31
      2.1820        15.24
      2.1830        15.23
      2.1840        15.27
      2.1850        15.27
      2.1860        15.34
      2.1870        15.38
      2.1880        15.29
      2.1890        15.27
      2.1900        15.25
      2.1910        15.24
      2.1920        15.22
      2.1930        15.22
      2.1940        15.16
      2.1950        15.09
      2.1960        15.13
      2.1970        15.19
      2.1980        15.25
      2.1990        15.24
      2.2000        15.25
      2.2010        15.17
      2.2020        15.17
      2.2030        15.19
      2.2040        15.16
      2.2050        15.14
      2.2060        15.13
      2.2070        15.13
      2.2080        15.24
      2.2090        15.25
      2.2100        15.15
      2.2110        15.19
      2.2120        15.22
      2.2130        15.24
      2.2140        15.22
      2.2150        15.38
      2.2160        15.26
      2.2170        15.10
      2.2180        15.06
      2.2190        15.03
      2.2200        15.04
      2.2210        15.10
      2.2220        15.17
      2.2230        15.14
      2.2240        15.07
      2.2250        14.99
      2.2260        14.98
      2.2270        14.98
      2.2280        14.97
      2.2290        15.00
      2.2300        14.96
      2.2310        14.90
      2.2320        14.83
      2.2330        14.75
      2.2340        14.77
      2.2350        14.51
      2.2360        14.59
      2.2370        14.78
      2.2380        14.70
      2.2390        14.71
      2.2400        14.67
      2.2410        14.60
      2.2420        14.53
      2.2430        14.52
      2.2440        14.57
      2.2450        14.57
      2.2460        14.56
      2.2470        14.53
      2.2480        14.47
      2.2490        14.36
      2.2500        14.45
      2.2510        14.38
      2.2520        14.33
      2.2530        14.28
      2.2540        14.24
      2.2550        14.26
      2.2560        14.16
      2.2570        14.10
      2.2580        14.14
      2.2590        14.15
      2.2600        14.21
      2.2610        14.21
      2.2620        14.12
      2.2630        14.18
      2.2640        14.15
      2.2650        14.14
      2.2660        14.20
      2.2670        14.09
      2.2680        14.13
      2.2690        14.15
      2.2700        14.11
      2.2710        14.12
      2.2720        14.11
      2.2730        14.15
      2.2740        14.17
      2.2750        14.15
      2.2760        14.13
      2.2770        14.05
      2.2780        14.04
      2.2790        13.94
      2.2800        13.86
      2.2810        13.91
      2.2820        13.98
      2.2830        13.90
      2.2840        13.80
      2.2850        13.80
      2.2860        13.67
      2.2870        13.67
      2.2880        13.60
      2.2890        13.62
      2.2900        13.55
      2.2910        13.58
      2.2920        13.59
      2.2930        13.62
      2.2940        13.64
      2.2950        13.72
      2.2960        13.84
      2.2970        13.83
      2.2980        13.83
      2.2990        13.88
      2.3000        13.89
      2.3010        13.91
      2.3020        13.93
      2.3030        13.86
      2.3040        13.94
      2.3050        13.96
      2.3060        14.04
      2.3070        14.09
      2.3080        14.14
      2.3090        14.05
      2.3100        14.09
      2.3110        14.16
      2.3120        14.05
      2.3130        13.99
      2.3140        13.95
      2.3150        13.96
      2.3160        13.88
      2.3170        13.89
      2.3180        13.74
      2.3190        13.68
      2.3200        13.60
      2.3210        13.57
      2.3220        13.50
      2.3230        13.52
      2.3240        13.49
      2.3250        13.40
      2.3260        13.38
      2.3270        13.46
      2.3280        13.42
      2.3290        13.49
      2.3300        13.44
      2.3310        13.37
      2.3320        13.46
      2.3330        13.44
      2.3340        13.58
      2.3350        13.61
      2.3360        13.60
      2.3370        13.62
      2.3380        13.65
      2.3390        13.66
      2.3400        13.69
      2.3410        13.65
      2.3420        13.71
      2.3430        13.64
      2.3440        13.58
      2.3450        13.68
      2.3460        13.65
      2.3470        13.57
      2.3480        13.57
      2.3490        13.56
      2.3500        13.61
      2.3510        13.60
      2.3520        13.61
      2.3530        13.60
      2.3540        13.44
      2.3550        13.39
      2.3560        13.40
      2.3570        13.47
      2.3580        13.51
      2.3590        13.57
      2.3600        13.57
      2.3610        13.53
      2.3620        13.50
      2.3630        13.52
      2.3640        13.54
      2.3650        13.58
      2.3660        13.52
      2.3670        13.49
      2.3680        13.48
      2.3690        13.44
      2.3700        13.38
      2.3710        13.39
      2.3720        13.34
      2.3730        13.42
      2.3740        13.46
      2.3750        13.45
      2.3760        13.41
      2.3770        13.28
      2.3780        13.38
      2.3790        13.37
      2.3800        13.37
      2.3810        13.36
      2.3820        13.26
      2.3830        13.30
      2.3840        13.25
      2.3850        13.21
      2.3860        13.38
      2.3870        13.43
      2.3880        13.49
      2.3890        13.45
      2.3900        13.53
      2.3910        13.54
      2.3920        13.63
      2.3930        13.59
      2.3940        13.53
      2.3950        13.58
      2.3960        13.55
      2.3970        13.61
      2.3980        13.42
      2.3990        13.46
      2.4000        13.41
      2.4010        13.35
      2.4020        13.33
      2.4030        13.34
      2.4040        13.42
      2.4050        13.36
      2.4060        13.23
      2.4070        13.22
      2.4080        13.19
      2.4090        13.19
      2.4100        13.08
      2.4110        12.93
      2.4120        12.88
      2.4130        12.87
      2.4140        12.85
      2.4150        12.82
      2.4160        12.94
      2.4170        12.89
      2.4180        12.98
      2.4190        12.90
      2.4200        12.95
      2.4210        13.02
      2.4220        13.10
      2.4230        13.01
      2.4240        13.00
      2.4250        13.01
      2.4260        13.05
      2.4270        12.98
      2.4280        12.99
      2.4290        13.08
      2.4300        13.15
      2.4310        13.16
      2.4320        13.10
      2.4330        13.11
      2.4340        13.11
      2.4350        13.03
      2.4360        12.90
      2.4370        12.97
      2.4380        12.93
      2.4390        12.90
      2.4400        12.89
      2.4410        12.87
      2.4420        12.78
      2.4430        12.87
      2.4440        12.76
      2.4450        12.80
      2.4460        12.75
      2.4470        12.68
      2.4480        12.63
      2.4490        12.60
      2.4500        12.57
      2.4510        12.65
      2.4520        12.59
      2.4530        12.67
      2.4540        12.68
      2.4550        12.62
      2.4560        12.66
      2.4570        12.54
      2.4580        12.55
      2.4590        12.54
      2.4600        12.46
      2.4610        12.55
      2.4620        12.57
      2.4630        12.55
      2.4640        12.58
      2.4650        12.57
      2.4660        12.61
      2.4670        12.66
      2.4680        12.58
      2.4690        12.51
      2.4700        12.50
      2.4710        12.44
      2.4720        12.51
      2.4730        12.38
      2.4740        12.36
      2.4750        12.47
      2.4760        12.43
      2.4770        12.49
      2.4780        12.41
      2.4790        12.41
      2.4800        12.43
      2.4810        12.40
      2.4820        12.35
      2.4830        12.23
      2.4840        12.25
      2.4850        12.11
      2.4860        11.99
      2.4870        12.06
      2.4880        12.10
      2.4890        12.07
      2.4900        12.03
      2.4910        12.06
      2.4920        11.96
      2.4930        11.90
      2.4940        11.80
      2.4950        11.75
      2.4960        11.73
      2.4970        11.70
      2.4980        11.71
      2.4990        11.69
      2.5000        11.63
      2.5010        11.46
      2.5020        11.47
      2.5030        11.55
      2.5040        11.52
      2.5050        11.55
      2.5060        11.60
      2.5070        11.49
      2.5080        11.41
      2.5090        11.41
      2.5100        11.40
      2.5110        11.33
      2.5120        11.33
      2.5130        11.32
      2.5140        11.44
      2.5150        11.40
      2.5160        11.28
      2.5170        11.23
      2.5180        11.16
      2.5190        11.07
      2.5200        11.07
      2.5210        11.01
      2.5220        11.09
      2.5230        11.09
      2.5240        11.05
      2.5250        10.97
      2.5260        10.89
      2.5270        10.90
      2.5280        11.00
      2.5290        10.92
      2.5300        10.89
      2.5310        10.89
      2.5320        11.02
      2.5330        11.11
      2.5340        11.03
      2.5350        11.07
      2.5360        11.19
      2.5370        11.37
      2.5380        11.48
      2.5390        11.50
      2.5400        11.56
      2.5410        11.70
      2.5420        11.66
      2.5430        11.50
      2.5440        11.55
      2.5450        11.65
      2.5460        11.62
      2.5470        11.57
      2.5480        11.47
      2.5490        11.46
      2.5500        11.48
      2.5510        11.55
      2.5520        11.42
      2.5530        11.38
      2.5540        11.31
      2.5550        11.26
      2.5560        11.17
      2.5570        11.04
      2.5580        10.94
      2.5590        10.92
      2.5600        10.84
      2.5610        10.84
      2.5620        10.80
      2.5630        10.88
      2.5640        10.85
      2.5650        10.79
      2.5660        10.80
      2.5670        10.63
      2.5680        10.61
      2.5690        10.71
      2.5700        10.63
      2.5710        10.54
      2.5720        10.46
      2.5730        10.35
      2.5740        10.29
      2.5750        10.29
      2.5760        10.30
      2.5770        10.22
      2.5780        10.17
      2.5790        10.09
      2.5800        10.06
      2.5810        10.01
      2.5820         9.89
      2.5830         9.82
      2.5840         9.83
      2.5850         9.82
      2.5860         9.79
      2.5870         9.86
      2.5880         9.83
      2.5890         9.62
      2.5900         9.60
      2.5910         9.47
      2.5920         9.44
      2.5930         9.44
      2.5940         9.56
      2.5950         9.44
      2.5960         9.27
      2.5970         9.25
      2.5980         9.21
      2.5990         9.21
      2.6000         9.17
      2.6010         9.04
      2.6020         9.06
      2.6030         9.00
      2.6040         8.80
      2.6050         8.58
      2.6060         8.56
      2.6070         8.59
      2.6080         8.47
      2.6090         8.49
      2.6100         8.39
      2.6110         8.37
      2.6120         8.29
      2.6130         8.24
      2.6140         8.12
      2.6150         8.09
      2.6160         8.37
      2.6170         8.41
      2.6180         8.64
      2.6190         8.93
      2.6200         9.19
      2.6210         9.45
      2.6220         9.65
      2.6230         9.89
      2.6240        10.09
      2.6250        10.44
      2.6260        10.47
      2.6270        10.55
      2.6280        10.73
      2.6290        10.71
      2.6300        10.85
      2.6310        10.94
      2.6320        11.13
      2.6330        11.09
      2.6340        11.12
      2.6350        11.14
      2.6360        11.06
      2.6370        10.99
      2.6380        10.83
      2.6390        10.48
      2.6400        10.20
      2.6410         9.92
      2.6420         9.65
      2.6430         9.48
      2.6440         9.28
      2.6450         9.01
      2.6460         8.95
      2.6470         8.79
      2.6480         8.76
      2.6490         8.80
      2.6500         8.72
      2.6510         8.77
      2.6520         8.64
      2.6530         8.75
      2.6540         8.75
      2.6550         8.82
      2.6560         8.71
      2.6570         8.71
      2.6580         8.62
      2.6590         8.65
      2.6600         8.75
      2.6610         8.77
      2.6620         8.85
      2.6630         8.77
      2.6640         8.74
      2.6650         8.72
      2.6660         8.63
      2.6670         8.52
      2.6680         8.37
      2.6690         8.28
      2.6700         8.14
      2.6710         7.94
      2.6720         7.90
      2.6730         7.70
      2.6740         7.57
      2.6750         7.32
      2.6760         7.20
      2.6770         7.03
      2.6780         6.99
      2.6790         6.93
      2.6800         6.77
      2.6810         6.74
      2.6820         6.65
      2.6830         6.57
      2.6840         6.57
      2.6850         6.57
      2.6860         6.62
      2.6870         6.67
      2.6880         6.66
      2.6890         6.69
      2.6900         6.63
      2.6910         6.65
      2.6920         6.56
      2.6930         6.58
      2.6940         6.52
      2.6950         6.54
      2.6960         6.52
      2.6970         6.46
      2.6980         6.41
      2.6990         6.33
      2.7000         6.29
      2.7010         6.14
      2.7020         6.13
      2.7030         6.07
      2.7040         5.95
      2.7050         5.84
      2.7060         5.71
      2.7070         5.59
      2.7080         5.52
      2.7090         5.48
      2.7100         5.45
      2.7110         5.41
      2.7120         5.46
      2.7130         5.42
      2.7140         5.41
      2.7150         5.38
      2.7160         5.46
      2.7170         5.61
      2.7180         5.69
      2.7190         5.68
      2.7200         5.66
      2.7210         5.79
      2.7220         5.79
      2.7230         5.87
      2.7240         5.98
      2.7250         5.97
      2.7260         6.05
      2.7270         6.19
      2.7280         6.33
      2.7290         6.31
      2.7300         6.36
      2.7310         6.48
      2.7320         6.41
      2.7330         6.45
      2.7340         6.55
      2.7350         6.58
      2.7360         6.54
      2.7370         6.46
      2.7380         6.35
      2.7390         6.41
      2.7400         6.38
      2.7410         6.27
      2.7420         6.22
      2.7430         6.22
      2.7440         6.15
      2.7450         6.19
      2.7460         6.18
      2.7470         6.12
      2.7480         6.06
      2.7490         6.15
      2.7500         6.23
      2.7510         6.14
      2.7520         6.23
      2.7530         6.19
      2.7540         6.10
      2.7550         6.09
      2.7560         6.07
      2.7570         6.13
      2.7580         6.10
      2.7590         6.15
      2.7600         6.25
      2.7610         6.27
      2.7620         6.33
      2.7630         6.29
      2.7640         6.34
      2.7650         6.39
      2.7660         6.35
      2.7670         6.27
      2.7680         6.24
      2.7690         6.19
      2.7700         6.11
      2.7710         6.04
      2.7720         6.05
      2.7730         5.97
      2.7740         5.91
      2.7750         5.79
      2.7760         5.64
      2.7770         5.60
      2.7780         5.51
      2.7790         5.36
      2.7800         5.24
      2.7810         5.14
      2.7820         5.02
      2.7830         5.02
      2.7840         5.05
      2.7850         5.05
      2.7860         5.05
      2.7870         5.06
      2.7880         5.01
      2.7890         4.93
      2.7900         4.97
      2.7910         4.98
      2.7920         4.82
      2.7930         4.87
      2.7940         4.93
      2.7950         5.05
      2.7960         5.18
      2.7970         5.13
      2.7980         5.17
      2.7990         5.17
      2.8000         5.13
      2.8010         5.14
      2.8020         5.10
      2.8030         5.02
      2.8040         4.97
      2.8050         4.93
      2.8060         4.84
      2.8070         4.73
      2.8080         4.74
      2.8090         4.75
      2.8100         4.59
      2.8110         4.40
      2.8120         4.47
      2.8130         4.36
      2.8140         4.39
      2.8150         4.25
      2.8160         4.18
      2.8170         4.20
      2.8180         4.32
      2.8190         4.37
      2.8200         4.38
      2.8210         4.50
      2.8220         4.53
      2.8230         4.59
      2.8240         4.47
      2.8250         4.46
      2.8260         4.59
      2.8270         4.73
      2.8280         4.74
      2.8290         4.67
      2.8300         4.78
      2.8310         4.99
      2.8320         5.05
      2.8330         5.11
      2.8340         5.06
      2.8350         5.15
      2.8360         5.22
      2.8370         5.10
      2.8380         4.98
      2.8390         4.85
      2.8400         4.85
      2.8410         4.70
      2.8420         4.80
      2.8430         4.72
      2.8440         4.72
      2.8450         4.72
      2.8460         4.68
      2.8470         4.72
      2.8480         4.76
      2.8490         4.73
      2.8500         4.71
      2.8510         4.61
      2.8520         4.54
      2.8530         4.50
      2.8540         4.56
      2.8550         4.52
      2.8560         4.47
      2.8570         4.51
      2.8580         4.54
      2.8590         4.64
      2.8600         4.64
      2.8610         4.64
      2.8620         4.55
      2.8630         4.46
      2.8640         4.42
      2.8650         4.35
      2.8660         4.23
      2.8670         4.15
      2.8680         3.94
      2.8690         4.03
      2.8700         3.94
      2.8710         3.98
      2.8720         3.94
      2.8730         3.91
      2.8740         3.86
      2.8750         3.87
      2.8760         3.87
      2.8770         3.94
      2.8780         3.97
      2.8790         3.94
      2.8800         4.04
      2.8810         4.03
      2.8820         4.02
      2.8830         4.12
      2.8840         4.24
      2.8850         4.26
      2.8860         4.29
      2.8870         4.24
      2.8880         4.37
      2.8890         4.43
      2.8900         4.49
      2.8910         4.51
      2.8920         4.49
      2.8930         4.48
      2.8940         4.48
      2.8950         4.41
      2.8960         4.44
      2.8970         4.43
      2.8980         4.48
      2.8990         4.43
      2.9000         4.35
      2.9010         3.92
      2.9020         3.90
      2.9030         4.26
      2.9040         4.28
      2.9050         4.22
      2.9060         4.24
      2.9070         4.25
      2.9080         4.21
      2.9090         4.10
      2.9100         4.02
      2.9110         3.95
      2.9120         3.98
      2.9130         4.08
      2.9140         4.04
      2.9150         4.24
      2.9160         4.16
      2.9170         4.12
      2.9180         4.01
      2.9190         4.02
      2.9200         4.12
      2.9210         4.10
      2.9220         4.15
      2.9230         4.22
      2.9240         4.11
      2.9250         4.15
      2.9260         4.11
      2.9270         4.19
      2.9280         4.19
      2.9290         4.25
      2.9300         4.41
      2.9310         4.42
      2.9320         4.49
      2.9330         4.41
      2.9340         4.43
      2.9350         4.35
      2.9360         4.39
      2.9370         4.34
      2.9380         4.34
      2.9390         4.27
      2.9400         4.18
      2.9410         4.17
      2.9420         4.24
      2.9430         4.21
      2.9440         4.32
      2.9450         4.32
      2.9460         4.47
      2.9470         4.43
      2.9480         4.49
      2.9490         4.39
      2.9500         4.21
      2.9510         4.28
      2.9520         4.18
      2.9530         4.14
      2.9540         4.14
      2.9550         4.03
      2.9560         3.94
      2.9570         3.99
      2.9580         3.93
      2.9590         4.06
      2.9600         3.99
      2.9610         3.89
      2.9620         3.79
      2.9630         3.78
      2.9640         3.82
      2.9650         3.75
      2.9660         3.64
      2.9670         3.59
      2.9680         3.53
      2.9690         3.55
      2.9700         3.61
      2.9710         3.57
      2.9720         3.57
      2.9730         3.62
      2.9740         3.57
      2.9750         3.59
      2.9760         3.62
      2.9770         3.57
      2.9780         3.65
      2.9790         3.60
      2.9800         3.58
      2.9810         3.68
      2.9820         3.73
      2.9830         3.73
      2.9840         3.57
      2.9850         3.65
      2.9860         3.57
      2.9870         3.60
      2.9880         3.57
      2.9890         3.56
      2.9900         3.49
      2.9910         3.49
      2.9920         3.49
      2.9930         3.49
      2.9940         3.58
      2.9950         3.55
      2.9960         3.57
      2.9970         3.63
      2.9980         3.61
      2.9990         3.57
