        Time   Palpation Force
      0.0000         1.00
      0.0010         1.00
      0.0020         1.00
      0.0030         1.00
      0.0040         1.00
      0.0050         1.00
      0.0060         1.00
      0.0070         1.00
      0.0080         1.00
      0.0090         1.00
      0.0100         1.00
      0.0110         1.00
      0.0120         1.00
      0.0130         1.00
      0.0140         1.00
      0.0150         1.00
      0.0160         1.00
      0.0170         1.00
      0.0180         1.00
      0.0190         1.00
      0.0200         1.00
      0.0210         1.00
      0.0220         1.00
      0.0230         1.00
      0.0240         1.00
      0.0250         1.00
      0.0260         1.00
      0.0270         1.00
      0.0280         1.00
      0.0290         1.00
      0.0300         1.00
      0.0310         1.00
      0.0320         1.00
      0.0330         1.00
      0.0340         1.00
      0.0350         1.00
      0.0360         1.00
      0.0370         1.00
      0.0380         1.00
      0.0390         1.00
      0.0400         1.00
      0.0410         1.00
      0.0420         1.00
      0.0430         1.00
      0.0440         1.00
      0.0450         1.00
      0.0460         1.00
      0.0470         1.00
      0.0480         1.00
      0.0490         1.00
      0.0500         1.00
      0.0510         1.00
      0.0520         1.00
      0.0530         1.00
      0.0540         1.00
      0.0550         1.00
      0.0560         1.00
      0.0570         1.00
      0.0580         1.00
      0.0590         1.00
      0.0600         1.00
      0.0610         1.00
      0.0620         1.00
      0.0630         1.00
      0.0640         1.00
      0.0650         1.00
      0.0660         1.00
      0.0670         1.00
      0.0680         1.00
      0.0690         1.00
      0.0700         1.00
      0.0710         1.00
      0.0720         1.00
      0.0730         1.00
      0.0740         1.00
      0.0750         1.00
      0.0760         1.00
      0.0770         1.00
      0.0780         1.00
      0.0790         1.00
      0.0800         1.00
      0.0810         1.00
      0.0820         1.00
      0.0830         1.00
      0.0840         1.00
      0.0850         1.00
      0.0860         1.00
      0.0870         1.00
      0.0880         1.00
      0.0890         1.00
      0.0900         1.00
      0.0910         1.00
      0.0920         1.00
      0.0930         1.00
      0.0940         1.00
      0.0950         1.00
      0.0960         1.00
      0.0970         1.00
      0.0980         1.00
      0.0990         1.00
      0.1000         1.00
      0.1010         1.00
      0.1020         1.00
      0.1030         1.00
      0.1040         1.00
      0.1050         1.00
      0.1060         1.00
      0.1070         1.00
      0.1080         1.00
      0.1090         1.00
      0.1100         1.00
      0.1110         1.00
      0.1120         1.00
      0.1130         1.00
      0.1140         1.00
      0.1150         1.00
      0.1160         1.00
      0.1170         1.00
      0.1180         1.00
      0.1190         1.00
      0.1200         1.00
      0.1210         1.00
      0.1220         1.00
      0.1230         1.00
      0.1240         1.00
      0.1250         1.00
      0.1260         1.00
      0.1270         1.00
      0.1280         1.00
      0.1290         1.00
      0.1300         1.00
      0.1310         1.00
      0.1320         1.00
      0.1330         1.00
      0.1340         1.00
      0.1350         1.00
      0.1360         1.00
      0.1370         1.00
      0.1380         1.00
      0.1390         1.00
      0.1400         1.00
      0.1410         1.00
      0.1420         1.00
      0.1430         1.00
      0.1440         1.00
      0.1450         1.00
      0.1460         1.00
      0.1470         1.00
      0.1480         1.00
      0.1490         1.00
      0.1500         1.00
      0.1510         1.00
      0.1520         1.00
      0.1530         1.00
      0.1540         1.00
      0.1550         1.00
      0.1560         1.00
      0.1570         1.00
      0.1580         1.00
      0.1590         1.00
      0.1600         1.00
      0.1610         1.00
      0.1620         1.00
      0.1630         1.00
      0.1640         1.00
      0.1650         1.00
      0.1660         1.00
      0.1670         1.00
      0.1680         1.00
      0.1690         1.00
      0.1700         1.00
      0.1710         1.00
      0.1720         1.00
      0.1730         1.00
      0.1740         1.00
      0.1750         1.00
      0.1760         1.00
      0.1770         1.00
      0.1780         1.00
      0.1790         1.00
      0.1800         1.00
      0.1810         1.00
      0.1820         1.00
      0.1830         1.00
      0.1840         1.00
      0.1850         1.00
      0.1860         1.00
      0.1870         1.00
      0.1880         1.00
      0.1890         1.00
      0.1900         1.00
      0.1910         1.00
      0.1920         1.00
      0.1930         1.00
      0.1940         1.00
      0.1950         1.00
      0.1960         1.00
      0.1970         1.00
      0.1980         1.00
      0.1990         1.00
      0.2000         1.00
      0.2010         1.00
      0.2020         1.00
      0.2030         1.00
      0.2040         1.00
      0.2050         1.00
      0.2060         1.00
      0.2070         1.00
      0.2080         1.00
      0.2090         1.00
      0.2100         1.00
      0.2110         1.00
      0.2120         1.00
      0.2130         1.00
      0.2140         1.00
      0.2150         1.00
      0.2160         1.00
      0.2170         1.00
      0.2180         1.00
      0.2190         1.00
      0.2200         1.00
      0.2210         1.00
      0.2220         1.00
      0.2230         1.00
      0.2240         1.00
      0.2250         1.00
      0.2260         1.00
      0.2270         1.00
      0.2280         1.00
      0.2290         1.00
      0.2300         1.00
      0.2310         1.00
      0.2320         1.00
      0.2330         1.00
      0.2340         1.00
      0.2350         1.00
      0.2360         1.00
      0.2370         1.00
      0.2380         1.00
      0.2390         1.00
      0.2400         1.00
      0.2410         1.00
      0.2420         1.00
      0.2430         1.00
      0.2440         1.00
      0.2450         1.00
      0.2460         1.00
      0.2470         1.00
      0.2480         1.00
      0.2490         1.00
      0.2500         1.00
      0.2510         1.00
      0.2520         1.00
      0.2530         1.00
      0.2540         1.00
      0.2550         1.00
      0.2560         1.00
      0.2570         1.00
      0.2580         1.00
      0.2590         1.00
      0.2600         1.00
      0.2610         1.00
      0.2620         1.00
      0.2630         1.00
      0.2640         1.00
      0.2650         1.00
      0.2660         1.00
      0.2670         1.00
      0.2680         1.00
      0.2690         1.00
      0.2700         1.00
      0.2710         1.00
      0.2720         1.00
      0.2730         1.00
      0.2740         1.00
      0.2750         1.00
      0.2760         1.00
      0.2770         1.00
      0.2780         1.00
      0.2790         1.00
      0.2800         1.00
      0.2810         1.00
      0.2820         1.00
      0.2830         1.00
      0.2840         1.00
      0.2850         1.00
      0.2860         1.00
      0.2870         1.00
      0.2880         1.00
      0.2890         1.00
      0.2900         1.00
      0.2910         1.00
      0.2920         1.00
      0.2930         1.00
      0.2940         1.00
      0.2950         1.00
      0.2960         1.00
      0.2970         1.00
      0.2980         1.00
      0.2990         1.00
      0.3000         1.00
      0.3010         1.00
      0.3020         1.00
      0.3030         1.00
      0.3040         1.00
      0.3050         1.00
      0.3060         1.00
      0.3070         1.00
      0.3080         1.00
      0.3090         1.00
      0.3100         1.00
      0.3110         1.00
      0.3120         1.00
      0.3130         1.00
      0.3140         1.00
      0.3150         1.00
      0.3160         1.00
      0.3170         1.00
      0.3180         1.00
      0.3190         1.00
      0.3200         1.00
      0.3210         1.00
      0.3220         1.00
      0.3230         1.00
      0.3240         1.00
      0.3250         1.00
      0.3260         1.00
      0.3270         1.00
      0.3280         1.00
      0.3290         1.00
      0.3300         1.00
      0.3310         1.00
      0.3320         1.00
      0.3330         1.00
      0.3340         1.00
      0.3350         1.00
      0.3360         1.00
      0.3370         1.00
      0.3380         1.00
      0.3390         1.00
      0.3400         1.00
      0.3410         1.00
      0.3420         1.00
      0.3430         1.00
      0.3440         1.00
      0.3450         1.00
      0.3460         1.00
      0.3470         1.00
      0.3480         1.00
      0.3490         1.00
      0.3500         1.00
      0.3510         1.00
      0.3520         1.00
      0.3530         1.00
      0.3540         1.00
      0.3550         1.00
      0.3560         1.00
      0.3570         1.00
      0.3580         1.00
      0.3590         1.00
      0.3600         1.00
      0.3610         1.00
      0.3620         1.00
      0.3630         1.00
      0.3640         1.00
      0.3650         1.00
      0.3660         1.00
      0.3670         1.00
      0.3680         1.00
      0.3690         1.00
      0.3700         1.00
      0.3710         1.00
      0.3720         1.00
      0.3730         1.00
      0.3740         1.00
      0.3750         1.00
      0.3760         1.00
      0.3770         1.00
      0.3780         1.00
      0.3790         1.00
      0.3800         1.00
      0.3810         1.00
      0.3820         1.00
      0.3830         1.00
      0.3840         1.00
      0.3850         1.00
      0.3860         1.00
      0.3870         1.00
      0.3880         1.00
      0.3890         1.00
      0.3900         1.00
      0.3910         1.00
      0.3920         1.00
      0.3930         1.00
      0.3940         1.00
      0.3950         1.00
      0.3960         1.00
      0.3970         1.00
      0.3980         1.00
      0.3990         1.00
      0.4000         1.00
      0.4010         1.00
      0.4020         1.00
      0.4030         1.00
      0.4040         1.00
      0.4050         1.00
      0.4060         1.00
      0.4070         1.00
      0.4080         1.00
      0.4090         1.00
      0.4100         1.00
      0.4110         1.00
      0.4120         1.00
      0.4130         1.00
      0.4140         1.00
      0.4150         1.00
      0.4160         1.00
      0.4170         1.00
      0.4180         1.00
      0.4190         1.00
      0.4200         1.00
      0.4210         1.00
      0.4220         1.00
      0.4230         1.00
      0.4240         1.00
      0.4250         1.00
      0.4260         1.00
      0.4270         1.00
      0.4280         1.00
      0.4290         1.00
      0.4300         1.00
      0.4310         1.00
      0.4320         1.00
      0.4330         1.00
      0.4340         1.00
      0.4350         1.00
      0.4360         1.00
      0.4370         1.00
      0.4380         1.00
      0.4390         1.00
      0.4400         1.00
      0.4410         1.00
      0.4420         1.00
      0.4430         1.00
      0.4440         1.00
      0.4450         1.00
      0.4460         1.00
      0.4470         1.00
      0.4480         1.00
      0.4490         1.00
      0.4500         1.00
      0.4510         1.00
      0.4520         1.00
      0.4530         1.00
      0.4540         1.00
      0.4550         1.00
      0.4560         1.00
      0.4570         1.00
      0.4580         1.00
      0.4590         1.00
      0.4600         1.00
      0.4610         1.00
      0.4620         1.00
      0.4630         1.00
      0.4640         1.00
      0.4650         1.00
      0.4660         1.00
      0.4670         1.00
      0.4680         1.00
      0.4690         1.00
      0.4700         1.00
      0.4710         1.00
      0.4720         1.00
      0.4730         1.00
      0.4740         1.00
      0.4750         1.00
      0.4760         1.00
      0.4770         1.00
      0.4780         1.00
      0.4790         1.00
      0.4800         1.00
      0.4810         1.00
      0.4820         1.00
      0.4830         1.00
      0.4840         1.00
      0.4850         1.00
      0.4860         1.00
      0.4870         1.00
      0.4880         1.00
      0.4890         1.00
      0.4900         1.00
      0.4910         1.00
      0.4920         1.00
      0.4930         1.00
      0.4940         1.00
      0.4950         1.00
      0.4960         1.00
      0.4970         1.00
      0.4980         1.00
      0.4990         1.00
      0.5000         1.00
      0.5010         1.00
      0.5020         1.00
      0.5030         1.00
      0.5040         1.00
      0.5050         1.00
      0.5060         1.00
      0.5070         1.00
      0.5080         1.00
      0.5090         1.00
      0.5100         1.00
      0.5110         1.00
      0.5120         1.00
      0.5130         1.00
      0.5140         1.00
      0.5150         1.00
      0.5160         1.00
      0.5170         1.00
      0.5180         1.00
      0.5190         1.00
      0.5200         1.00
      0.5210         1.00
      0.5220         1.00
      0.5230         1.00
      0.5240         1.00
      0.5250         1.00
      0.5260         1.00
      0.5270         1.00
      0.5280         1.00
      0.5290         1.00
      0.5300         1.00
      0.5310         1.00
      0.5320         1.00
      0.5330         1.00
      0.5340         1.00
      0.5350         1.00
      0.5360         1.00
      0.5370         1.00
      0.5380         1.00
      0.5390         1.00
      0.5400         1.00
      0.5410         1.00
      0.5420         1.00
      0.5430         1.00
      0.5440         1.00
      0.5450         1.00
      0.5460         1.00
      0.5470         1.00
      0.5480         1.00
      0.5490         1.00
      0.5500         1.00
      0.5510         1.00
      0.5520         1.00
      0.5530         1.00
      0.5540         1.00
      0.5550         1.00
      0.5560         1.00
      0.5570         1.00
      0.5580         1.00
      0.5590         1.00
      0.5600         1.00
      0.5610         1.00
      0.5620         1.00
      0.5630         1.00
      0.5640         1.00
      0.5650         1.00
      0.5660         1.00
      0.5670         1.00
      0.5680         1.00
      0.5690         1.00
      0.5700         1.00
      0.5710         1.00
      0.5720         1.00
      0.5730         1.00
      0.5740         1.00
      0.5750         1.00
      0.5760         1.00
      0.5770         1.00
      0.5780         1.00
      0.5790         1.00
      0.5800         1.00
      0.5810         1.00
      0.5820         1.00
      0.5830         1.00
      0.5840         1.00
      0.5850         1.00
      0.5860         1.00
      0.5870         1.00
      0.5880         1.00
      0.5890         1.00
      0.5900         1.00
      0.5910         1.00
      0.5920         1.00
      0.5930         1.00
      0.5940         1.00
      0.5950         1.00
      0.5960         1.00
      0.5970         1.00
      0.5980         1.00
      0.5990         1.00
      0.6000         1.00
      0.6010         1.00
      0.6020         1.00
      0.6030         1.00
      0.6040         1.00
      0.6050         1.00
      0.6060         1.00
      0.6070         1.00
      0.6080         1.00
      0.6090         1.00
      0.6100         1.00
      0.6110         1.00
      0.6120         1.00
      0.6130         1.00
      0.6140         1.00
      0.6150         1.00
      0.6160         1.00
      0.6170         1.00
      0.6180         1.00
      0.6190         1.00
      0.6200         1.00
      0.6210         1.00
      0.6220         1.00
      0.6230         1.00
      0.6240         1.00
      0.6250         1.00
      0.6260         1.00
      0.6270         1.00
      0.6280         1.00
      0.6290         1.00
      0.6300         1.00
      0.6310         1.00
      0.6320         1.00
      0.6330         1.00
      0.6340         1.00
      0.6350         1.00
      0.6360         1.00
      0.6370         1.00
      0.6380         1.00
      0.6390         1.00
      0.6400         1.00
      0.6410         1.00
      0.6420         1.00
      0.6430         1.00
      0.6440         1.00
      0.6450         1.00
      0.6460         1.00
      0.6470         1.00
      0.6480         1.00
      0.6490         1.00
      0.6500         1.00
      0.6510         1.00
      0.6520         1.00
      0.6530         1.00
      0.6540         1.00
      0.6550         1.00
      0.6560         1.00
      0.6570         1.00
      0.6580         1.00
      0.6590         1.00
      0.6600         1.00
      0.6610         1.00
      0.6620         1.00
      0.6630         1.00
      0.6640         1.00
      0.6650         1.00
      0.6660         1.00
      0.6670         1.00
      0.6680         1.00
      0.6690         1.00
      0.6700         1.00
      0.6710         1.00
      0.6720         1.00
      0.6730         1.00
      0.6740         1.00
      0.6750         1.00
      0.6760         1.00
      0.6770         1.00
      0.6780         1.00
      0.6790         1.00
      0.6800         1.00
      0.6810         1.00
      0.6820         1.00
      0.6830         1.00
      0.6840         1.00
      0.6850         1.00
      0.6860         1.00
      0.6870         1.00
      0.6880         1.00
      0.6890         1.00
      0.6900         1.00
      0.6910         1.00
      0.6920         1.00
      0.6930         1.00
      0.6940         1.00
      0.6950         1.00
      0.6960         1.00
      0.6970         1.00
      0.6980         1.00
      0.6990         1.00
      0.7000         1.00
      0.7010         1.00
      0.7020         1.00
      0.7030         1.00
      0.7040         1.00
      0.7050         1.00
      0.7060         1.00
      0.7070         1.00
      0.7080         1.00
      0.7090         1.00
      0.7100         1.00
      0.7110         1.00
      0.7120         1.00
      0.7130         1.00
      0.7140         1.00
      0.7150         1.00
      0.7160         1.00
      0.7170         1.00
      0.7180         1.00
      0.7190         1.00
      0.7200         1.00
      0.7210         1.00
      0.7220         1.00
      0.7230         1.00
      0.7240         1.00
      0.7250         1.00
      0.7260         1.00
      0.7270         1.00
      0.7280         1.00
      0.7290         1.00
      0.7300         1.00
      0.7310         1.00
      0.7320         1.00
      0.7330         1.00
      0.7340         1.00
      0.7350         1.00
      0.7360         1.00
      0.7370         1.00
      0.7380         1.00
      0.7390         1.00
      0.7400         1.00
      0.7410         1.00
      0.7420         1.00
      0.7430         1.00
      0.7440         1.00
      0.7450         1.00
      0.7460         1.00
      0.7470         1.00
      0.7480         1.00
      0.7490         1.00
      0.7500         1.00
      0.7510         1.00
      0.7520         1.00
      0.7530         1.00
      0.7540         1.00
      0.7550         1.00
      0.7560         1.00
      0.7570         1.00
      0.7580         1.00
      0.7590         1.00
      0.7600         1.00
      0.7610         1.00
      0.7620         1.00
      0.7630         1.00
      0.7640         1.00
      0.7650         1.00
      0.7660         1.00
      0.7670         1.00
      0.7680         1.00
      0.7690         1.00
      0.7700         1.00
      0.7710         1.00
      0.7720         1.00
      0.7730         1.00
      0.7740         1.00
      0.7750         1.00
      0.7760         1.00
      0.7770         1.00
      0.7780         1.00
      0.7790         1.00
      0.7800         1.00
      0.7810         1.00
      0.7820         1.00
      0.7830         1.00
      0.7840         1.00
      0.7850         1.00
      0.7860         1.00
      0.7870         1.00
      0.7880         1.00
      0.7890         1.00
      0.7900         1.00
      0.7910         1.00
      0.7920         1.00
      0.7930         1.00
      0.7940         1.00
      0.7950         1.00
      0.7960         1.00
      0.7970         1.00
      0.7980         1.00
      0.7990         1.00
      0.8000         1.00
      0.8010         1.00
      0.8020         1.00
      0.8030         1.00
      0.8040         1.00
      0.8050         1.00
      0.8060         1.00
      0.8070         1.00
      0.8080         1.00
      0.8090         1.00
      0.8100         1.00
      0.8110         1.00
      0.8120         1.00
      0.8130         1.00
      0.8140         1.00
      0.8150         1.00
      0.8160         1.00
      0.8170         1.00
      0.8180         1.00
      0.8190         1.00
      0.8200         1.00
      0.8210         1.00
      0.8220         1.00
      0.8230         1.00
      0.8240         1.00
      0.8250         1.00
      0.8260         1.00
      0.8270         1.00
      0.8280         1.00
      0.8290         1.00
      0.8300         1.00
      0.8310         1.00
      0.8320         1.00
      0.8330         1.00
      0.8340         1.00
      0.8350         1.00
      0.8360         1.00
      0.8370         1.00
      0.8380         1.00
      0.8390         1.00
      0.8400         1.00
      0.8410         1.00
      0.8420         1.00
      0.8430         1.00
      0.8440         1.00
      0.8450         1.00
      0.8460         1.00
      0.8470         1.00
      0.8480         1.00
      0.8490         1.00
      0.8500         1.00
      0.8510         1.00
      0.8520         1.00
      0.8530         1.00
      0.8540         1.00
      0.8550         1.00
      0.8560         1.00
      0.8570         1.00
      0.8580         1.15
      0.8590         1.15
      0.8600         1.08
      0.8610         1.09
      0.8620         1.04
      0.8630         1.00
      0.8640         1.08
      0.8650         1.00
      0.8660         1.13
      0.8670         1.22
      0.8680         1.23
      0.8690         1.24
      0.8700         1.20
      0.8710         1.19
      0.8720         1.72
      0.8730         1.73
      0.8740         1.74
      0.8750         1.25
      0.8760         1.14
      0.8770         1.00
      0.8780         1.00
      0.8790         1.00
      0.8800         1.00
      0.8810         1.00
      0.8820         1.16
      0.8830         1.19
      0.8840         1.72
      0.8850         1.77
      0.8860         1.77
      0.8870         1.34
      0.8880         1.42
      0.8890         1.42
      0.8900         1.44
      0.8910         1.38
      0.8920         1.41
      0.8930         1.46
      0.8940         1.41
      0.8950         1.47
      0.8960         2.01
      0.8970         1.98
      0.8980         2.06
      0.8990         2.10
      0.9000         2.19
      0.9010         2.10
      0.9020         2.09
      0.9030         2.11
      0.9040         2.02
      0.9050         2.02
      0.9060         2.03
      0.9070         1.00
      0.9080         1.46
      0.9090         2.03
      0.9100         2.10
      0.9110         2.18
      0.9120         1.69
      0.9130         1.69
      0.9140         1.69
      0.9150         1.63
      0.9160         1.67
      0.9170         2.20
      0.9180         2.20
      0.9190         2.23
      0.9200         2.29
      0.9210         2.29
      0.9220         2.31
      0.9230         2.37
      0.9240         3.06
      0.9250         3.05
      0.9260         3.10
      0.9270         3.20
      0.9280         3.23
      0.9290         3.27
      0.9300         3.37
      0.9310         3.37
      0.9320         3.44
      0.9330         3.42
      0.9340         3.39
      0.9350         3.42
      0.9360         3.39
      0.9370         3.32
      0.9380         3.30
      0.9390         3.33
      0.9400         3.32
      0.9410         3.28
      0.9420         3.33
      0.9430         3.32
      0.9440         3.25
      0.9450         3.32
      0.9460         3.37
      0.9470         3.38
      0.9480         3.48
      0.9490         3.48
      0.9500         3.52
      0.9510         3.43
      0.9520         3.46
      0.9530         3.53
      0.9540         3.61
      0.9550         3.73
      0.9560         3.78
      0.9570         3.84
      0.9580         3.85
      0.9590         3.87
      0.9600         3.95
      0.9610         4.11
      0.9620         4.12
      0.9630         4.18
      0.9640         4.22
      0.9650         4.31
      0.9660         4.33
      0.9670         4.39
      0.9680         4.39
      0.9690         4.47
      0.9700         4.43
      0.9710         4.58
      0.9720         4.63
      0.9730         4.69
      0.9740         4.69
      0.9750         4.70
      0.9760         4.77
      0.9770         4.71
      0.9780         4.81
      0.9790         4.86
      0.9800         4.93
      0.9810         4.99
      0.9820         5.08
      0.9830         5.00
      0.9840         4.98
      0.9850         4.94
      0.9860         5.01
      0.9870         5.00
      0.9880         5.12
      0.9890         5.13
      0.9900         5.15
      0.9910         5.09
      0.9920         5.05
      0.9930         5.01
      0.9940         5.01
      0.9950         5.09
      0.9960         5.01
      0.9970         5.12
      0.9980         5.13
      0.9990         5.19
      1.0000         5.13
      1.0010         5.12
      1.0020         5.12
      1.0030         5.29
      1.0040         5.33
      1.0050         5.33
      1.0060         5.30
      1.0070         5.40
      1.0080         5.35
      1.0090         5.41
      1.0100         5.45
      1.0110         5.41
      1.0120         5.36
      1.0130         5.45
      1.0140         5.53
      1.0150         5.64
      1.0160         5.71
      1.0170         5.75
      1.0180         5.84
      1.0190         5.95
      1.0200         5.94
      1.0210         5.98
      1.0220         5.98
      1.0230         5.95
      1.0240         6.02
      1.0250         6.06
      1.0260         6.13
      1.0270         6.13
      1.0280         6.30
      1.0290         6.16
      1.0300         6.17
      1.0310         6.30
      1.0320         6.46
      1.0330         6.58
      1.0340         6.53
      1.0350         6.45
      1.0360         6.50
      1.0370         6.56
      1.0380         6.52
      1.0390         6.41
      1.0400         6.49
      1.0410         6.52
      1.0420         6.65
      1.0430         6.72
      1.0440         6.69
      1.0450         6.79
      1.0460         6.89
      1.0470         6.86
      1.0480         6.82
      1.0490         6.91
      1.0500         6.90
      1.0510         6.92
      1.0520         6.88
      1.0530         6.86
      1.0540         6.94
      1.0550         6.98
      1.0560         7.00
      1.0570         7.02
      1.0580         7.15
      1.0590         7.23
      1.0600         7.24
      1.0610         7.24
      1.0620         7.20
      1.0630         7.20
      1.0640         7.37
      1.0650         7.41
      1.0660         7.33
      1.0670         7.45
      1.0680         7.52
      1.0690         7.60
      1.0700         7.75
      1.0710         7.86
      1.0720         7.96
      1.0730         7.96
      1.0740         8.11
      1.0750         8.14
      1.0760         8.22
      1.0770         8.30
      1.0780         8.27
      1.0790         8.34
      1.0800         8.49
      1.0810         8.58
      1.0820         8.58
      1.0830         8.68
      1.0840         8.69
      1.0850         8.72
      1.0860         8.80
      1.0870         8.93
      1.0880         8.93
      1.0890         9.02
      1.0900         9.06
      1.0910         9.00
      1.0920         8.99
      1.0930         9.06
      1.0940         9.02
      1.0950         9.12
      1.0960         9.22
      1.0970         9.20
      1.0980         9.33
      1.0990         9.39
      1.1000         9.35
      1.1010         9.25
      1.1020         9.33
      1.1030         9.35
      1.1040         9.34
      1.1050         9.42
      1.1060         9.46
      1.1070         9.26
      1.1080         9.40
      1.1090         9.48
      1.1100         9.53
      1.1110         9.61
      1.1120         9.72
      1.1130         9.81
      1.1140         9.88
      1.1150         9.86
      1.1160         9.78
      1.1170         9.88
      1.1180         9.94
      1.1190         9.93
      1.1200         9.95
      1.1210        10.07
      1.1220        10.17
      1.1230        10.15
      1.1240        10.25
      1.1250        10.22
      1.1260        10.31
      1.1270        10.41
      1.1280        10.41
      1.1290        10.32
      1.1300        10.36
      1.1310        10.42
      1.1320        10.34
      1.1330        10.41
      1.1340        10.44
      1.1350        10.47
      1.1360        10.64
      1.1370        10.65
      1.1380        10.51
      1.1390        10.57
      1.1400        10.67
      1.1410        10.83
      1.1420        10.79
      1.1430        10.86
      1.1440        10.86
      1.1450        10.98
      1.1460        10.98
      1.1470        11.04
      1.1480        11.06
      1.1490        11.18
      1.1500        11.20
      1.1510        11.32
      1.1520        11.58
      1.1530        11.58
      1.1540        11.66
      1.1550        11.79
      1.1560        11.83
      1.1570        11.97
      1.1580        12.14
      1.1590        12.26
      1.1600        12.33
      1.1610        12.30
      1.1620        12.48
      1.1630        12.52
      1.1640        12.62
      1.1650        12.62
      1.1660        12.66
      1.1670        12.80
      1.1680        12.72
      1.1690        12.78
      1.1700        12.75
      1.1710        12.87
      1.1720        12.78
      1.1730        12.90
      1.1740        12.98
      1.1750        13.06
      1.1760        13.11
      1.1770        13.11
      1.1780        13.15
      1.1790        13.18
      1.1800        13.24
      1.1810        13.38
      1.1820        13.35
      1.1830        13.33
      1.1840        13.23
      1.1850        13.34
      1.1860        13.35
      1.1870        13.38
      1.1880        13.55
      1.1890        13.51
      1.1900        13.63
      1.1910        13.51
      1.1920        13.65
      1.1930        13.63
      1.1940        13.55
      1.1950        13.53
      1.1960        13.53
      1.1970        13.63
      1.1980        13.67
      1.1990        13.67
      1.2000        13.63
      1.2010        13.63
      1.2020        13.71
      1.2030        13.82
      1.2040        14.01
      1.2050        13.99
      1.2060        13.99
      1.2070        14.02
      1.2080        14.11
      1.2090        14.12
      1.2100        14.23
      1.2110        14.27
      1.2120        14.31
      1.2130        14.39
      1.2140        14.56
      1.2150        14.59
      1.2160        14.62
      1.2170        14.66
      1.2180        14.74
      1.2190        14.76
      1.2200        14.80
      1.2210        14.78
      1.2220        14.87
      1.2230        14.98
      1.2240        15.03
      1.2250        15.15
      1.2260        15.25
      1.2270        15.37
      1.2280        15.38
      1.2290        15.53
      1.2300        15.56
      1.2310        15.61
      1.2320        15.69
      1.2330        15.69
      1.2340        15.61
      1.2350        15.61
      1.2360        15.80
      1.2370        15.82
      1.2380        15.89
      1.2390        15.91
      1.2400        15.99
      1.2410        16.04
      1.2420        16.07
      1.2430        16.11
      1.2440        16.17
      1.2450        16.20
      1.2460        16.35
      1.2470        16.40
      1.2480        16.41
      1.2490        16.50
      1.2500        16.47
      1.2510        16.51
      1.2520        16.50
      1.2530        16.48
      1.2540        16.60
      1.2550        16.72
      1.2560        16.70
      1.2570        16.83
      1.2580        16.84
      1.2590        16.90
      1.2600        16.92
      1.2610        16.94
      1.2620        16.88
      1.2630        16.83
      1.2640        16.94
      1.2650        16.88
      1.2660        16.93
      1.2670        17.01
      1.2680        17.12
      1.2690        17.19
      1.2700        17.28
      1.2710        17.31
      1.2720        17.42
      1.2730        17.47
      1.2740        17.43
      1.2750        17.42
      1.2760        17.49
      1.2770        17.44
      1.2780        17.49
      1.2790        17.53
      1.2800        17.58
      1.2810        17.66
      1.2820        17.73
      1.2830        17.77
      1.2840        17.73
      1.2850        17.79
      1.2860        17.85
      1.2870        17.80
      1.2880        17.82
      1.2890        17.86
      1.2900        17.90
      1.2910        18.05
      1.2920        18.01
      1.2930        18.10
      1.2940        18.19
      1.2950        18.31
      1.2960        18.38
      1.2970        18.36
      1.2980        18.40
      1.2990        18.45
      1.3000        18.45
      1.3010        18.51
      1.3020        18.55
      1.3030        18.67
      1.3040        18.65
      1.3050        18.72
      1.3060        18.63
      1.3070        18.73
      1.3080        18.71
      1.3090        18.72
      1.3100        18.80
      1.3110        18.80
      1.3120        18.90
      1.3130        19.01
      1.3140        19.18
      1.3150        19.27
      1.3160        19.23
      1.3170        19.38
      1.3180        19.34
      1.3190        19.50
      1.3200        19.61
      1.3210        19.81
      1.3220        19.91
      1.3230        19.91
      1.3240        19.96
      1.3250        20.03
      1.3260        20.16
      1.3270        20.22
      1.3280        20.32
      1.3290        20.44
      1.3300        20.49
      1.3310        20.51
      1.3320        20.57
      1.3330        20.57
      1.3340        20.46
      1.3350        20.43
      1.3360        20.61
      1.3370        20.62
      1.3380        20.78
      1.3390        20.73
      1.3400        20.81
      1.3410        20.72
      1.3420        20.73
      1.3430        20.86
      1.3440        20.96
      1.3450        21.11
      1.3460        21.16
      1.3470        21.23
      1.3480        21.40
      1.3490        21.44
      1.3500        21.59
      1.3510        21.72
      1.3520        21.82
      1.3530        21.94
      1.3540        22.23
      1.3550        22.34
      1.3560        22.32
      1.3570        22.48
      1.3580        22.56
      1.3590        22.76
      1.3600        22.86
      1.3610        23.03
      1.3620        23.22
      1.3630        23.45
      1.3640        23.61
      1.3650        23.66
      1.3660        23.80
      1.3670        23.91
      1.3680        23.91
      1.3690        23.99
      1.3700        24.06
      1.3710        24.19
      1.3720        24.28
      1.3730        24.39
      1.3740        24.36
      1.3750        24.51
      1.3760        24.64
      1.3770        24.71
      1.3780        24.80
      1.3790        24.88
      1.3800        25.00
      1.3810        25.11
      1.3820        25.15
      1.3830        25.10
      1.3840        25.12
      1.3850        25.24
      1.3860        25.31
      1.3870        25.35
      1.3880        25.49
      1.3890        25.64
      1.3900        25.72
      1.3910        25.80
      1.3920        25.96
      1.3930        26.03
      1.3940        26.12
      1.3950        26.15
      1.3960        26.22
      1.3970        26.36
      1.3980        26.47
      1.3990        26.51
      1.4000        26.66
      1.4010        26.73
      1.4020        26.87
      1.4030        27.03
      1.4040        27.18
      1.4050        27.24
      1.4060        27.39
      1.4070        27.47
      1.4080        27.53
      1.4090        27.60
      1.4100        27.72
      1.4110        27.80
      1.4120        27.85
      1.4130        27.91
      1.4140        28.04
      1.4150        28.23
      1.4160        28.27
      1.4170        28.36
      1.4180        28.46
      1.4190        28.59
      1.4200        28.57
      1.4210        28.58
      1.4220        28.61
      1.4230        28.66
      1.4240        28.69
      1.4250        28.80
      1.4260        28.81
      1.4270        28.95
      1.4280        28.99
      1.4290        29.04
      1.4300        29.00
      1.4310        29.04
      1.4320        29.07
      1.4330        29.19
      1.4340        29.25
      1.4350        29.28
      1.4360        29.42
      1.4370        29.49
      1.4380        29.59
      1.4390        29.69
      1.4400        29.73
      1.4410        29.80
      1.4420        29.94
      1.4430        29.96
      1.4440        30.06
      1.4450        30.20
      1.4460        30.32
      1.4470        30.34
      1.4480        30.43
      1.4490        30.55
      1.4500        30.75
      1.4510        30.84
      1.4520        30.96
      1.4530        31.12
      1.4540        31.24
      1.4550        31.35
      1.4560        31.42
      1.4570        31.50
      1.4580        31.58
      1.4590        31.58
      1.4600        31.63
      1.4610        31.86
      1.4620        31.99
      1.4630        32.20
      1.4640        32.30
      1.4650        32.39
      1.4660        32.46
      1.4670        32.62
      1.4680        32.76
      1.4690        32.83
      1.4700        32.83
      1.4710        32.95
      1.4720        33.03
      1.4730        33.11
      1.4740        33.17
      1.4750        33.25
      1.4760        33.44
      1.4770        33.44
      1.4780        33.45
      1.4790        33.65
      1.4800        33.86
      1.4810        33.96
      1.4820        33.95
      1.4830        34.03
      1.4840        34.15
      1.4850        34.20
      1.4860        34.40
      1.4870        34.47
      1.4880        34.46
      1.4890        34.57
      1.4900        34.65
      1.4910        34.70
      1.4920        34.77
      1.4930        34.87
      1.4940        35.02
      1.4950        35.07
      1.4960        35.03
      1.4970        35.23
      1.4980        35.34
      1.4990        35.43
      1.5000        35.55
      1.5010        35.62
      1.5020        35.70
      1.5030        35.71
      1.5040        35.75
      1.5050        35.83
      1.5060        35.72
      1.5070        35.74
      1.5080        35.90
      1.5090        35.94
      1.5100        36.14
      1.5110        36.19
      1.5120        36.27
      1.5130        36.26
      1.5140        36.21
      1.5150        36.39
      1.5160        36.47
      1.5170        36.43
      1.5180        36.55
      1.5190        36.66
      1.5200        36.65
      1.5210        36.69
      1.5220        36.78
      1.5230        36.90
      1.5240        36.97
      1.5250        37.02
      1.5260        37.20
      1.5270        37.33
      1.5280        37.45
      1.5290        37.60
      1.5300        37.65
      1.5310        37.74
      1.5320        37.78
      1.5330        37.92
      1.5340        38.03
      1.5350        38.03
      1.5360        38.12
      1.5370        38.23
      1.5380        38.36
      1.5390        38.32
      1.5400        38.48
      1.5410        38.56
      1.5420        38.81
      1.5430        38.88
      1.5440        39.01
      1.5450        39.07
      1.5460        39.03
      1.5470        39.07
      1.5480        39.11
      1.5490        39.06
      1.5500        39.10
      1.5510        39.17
      1.5520        39.25
      1.5530        39.27
      1.5540        39.35
      1.5550        39.37
      1.5560        39.53
      1.5570        39.61
      1.5580        39.61
      1.5590        39.68
      1.5600        39.62
      1.5610        39.65
      1.5620        39.50
      1.5630        39.53
      1.5640        39.56
      1.5650        39.62
      1.5660        39.74
      1.5670        39.73
      1.5680        39.80
      1.5690        39.87
      1.5700        39.84
      1.5710        39.83
      1.5720        39.91
      1.5730        39.95
      1.5740        39.99
      1.5750        40.08
      1.5760        40.01
      1.5770        40.01
      1.5780        40.12
      1.5790        40.10
      1.5800        40.25
      1.5810        40.37
      1.5820        40.52
      1.5830        40.58
      1.5840        40.67
      1.5850        40.67
      1.5860        40.77
      1.5870        40.93
      1.5880        40.98
      1.5890        41.00
      1.5900        41.12
      1.5910        41.20
      1.5920        41.36
      1.5930        41.44
      1.5940        41.44
      1.5950        41.47
      1.5960        41.56
      1.5970        41.72
      1.5980        41.66
      1.5990        41.79
      1.6000        41.84
      1.6010        41.79
      1.6020        41.83
      1.6030        41.84
      1.6040        41.78
      1.6050        41.79
      1.6060        41.81
      1.6070        41.79
      1.6080        41.70
      1.6090        41.83
      1.6100        41.88
      1.6110        41.94
      1.6120        41.82
      1.6130        41.80
      1.6140        41.92
      1.6150        41.93
      1.6160        42.02
      1.6170        41.99
      1.6180        42.02
      1.6190        42.01
      1.6200        41.97
      1.6210        42.05
      1.6220        42.08
      1.6230        42.16
      1.6240        42.26
      1.6250        42.33
      1.6260        42.30
      1.6270        42.37
      1.6280        42.44
      1.6290        42.46
      1.6300        42.40
      1.6310        42.44
      1.6320        42.48
      1.6330        42.60
      1.6340        42.62
      1.6350        42.70
      1.6360        42.76
      1.6370        42.69
      1.6380        42.78
      1.6390        42.93
      1.6400        43.02
      1.6410        43.10
      1.6420        43.08
      1.6430        43.09
      1.6440        43.08
      1.6450        43.23
      1.6460        43.31
      1.6470        43.33
      1.6480        43.32
      1.6490        43.29
      1.6500        43.42
      1.6510        43.42
      1.6520        43.51
      1.6530        43.40
      1.6540        43.32
      1.6550        43.25
      1.6560        43.17
      1.6570        43.32
      1.6580        43.31
      1.6590        43.20
      1.6600        43.18
      1.6610        43.15
      1.6620        43.16
      1.6630        43.24
      1.6640        43.24
      1.6650        43.21
      1.6660        43.13
      1.6670        43.04
      1.6680        43.08
      1.6690        43.10
      1.6700        43.01
      1.6710        43.05
      1.6720        42.94
      1.6730        43.06
      1.6740        43.27
      1.6750        43.35
      1.6760        43.37
      1.6770        43.32
      1.6780        43.31
      1.6790        43.32
      1.6800        43.28
      1.6810        43.26
      1.6820        43.18
      1.6830        43.10
      1.6840        43.10
      1.6850        42.94
      1.6860        43.02
      1.6870        43.08
      1.6880        43.08
      1.6890        43.16
      1.6900        43.20
      1.6910        43.18
      1.6920        43.26
      1.6930        43.14
      1.6940        42.96
      1.6950        42.91
      1.6960        42.86
      1.6970        42.94
      1.6980        42.90
      1.6990        42.92
      1.7000        42.92
      1.7010        42.90
      1.7020        43.07
      1.7030        43.01
      1.7040        43.01
      1.7050        43.11
      1.7060        43.07
      1.7070        43.12
      1.7080        43.23
      1.7090        43.12
      1.7100        43.20
      1.7110        43.19
      1.7120        43.08
      1.7130        43.10
      1.7140        43.06
      1.7150        43.03
      1.7160        43.02
      1.7170        42.84
      1.7180        42.89
      1.7190        42.83
      1.7200        42.69
      1.7210        42.63
      1.7220        42.49
      1.7230        42.53
      1.7240        42.49
      1.7250        42.52
      1.7260        42.58
      1.7270        42.56
      1.7280        42.43
      1.7290        42.39
      1.7300        42.25
      1.7310        42.24
      1.7320        42.23
      1.7330        42.22
      1.7340        42.23
      1.7350        42.14
      1.7360        42.02
      1.7370        42.04
      1.7380        41.86
      1.7390        41.75
      1.7400        41.80
      1.7410        41.75
      1.7420        41.58
      1.7430        41.58
      1.7440        41.51
      1.7450        41.39
      1.7460        41.18
      1.7470        41.14
      1.7480        41.04
      1.7490        40.99
      1.7500        40.94
      1.7510        40.90
      1.7520        40.83
      1.7530        40.72
      1.7540        40.68
      1.7550        40.60
      1.7560        40.66
      1.7570        40.60
      1.7580        40.62
      1.7590        40.68
      1.7600        40.62
      1.7610        40.58
      1.7620        40.64
      1.7630        40.43
      1.7640        40.30
      1.7650        40.06
      1.7660        40.02
      1.7670        39.82
      1.7680        39.66
      1.7690        39.63
      1.7700        39.52
      1.7710        39.43
      1.7720        39.32
      1.7730        39.18
      1.7740        38.97
      1.7750        38.95
      1.7760        38.71
      1.7770        38.51
      1.7780        38.37
      1.7790        38.12
      1.7800        37.92
      1.7810        37.74
      1.7820        37.54
      1.7830        37.45
      1.7840        37.28
      1.7850        37.22
      1.7860        37.10
      1.7870        36.91
      1.7880        36.83
      1.7890        36.59
      1.7900        36.44
      1.7910        36.17
      1.7920        36.05
      1.7930        35.92
      1.7940        35.69
      1.7950        35.48
      1.7960        35.37
      1.7970        35.17
      1.7980        34.94
      1.7990        34.71
      1.8000        34.53
      1.8010        34.29
      1.8020        34.14
      1.8030        33.87
      1.8040        33.63
      1.8050        33.37
      1.8060        33.13
      1.8070        32.90
      1.8080        32.59
      1.8090        32.44
      1.8100        32.19
      1.8110        31.93
      1.8120        31.67
      1.8130        31.40
      1.8140        31.25
      1.8150        31.07
      1.8160        30.86
      1.8170        30.66
      1.8180        30.49
      1.8190        30.34
      1.8200        30.15
      1.8210        29.95
      1.8220        29.61
      1.8230        29.34
      1.8240        29.18
      1.8250        29.09
      1.8260        28.84
      1.8270        28.76
      1.8280        28.66
      1.8290        28.43
      1.8300        28.17
      1.8310        27.95
      1.8320        27.83
      1.8330        27.60
      1.8340        27.39
      1.8350        27.15
      1.8360        26.88
      1.8370        26.78
      1.8380        26.60
      1.8390        26.43
      1.8400        26.20
      1.8410        26.10
      1.8420        26.02
      1.8430        25.94
      1.8440        25.76
      1.8450        25.52
      1.8460        25.31
      1.8470        24.99
      1.8480        24.68
      1.8490        24.44
      1.8500        24.33
      1.8510        24.21
      1.8520        24.01
      1.8530        23.92
      1.8540        23.68
      1.8550        23.41
      1.8560        23.17
      1.8570        22.84
      1.8580        22.61
      1.8590        22.34
      1.8600        22.21
      1.8610        21.93
      1.8620        21.66
      1.8630        21.40
      1.8640        21.26
      1.8650        21.08
      1.8660        20.89
      1.8670        20.79
      1.8680        20.69
      1.8690        20.40
      1.8700        20.18
      1.8710        20.01
      1.8720        19.78
      1.8730        19.55
      1.8740        19.40
      1.8750        19.27
      1.8760        19.12
      1.8770        18.97
      1.8780        18.69
      1.8790        18.46
      1.8800        18.17
      1.8810        17.86
      1.8820        17.65
      1.8830        17.43
      1.8840        17.20
      1.8850        16.94
      1.8860        16.67
      1.8870        16.40
      1.8880        16.11
      1.8890        15.96
      1.8900        15.73
      1.8910        15.45
      1.8920        15.25
      1.8930        15.05
      1.8940        14.78
      1.8950        14.62
      1.8960        14.34
      1.8970        14.09
      1.8980        13.95
      1.8990        13.72
      1.9000        13.64
      1.9010        13.50
      1.9020        13.34
      1.9030        13.11
      1.9040        12.86
      1.9050        12.63
      1.9060        12.52
      1.9070        12.27
      1.9080        12.16
      1.9090        11.97
      1.9100        11.73
      1.9110        11.53
      1.9120        11.32
      1.9130        11.06
      1.9140        10.93
      1.9150        10.71
      1.9160        10.59
      1.9170        10.39
      1.9180        10.15
      1.9190        10.12
      1.9200         9.88
      1.9210         9.71
      1.9220         9.54
      1.9230         9.44
      1.9240         9.38
      1.9250         9.24
      1.9260         9.09
      1.9270         9.09
      1.9280         8.87
      1.9290         8.70
      1.9300         8.67
      1.9310         8.66
      1.9320         8.55
      1.9330         8.47
      1.9340         8.32
      1.9350         8.20
      1.9360         8.11
      1.9370         8.02
      1.9380         7.91
      1.9390         7.71
      1.9400         7.56
      1.9410         7.54
      1.9420         7.50
      1.9430         7.35
      1.9440         7.14
      1.9450         6.99
      1.9460         6.85
      1.9470         6.58
      1.9480         6.55
      1.9490         6.51
      1.9500         6.35
      1.9510         6.19
      1.9520         6.00
      1.9530         6.02
      1.9540         5.85
      1.9550         5.72
      1.9560         5.64
      1.9570         5.56
      1.9580         5.51
      1.9590         5.42
      1.9600         5.30
      1.9610         5.16
      1.9620         4.97
      1.9630         4.87
      1.9640         4.74
      1.9650         4.77
      1.9660         4.67
      1.9670         4.75
      1.9680         4.57
      1.9690         4.45
      1.9700         4.31
      1.9710         4.14
      1.9720         4.09
      1.9730         3.83
      1.9740         3.78
      1.9750         3.67
      1.9760         3.54
      1.9770         3.50
      1.9780         3.50
      1.9790         3.44
      1.9800         3.41
      1.9810         3.39
      1.9820         3.33
      1.9830         3.29
      1.9840         3.36
      1.9850         3.21
      1.9860         3.29
      1.9870         3.13
      1.9880         3.15
      1.9890         3.05
      1.9900         3.11
      1.9910         3.15
      1.9920         3.12
      1.9930         3.08
      1.9940         3.07
      1.9950         3.07
      1.9960         3.07
      1.9970         2.93
      1.9980         2.77
      1.9990         2.79
      2.0000         2.73
      2.0010         2.67
      2.0020         2.65
      2.0030         2.55
      2.0040         2.45
      2.0050         2.53
      2.0060         2.39
      2.0070         2.50
      2.0080         2.40
      2.0090         1.84
      2.0100         1.74
      2.0110         1.66
      2.0120         1.10
      2.0130         1.68
      2.0140         1.68
      2.0150         1.67
      2.0160         1.16
      2.0170         1.75
      2.0180         1.78
      2.0190         1.12
      2.0200         1.08
      2.0210         1.00
      2.0220         1.00
      2.0230         1.00
      2.0240         1.00
      2.0250         1.00
      2.0260         1.00
      2.0270         1.00
      2.0280         1.00
      2.0290         1.00
      2.0300         1.00
      2.0310         1.00
      2.0320         1.00
      2.0330         1.00
      2.0340         1.00
      2.0350         1.00
      2.0360         1.00
      2.0370         1.00
      2.0380         1.00
      2.0390         1.00
      2.0400         1.00
      2.0410         1.00
      2.0420         1.00
      2.0430         1.00
      2.0440         1.00
      2.0450         1.00
      2.0460         1.00
      2.0470         1.00
      2.0480         1.00
      2.0490         1.00
      2.0500         1.00
      2.0510         1.00
      2.0520         1.00
      2.0530         1.00
      2.0540         1.00
      2.0550         1.00
      2.0560         1.00
      2.0570         1.00
      2.0580         1.00
      2.0590         1.00
      2.0600         1.00
      2.0610         1.00
      2.0620         1.00
      2.0630         1.00
      2.0640         1.00
      2.0650         1.00
      2.0660         1.00
      2.0670         1.00
      2.0680         1.00
      2.0690         1.00
      2.0700         1.00
      2.0710         1.00
      2.0720         1.00
      2.0730         1.00
      2.0740         1.00
      2.0750         1.00
      2.0760         1.00
      2.0770         1.00
      2.0780         1.00
      2.0790         1.00
      2.0800         1.00
      2.0810         1.00
      2.0820         1.00
      2.0830         1.00
      2.0840         1.00
      2.0850         1.00
      2.0860         1.00
      2.0870         1.00
      2.0880         1.00
      2.0890         1.00
      2.0900         1.00
      2.0910         1.00
      2.0920         1.00
      2.0930         1.00
      2.0940         1.00
      2.0950         1.00
      2.0960         1.00
      2.0970         1.00
      2.0980         1.00
      2.0990         1.00
      2.1000         1.00
      2.1010         1.00
      2.1020         1.00
      2.1030         1.00
      2.1040         1.00
      2.1050         1.00
      2.1060         1.00
      2.1070         1.00
      2.1080         1.00
      2.1090         1.00
      2.1100         1.00
      2.1110         1.00
      2.1120         1.00
      2.1130         1.00
      2.1140         1.00
      2.1150         1.00
      2.1160         1.00
      2.1170         1.00
      2.1180         1.00
      2.1190         1.00
      2.1200         1.00
      2.1210         1.00
      2.1220         1.00
      2.1230         1.00
      2.1240         1.00
      2.1250         1.00
      2.1260         1.00
      2.1270         1.00
      2.1280         1.00
      2.1290         1.00
      2.1300         1.00
      2.1310         1.00
      2.1320         1.00
      2.1330         1.00
      2.1340         1.00
      2.1350         1.00
      2.1360         1.00
      2.1370         1.00
      2.1380         1.00
      2.1390         1.00
      2.1400         1.00
      2.1410         1.00
      2.1420         1.00
      2.1430         1.00
      2.1440         1.00
      2.1450         1.00
      2.1460         1.00
      2.1470         1.00
      2.1480         1.00
      2.1490         1.00
      2.1500         1.00
      2.1510         1.00
      2.1520         1.00
      2.1530         1.00
      2.1540         1.00
      2.1550         1.00
      2.1560         1.00
      2.1570         1.00
      2.1580         1.00
      2.1590         1.00
      2.1600         1.00
      2.1610         1.00
      2.1620         1.00
      2.1630         1.00
      2.1640         1.00
      2.1650         1.00
      2.1660         1.00
      2.1670         1.00
      2.1680         1.00
      2.1690         1.00
      2.1700         1.00
      2.1710         1.00
      2.1720         1.00
      2.1730         1.00
      2.1740         1.00
      2.1750         1.00
      2.1760         1.00
      2.1770         1.00
      2.1780         1.00
      2.1790         1.00
      2.1800         1.00
      2.1810         1.00
      2.1820         1.00
      2.1830         1.00
      2.1840         1.00
      2.1850         1.00
      2.1860         1.00
      2.1870         1.00
      2.1880         1.00
      2.1890         1.00
      2.1900         1.00
      2.1910         1.00
      2.1920         1.00
      2.1930         1.00
      2.1940         1.00
      2.1950         1.00
      2.1960         1.00
      2.1970         1.00
      2.1980         1.00
      2.1990         1.00
      2.2000         1.00
      2.2010         1.00
      2.2020         1.00
      2.2030         1.00
      2.2040         1.00
      2.2050         1.00
      2.2060         1.00
      2.2070         1.00
      2.2080         1.00
      2.2090         1.00
      2.2100         1.00
      2.2110         1.00
      2.2120         1.00
      2.2130         1.00
      2.2140         1.00
      2.2150         1.00
      2.2160         1.00
      2.2170         1.00
      2.2180         1.00
      2.2190         1.00
      2.2200         1.00
      2.2210         1.00
      2.2220         1.00
      2.2230         1.00
      2.2240         1.00
      2.2250         1.00
      2.2260         1.00
      2.2270         1.00
      2.2280         1.00
      2.2290         1.00
      2.2300         1.00
      2.2310         1.00
      2.2320         1.00
      2.2330         1.00
      2.2340         1.00
      2.2350         1.00
      2.2360         1.00
      2.2370         1.00
      2.2380         1.00
      2.2390         1.00
      2.2400         1.00
      2.2410         1.00
      2.2420         1.00
      2.2430         1.00
      2.2440         1.00
      2.2450         1.00
      2.2460         1.00
      2.2470         1.00
      2.2480         1.00
      2.2490         1.00
      2.2500         1.00
      2.2510         1.00
      2.2520         1.00
      2.2530         1.00
      2.2540         1.00
      2.2550         1.00
      2.2560         1.00
      2.2570         1.00
      2.2580         1.00
      2.2590         1.00
      2.2600         1.00
      2.2610         1.00
      2.2620         1.00
      2.2630         1.00
      2.2640         1.00
      2.2650         1.00
      2.2660         1.00
      2.2670         1.00
      2.2680         1.00
      2.2690         1.00
      2.2700         1.00
      2.2710         1.00
      2.2720         1.00
      2.2730         1.00
      2.2740         1.00
      2.2750         1.00
      2.2760         1.00
      2.2770         1.00
      2.2780         1.00
      2.2790         1.00
      2.2800         1.00
      2.2810         1.00
      2.2820         1.00
      2.2830         1.00
      2.2840         1.00
      2.2850         1.00
      2.2860         1.00
      2.2870         1.00
      2.2880         1.00
      2.2890         1.00
      2.2900         1.00
      2.2910         1.00
      2.2920         1.00
      2.2930         1.00
      2.2940         1.00
      2.2950         1.00
      2.2960         1.00
      2.2970         1.00
      2.2980         1.00
      2.2990         1.00
      2.3000         1.00
      2.3010         1.00
      2.3020         1.00
      2.3030         1.00
      2.3040         1.00
      2.3050         1.00
      2.3060         1.00
      2.3070         1.00
      2.3080         1.00
      2.3090         1.00
      2.3100         1.00
      2.3110         1.00
      2.3120         1.00
      2.3130         1.00
      2.3140         1.00
      2.3150         1.00
      2.3160         1.00
      2.3170         1.00
      2.3180         1.00
      2.3190         1.00
      2.3200         1.00
      2.3210         1.00
      2.3220         1.00
      2.3230         1.00
      2.3240         1.00
      2.3250         1.00
      2.3260         1.00
      2.3270         1.00
      2.3280         1.00
      2.3290         1.00
      2.3300         1.00
      2.3310         1.00
      2.3320         1.00
      2.3330         1.00
      2.3340         1.00
      2.3350         1.00
      2.3360         1.00
      2.3370         1.00
      2.3380         1.00
      2.3390         1.00
      2.3400         1.00
      2.3410         1.00
      2.3420         1.00
      2.3430         1.00
      2.3440         1.00
      2.3450         1.00
      2.3460         1.00
      2.3470         1.00
      2.3480         1.00
      2.3490         1.00
      2.3500         1.00
      2.3510         1.00
      2.3520         1.00
      2.3530         1.00
      2.3540         1.00
      2.3550         1.00
      2.3560         1.00
      2.3570         1.00
      2.3580         1.00
      2.3590         1.00
      2.3600         1.00
      2.3610         1.00
      2.3620         1.00
      2.3630         1.00
      2.3640         1.00
      2.3650         1.00
      2.3660         1.00
      2.3670         1.00
      2.3680         1.00
      2.3690         1.00
      2.3700         1.00
      2.3710         1.00
      2.3720         1.00
      2.3730         1.00
      2.3740         1.00
      2.3750         1.00
      2.3760         1.00
      2.3770         1.00
      2.3780         1.00
      2.3790         1.00
      2.3800         1.00
      2.3810         1.00
      2.3820         1.00
      2.3830         1.00
      2.3840         1.00
      2.3850         1.00
      2.3860         1.00
      2.3870         1.00
      2.3880         1.00
      2.3890         1.00
      2.3900         1.00
      2.3910         1.00
      2.3920         1.00
      2.3930         1.00
      2.3940         1.00
      2.3950         1.00
      2.3960         1.00
      2.3970         1.00
      2.3980         1.00
      2.3990         1.00
      2.4000         1.00
      2.4010         1.00
      2.4020         1.00
      2.4030         1.00
      2.4040         1.00
      2.4050         1.00
      2.4060         1.00
      2.4070         1.00
      2.4080         1.00
      2.4090         1.00
      2.4100         1.00
      2.4110         1.00
      2.4120         1.00
      2.4130         1.00
      2.4140         1.00
      2.4150         1.00
      2.4160         1.00
      2.4170         1.00
      2.4180         1.00
      2.4190         1.00
      2.4200         1.00
      2.4210         1.00
      2.4220         1.00
      2.4230         1.00
      2.4240         1.00
      2.4250         1.00
      2.4260         1.00
      2.4270         1.00
      2.4280         1.00
      2.4290         1.00
      2.4300         1.00
      2.4310         1.00
      2.4320         1.00
      2.4330         1.00
      2.4340         1.00
      2.4350         1.00
      2.4360         1.00
      2.4370         1.00
      2.4380         1.00
      2.4390         1.00
      2.4400         1.00
      2.4410         1.00
      2.4420         1.00
      2.4430         1.00
      2.4440         1.00
      2.4450         1.00
      2.4460         1.00
      2.4470         1.00
      2.4480         1.00
      2.4490         1.00
      2.4500         1.00
      2.4510         1.00
      2.4520         1.00
      2.4530         1.00
      2.4540         1.00
      2.4550         1.00
      2.4560         1.00
      2.4570         1.00
      2.4580         1.00
      2.4590         1.00
      2.4600         1.00
      2.4610         1.00
      2.4620         1.00
      2.4630         1.00
      2.4640         1.00
      2.4650         1.00
      2.4660         1.00
      2.4670         1.00
      2.4680         1.00
      2.4690         1.00
      2.4700         1.00
      2.4710         1.00
      2.4720         1.00
      2.4730         1.00
      2.4740         1.00
      2.4750         1.00
      2.4760         1.00
      2.4770         1.00
      2.4780         1.00
      2.4790         1.00
      2.4800         1.00
      2.4810         1.00
      2.4820         1.00
      2.4830         1.00
      2.4840         1.00
      2.4850         1.00
      2.4860         1.00
      2.4870         1.00
      2.4880         1.00
      2.4890         1.00
      2.4900         1.00
      2.4910         1.00
      2.4920         1.00
      2.4930         1.00
      2.4940         1.00
      2.4950         1.00
      2.4960         1.00
      2.4970         1.00
      2.4980         1.00
      2.4990         1.00
      2.5000         1.00
      2.5010         1.00
      2.5020         1.00
      2.5030         1.00
      2.5040         1.00
      2.5050         1.00
      2.5060         1.00
      2.5070         1.00
      2.5080         1.00
      2.5090         1.00
      2.5100         1.00
      2.5110         1.00
      2.5120         1.00
      2.5130         1.00
      2.5140         1.00
      2.5150         1.00
      2.5160         1.00
      2.5170         1.00
      2.5180         1.00
      2.5190         1.00
      2.5200         1.00
      2.5210         1.00
      2.5220         1.00
      2.5230         1.00
      2.5240         1.00
      2.5250         1.00
      2.5260         1.00
      2.5270         1.00
      2.5280         1.00
      2.5290         1.00
      2.5300         1.00
      2.5310         1.00
      2.5320         1.00
      2.5330         1.00
      2.5340         1.00
      2.5350         1.00
      2.5360         1.00
      2.5370         1.00
      2.5380         1.00
      2.5390         1.00
      2.5400         1.00
      2.5410         1.00
      2.5420         1.00
      2.5430         1.00
      2.5440         1.00
      2.5450         1.00
      2.5460         1.00
      2.5470         1.00
      2.5480         1.00
      2.5490         1.00
      2.5500         1.00
      2.5510         1.00
      2.5520         1.00
      2.5530         1.00
      2.5540         1.00
      2.5550         1.00
      2.5560         1.00
      2.5570         1.00
      2.5580         1.00
      2.5590         1.00
      2.5600         1.00
      2.5610         1.00
      2.5620         1.00
      2.5630         1.00
      2.5640         1.00
      2.5650         1.00
      2.5660         1.00
      2.5670         1.00
      2.5680         1.00
      2.5690         1.00
      2.5700         1.00
      2.5710         1.00
      2.5720         1.00
      2.5730         1.00
      2.5740         1.00
      2.5750         1.00
      2.5760         1.00
      2.5770         1.00
      2.5780         1.00
      2.5790         1.00
      2.5800         1.00
      2.5810         1.00
      2.5820         1.00
      2.5830         1.00
      2.5840         1.00
      2.5850         1.00
      2.5860         1.00
      2.5870         1.00
      2.5880         1.00
      2.5890         1.00
      2.5900         1.00
      2.5910         1.00
      2.5920         1.00
      2.5930         1.00
      2.5940         1.00
      2.5950         1.00
      2.5960         1.00
      2.5970         1.00
      2.5980         1.00
      2.5990         1.00
      2.6000         1.00
      2.6010         1.00
      2.6020         1.00
      2.6030         1.00
      2.6040         1.00
      2.6050         1.00
      2.6060         1.00
      2.6070         1.00
      2.6080         1.00
      2.6090         1.00
      2.6100         1.00
      2.6110         1.00
      2.6120         1.00
      2.6130         1.00
      2.6140         1.00
      2.6150         1.00
      2.6160         1.00
      2.6170         1.00
      2.6180         1.00
      2.6190         1.00
      2.6200         1.00
      2.6210         1.00
      2.6220         1.00
      2.6230         1.00
      2.6240         1.00
      2.6250         1.00
      2.6260         1.00
      2.6270         1.00
      2.6280         1.00
      2.6290         1.00
      2.6300         1.00
      2.6310         1.00
      2.6320         1.00
      2.6330         1.00
      2.6340         1.00
      2.6350         1.00
      2.6360         1.00
      2.6370         1.00
      2.6380         1.00
      2.6390         1.00
      2.6400         1.00
      2.6410         1.00
      2.6420         1.00
      2.6430         1.00
      2.6440         1.00
      2.6450         1.00
      2.6460         1.00
      2.6470         1.00
      2.6480         1.00
      2.6490         1.00
      2.6500         1.00
      2.6510         1.00
      2.6520         1.00
      2.6530         1.00
      2.6540         1.00
      2.6550         1.00
      2.6560         1.00
      2.6570         1.00
      2.6580         1.00
      2.6590         1.00
      2.6600         1.00
      2.6610         1.00
      2.6620         1.00
      2.6630         1.00
      2.6640         1.00
      2.6650         1.00
      2.6660         1.00
      2.6670         1.00
      2.6680         1.00
      2.6690         1.00
      2.6700         1.00
      2.6710         1.00
      2.6720         1.00
      2.6730         1.00
      2.6740         1.00
      2.6750         1.00
      2.6760         1.00
      2.6770         1.00
      2.6780         1.00
      2.6790         1.00
      2.6800         1.00
      2.6810         1.00
      2.6820         1.00
      2.6830         1.00
      2.6840         1.00
      2.6850         1.00
      2.6860         1.00
      2.6870         1.00
      2.6880         1.00
      2.6890         1.00
      2.6900         1.00
      2.6910         1.00
      2.6920         1.00
      2.6930         1.00
      2.6940         1.00
      2.6950         1.00
      2.6960         1.00
      2.6970         1.00
      2.6980         1.00
      2.6990         1.00
      2.7000         1.00
      2.7010         1.00
      2.7020         1.00
      2.7030         1.00
      2.7040         1.00
      2.7050         1.00
      2.7060         1.00
      2.7070         1.00
      2.7080         1.00
      2.7090         1.00
      2.7100         1.00
      2.7110         1.00
      2.7120         1.00
      2.7130         1.00
      2.7140         1.00
      2.7150         1.00
      2.7160         1.00
      2.7170         1.00
      2.7180         1.00
      2.7190         1.00
      2.7200         1.00
      2.7210         1.00
      2.7220         1.00
      2.7230         1.00
      2.7240         1.00
      2.7250         1.00
      2.7260         1.00
      2.7270         1.00
      2.7280         1.00
      2.7290         1.00
      2.7300         1.00
      2.7310         1.00
      2.7320         1.00
      2.7330         1.00
      2.7340         1.00
      2.7350         1.00
      2.7360         1.00
      2.7370         1.00
      2.7380         1.00
      2.7390         1.00
      2.7400         1.00
      2.7410         1.00
      2.7420         1.00
      2.7430         1.00
      2.7440         1.00
      2.7450         1.00
      2.7460         1.00
      2.7470         1.00
      2.7480         1.00
      2.7490         1.00
      2.7500         1.00
      2.7510         1.00
      2.7520         1.00
      2.7530         1.00
      2.7540         1.00
      2.7550         1.00
      2.7560         1.00
      2.7570         1.00
      2.7580         1.00
      2.7590         1.00
      2.7600         1.00
      2.7610         1.00
      2.7620         1.00
      2.7630         1.00
      2.7640         1.00
      2.7650         1.00
      2.7660         1.00
      2.7670         1.00
      2.7680         1.00
      2.7690         1.00
      2.7700         1.00
      2.7710         1.00
      2.7720         1.00
      2.7730         1.00
      2.7740         1.00
      2.7750         1.00
      2.7760         1.00
      2.7770         1.00
      2.7780         1.00
      2.7790         1.00
      2.7800         1.00
      2.7810         1.00
      2.7820         1.00
      2.7830         1.00
      2.7840         1.00
      2.7850         1.00
      2.7860         1.00
      2.7870         1.00
      2.7880         1.00
      2.7890         1.00
      2.7900         1.00
      2.7910         1.00
      2.7920         1.00
      2.7930         1.00
      2.7940         1.00
      2.7950         1.00
      2.7960         1.00
      2.7970         1.00
      2.7980         1.00
      2.7990         1.00
      2.8000         1.00
      2.8010         1.00
      2.8020         1.00
      2.8030         1.00
      2.8040         1.00
      2.8050         1.00
      2.8060         1.00
      2.8070         1.00
      2.8080         1.00
      2.8090         1.00
      2.8100         1.00
      2.8110         1.00
      2.8120         1.00
      2.8130         1.00
      2.8140         1.00
      2.8150         1.00
      2.8160         1.00
      2.8170         1.00
      2.8180         1.00
      2.8190         1.00
      2.8200         1.00
      2.8210         1.00
      2.8220         1.00
      2.8230         1.00
      2.8240         1.00
      2.8250         1.00
      2.8260         1.00
      2.8270         1.00
      2.8280         1.00
      2.8290         1.00
      2.8300         1.00
      2.8310         1.00
      2.8320         1.00
      2.8330         1.00
      2.8340         1.00
      2.8350         1.00
      2.8360         1.00
      2.8370         1.00
      2.8380         1.00
      2.8390         1.00
      2.8400         1.00
      2.8410         1.00
      2.8420         1.00
      2.8430         1.00
      2.8440         1.00
      2.8450         1.00
      2.8460         1.00
      2.8470         1.00
      2.8480         1.00
      2.8490         1.00
      2.8500         1.00
      2.8510         1.00
      2.8520         1.00
      2.8530         1.00
      2.8540         1.00
      2.8550         1.00
      2.8560         1.00
      2.8570         1.00
      2.8580         1.00
      2.8590         1.00
      2.8600         1.00
      2.8610         1.00
      2.8620         1.00
      2.8630         1.00
      2.8640         1.00
      2.8650         1.00
      2.8660         1.00
      2.8670         1.00
      2.8680         1.00
      2.8690         1.00
      2.8700         1.00
      2.8710         1.00
      2.8720         1.00
      2.8730         1.00
      2.8740         1.00
      2.8750         1.00
      2.8760         1.00
      2.8770         1.00
      2.8780         1.00
      2.8790         1.00
      2.8800         1.00
      2.8810         1.00
      2.8820         1.00
      2.8830         1.00
      2.8840         1.00
      2.8850         1.00
      2.8860         1.00
      2.8870         1.00
      2.8880         1.00
      2.8890         1.00
      2.8900         1.00
      2.8910         1.00
      2.8920         1.00
      2.8930         1.00
      2.8940         1.00
      2.8950         1.00
      2.8960         1.00
      2.8970         1.00
      2.8980         1.00
      2.8990         1.00
      2.9000         1.00
      2.9010         1.00
      2.9020         1.00
      2.9030         1.00
      2.9040         1.00
      2.9050         1.00
      2.9060         1.00
      2.9070         1.00
      2.9080         1.00
      2.9090         1.00
      2.9100         1.00
      2.9110         1.00
      2.9120         1.00
      2.9130         1.00
      2.9140         1.00
      2.9150         1.00
      2.9160         1.00
      2.9170         1.00
      2.9180         1.00
      2.9190         1.00
      2.9200         1.00
      2.9210         1.00
      2.9220         1.00
      2.9230         1.00
      2.9240         1.00
      2.9250         1.00
      2.9260         1.00
      2.9270         1.00
      2.9280         1.00
      2.9290         1.00
      2.9300         1.00
      2.9310         1.00
      2.9320         1.00
      2.9330         1.00
      2.9340         1.00
      2.9350         1.00
      2.9360         1.00
      2.9370         1.00
      2.9380         1.00
      2.9390         1.00
      2.9400         1.00
      2.9410         1.00
      2.9420         1.00
      2.9430         1.00
      2.9440         1.00
      2.9450         1.00
      2.9460         1.00
      2.9470         1.00
      2.9480         1.00
      2.9490         1.00
      2.9500         1.00
      2.9510         1.00
      2.9520         1.00
      2.9530         1.00
      2.9540         1.00
      2.9550         1.00
      2.9560         1.00
      2.9570         1.00
      2.9580         1.00
      2.9590         1.00
      2.9600         1.00
      2.9610         1.00
      2.9620         1.00
      2.9630         1.00
      2.9640         1.00
      2.9650         1.00
      2.9660         1.00
      2.9670         1.00
      2.9680         1.00
      2.9690         1.00
      2.9700         1.00
      2.9710         1.00
      2.9720         1.00
      2.9730         1.00
      2.9740         1.00
      2.9750         1.00
      2.9760         1.00
      2.9770         1.00
      2.9780         1.00
      2.9790         1.00
      2.9800         1.00
      2.9810         1.00
      2.9820         1.00
      2.9830         1.00
      2.9840         1.00
      2.9850         1.00
      2.9860         1.00
      2.9870         1.00
      2.9880         1.00
      2.9890         1.00
      2.9900         1.00
      2.9910         1.00
      2.9920         1.00
      2.9930         1.00
      2.9940         1.00
      2.9950         1.00
      2.9960         1.00
      2.9970         1.00
      2.9980         1.00
      2.9990         1.00
