        Time   Palpation Force
      0.0000         1.00
      0.0010         1.00
      0.0020         1.00
      0.0030         1.00
      0.0040         1.00
      0.0050         1.00
      0.0060         1.00
      0.0070         1.00
      0.0080         1.00
      0.0090         1.00
      0.0100         1.00
      0.0110         1.00
      0.0120         1.00
      0.0130         1.00
      0.0140         1.00
      0.0150         1.00
      0.0160         1.00
      0.0170         1.00
      0.0180         1.00
      0.0190         1.00
      0.0200         1.00
      0.0210         1.00
      0.0220         1.00
      0.0230         1.00
      0.0240         1.00
      0.0250         1.00
      0.0260         1.00
      0.0270         1.00
      0.0280         1.00
      0.0290         1.00
      0.0300         1.00
      0.0310         1.00
      0.0320         1.00
      0.0330         1.00
      0.0340         1.00
      0.0350         1.00
      0.0360         1.00
      0.0370         1.00
      0.0380         1.00
      0.0390         1.00
      0.0400         1.00
      0.0410         1.00
      0.0420         1.00
      0.0430         1.00
      0.0440         1.00
      0.0450         1.00
      0.0460         1.00
      0.0470         1.00
      0.0480         1.00
      0.0490         1.00
      0.0500         1.00
      0.0510         1.00
      0.0520         1.00
      0.0530         1.00
      0.0540         1.00
      0.0550         1.00
      0.0560         1.00
      0.0570         1.00
      0.0580         1.00
      0.0590         1.00
      0.0600         1.00
      0.0610         1.00
      0.0620         1.00
      0.0630         1.00
      0.0640         1.00
      0.0650         1.00
      0.0660         1.00
      0.0670         1.00
      0.0680         1.00
      0.0690         1.00
      0.0700         1.00
      0.0710         1.00
      0.0720         1.00
      0.0730         1.00
      0.0740         1.00
      0.0750         1.00
      0.0760         1.00
      0.0770         1.00
      0.0780         1.00
      0.0790         1.00
      0.0800         1.00
      0.0810         1.00
      0.0820         1.00
      0.0830         1.00
      0.0840         1.00
      0.0850         1.00
      0.0860         1.00
      0.0870         1.00
      0.0880         1.00
      0.0890         1.00
      0.0900         1.00
      0.0910         1.00
      0.0920         1.00
      0.0930         1.00
      0.0940         1.00
      0.0950         1.00
      0.0960         1.00
      0.0970         1.00
      0.0980         1.00
      0.0990         1.00
      0.1000         1.00
      0.1010         1.00
      0.1020         1.00
      0.1030         1.00
      0.1040         1.00
      0.1050         1.00
      0.1060         1.00
      0.1070         1.00
      0.1080         1.00
      0.1090         1.00
      0.1100         1.00
      0.1110         1.00
      0.1120         1.00
      0.1130         1.00
      0.1140         1.00
      0.1150         1.00
      0.1160         1.00
      0.1170         1.00
      0.1180         1.00
      0.1190         1.00
      0.1200         1.00
      0.1210         1.00
      0.1220         1.00
      0.1230         1.00
      0.1240         1.00
      0.1250         1.00
      0.1260         1.00
      0.1270         1.00
      0.1280         1.00
      0.1290         1.00
      0.1300         1.00
      0.1310         1.00
      0.1320         1.00
      0.1330         1.00
      0.1340         1.00
      0.1350         1.00
      0.1360         1.00
      0.1370         1.00
      0.1380         1.00
      0.1390         1.00
      0.1400         1.00
      0.1410         1.00
      0.1420         1.00
      0.1430         1.00
      0.1440         1.00
      0.1450         1.00
      0.1460         1.00
      0.1470         1.00
      0.1480         1.00
      0.1490         1.00
      0.1500         1.00
      0.1510         1.00
      0.1520         1.00
      0.1530         1.00
      0.1540         1.00
      0.1550         1.00
      0.1560         1.00
      0.1570         1.00
      0.1580         1.00
      0.1590         1.00
      0.1600         1.00
      0.1610         1.00
      0.1620         1.00
      0.1630         1.00
      0.1640         1.00
      0.1650         1.00
      0.1660         1.00
      0.1670         1.00
      0.1680         1.00
      0.1690         1.00
      0.1700         1.00
      0.1710         1.00
      0.1720         1.00
      0.1730         1.00
      0.1740         1.00
      0.1750         1.00
      0.1760         1.00
      0.1770         1.00
      0.1780         1.00
      0.1790         1.00
      0.1800         1.00
      0.1810         1.00
      0.1820         1.00
      0.1830         1.00
      0.1840         1.00
      0.1850         1.00
      0.1860         1.00
      0.1870         1.00
      0.1880         1.00
      0.1890         1.00
      0.1900         1.00
      0.1910         1.00
      0.1920         1.00
      0.1930         1.00
      0.1940         1.00
      0.1950         1.00
      0.1960         1.00
      0.1970         1.00
      0.1980         1.00
      0.1990         1.00
      0.2000         1.00
      0.2010         1.00
      0.2020         1.00
      0.2030         1.00
      0.2040         1.00
      0.2050         1.00
      0.2060         1.00
      0.2070         1.00
      0.2080         1.00
      0.2090         1.00
      0.2100         1.00
      0.2110         1.00
      0.2120         1.00
      0.2130         1.00
      0.2140         1.00
      0.2150         1.00
      0.2160         1.00
      0.2170         1.00
      0.2180         1.00
      0.2190         1.00
      0.2200         1.00
      0.2210         1.00
      0.2220         1.00
      0.2230         1.00
      0.2240         1.00
      0.2250         1.00
      0.2260         1.00
      0.2270         1.00
      0.2280         1.00
      0.2290         1.00
      0.2300         1.00
      0.2310         1.00
      0.2320         1.00
      0.2330         1.00
      0.2340         1.00
      0.2350         1.00
      0.2360         1.00
      0.2370         1.00
      0.2380         1.00
      0.2390         1.00
      0.2400         1.00
      0.2410         1.00
      0.2420         1.00
      0.2430         1.00
      0.2440         1.00
      0.2450         1.00
      0.2460         1.00
      0.2470         1.00
      0.2480         1.00
      0.2490         1.00
      0.2500         1.00
      0.2510         1.00
      0.2520         1.00
      0.2530         1.00
      0.2540         1.00
      0.2550         1.00
      0.2560         1.00
      0.2570         1.00
      0.2580         1.00
      0.2590         1.00
      0.2600         1.00
      0.2610         1.00
      0.2620         1.00
      0.2630         1.00
      0.2640         1.00
      0.2650         1.00
      0.2660         1.00
      0.2670         1.00
      0.2680         1.00
      0.2690         1.00
      0.2700         1.00
      0.2710         1.00
      0.2720         1.00
      0.2730         1.00
      0.2740         1.00
      0.2750         1.00
      0.2760         1.00
      0.2770         1.00
      0.2780         1.00
      0.2790         1.00
      0.2800         1.00
      0.2810         1.00
      0.2820         1.00
      0.2830         1.00
      0.2840         1.00
      0.2850         1.00
      0.2860         1.00
      0.2870         1.00
      0.2880         1.00
      0.2890         1.00
      0.2900         1.00
      0.2910         1.00
      0.2920         1.00
      0.2930         1.00
      0.2940         1.00
      0.2950         1.00
      0.2960         1.00
      0.2970         1.00
      0.2980         1.00
      0.2990         1.00
      0.3000         1.00
      0.3010         1.00
      0.3020         1.00
      0.3030         1.00
      0.3040         1.00
      0.3050         1.00
      0.3060         1.00
      0.3070         1.00
      0.3080         1.00
      0.3090         1.00
      0.3100         1.00
      0.3110         1.00
      0.3120         1.00
      0.3130         1.00
      0.3140         1.00
      0.3150         1.00
      0.3160         1.00
      0.3170         1.00
      0.3180         1.00
      0.3190         1.00
      0.3200         1.00
      0.3210         1.00
      0.3220         1.00
      0.3230         1.00
      0.3240         1.00
      0.3250         1.00
      0.3260         1.00
      0.3270         1.00
      0.3280         1.00
      0.3290         1.00
      0.3300         1.00
      0.3310         1.00
      0.3320         1.00
      0.3330         1.00
      0.3340         1.00
      0.3350         1.00
      0.3360         1.00
      0.3370         1.00
      0.3380         1.00
      0.3390         1.00
      0.3400         1.00
      0.3410         1.00
      0.3420         1.00
      0.3430         1.00
      0.3440         1.00
      0.3450         1.00
      0.3460         1.00
      0.3470         1.00
      0.3480         1.00
      0.3490         1.00
      0.3500         1.00
      0.3510         1.00
      0.3520         1.00
      0.3530         1.00
      0.3540         1.00
      0.3550         1.00
      0.3560         1.00
      0.3570         1.00
      0.3580         1.00
      0.3590         1.00
      0.3600         1.00
      0.3610         1.00
      0.3620         1.00
      0.3630         1.00
      0.3640         1.00
      0.3650         1.00
      0.3660         1.00
      0.3670         1.00
      0.3680         1.00
      0.3690         1.00
      0.3700         1.00
      0.3710         1.00
      0.3720         1.00
      0.3730         1.00
      0.3740         1.00
      0.3750         1.00
      0.3760         1.00
      0.3770         1.00
      0.3780         1.00
      0.3790         1.00
      0.3800         1.00
      0.3810         1.00
      0.3820         1.00
      0.3830         1.00
      0.3840         1.00
      0.3850         1.00
      0.3860         1.00
      0.3870         1.00
      0.3880         1.00
      0.3890         1.00
      0.3900         1.00
      0.3910         1.00
      0.3920         1.00
      0.3930         1.00
      0.3940         1.00
      0.3950         1.00
      0.3960         1.00
      0.3970         1.00
      0.3980         1.00
      0.3990         1.00
      0.4000         1.00
      0.4010         1.00
      0.4020         1.00
      0.4030         1.00
      0.4040         1.00
      0.4050         1.00
      0.4060         1.00
      0.4070         1.00
      0.4080         1.00
      0.4090         1.00
      0.4100         1.00
      0.4110         1.00
      0.4120         1.00
      0.4130         1.00
      0.4140         1.00
      0.4150         1.00
      0.4160         1.00
      0.4170         1.00
      0.4180         1.00
      0.4190         1.00
      0.4200         1.00
      0.4210         1.00
      0.4220         1.00
      0.4230         1.00
      0.4240         1.00
      0.4250         1.00
      0.4260         1.00
      0.4270         1.00
      0.4280         1.00
      0.4290         1.00
      0.4300         1.00
      0.4310         1.00
      0.4320         1.00
      0.4330         1.00
      0.4340         1.00
      0.4350         1.00
      0.4360         1.00
      0.4370         1.00
      0.4380         1.00
      0.4390         1.00
      0.4400         1.00
      0.4410         1.00
      0.4420         1.00
      0.4430         1.00
      0.4440         1.00
      0.4450         1.00
      0.4460         1.00
      0.4470         1.00
      0.4480         1.00
      0.4490         1.00
      0.4500         1.00
      0.4510         1.00
      0.4520         1.00
      0.4530         1.00
      0.4540         1.00
      0.4550         1.00
      0.4560         1.00
      0.4570         1.00
      0.4580         1.00
      0.4590         1.00
      0.4600         1.00
      0.4610         1.00
      0.4620         1.00
      0.4630         1.00
      0.4640         1.00
      0.4650         1.00
      0.4660         1.00
      0.4670         1.00
      0.4680         1.00
      0.4690         1.00
      0.4700         1.00
      0.4710         1.00
      0.4720         1.00
      0.4730         1.00
      0.4740         1.00
      0.4750         1.00
      0.4760         1.00
      0.4770         1.00
      0.4780         1.00
      0.4790         1.00
      0.4800         1.00
      0.4810         1.00
      0.4820         1.00
      0.4830         1.00
      0.4840         1.00
      0.4850         1.00
      0.4860         1.00
      0.4870         1.00
      0.4880         1.00
      0.4890         1.00
      0.4900         1.00
      0.4910         1.00
      0.4920         1.00
      0.4930         1.00
      0.4940         1.00
      0.4950         1.00
      0.4960         1.00
      0.4970         1.00
      0.4980         1.00
      0.4990         1.00
      0.5000         1.00
      0.5010         1.00
      0.5020         1.00
      0.5030         1.00
      0.5040         1.00
      0.5050         1.00
      0.5060         1.00
      0.5070         1.00
      0.5080         1.00
      0.5090         1.00
      0.5100         1.00
      0.5110         1.00
      0.5120         1.00
      0.5130         1.00
      0.5140         1.00
      0.5150         1.00
      0.5160         1.00
      0.5170         1.00
      0.5180         1.00
      0.5190         1.00
      0.5200         1.00
      0.5210         1.00
      0.5220         1.00
      0.5230         1.00
      0.5240         1.00
      0.5250         1.00
      0.5260         1.00
      0.5270         1.00
      0.5280         1.00
      0.5290         1.00
      0.5300         1.00
      0.5310         1.00
      0.5320         1.00
      0.5330         1.00
      0.5340         1.00
      0.5350         1.00
      0.5360         1.00
      0.5370         1.00
      0.5380         1.00
      0.5390         1.00
      0.5400         1.00
      0.5410         1.00
      0.5420         1.00
      0.5430         1.00
      0.5440         1.00
      0.5450         1.00
      0.5460         1.00
      0.5470         1.00
      0.5480         1.00
      0.5490         1.00
      0.5500         1.00
      0.5510         1.00
      0.5520         1.00
      0.5530         1.00
      0.5540         1.00
      0.5550         1.00
      0.5560         1.00
      0.5570         1.00
      0.5580         1.00
      0.5590         1.00
      0.5600         1.00
      0.5610         1.00
      0.5620         1.00
      0.5630         1.00
      0.5640         1.00
      0.5650         1.00
      0.5660         1.00
      0.5670         1.00
      0.5680         1.00
      0.5690         1.00
      0.5700         1.00
      0.5710         1.00
      0.5720         1.00
      0.5730         1.00
      0.5740         1.00
      0.5750         1.00
      0.5760         1.00
      0.5770         1.00
      0.5780         1.00
      0.5790         1.00
      0.5800         1.00
      0.5810         1.00
      0.5820         1.00
      0.5830         1.00
      0.5840         1.00
      0.5850         1.00
      0.5860         1.00
      0.5870         1.00
      0.5880         1.00
      0.5890         1.00
      0.5900         1.00
      0.5910         1.00
      0.5920         1.00
      0.5930         1.00
      0.5940         1.00
      0.5950         1.00
      0.5960         1.00
      0.5970         1.00
      0.5980         1.00
      0.5990         1.00
      0.6000         1.00
      0.6010         1.00
      0.6020         1.00
      0.6030         1.00
      0.6040         1.00
      0.6050         1.00
      0.6060         1.00
      0.6070         1.00
      0.6080         1.00
      0.6090         1.00
      0.6100         1.00
      0.6110         1.00
      0.6120         1.00
      0.6130         1.00
      0.6140         1.00
      0.6150         1.00
      0.6160         1.00
      0.6170         1.00
      0.6180         1.00
      0.6190         1.00
      0.6200         1.00
      0.6210         1.00
      0.6220         1.00
      0.6230         1.00
      0.6240         1.00
      0.6250         1.00
      0.6260         1.00
      0.6270         1.00
      0.6280         1.00
      0.6290         1.00
      0.6300         1.00
      0.6310         1.00
      0.6320         1.00
      0.6330         1.00
      0.6340         1.00
      0.6350         1.00
      0.6360         1.00
      0.6370         1.00
      0.6380         1.00
      0.6390         1.00
      0.6400         1.00
      0.6410         1.00
      0.6420         1.00
      0.6430         1.00
      0.6440         1.00
      0.6450         1.00
      0.6460         1.00
      0.6470         1.00
      0.6480         1.00
      0.6490         1.00
      0.6500         1.00
      0.6510         1.00
      0.6520         1.00
      0.6530         1.00
      0.6540         1.00
      0.6550         1.00
      0.6560         1.00
      0.6570         1.00
      0.6580         1.00
      0.6590         1.00
      0.6600         1.00
      0.6610         1.00
      0.6620         1.00
      0.6630         1.00
      0.6640         1.00
      0.6650         1.00
      0.6660         1.00
      0.6670         1.00
      0.6680         1.00
      0.6690         1.00
      0.6700         1.00
      0.6710         1.00
      0.6720         1.00
      0.6730         1.00
      0.6740         1.00
      0.6750         1.00
      0.6760         1.00
      0.6770         1.00
      0.6780         1.00
      0.6790         1.00
      0.6800         1.00
      0.6810         1.00
      0.6820         1.00
      0.6830         1.00
      0.6840         1.00
      0.6850         1.00
      0.6860         1.00
      0.6870         1.00
      0.6880         1.00
      0.6890         1.00
      0.6900         1.00
      0.6910         1.00
      0.6920         1.00
      0.6930         1.00
      0.6940         1.00
      0.6950         1.00
      0.6960         1.00
      0.6970         1.00
      0.6980         1.00
      0.6990         1.00
      0.7000         1.00
      0.7010         1.00
      0.7020         1.00
      0.7030         1.00
      0.7040         1.00
      0.7050         1.00
      0.7060         1.00
      0.7070         1.00
      0.7080         1.00
      0.7090         1.00
      0.7100         1.00
      0.7110         1.00
      0.7120         1.00
      0.7130         1.00
      0.7140         1.00
      0.7150         1.00
      0.7160         1.00
      0.7170         1.00
      0.7180         1.00
      0.7190         1.00
      0.7200         1.00
      0.7210         1.00
      0.7220         1.00
      0.7230         1.00
      0.7240         1.00
      0.7250         1.00
      0.7260         1.00
      0.7270         1.00
      0.7280         1.00
      0.7290         1.00
      0.7300         1.00
      0.7310         1.00
      0.7320         1.00
      0.7330         1.00
      0.7340         1.00
      0.7350         1.00
      0.7360         1.00
      0.7370         1.00
      0.7380         1.00
      0.7390         1.00
      0.7400         1.00
      0.7410         1.00
      0.7420         1.00
      0.7430         1.00
      0.7440         1.00
      0.7450         1.00
      0.7460         1.00
      0.7470         1.00
      0.7480         1.00
      0.7490         1.00
      0.7500         1.00
      0.7510         1.00
      0.7520         1.00
      0.7530         1.00
      0.7540         1.00
      0.7550         1.00
      0.7560         1.00
      0.7570         1.00
      0.7580         1.00
      0.7590         1.00
      0.7600         1.00
      0.7610         1.00
      0.7620         1.00
      0.7630         1.00
      0.7640         1.00
      0.7650         1.00
      0.7660         1.00
      0.7670         1.00
      0.7680         1.00
      0.7690         1.00
      0.7700         1.00
      0.7710         1.00
      0.7720         1.00
      0.7730         1.00
      0.7740         1.00
      0.7750         1.00
      0.7760         1.00
      0.7770         1.00
      0.7780         1.00
      0.7790         1.00
      0.7800         1.00
      0.7810         1.00
      0.7820         1.00
      0.7830         1.00
      0.7840         1.00
      0.7850         1.00
      0.7860         1.00
      0.7870         1.00
      0.7880         1.00
      0.7890         1.00
      0.7900         1.00
      0.7910         1.00
      0.7920         1.00
      0.7930         1.00
      0.7940         1.00
      0.7950         1.00
      0.7960         1.00
      0.7970         1.00
      0.7980         1.00
      0.7990         1.00
      0.8000         1.00
      0.8010         1.00
      0.8020         1.00
      0.8030         1.00
      0.8040         1.00
      0.8050         1.00
      0.8060         1.00
      0.8070         1.00
      0.8080         1.00
      0.8090         1.00
      0.8100         1.00
      0.8110         1.00
      0.8120         1.00
      0.8130         1.00
      0.8140         1.00
      0.8150         1.00
      0.8160         1.00
      0.8170         1.00
      0.8180         1.00
      0.8190         1.00
      0.8200         1.00
      0.8210         1.00
      0.8220         1.00
      0.8230         1.00
      0.8240         1.00
      0.8250         1.00
      0.8260         1.00
      0.8270         1.00
      0.8280         1.00
      0.8290         1.00
      0.8300         1.00
      0.8310         1.00
      0.8320         1.00
      0.8330         1.00
      0.8340         1.00
      0.8350         1.00
      0.8360         1.00
      0.8370         1.00
      0.8380         1.00
      0.8390         1.00
      0.8400         1.00
      0.8410         1.00
      0.8420         1.00
      0.8430         1.00
      0.8440         1.00
      0.8450         1.00
      0.8460         1.00
      0.8470         1.00
      0.8480         1.00
      0.8490         1.00
      0.8500         1.00
      0.8510         1.00
      0.8520         1.00
      0.8530         1.00
      0.8540         1.00
      0.8550         1.00
      0.8560         1.00
      0.8570         1.00
      0.8580         1.00
      0.8590         1.00
      0.8600         1.00
      0.8610         1.00
      0.8620         1.00
      0.8630         1.00
      0.8640         1.00
      0.8650         1.00
      0.8660         1.00
      0.8670         1.00
      0.8680         1.00
      0.8690         1.00
      0.8700         1.00
      0.8710         1.00
      0.8720         1.00
      0.8730         1.00
      0.8740         1.00
      0.8750         1.00
      0.8760         1.00
      0.8770         1.00
      0.8780         1.00
      0.8790         1.00
      0.8800         1.00
      0.8810         1.00
      0.8820         1.00
      0.8830         1.00
      0.8840         1.00
      0.8850         1.00
      0.8860         1.00
      0.8870         1.00
      0.8880         1.00
      0.8890         1.00
      0.8900         1.00
      0.8910         1.00
      0.8920         1.00
      0.8930         1.00
      0.8940         1.00
      0.8950         1.00
      0.8960         1.00
      0.8970         1.00
      0.8980         1.00
      0.8990         1.00
      0.9000         1.00
      0.9010         1.00
      0.9020         1.00
      0.9030         1.00
      0.9040         1.00
      0.9050         1.00
      0.9060         1.00
      0.9070         1.00
      0.9080         1.00
      0.9090         1.00
      0.9100         1.00
      0.9110         1.00
      0.9120         1.00
      0.9130         1.00
      0.9140         1.00
      0.9150         1.00
      0.9160         1.00
      0.9170         1.00
      0.9180         1.00
      0.9190         1.00
      0.9200         1.00
      0.9210         1.00
      0.9220         1.00
      0.9230         1.00
      0.9240         1.00
      0.9250         1.00
      0.9260         1.00
      0.9270         1.00
      0.9280         1.00
      0.9290         1.00
      0.9300         1.00
      0.9310         1.00
      0.9320         1.00
      0.9330         1.00
      0.9340         1.00
      0.9350         1.00
      0.9360         1.00
      0.9370         1.00
      0.9380         1.00
      0.9390         1.00
      0.9400         1.00
      0.9410         1.00
      0.9420         1.00
      0.9430         1.00
      0.9440         1.00
      0.9450         1.00
      0.9460         1.00
      0.9470         1.00
      0.9480         1.00
      0.9490         1.00
      0.9500         1.00
      0.9510         1.00
      0.9520         1.00
      0.9530         1.00
      0.9540         1.00
      0.9550         1.00
      0.9560         1.00
      0.9570         1.00
      0.9580         1.00
      0.9590         1.00
      0.9600         1.00
      0.9610         1.00
      0.9620         1.00
      0.9630         1.00
      0.9640         1.00
      0.9650         1.00
      0.9660         1.00
      0.9670         1.00
      0.9680         1.00
      0.9690         1.00
      0.9700         1.00
      0.9710         1.00
      0.9720         1.00
      0.9730         1.00
      0.9740         1.00
      0.9750         1.00
      0.9760         1.00
      0.9770         1.00
      0.9780         1.00
      0.9790         1.00
      0.9800         1.00
      0.9810         1.00
      0.9820         1.00
      0.9830         1.00
      0.9840         1.00
      0.9850         1.00
      0.9860         1.00
      0.9870         1.00
      0.9880         1.00
      0.9890         1.00
      0.9900         1.00
      0.9910         1.00
      0.9920         1.00
      0.9930         1.00
      0.9940         1.00
      0.9950         1.00
      0.9960         1.00
      0.9970         1.00
      0.9980         1.00
      0.9990         1.00
      1.0000         1.00
      1.0010         1.00
      1.0020         1.00
      1.0030         1.00
      1.0040         1.00
      1.0050         1.00
      1.0060         1.00
      1.0070         1.00
      1.0080         1.00
      1.0090         1.00
      1.0100         1.00
      1.0110         1.00
      1.0120         1.00
      1.0130         1.00
      1.0140         1.00
      1.0150         1.00
      1.0160         1.00
      1.0170         1.00
      1.0180         1.00
      1.0190         1.00
      1.0200         1.00
      1.0210         1.00
      1.0220         1.00
      1.0230         1.00
      1.0240         1.00
      1.0250         1.00
      1.0260         1.00
      1.0270         1.00
      1.0280         1.00
      1.0290         1.00
      1.0300         1.00
      1.0310         1.00
      1.0320         1.00
      1.0330         1.00
      1.0340         1.00
      1.0350         1.00
      1.0360         1.00
      1.0370         1.00
      1.0380         1.00
      1.0390         1.00
      1.0400         1.00
      1.0410         1.00
      1.0420         1.00
      1.0430         1.00
      1.0440         1.00
      1.0450         1.00
      1.0460         1.00
      1.0470         1.00
      1.0480         1.00
      1.0490         1.00
      1.0500         1.00
      1.0510         1.00
      1.0520         1.00
      1.0530         1.00
      1.0540         1.00
      1.0550         1.00
      1.0560         1.00
      1.0570         1.00
      1.0580         1.00
      1.0590         1.00
      1.0600         1.00
      1.0610         1.00
      1.0620         1.00
      1.0630         1.00
      1.0640         1.00
      1.0650         1.00
      1.0660         1.00
      1.0670         1.00
      1.0680         1.00
      1.0690         1.00
      1.0700         1.00
      1.0710         1.00
      1.0720         1.00
      1.0730         1.00
      1.0740         1.00
      1.0750         1.00
      1.0760         1.00
      1.0770         1.00
      1.0780         1.00
      1.0790         1.00
      1.0800         1.00
      1.0810         1.00
      1.0820         1.00
      1.0830         1.00
      1.0840         1.00
      1.0850         1.00
      1.0860         1.00
      1.0870         1.00
      1.0880         1.00
      1.0890         1.00
      1.0900         1.00
      1.0910         1.13
      1.0920         1.20
      1.0930         1.22
      1.0940         2.33
      1.0950         2.57
      1.0960         2.88
      1.0970         2.97
      1.0980         3.04
      1.0990         3.07
      1.1000         2.76
      1.1010         2.82
      1.1020         2.93
      1.1030         3.04
      1.1040         3.19
      1.1050         3.24
      1.1060         3.69
      1.1070         3.67
      1.1080         3.67
      1.1090         3.59
      1.1100         3.43
      1.1110         3.37
      1.1120         3.23
      1.1130         3.27
      1.1140         3.13
      1.1150         3.03
      1.1160         2.87
      1.1170         2.85
      1.1180         2.81
      1.1190         2.89
      1.1200         2.77
      1.1210         2.85
      1.1220         2.87
      1.1230         2.96
      1.1240         3.08
      1.1250         3.12
      1.1260         3.31
      1.1270         3.43
      1.1280         3.46
      1.1290         3.51
      1.1300         3.66
      1.1310         3.79
      1.1320         3.89
      1.1330         3.91
      1.1340         4.17
      1.1350         4.29
      1.1360         4.48
      1.1370         4.48
      1.1380         4.64
      1.1390         4.67
      1.1400         4.76
      1.1410         4.83
      1.1420         4.84
      1.1430         4.88
      1.1440         4.87
      1.1450         4.93
      1.1460         4.91
      1.1470         4.89
      1.1480         5.02
      1.1490         5.12
      1.1500         5.16
      1.1510         5.14
      1.1520         5.25
      1.1530         5.31
      1.1540         5.27
      1.1550         5.31
      1.1560         5.22
      1.1570         5.27
      1.1580         5.27
      1.1590         5.18
      1.1600         5.25
      1.1610         5.25
      1.1620         5.37
      1.1630         5.37
      1.1640         5.39
      1.1650         5.46
      1.1660         5.54
      1.1670         5.59
      1.1680         5.58
      1.1690         5.56
      1.1700         5.65
      1.1710         5.74
      1.1720         5.75
      1.1730         5.78
      1.1740         5.83
      1.1750         5.90
      1.1760         6.10
      1.1770         6.20
      1.1780         6.35
      1.1790         6.56
      1.1800         6.68
      1.1810         6.70
      1.1820         6.76
      1.1830         6.83
      1.1840         6.98
      1.1850         6.91
      1.1860         6.87
      1.1870         6.91
      1.1880         7.02
      1.1890         6.99
      1.1900         7.10
      1.1910         6.98
      1.1920         7.02
      1.1930         7.08
      1.1940         7.21
      1.1950         7.26
      1.1960         7.27
      1.1970         7.21
      1.1980         7.15
      1.1990         7.15
      1.2000         7.14
      1.2010         7.32
      1.2020         7.29
      1.2030         7.39
      1.2040         7.32
      1.2050         7.58
      1.2060         7.63
      1.2070         7.76
      1.2080         7.78
      1.2090         7.95
      1.2100         7.92
      1.2110         8.19
      1.2120         8.30
      1.2130         8.38
      1.2140         8.36
      1.2150         8.49
      1.2160         8.55
      1.2170         8.77
      1.2180         8.86
      1.2190         8.86
      1.2200         8.96
      1.2210         9.01
      1.2220         9.09
      1.2230         9.10
      1.2240         9.26
      1.2250         9.25
      1.2260         9.29
      1.2270         9.32
      1.2280         9.44
      1.2290         9.41
      1.2300         9.35
      1.2310         9.37
      1.2320         9.44
      1.2330         9.40
      1.2340         9.36
      1.2350         9.40
      1.2360         9.40
      1.2370         9.40
      1.2380         9.41
      1.2390         9.49
      1.2400         9.48
      1.2410         9.41
      1.2420         9.49
      1.2430         9.49
      1.2440         9.49
      1.2450         9.40
      1.2460         9.38
      1.2470         9.39
      1.2480         9.37
      1.2490         9.45
      1.2500         9.54
      1.2510         9.51
      1.2520         9.48
      1.2530         9.44
      1.2540         9.63
      1.2550         9.59
      1.2560         9.64
      1.2570         9.59
      1.2580         9.48
      1.2590         9.51
      1.2600         9.55
      1.2610         9.54
      1.2620         9.50
      1.2630         9.51
      1.2640         9.47
      1.2650         9.58
      1.2660         9.59
      1.2670         9.51
      1.2680         9.55
      1.2690         9.57
      1.2700         9.56
      1.2710         9.60
      1.2720         9.60
      1.2730         9.73
      1.2740         9.60
      1.2750         9.55
      1.2760         9.53
      1.2770         9.55
      1.2780         9.65
      1.2790         9.58
      1.2800         9.59
      1.2810         9.66
      1.2820         9.60
      1.2830         9.75
      1.2840         9.80
      1.2850         9.71
      1.2860         9.64
      1.2870         9.64
      1.2880         9.58
      1.2890         9.60
      1.2900         9.62
      1.2910         9.51
      1.2920         9.54
      1.2930         9.56
      1.2940         9.60
      1.2950         9.68
      1.2960         9.64
      1.2970         9.76
      1.2980         9.76
      1.2990         9.72
      1.3000         9.64
      1.3010         9.69
      1.3020         9.84
      1.3030         9.63
      1.3040         9.71
      1.3050         9.73
      1.3060         9.86
      1.3070         9.87
      1.3080         9.94
      1.3090         9.88
      1.3100        10.01
      1.3110        10.02
      1.3120        10.06
      1.3130         9.97
      1.3140        10.02
      1.3150        10.01
      1.3160        10.04
      1.3170        10.02
      1.3180        10.10
      1.3190        10.28
      1.3200        10.25
      1.3210        10.21
      1.3220        10.18
      1.3230        10.27
      1.3240        10.33
      1.3250        10.35
      1.3260        10.29
      1.3270        10.29
      1.3280        10.28
      1.3290        10.26
      1.3300        10.18
      1.3310        10.32
      1.3320        10.35
      1.3330        10.41
      1.3340        10.37
      1.3350        10.42
      1.3360        10.44
      1.3370        10.36
      1.3380        10.30
      1.3390        10.33
      1.3400        10.50
      1.3410        10.46
      1.3420        10.48
      1.3430        10.50
      1.3440        10.35
      1.3450        10.35
      1.3460        10.33
      1.3470        10.29
      1.3480        10.26
      1.3490        10.22
      1.3500        10.17
      1.3510        10.13
      1.3520        10.10
      1.3530        10.10
      1.3540        10.19
      1.3550        10.11
      1.3560        10.14
      1.3570        10.07
      1.3580         9.97
      1.3590         9.92
      1.3600         9.90
      1.3610         9.98
      1.3620         9.87
      1.3630         9.99
      1.3640        10.02
      1.3650        10.06
      1.3660        10.19
      1.3670        10.27
      1.3680        10.36
      1.3690        10.40
      1.3700        10.55
      1.3710        10.58
      1.3720        10.43
      1.3730        10.57
      1.3740        10.49
      1.3750        10.59
      1.3760        10.60
      1.3770        10.74
      1.3780        10.84
      1.3790        10.81
      1.3800        10.89
      1.3810        10.81
      1.3820        10.89
      1.3830        10.84
      1.3840        11.00
      1.3850        11.12
      1.3860        11.14
      1.3870        11.22
      1.3880        11.13
      1.3890        11.17
      1.3900        11.06
      1.3910        11.13
      1.3920        11.26
      1.3930        11.34
      1.3940        11.49
      1.3950        11.58
      1.3960        11.66
      1.3970        11.54
      1.3980        11.64
      1.3990        11.68
      1.4000        11.53
      1.4010        11.66
      1.4020        11.69
      1.4030        11.80
      1.4040        11.75
      1.4050        11.72
      1.4060        11.72
      1.4070        11.59
      1.4080        11.73
      1.4090        11.75
      1.4100        11.80
      1.4110        11.80
      1.4120        11.84
      1.4130        11.76
      1.4140        11.70
      1.4150        11.54
      1.4160        11.56
      1.4170        11.69
      1.4180        11.66
      1.4190        11.68
      1.4200        11.80
      1.4210        11.77
      1.4220        11.74
      1.4230        11.60
      1.4240        11.56
      1.4250        11.44
      1.4260        11.45
      1.4270        11.56
      1.4280        11.52
      1.4290        11.56
      1.4300        11.65
      1.4310        11.63
      1.4320        11.64
      1.4330        11.63
      1.4340        11.59
      1.4350        11.62
      1.4360        11.70
      1.4370        11.70
      1.4380        11.71
      1.4390        11.75
      1.4400        11.74
      1.4410        11.74
      1.4420        11.84
      1.4430        11.99
      1.4440        12.03
      1.4450        12.09
      1.4460        12.08
      1.4470        12.19
      1.4480        12.32
      1.4490        12.38
      1.4500        12.43
      1.4510        12.49
      1.4520        12.52
      1.4530        12.53
      1.4540        12.60
      1.4550        12.77
      1.4560        12.65
      1.4570        12.69
      1.4580        12.76
      1.4590        12.71
      1.4600        12.75
      1.4610        12.76
      1.4620        12.71
      1.4630        12.71
      1.4640        12.67
      1.4650        12.78
      1.4660        12.82
      1.4670        12.76
      1.4680        12.66
      1.4690        12.70
      1.4700        12.74
      1.4710        12.70
      1.4720        12.71
      1.4730        12.78
      1.4740        12.78
      1.4750        12.67
      1.4760        12.79
      1.4770        12.83
      1.4780        12.81
      1.4790        12.94
      1.4800        12.97
      1.4810        13.02
      1.4820        13.09
      1.4830        13.06
      1.4840        13.13
      1.4850        13.16
      1.4860        13.21
      1.4870        13.28
      1.4880        13.41
      1.4890        13.49
      1.4900        13.55
      1.4910        13.61
      1.4920        13.69
      1.4930        13.71
      1.4940        13.72
      1.4950        13.88
      1.4960        13.88
      1.4970        13.96
      1.4980        14.12
      1.4990        14.15
      1.5000        14.23
      1.5010        14.44
      1.5020        14.53
      1.5030        14.64
      1.5040        14.75
      1.5050        14.80
      1.5060        14.87
      1.5070        14.96
      1.5080        14.99
      1.5090        14.91
      1.5100        14.91
      1.5110        14.96
      1.5120        15.08
      1.5130        15.14
      1.5140        15.22
      1.5150        15.29
      1.5160        15.33
      1.5170        15.26
      1.5180        15.36
      1.5190        15.38
      1.5200        15.43
      1.5210        15.32
      1.5220        15.27
      1.5230        15.23
      1.5240        15.26
      1.5250        15.36
      1.5260        15.42
      1.5270        15.42
      1.5280        15.46
      1.5290        15.52
      1.5300        15.53
      1.5310        15.54
      1.5320        15.52
      1.5330        15.59
      1.5340        15.69
      1.5350        15.69
      1.5360        15.78
      1.5370        15.95
      1.5380        15.94
      1.5390        15.97
      1.5400        15.93
      1.5410        15.98
      1.5420        16.06
      1.5430        16.08
      1.5440        16.12
      1.5450        16.09
      1.5460        16.09
      1.5470        16.25
      1.5480        16.20
      1.5490        16.24
      1.5500        16.25
      1.5510        16.29
      1.5520        16.25
      1.5530        16.26
      1.5540        16.24
      1.5550        16.15
      1.5560        16.15
      1.5570        16.14
      1.5580        16.10
      1.5590        16.22
      1.5600        16.30
      1.5610        16.30
      1.5620        16.35
      1.5630        16.37
      1.5640        16.30
      1.5650        16.35
      1.5660        16.42
      1.5670        16.35
      1.5680        16.50
      1.5690        16.62
      1.5700        16.57
      1.5710        16.59
      1.5720        16.63
      1.5730        16.65
      1.5740        16.74
      1.5750        16.83
      1.5760        16.91
      1.5770        16.89
      1.5780        16.89
      1.5790        16.84
      1.5800        16.76
      1.5810        16.84
      1.5820        16.80
      1.5830        16.85
      1.5840        17.07
      1.5850        17.08
      1.5860        17.08
      1.5870        17.09
      1.5880        16.97
      1.5890        16.89
      1.5900        16.90
      1.5910        16.98
      1.5920        17.08
      1.5930        17.10
      1.5940        17.05
      1.5950        17.03
      1.5960        16.87
      1.5970        16.79
      1.5980        16.82
      1.5990        16.82
      1.6000        17.02
      1.6010        16.94
      1.6020        16.96
      1.6030        17.04
      1.6040        16.96
      1.6050        16.93
      1.6060        16.89
      1.6070        16.89
      1.6080        17.09
      1.6090        17.17
      1.6100        17.31
      1.6110        17.20
      1.6120        17.20
      1.6130        17.24
      1.6140        17.24
      1.6150        17.40
      1.6160        17.53
      1.6170        17.72
      1.6180        17.65
      1.6190        17.65
      1.6200        17.53
      1.6210        17.69
      1.6220        17.77
      1.6230        17.77
      1.6240        17.84
      1.6250        17.90
      1.6260        17.93
      1.6270        17.94
      1.6280        17.85
      1.6290        17.82
      1.6300        17.78
      1.6310        17.93
      1.6320        17.92
      1.6330        17.82
      1.6340        17.88
      1.6350        17.72
      1.6360        17.74
      1.6370        17.66
      1.6380        17.77
      1.6390        17.73
      1.6400        17.81
      1.6410        17.69
      1.6420        17.64
      1.6430        17.65
      1.6440        17.60
      1.6450        17.46
      1.6460        17.58
      1.6470        17.57
      1.6480        17.56
      1.6490        17.56
      1.6500        17.60
      1.6510        17.51
      1.6520        17.46
      1.6530        17.60
      1.6540        17.49
      1.6550        17.60
      1.6560        17.69
      1.6570        17.68
      1.6580        17.67
      1.6590        17.73
      1.6600        17.68
      1.6610        17.76
      1.6620        17.83
      1.6630        17.89
      1.6640        17.80
      1.6650        17.95
      1.6660        17.90
      1.6670        17.88
      1.6680        17.94
      1.6690        18.06
      1.6700        18.04
      1.6710        18.16
      1.6720        18.24
      1.6730        18.06
      1.6740        18.25
      1.6750        18.18
      1.6760        18.08
      1.6770        18.18
      1.6780        18.13
      1.6790        18.20
      1.6800        18.31
      1.6810        18.29
      1.6820        18.32
      1.6830        18.32
      1.6840        18.44
      1.6850        18.50
      1.6860        18.55
      1.6870        18.51
      1.6880        18.47
      1.6890        18.50
      1.6900        18.50
      1.6910        18.41
      1.6920        18.37
      1.6930        18.43
      1.6940        18.39
      1.6950        18.35
      1.6960        18.42
      1.6970        18.34
      1.6980        18.54
      1.6990        18.50
      1.7000        18.39
      1.7010        18.30
      1.7020        18.30
      1.7030        18.19
      1.7040        18.16
      1.7050        18.16
      1.7060        18.19
      1.7070        18.23
      1.7080        18.31
      1.7090        18.28
      1.7100        18.31
      1.7110        18.39
      1.7120        18.45
      1.7130        18.57
      1.7140        18.47
      1.7150        18.57
      1.7160        18.48
      1.7170        18.64
      1.7180        18.51
      1.7190        18.52
      1.7200        18.63
      1.7210        18.73
      1.7220        18.70
      1.7230        18.70
      1.7240        18.66
      1.7250        18.63
      1.7260        18.59
      1.7270        18.63
      1.7280        18.63
      1.7290        18.54
      1.7300        18.59
      1.7310        18.55
      1.7320        18.58
      1.7330        18.55
      1.7340        18.67
      1.7350        18.67
      1.7360        18.66
      1.7370        18.59
      1.7380        18.66
      1.7390        18.79
      1.7400        18.78
      1.7410        18.87
      1.7420        18.84
      1.7430        18.86
      1.7440        18.93
      1.7450        18.81
      1.7460        18.85
      1.7470        18.98
      1.7480        18.94
      1.7490        18.93
      1.7500        18.88
      1.7510        18.90
      1.7520        18.93
      1.7530        19.04
      1.7540        19.02
      1.7550        18.93
      1.7560        19.06
      1.7570        19.04
      1.7580        19.01
      1.7590        18.93
      1.7600        18.97
      1.7610        18.97
      1.7620        19.13
      1.7630        19.30
      1.7640        19.29
      1.7650        19.42
      1.7660        19.41
      1.7670        19.27
      1.7680        19.26
      1.7690        19.28
      1.7700        19.30
      1.7710        19.27
      1.7720        19.22
      1.7730        19.10
      1.7740        19.02
      1.7750        19.14
      1.7760        19.14
      1.7770        19.14
      1.7780        19.17
      1.7790        19.27
      1.7800        19.17
      1.7810        19.22
      1.7820        19.14
      1.7830        19.04
      1.7840        19.04
      1.7850        19.07
      1.7860        19.08
      1.7870        19.10
      1.7880        19.04
      1.7890        19.08
      1.7900        19.14
      1.7910        19.15
      1.7920        19.22
      1.7930        19.27
      1.7940        19.34
      1.7950        19.31
      1.7960        19.28
      1.7970        19.34
      1.7980        19.28
      1.7990        19.11
      1.8000        19.16
      1.8010        19.12
      1.8020        19.20
      1.8030        19.23
      1.8040        19.27
      1.8050        19.24
      1.8060        19.23
      1.8070        19.36
      1.8080        19.48
      1.8090        19.48
      1.8100        19.42
      1.8110        19.42
      1.8120        19.46
      1.8130        19.43
      1.8140        19.46
      1.8150        19.53
      1.8160        19.51
      1.8170        19.55
      1.8180        19.64
      1.8190        19.73
      1.8200        19.66
      1.8210        19.59
      1.8220        19.68
      1.8230        19.75
      1.8240        19.79
      1.8250        19.72
      1.8260        19.64
      1.8270        19.52
      1.8280        19.51
      1.8290        19.48
      1.8300        19.55
      1.8310        19.65
      1.8320        19.54
      1.8330        19.56
      1.8340        19.43
      1.8350        19.34
      1.8360        19.42
      1.8370        19.38
      1.8380        19.36
      1.8390        19.34
      1.8400        19.45
      1.8410        19.48
      1.8420        19.29
      1.8430        19.25
      1.8440        19.21
      1.8450        19.26
      1.8460        19.37
      1.8470        19.33
      1.8480        19.38
      1.8490        19.42
      1.8500        19.39
      1.8510        19.31
      1.8520        19.24
      1.8530        19.27
      1.8540        19.40
      1.8550        19.42
      1.8560        19.43
      1.8570        19.47
      1.8580        19.39
      1.8590        19.38
      1.8600        19.34
      1.8610        19.31
      1.8620        19.33
      1.8630        19.31
      1.8640        19.38
      1.8650        19.41
      1.8660        19.37
      1.8670        19.44
      1.8680        19.42
      1.8690        19.41
      1.8700        19.41
      1.8710        19.42
      1.8720        19.47
      1.8730        19.46
      1.8740        19.42
      1.8750        19.51
      1.8760        19.38
      1.8770        19.38
      1.8780        19.46
      1.8790        19.48
      1.8800        19.48
      1.8810        19.52
      1.8820        19.58
      1.8830        19.59
      1.8840        19.52
      1.8850        19.48
      1.8860        19.53
      1.8870        19.51
      1.8880        19.47
      1.8890        19.52
      1.8900        19.65
      1.8910        19.64
      1.8920        19.80
      1.8930        19.76
      1.8940        19.80
      1.8950        19.72
      1.8960        19.80
      1.8970        19.70
      1.8980        19.72
      1.8990        19.65
      1.9000        19.71
      1.9010        19.69
      1.9020        19.56
      1.9030        19.54
      1.9040        19.65
      1.9050        19.73
      1.9060        19.66
      1.9070        19.60
      1.9080        19.54
      1.9090        19.57
      1.9100        19.39
      1.9110        19.45
      1.9120        19.36
      1.9130        19.40
      1.9140        19.36
      1.9150        19.36
      1.9160        19.24
      1.9170        19.34
      1.9180        19.36
      1.9190        19.42
      1.9200        19.30
      1.9210        19.32
      1.9220        19.51
      1.9230        19.37
      1.9240        19.21
      1.9250        19.16
      1.9260        19.15
      1.9270        19.15
      1.9280        19.16
      1.9290        19.05
      1.9300        19.21
      1.9310        19.25
      1.9320        19.27
      1.9330        19.31
      1.9340        19.31
      1.9350        19.29
      1.9360        19.40
      1.9370        19.34
      1.9380        19.29
      1.9390        19.20
      1.9400        19.33
      1.9410        19.33
      1.9420        19.25
      1.9430        19.41
      1.9440        19.44
      1.9450        19.38
      1.9460        19.43
      1.9470        19.49
      1.9480        19.50
      1.9490        19.52
      1.9500        19.45
      1.9510        19.25
      1.9520        19.11
      1.9530        19.03
      1.9540        19.07
      1.9550        19.01
      1.9560        18.92
      1.9570        18.98
      1.9580        19.04
      1.9590        19.11
      1.9600        19.11
      1.9610        19.04
      1.9620        19.04
      1.9630        18.95
      1.9640        18.91
      1.9650        18.87
      1.9660        18.84
      1.9670        18.84
      1.9680        18.76
      1.9690        18.81
      1.9700        18.73
      1.9710        18.87
      1.9720        18.88
      1.9730        18.79
      1.9740        18.71
      1.9750        18.63
      1.9760        18.63
      1.9770        18.61
      1.9780        18.44
      1.9790        18.37
      1.9800        18.22
      1.9810        18.30
      1.9820        18.20
      1.9830        18.09
      1.9840        18.13
      1.9850        18.09
      1.9860        18.08
      1.9870        18.02
      1.9880        18.02
      1.9890        17.87
      1.9900        17.83
      1.9910        17.72
      1.9920        17.76
      1.9930        17.85
      1.9940        17.82
      1.9950        17.92
      1.9960        17.81
      1.9970        17.70
      1.9980        17.74
      1.9990        17.65
      2.0000        17.68
      2.0010        17.60
      2.0020        17.65
      2.0030        17.66
      2.0040        17.60
      2.0050        17.60
      2.0060        17.56
      2.0070        17.53
      2.0080        17.48
      2.0090        17.44
      2.0100        17.51
      2.0110        17.45
      2.0120        17.39
      2.0130        17.26
      2.0140        17.26
      2.0150        17.28
      2.0160        17.39
      2.0170        17.34
      2.0180        17.32
      2.0190        17.34
      2.0200        17.40
      2.0210        17.35
      2.0220        17.39
      2.0230        17.40
      2.0240        17.44
      2.0250        17.52
      2.0260        17.45
      2.0270        17.53
      2.0280        17.63
      2.0290        17.59
      2.0300        17.51
      2.0310        17.57
      2.0320        17.55
      2.0330        17.61
      2.0340        17.51
      2.0350        17.49
      2.0360        17.45
      2.0370        17.47
      2.0380        17.51
      2.0390        17.47
      2.0400        17.42
      2.0410        17.43
      2.0420        17.36
      2.0430        17.39
      2.0440        17.35
      2.0450        17.25
      2.0460        17.32
      2.0470        17.24
      2.0480        17.21
      2.0490        17.32
      2.0500        17.37
      2.0510        17.36
      2.0520        17.47
      2.0530        17.47
      2.0540        17.60
      2.0550        17.59
      2.0560        17.63
      2.0570        17.64
      2.0580        17.63
      2.0590        17.67
      2.0600        17.51
      2.0610        17.48
      2.0620        17.50
      2.0630        17.52
      2.0640        17.52
      2.0650        17.54
      2.0660        17.48
      2.0670        17.42
      2.0680        17.41
      2.0690        17.47
      2.0700        17.46
      2.0710        17.37
      2.0720        17.38
      2.0730        17.36
      2.0740        17.42
      2.0750        17.42
      2.0760        17.42
      2.0770        17.39
      2.0780        17.40
      2.0790        17.47
      2.0800        17.55
      2.0810        17.59
      2.0820        17.64
      2.0830        17.66
      2.0840        17.72
      2.0850        17.80
      2.0860        17.84
      2.0870        17.91
      2.0880        17.93
      2.0890        17.97
      2.0900        17.97
      2.0910        17.99
      2.0920        17.98
      2.0930        18.01
      2.0940        17.94
      2.0950        18.01
      2.0960        18.01
      2.0970        18.10
      2.0980        18.14
      2.0990        18.17
      2.1000        18.24
      2.1010        18.37
      2.1020        18.31
      2.1030        18.36
      2.1040        18.33
      2.1050        18.35
      2.1060        18.39
      2.1070        18.47
      2.1080        18.45
      2.1090        18.37
      2.1100        18.44
      2.1110        18.53
      2.1120        18.52
      2.1130        18.60
      2.1140        18.72
      2.1150        18.71
      2.1160        18.81
      2.1170        18.79
      2.1180        18.77
      2.1190        18.84
      2.1200        18.88
      2.1210        18.91
      2.1220        18.94
      2.1230        18.96
      2.1240        19.00
      2.1250        18.98
      2.1260        19.03
      2.1270        19.06
      2.1280        19.14
      2.1290        19.17
      2.1300        19.13
      2.1310        19.11
      2.1320        19.17
      2.1330        19.10
      2.1340        19.00
      2.1350        19.06
      2.1360        19.08
      2.1370        19.06
      2.1380        19.11
      2.1390        19.15
      2.1400        19.17
      2.1410        19.09
      2.1420        19.17
      2.1430        19.09
      2.1440        19.05
      2.1450        19.14
      2.1460        19.07
      2.1470        19.06
      2.1480        19.11
      2.1490        19.08
      2.1500        19.05
      2.1510        19.17
      2.1520        19.18
      2.1530        19.30
      2.1540        19.34
      2.1550        19.43
      2.1560        19.39
      2.1570        19.51
      2.1580        19.47
      2.1590        19.44
      2.1600        19.46
      2.1610        19.50
      2.1620        19.55
      2.1630        19.62
      2.1640        19.73
      2.1650        19.74
      2.1660        19.75
      2.1670        19.72
      2.1680        19.68
      2.1690        19.76
      2.1700        19.76
      2.1710        19.83
      2.1720        19.86
      2.1730        19.82
      2.1740        19.88
      2.1750        19.87
      2.1760        19.87
      2.1770        19.88
      2.1780        19.87
      2.1790        19.90
      2.1800        19.86
      2.1810        19.89
      2.1820        19.83
      2.1830        19.91
      2.1840        19.91
      2.1850        19.97
      2.1860        20.13
      2.1870        20.14
      2.1880        20.12
      2.1890        20.15
      2.1900        20.33
      2.1910        20.28
      2.1920        20.21
      2.1930        20.30
      2.1940        20.38
      2.1950        20.27
      2.1960        20.27
      2.1970        20.19
      2.1980        20.34
      2.1990        20.45
      2.2000        20.54
      2.2010        20.51
      2.2020        20.38
      2.2030        20.33
      2.2040        20.31
      2.2050        20.28
      2.2060        20.08
      2.2070        20.08
      2.2080        20.15
      2.2090        20.16
      2.2100        20.11
      2.2110        20.04
      2.2120        20.03
      2.2130        19.91
      2.2140        19.74
      2.2150        19.75
      2.2160        19.86
      2.2170        19.96
      2.2180        19.86
      2.2190        19.84
      2.2200        19.83
      2.2210        19.91
      2.2220        19.98
      2.2230        19.98
      2.2240        20.00
      2.2250        19.93
      2.2260        19.99
      2.2270        19.96
      2.2280        19.99
      2.2290        19.80
      2.2300        19.73
      2.2310        19.77
      2.2320        19.86
      2.2330        19.94
      2.2340        19.89
      2.2350        19.91
      2.2360        19.75
      2.2370        19.66
      2.2380        19.59
      2.2390        19.47
      2.2400        19.47
      2.2410        19.42
      2.2420        19.41
      2.2430        19.35
      2.2440        19.19
      2.2450        19.21
      2.2460        19.23
      2.2470        19.17
      2.2480        19.03
      2.2490        19.09
      2.2500        19.06
      2.2510        19.11
      2.2520        19.10
      2.2530        18.94
      2.2540        18.99
      2.2550        18.96
      2.2560        19.04
      2.2570        19.08
      2.2580        19.05
      2.2590        18.93
      2.2600        18.81
      2.2610        18.74
      2.2620        18.81
      2.2630        18.74
      2.2640        18.84
      2.2650        18.81
      2.2660        18.79
      2.2670        18.82
      2.2680        18.88
      2.2690        18.92
      2.2700        18.93
      2.2710        18.82
      2.2720        18.80
      2.2730        18.84
      2.2740        18.83
      2.2750        18.80
      2.2760        18.73
      2.2770        18.70
      2.2780        18.74
      2.2790        18.76
      2.2800        18.76
      2.2810        18.73
      2.2820        18.57
      2.2830        18.57
      2.2840        18.56
      2.2850        18.53
      2.2860        18.48
      2.2870        18.40
      2.2880        18.42
      2.2890        18.46
      2.2900        18.36
      2.2910        18.26
      2.2920        18.26
      2.2930        18.29
      2.2940        18.33
      2.2950        18.28
      2.2960        18.24
      2.2970        18.09
      2.2980        18.06
      2.2990        18.06
      2.3000        18.00
      2.3010        17.92
      2.3020        17.99
      2.3030        18.06
      2.3040        17.97
      2.3050        17.95
      2.3060        17.96
      2.3070        18.06
      2.3080        18.06
      2.3090        18.01
      2.3100        17.95
      2.3110        17.94
      2.3120        17.83
      2.3130        17.76
      2.3140        17.73
      2.3150        17.68
      2.3160        17.73
      2.3170        17.73
      2.3180        17.69
      2.3190        17.65
      2.3200        17.61
      2.3210        17.62
      2.3220        17.53
      2.3230        17.34
      2.3240        17.27
      2.3250        17.18
      2.3260        17.20
      2.3270        17.12
      2.3280        16.99
      2.3290        16.74
      2.3300        16.83
      2.3310        16.80
      2.3320        16.76
      2.3330        16.72
      2.3340        16.57
      2.3350        16.57
      2.3360        16.37
      2.3370        16.40
      2.3380        16.37
      2.3390        16.24
      2.3400        16.19
      2.3410        16.07
      2.3420        16.07
      2.3430        16.13
      2.3440        16.10
      2.3450        16.10
      2.3460        16.01
      2.3470        16.06
      2.3480        16.02
      2.3490        16.05
      2.3500        15.91
      2.3510        15.91
      2.3520        15.88
      2.3530        15.78
      2.3540        15.76
      2.3550        15.72
      2.3560        15.75
      2.3570        15.54
      2.3580        15.47
      2.3590        15.48
      2.3600        15.49
      2.3610        15.48
      2.3620        15.31
      2.3630        15.17
      2.3640        15.11
      2.3650        15.05
      2.3660        15.00
      2.3670        14.82
      2.3680        14.74
      2.3690        14.84
      2.3700        14.88
      2.3710        14.78
      2.3720        14.59
      2.3730        14.59
      2.3740        14.54
      2.3750        14.45
      2.3760        14.37
      2.3770        14.45
      2.3780        14.38
      2.3790        14.30
      2.3800        14.23
      2.3810        14.14
      2.3820        14.19
      2.3830        14.18
      2.3840        14.12
      2.3850        14.01
      2.3860        13.91
      2.3870        13.89
      2.3880        13.85
      2.3890        13.77
      2.3900        13.65
      2.3910        13.61
      2.3920        13.69
      2.3930        13.67
      2.3940        13.63
      2.3950        13.57
      2.3960        13.55
      2.3970        13.48
      2.3980        13.47
      2.3990        13.60
      2.4000        13.46
      2.4010        13.36
      2.4020        13.30
      2.4030        13.30
      2.4040        13.38
      2.4050        13.42
      2.4060        13.31
      2.4070        13.16
      2.4080        13.06
      2.4090        12.89
      2.4100        12.89
      2.4110        12.82
      2.4120        12.77
      2.4130        12.77
      2.4140        12.76
      2.4150        12.77
      2.4160        12.70
      2.4170        12.54
      2.4180        12.44
      2.4190        12.23
      2.4200        12.26
      2.4210        12.27
      2.4220        12.26
      2.4230        12.05
      2.4240        11.85
      2.4250        11.70
      2.4260        11.76
      2.4270        11.81
      2.4280        11.87
      2.4290        11.87
      2.4300        11.82
      2.4310        11.70
      2.4320        11.59
      2.4330        11.49
      2.4340        11.30
      2.4350        11.18
      2.4360        11.17
      2.4370        11.17
      2.4380        11.13
      2.4390        11.06
      2.4400        11.00
      2.4410        10.88
      2.4420        10.76
      2.4430        10.86
      2.4440        10.84
      2.4450        10.83
      2.4460        10.70
      2.4470        10.51
      2.4480        10.39
      2.4490        10.34
      2.4500        10.35
      2.4510        10.43
      2.4520        10.37
      2.4530        10.28
      2.4540        10.20
      2.4550        10.13
      2.4560        10.04
      2.4570        10.08
      2.4580        10.04
      2.4590        10.00
      2.4600         9.98
      2.4610         9.94
      2.4620         9.90
      2.4630         9.77
      2.4640         9.69
      2.4650         9.59
      2.4660         9.46
      2.4670         9.51
      2.4680         9.45
      2.4690         9.27
      2.4700         9.06
      2.4710         8.88
      2.4720         8.86
      2.4730         8.83
      2.4740         8.87
      2.4750         8.83
      2.4760         8.83
      2.4770         8.74
      2.4780         8.74
      2.4790         8.70
      2.4800         8.55
      2.4810         8.47
      2.4820         8.36
      2.4830         8.52
      2.4840         8.52
      2.4850         8.45
      2.4860         8.45
      2.4870         8.49
      2.4880         8.41
      2.4890         8.55
      2.4900         8.48
      2.4910         8.53
      2.4920         8.53
      2.4930         8.53
      2.4940         8.45
      2.4950         8.37
      2.4960         8.31
      2.4970         8.21
      2.4980         8.02
      2.4990         8.00
      2.5000         7.97
      2.5010         8.02
      2.5020         8.02
      2.5030         7.82
      2.5040         7.77
      2.5050         7.86
      2.5060         7.86
      2.5070         7.73
      2.5080         7.68
      2.5090         7.53
      2.5100         7.58
      2.5110         7.46
      2.5120         7.47
      2.5130         7.39
      2.5140         7.32
      2.5150         7.24
      2.5160         7.19
      2.5170         7.27
      2.5180         7.33
      2.5190         7.33
      2.5200         7.37
      2.5210         7.35
      2.5220         7.20
      2.5230         7.20
      2.5240         7.09
      2.5250         6.94
      2.5260         6.88
      2.5270         6.80
      2.5280         6.84
      2.5290         6.89
      2.5300         6.80
      2.5310         6.75
      2.5320         6.70
      2.5330         6.66
      2.5340         6.65
      2.5350         6.53
      2.5360         6.50
      2.5370         6.31
      2.5380         6.26
      2.5390         6.18
      2.5400         6.00
      2.5410         5.85
      2.5420         5.99
      2.5430         5.92
      2.5440         5.92
      2.5450         5.90
      2.5460         6.00
      2.5470         5.87
      2.5480         5.81
      2.5490         5.75
      2.5500         5.78
      2.5510         5.78
      2.5520         5.66
      2.5530         5.49
      2.5540         5.44
      2.5550         5.55
      2.5560         5.38
      2.5570         5.36
      2.5580         5.32
      2.5590         5.28
      2.5600         5.38
      2.5610         5.31
      2.5620         5.23
      2.5630         5.15
      2.5640         5.23
      2.5650         5.21
      2.5660         5.15
      2.5670         5.25
      2.5680         5.29
      2.5690         5.16
      2.5700         5.05
      2.5710         4.96
      2.5720         4.97
      2.5730         5.03
      2.5740         5.09
      2.5750         5.11
      2.5760         5.23
      2.5770         5.32
      2.5780         5.20
      2.5790         5.17
      2.5800         5.00
      2.5810         5.11
      2.5820         5.03
      2.5830         4.91
      2.5840         4.78
      2.5850         4.70
      2.5860         4.52
      2.5870         4.46
      2.5880         4.29
      2.5890         4.36
      2.5900         4.28
      2.5910         4.27
      2.5920         4.09
      2.5930         4.04
      2.5940         3.96
      2.5950         3.44
      2.5960         3.34
      2.5970         3.29
      2.5980         3.31
      2.5990         3.70
      2.6000         3.84
      2.6010         3.89
      2.6020         3.88
      2.6030         4.01
      2.6040         4.06
      2.6050         4.16
      2.6060         4.10
      2.6070         4.09
      2.6080         4.02
      2.6090         3.93
      2.6100         4.00
      2.6110         4.05
      2.6120         4.09
      2.6130         3.97
      2.6140         3.90
      2.6150         3.86
      2.6160         3.93
      2.6170         3.88
      2.6180         3.85
      2.6190         3.74
      2.6200         3.78
      2.6210         3.62
      2.6220         3.67
      2.6230         3.52
      2.6240         3.47
      2.6250         3.36
      2.6260         3.59
      2.6270         3.59
      2.6280         3.63
      2.6290         3.61
      2.6300         3.61
      2.6310         3.69
      2.6320         3.69
      2.6330         3.75
      2.6340         3.80
      2.6350         3.79
      2.6360         3.69
      2.6370         3.72
      2.6380         3.71
      2.6390         3.84
      2.6400         3.67
      2.6410         3.66
      2.6420         3.64
      2.6430         3.68
      2.6440         3.60
      2.6450         3.50
      2.6460         3.24
      2.6470         3.17
      2.6480         3.11
      2.6490         3.09
      2.6500         3.07
      2.6510         2.41
      2.6520         2.95
      2.6530         3.00
      2.6540         2.38
      2.6550         2.37
      2.6560         2.37
      2.6570         2.35
      2.6580         2.27
      2.6590         2.21
      2.6600         2.19
      2.6610         2.19
      2.6620         2.25
      2.6630         2.11
      2.6640         2.14
      2.6650         2.19
      2.6660         2.19
      2.6670         2.14
      2.6680         2.17
      2.6690         2.66
      2.6700         2.65
      2.6710         1.62
      2.6720         1.56
      2.6730         1.52
      2.6740         1.54
      2.6750         2.03
      2.6760         2.07
      2.6770         2.15
      2.6780         2.15
      2.6790         1.61
      2.6800         1.56
      2.6810         1.49
      2.6820         1.50
      2.6830         1.57
      2.6840         1.55
      2.6850         1.56
      2.6860         1.55
      2.6870         1.56
      2.6880         1.49
      2.6890         1.39
      2.6900         1.39
      2.6910         1.27
      2.6920         1.24
      2.6930         1.23
      2.6940         1.21
      2.6950         1.15
      2.6960         1.06
      2.6970         1.00
      2.6980         1.00
      2.6990         1.00
      2.7000         1.00
      2.7010         1.00
      2.7020         1.00
      2.7030         1.00
      2.7040         1.00
      2.7050         1.00
      2.7060         1.00
      2.7070         1.00
      2.7080         1.00
      2.7090         1.00
      2.7100         1.00
      2.7110         1.00
      2.7120         1.00
      2.7130         1.00
      2.7140         1.00
      2.7150         1.00
      2.7160         1.00
      2.7170         1.00
      2.7180         1.00
      2.7190         1.00
      2.7200         1.00
      2.7210         1.00
      2.7220         1.00
      2.7230         1.00
      2.7240         1.00
      2.7250         1.00
      2.7260         1.00
      2.7270         1.00
      2.7280         1.00
      2.7290         1.00
      2.7300         1.00
      2.7310         1.00
      2.7320         1.00
      2.7330         1.00
      2.7340         1.00
      2.7350         1.00
      2.7360         1.00
      2.7370         1.00
      2.7380         1.00
      2.7390         1.00
      2.7400         1.00
      2.7410         1.00
      2.7420         1.00
      2.7430         1.00
      2.7440         1.00
      2.7450         1.00
      2.7460         1.00
      2.7470         1.00
      2.7480         1.00
      2.7490         1.00
      2.7500         1.00
      2.7510         1.00
      2.7520         1.00
      2.7530         1.00
      2.7540         1.00
      2.7550         1.00
      2.7560         1.00
      2.7570         1.00
      2.7580         1.00
      2.7590         1.00
      2.7600         1.00
      2.7610         1.00
      2.7620         1.00
      2.7630         1.00
      2.7640         1.00
      2.7650         1.00
      2.7660         1.00
      2.7670         1.00
      2.7680         1.00
      2.7690         1.00
      2.7700         1.00
      2.7710         1.00
      2.7720         1.00
      2.7730         1.00
      2.7740         1.00
      2.7750         1.00
      2.7760         1.00
      2.7770         1.00
      2.7780         1.00
      2.7790         1.00
      2.7800         1.00
      2.7810         1.00
      2.7820         1.00
      2.7830         1.00
      2.7840         1.00
      2.7850         1.00
      2.7860         1.00
      2.7870         1.00
      2.7880         1.00
      2.7890         1.00
      2.7900         1.00
      2.7910         1.00
      2.7920         1.00
      2.7930         1.00
      2.7940         1.00
      2.7950         1.00
      2.7960         1.00
      2.7970         1.00
      2.7980         1.00
      2.7990         1.00
      2.8000         1.00
      2.8010         1.00
      2.8020         1.00
      2.8030         1.00
      2.8040         1.00
      2.8050         1.00
      2.8060         1.00
      2.8070         1.00
      2.8080         1.00
      2.8090         1.00
      2.8100         1.00
      2.8110         1.00
      2.8120         1.00
      2.8130         1.00
      2.8140         1.00
      2.8150         1.00
      2.8160         1.00
      2.8170         1.00
      2.8180         1.00
      2.8190         1.00
      2.8200         1.00
      2.8210         1.00
      2.8220         1.00
      2.8230         1.00
      2.8240         1.00
      2.8250         1.00
      2.8260         1.00
      2.8270         1.00
      2.8280         1.00
      2.8290         1.00
      2.8300         1.00
      2.8310         1.00
      2.8320         1.00
      2.8330         1.00
      2.8340         1.00
      2.8350         1.00
      2.8360         1.00
      2.8370         1.00
      2.8380         1.00
      2.8390         1.00
      2.8400         1.00
      2.8410         1.00
      2.8420         1.00
      2.8430         1.00
      2.8440         1.00
      2.8450         1.00
      2.8460         1.00
      2.8470         1.00
      2.8480         1.00
      2.8490         1.00
      2.8500         1.00
      2.8510         1.00
      2.8520         1.00
      2.8530         1.00
      2.8540         1.00
      2.8550         1.00
      2.8560         1.00
      2.8570         1.00
      2.8580         1.00
      2.8590         1.00
      2.8600         1.00
      2.8610         1.00
      2.8620         1.00
      2.8630         1.00
      2.8640         1.00
      2.8650         1.00
      2.8660         1.00
      2.8670         1.00
      2.8680         1.00
      2.8690         1.00
      2.8700         1.00
      2.8710         1.00
      2.8720         1.00
      2.8730         1.00
      2.8740         1.00
      2.8750         1.00
      2.8760         1.00
      2.8770         1.00
      2.8780         1.00
      2.8790         1.00
      2.8800         1.00
      2.8810         1.00
      2.8820         1.00
      2.8830         1.00
      2.8840         1.00
      2.8850         1.00
      2.8860         1.00
      2.8870         1.00
      2.8880         1.00
      2.8890         1.00
      2.8900         1.00
      2.8910         1.00
      2.8920         1.00
      2.8930         1.00
      2.8940         1.00
      2.8950         1.00
      2.8960         1.00
      2.8970         1.00
      2.8980         1.00
      2.8990         1.00
      2.9000         1.00
      2.9010         1.00
      2.9020         1.00
      2.9030         1.00
      2.9040         1.00
      2.9050         1.00
      2.9060         1.00
      2.9070         1.00
      2.9080         1.00
      2.9090         1.00
      2.9100         1.00
      2.9110         1.00
      2.9120         1.00
      2.9130         1.00
      2.9140         1.00
      2.9150         1.00
      2.9160         1.00
      2.9170         1.00
      2.9180         1.00
      2.9190         1.00
      2.9200         1.00
      2.9210         1.00
      2.9220         1.00
      2.9230         1.00
      2.9240         1.00
      2.9250         1.00
      2.9260         1.00
      2.9270         1.00
      2.9280         1.00
      2.9290         1.00
      2.9300         1.00
      2.9310         1.00
      2.9320         1.00
      2.9330         1.00
      2.9340         1.00
      2.9350         1.00
      2.9360         1.00
      2.9370         1.00
      2.9380         1.00
      2.9390         1.00
      2.9400         1.00
      2.9410         1.00
      2.9420         1.00
      2.9430         1.00
      2.9440         1.00
      2.9450         1.00
      2.9460         1.00
      2.9470         1.00
      2.9480         1.00
      2.9490         1.00
      2.9500         1.00
      2.9510         1.00
      2.9520         1.00
      2.9530         1.00
      2.9540         1.00
      2.9550         1.00
      2.9560         1.00
      2.9570         1.00
      2.9580         1.00
      2.9590         1.00
      2.9600         1.00
      2.9610         1.00
      2.9620         1.00
      2.9630         1.00
      2.9640         1.00
      2.9650         1.00
      2.9660         1.00
      2.9670         1.00
      2.9680         1.00
      2.9690         1.00
      2.9700         1.00
      2.9710         1.00
      2.9720         1.00
      2.9730         1.00
      2.9740         1.00
      2.9750         1.00
      2.9760         1.00
      2.9770         1.00
      2.9780         1.00
      2.9790         1.00
      2.9800         1.00
      2.9810         1.00
      2.9820         1.00
      2.9830         1.00
      2.9840         1.00
      2.9850         1.00
      2.9860         1.00
      2.9870         1.00
      2.9880         1.00
      2.9890         1.00
      2.9900         1.00
      2.9910         1.00
      2.9920         1.00
      2.9930         1.00
      2.9940         1.00
      2.9950         1.00
      2.9960         1.00
      2.9970         1.00
      2.9980         1.00
      2.9990         1.00
