        Time   Palpation Force
      0.0000         1.00
      0.0010         1.00
      0.0020         1.00
      0.0030         1.00
      0.0040         1.00
      0.0050         1.00
      0.0060         1.00
      0.0070         1.00
      0.0080         1.00
      0.0090         1.00
      0.0100         1.00
      0.0110         1.00
      0.0120         1.00
      0.0130         1.00
      0.0140         1.00
      0.0150         1.00
      0.0160         1.00
      0.0170         1.00
      0.0180         1.00
      0.0190         1.00
      0.0200         1.00
      0.0210         1.00
      0.0220         1.00
      0.0230         1.00
      0.0240         1.00
      0.0250         1.00
      0.0260         1.00
      0.0270         1.00
      0.0280         1.00
      0.0290         1.00
      0.0300         1.00
      0.0310         1.00
      0.0320         1.00
      0.0330         1.00
      0.0340         1.00
      0.0350         1.00
      0.0360         1.00
      0.0370         1.00
      0.0380         1.00
      0.0390         1.00
      0.0400         1.00
      0.0410         1.00
      0.0420         1.00
      0.0430         1.00
      0.0440         1.00
      0.0450         1.00
      0.0460         1.00
      0.0470         1.00
      0.0480         1.00
      0.0490         1.00
      0.0500         1.00
      0.0510         1.00
      0.0520         1.00
      0.0530         1.00
      0.0540         1.00
      0.0550         1.00
      0.0560         1.00
      0.0570         1.00
      0.0580         1.00
      0.0590         1.00
      0.0600         1.00
      0.0610         1.00
      0.0620         1.00
      0.0630         1.00
      0.0640         1.00
      0.0650         1.00
      0.0660         1.00
      0.0670         1.00
      0.0680         1.00
      0.0690         1.00
      0.0700         1.00
      0.0710         1.00
      0.0720         1.00
      0.0730         1.00
      0.0740         1.00
      0.0750         1.00
      0.0760         1.00
      0.0770         1.00
      0.0780         1.00
      0.0790         1.00
      0.0800         1.00
      0.0810         1.00
      0.0820         1.00
      0.0830         1.00
      0.0840         1.00
      0.0850         1.00
      0.0860         1.00
      0.0870         1.00
      0.0880         1.00
      0.0890         1.00
      0.0900         1.00
      0.0910         1.00
      0.0920         1.00
      0.0930         1.00
      0.0940         1.00
      0.0950         1.00
      0.0960         1.00
      0.0970         1.00
      0.0980         1.00
      0.0990         1.00
      0.1000         1.00
      0.1010         1.00
      0.1020         1.00
      0.1030         1.00
      0.1040         1.00
      0.1050         1.00
      0.1060         1.00
      0.1070         1.00
      0.1080         1.00
      0.1090         1.00
      0.1100         1.00
      0.1110         1.00
      0.1120         1.00
      0.1130         1.00
      0.1140         1.00
      0.1150         1.00
      0.1160         1.00
      0.1170         1.00
      0.1180         1.00
      0.1190         1.00
      0.1200         1.00
      0.1210         1.00
      0.1220         1.00
      0.1230         1.00
      0.1240         1.00
      0.1250         1.00
      0.1260         1.00
      0.1270         1.00
      0.1280         1.00
      0.1290         1.00
      0.1300         1.00
      0.1310         1.00
      0.1320         1.00
      0.1330         1.00
      0.1340         1.00
      0.1350         1.00
      0.1360         1.00
      0.1370         1.00
      0.1380         1.00
      0.1390         1.00
      0.1400         1.00
      0.1410         1.00
      0.1420         1.00
      0.1430         1.00
      0.1440         1.00
      0.1450         1.00
      0.1460         1.00
      0.1470         1.00
      0.1480         1.00
      0.1490         1.00
      0.1500         1.00
      0.1510         1.00
      0.1520         1.00
      0.1530         1.00
      0.1540         1.00
      0.1550         1.00
      0.1560         1.00
      0.1570         1.00
      0.1580         1.00
      0.1590         1.00
      0.1600         1.00
      0.1610         1.00
      0.1620         1.00
      0.1630         1.00
      0.1640         1.00
      0.1650         1.00
      0.1660         1.00
      0.1670         1.00
      0.1680         1.00
      0.1690         1.00
      0.1700         1.00
      0.1710         1.00
      0.1720         1.00
      0.1730         1.00
      0.1740         1.00
      0.1750         1.00
      0.1760         1.00
      0.1770         1.00
      0.1780         1.00
      0.1790         1.00
      0.1800         1.00
      0.1810         1.00
      0.1820         1.00
      0.1830         1.00
      0.1840         1.00
      0.1850         1.00
      0.1860         1.00
      0.1870         1.00
      0.1880         1.00
      0.1890         1.00
      0.1900         1.00
      0.1910         1.00
      0.1920         1.00
      0.1930         1.00
      0.1940         1.00
      0.1950         1.00
      0.1960         1.00
      0.1970         1.00
      0.1980         1.00
      0.1990         1.00
      0.2000         1.00
      0.2010         1.00
      0.2020         1.00
      0.2030         1.00
      0.2040         1.00
      0.2050         1.00
      0.2060         1.00
      0.2070         1.00
      0.2080         1.00
      0.2090         1.00
      0.2100         1.00
      0.2110         1.00
      0.2120         1.00
      0.2130         1.00
      0.2140         1.00
      0.2150         1.00
      0.2160         1.00
      0.2170         1.00
      0.2180         1.00
      0.2190         1.00
      0.2200         1.00
      0.2210         1.00
      0.2220         1.00
      0.2230         1.00
      0.2240         1.00
      0.2250         1.00
      0.2260         1.00
      0.2270         1.00
      0.2280         1.00
      0.2290         1.00
      0.2300         1.00
      0.2310         1.00
      0.2320         1.00
      0.2330         1.00
      0.2340         1.00
      0.2350         1.00
      0.2360         1.00
      0.2370         1.00
      0.2380         1.00
      0.2390         1.00
      0.2400         1.00
      0.2410         1.00
      0.2420         1.00
      0.2430         1.00
      0.2440         1.00
      0.2450         1.00
      0.2460         1.00
      0.2470         1.00
      0.2480         1.00
      0.2490         1.00
      0.2500         1.00
      0.2510         1.00
      0.2520         1.00
      0.2530         1.00
      0.2540         1.00
      0.2550         1.00
      0.2560         1.00
      0.2570         1.00
      0.2580         1.00
      0.2590         1.00
      0.2600         1.00
      0.2610         1.00
      0.2620         1.00
      0.2630         1.00
      0.2640         1.00
      0.2650         1.00
      0.2660         1.00
      0.2670         1.00
      0.2680         1.00
      0.2690         1.00
      0.2700         1.00
      0.2710         1.00
      0.2720         1.00
      0.2730         1.00
      0.2740         1.00
      0.2750         1.00
      0.2760         1.00
      0.2770         1.00
      0.2780         1.00
      0.2790         1.00
      0.2800         1.00
      0.2810         1.00
      0.2820         1.00
      0.2830         1.00
      0.2840         1.00
      0.2850         1.00
      0.2860         1.00
      0.2870         1.00
      0.2880         1.00
      0.2890         1.00
      0.2900         1.00
      0.2910         1.00
      0.2920         1.00
      0.2930         1.00
      0.2940         1.00
      0.2950         1.00
      0.2960         1.00
      0.2970         1.00
      0.2980         1.00
      0.2990         1.00
      0.3000         1.00
      0.3010         1.00
      0.3020         1.00
      0.3030         1.00
      0.3040         1.00
      0.3050         1.00
      0.3060         1.00
      0.3070         1.00
      0.3080         1.00
      0.3090         1.00
      0.3100         1.00
      0.3110         1.00
      0.3120         1.00
      0.3130         1.00
      0.3140         1.00
      0.3150         1.00
      0.3160         1.00
      0.3170         1.00
      0.3180         1.00
      0.3190         1.00
      0.3200         1.00
      0.3210         1.00
      0.3220         1.00
      0.3230         1.00
      0.3240         1.00
      0.3250         1.00
      0.3260         1.00
      0.3270         1.00
      0.3280         1.00
      0.3290         1.00
      0.3300         1.00
      0.3310         1.00
      0.3320         1.00
      0.3330         1.00
      0.3340         1.00
      0.3350         1.00
      0.3360         1.00
      0.3370         1.00
      0.3380         1.00
      0.3390         1.00
      0.3400         1.00
      0.3410         1.00
      0.3420         1.00
      0.3430         1.00
      0.3440         1.00
      0.3450         1.00
      0.3460         1.00
      0.3470         1.00
      0.3480         1.00
      0.3490         1.00
      0.3500         1.00
      0.3510         1.00
      0.3520         1.00
      0.3530         1.00
      0.3540         1.00
      0.3550         1.00
      0.3560         1.00
      0.3570         1.00
      0.3580         1.00
      0.3590         1.00
      0.3600         1.00
      0.3610         1.00
      0.3620         1.00
      0.3630         1.00
      0.3640         1.00
      0.3650         1.00
      0.3660         1.00
      0.3670         1.00
      0.3680         1.00
      0.3690         1.00
      0.3700         1.00
      0.3710         1.00
      0.3720         1.00
      0.3730         1.00
      0.3740         1.00
      0.3750         1.00
      0.3760         1.00
      0.3770         1.00
      0.3780         1.00
      0.3790         1.00
      0.3800         1.00
      0.3810         1.00
      0.3820         1.00
      0.3830         1.00
      0.3840         1.00
      0.3850         1.00
      0.3860         1.00
      0.3870         1.00
      0.3880         1.00
      0.3890         1.00
      0.3900         1.00
      0.3910         1.00
      0.3920         1.00
      0.3930         1.00
      0.3940         1.00
      0.3950         1.00
      0.3960         1.00
      0.3970         1.00
      0.3980         1.00
      0.3990         1.00
      0.4000         1.00
      0.4010         1.00
      0.4020         1.00
      0.4030         1.00
      0.4040         1.00
      0.4050         1.00
      0.4060         1.00
      0.4070         1.00
      0.4080         1.00
      0.4090         1.00
      0.4100         1.00
      0.4110         1.00
      0.4120         1.00
      0.4130         1.00
      0.4140         1.00
      0.4150         1.00
      0.4160         1.00
      0.4170         1.00
      0.4180         1.00
      0.4190         1.00
      0.4200         1.00
      0.4210         1.00
      0.4220         1.00
      0.4230         1.00
      0.4240         1.00
      0.4250         1.00
      0.4260         1.00
      0.4270         1.00
      0.4280         1.00
      0.4290         1.00
      0.4300         1.00
      0.4310         1.00
      0.4320         1.00
      0.4330         1.00
      0.4340         1.00
      0.4350         1.00
      0.4360         1.00
      0.4370         1.00
      0.4380         1.00
      0.4390         1.00
      0.4400         1.00
      0.4410         1.00
      0.4420         1.00
      0.4430         1.00
      0.4440         1.00
      0.4450         1.00
      0.4460         1.00
      0.4470         1.00
      0.4480         1.00
      0.4490         1.00
      0.4500         1.00
      0.4510         1.00
      0.4520         1.00
      0.4530         1.00
      0.4540         1.00
      0.4550         1.00
      0.4560         1.00
      0.4570         1.00
      0.4580         1.00
      0.4590         1.00
      0.4600         1.00
      0.4610         1.00
      0.4620         1.00
      0.4630         1.00
      0.4640         1.00
      0.4650         1.00
      0.4660         1.00
      0.4670         1.00
      0.4680         1.00
      0.4690         1.00
      0.4700         1.00
      0.4710         1.00
      0.4720         1.00
      0.4730         1.00
      0.4740         1.00
      0.4750         1.00
      0.4760         1.00
      0.4770         1.00
      0.4780         1.00
      0.4790         1.00
      0.4800         1.00
      0.4810         1.00
      0.4820         1.00
      0.4830         1.00
      0.4840         1.00
      0.4850         1.00
      0.4860         1.00
      0.4870         1.00
      0.4880         1.00
      0.4890         1.00
      0.4900         1.00
      0.4910         1.00
      0.4920         1.00
      0.4930         1.00
      0.4940         1.00
      0.4950         1.00
      0.4960         1.00
      0.4970         1.00
      0.4980         1.00
      0.4990         1.00
      0.5000         1.00
      0.5010         1.00
      0.5020         1.00
      0.5030         1.00
      0.5040         1.00
      0.5050         1.00
      0.5060         1.00
      0.5070         1.00
      0.5080         1.00
      0.5090         1.00
      0.5100         1.00
      0.5110         1.00
      0.5120         1.00
      0.5130         1.00
      0.5140         1.00
      0.5150         1.00
      0.5160         1.00
      0.5170         1.00
      0.5180         1.00
      0.5190         1.00
      0.5200         1.00
      0.5210         1.00
      0.5220         1.00
      0.5230         1.00
      0.5240         1.00
      0.5250         1.00
      0.5260         1.00
      0.5270         1.00
      0.5280         1.00
      0.5290         1.00
      0.5300         1.00
      0.5310         1.00
      0.5320         1.00
      0.5330         1.00
      0.5340         1.00
      0.5350         1.00
      0.5360         1.00
      0.5370         1.00
      0.5380         1.00
      0.5390         1.00
      0.5400         1.00
      0.5410         1.00
      0.5420         1.00
      0.5430         1.00
      0.5440         1.00
      0.5450         1.00
      0.5460         1.00
      0.5470         1.00
      0.5480         1.00
      0.5490         1.00
      0.5500         1.00
      0.5510         1.00
      0.5520         1.00
      0.5530         1.00
      0.5540         1.00
      0.5550         1.00
      0.5560         1.00
      0.5570         1.00
      0.5580         1.00
      0.5590         1.00
      0.5600         1.00
      0.5610         1.00
      0.5620         1.00
      0.5630         1.00
      0.5640         1.00
      0.5650         1.00
      0.5660         1.00
      0.5670         1.00
      0.5680         1.00
      0.5690         1.00
      0.5700         1.00
      0.5710         1.00
      0.5720         1.00
      0.5730         1.00
      0.5740         1.00
      0.5750         1.00
      0.5760         1.00
      0.5770         1.00
      0.5780         1.00
      0.5790         1.00
      0.5800         1.00
      0.5810         1.00
      0.5820         1.00
      0.5830         1.00
      0.5840         1.00
      0.5850         1.00
      0.5860         1.00
      0.5870         1.00
      0.5880         1.00
      0.5890         1.00
      0.5900         1.00
      0.5910         1.00
      0.5920         1.00
      0.5930         1.00
      0.5940         1.00
      0.5950         1.00
      0.5960         1.00
      0.5970         1.00
      0.5980         1.00
      0.5990         1.00
      0.6000         1.00
      0.6010         1.00
      0.6020         1.00
      0.6030         1.00
      0.6040         1.00
      0.6050         1.00
      0.6060         1.00
      0.6070         1.00
      0.6080         1.00
      0.6090         1.00
      0.6100         1.00
      0.6110         1.00
      0.6120         1.00
      0.6130         1.00
      0.6140         1.00
      0.6150         1.00
      0.6160         1.00
      0.6170         1.00
      0.6180         1.00
      0.6190         1.00
      0.6200         1.00
      0.6210         1.00
      0.6220         1.00
      0.6230         1.00
      0.6240         1.00
      0.6250         1.00
      0.6260         1.00
      0.6270         1.00
      0.6280         1.00
      0.6290         1.00
      0.6300         1.00
      0.6310         1.00
      0.6320         1.00
      0.6330         1.00
      0.6340         1.00
      0.6350         1.00
      0.6360         1.00
      0.6370         1.00
      0.6380         1.00
      0.6390         1.00
      0.6400         1.00
      0.6410         1.00
      0.6420         1.00
      0.6430         1.00
      0.6440         1.00
      0.6450         1.00
      0.6460         1.00
      0.6470         1.00
      0.6480         1.00
      0.6490         1.00
      0.6500         1.00
      0.6510         1.00
      0.6520         1.00
      0.6530         1.00
      0.6540         1.00
      0.6550         1.00
      0.6560         1.00
      0.6570         1.00
      0.6580         1.00
      0.6590         1.00
      0.6600         1.00
      0.6610         1.00
      0.6620         1.00
      0.6630         1.00
      0.6640         1.00
      0.6650         1.00
      0.6660         1.00
      0.6670         1.00
      0.6680         1.00
      0.6690         1.00
      0.6700         1.00
      0.6710         1.00
      0.6720         1.00
      0.6730         1.00
      0.6740         1.00
      0.6750         1.00
      0.6760         1.00
      0.6770         1.00
      0.6780         1.00
      0.6790         1.00
      0.6800         1.00
      0.6810         1.00
      0.6820         1.00
      0.6830         1.00
      0.6840         1.00
      0.6850         1.00
      0.6860         1.00
      0.6870         1.00
      0.6880         1.00
      0.6890         1.00
      0.6900         1.00
      0.6910         1.00
      0.6920         1.00
      0.6930         1.00
      0.6940         1.00
      0.6950         1.00
      0.6960         1.00
      0.6970         1.00
      0.6980         1.00
      0.6990         1.00
      0.7000         1.00
      0.7010         1.00
      0.7020         1.00
      0.7030         1.00
      0.7040         1.00
      0.7050         1.00
      0.7060         1.00
      0.7070         1.00
      0.7080         1.00
      0.7090         1.00
      0.7100         1.00
      0.7110         1.00
      0.7120         1.00
      0.7130         1.00
      0.7140         1.00
      0.7150         1.00
      0.7160         1.00
      0.7170         1.00
      0.7180         1.00
      0.7190         1.00
      0.7200         1.00
      0.7210         1.00
      0.7220         1.00
      0.7230         1.00
      0.7240         1.00
      0.7250         1.00
      0.7260         1.00
      0.7270         1.00
      0.7280         1.00
      0.7290         1.00
      0.7300         1.00
      0.7310         1.00
      0.7320         1.00
      0.7330         1.00
      0.7340         1.00
      0.7350         1.00
      0.7360         1.00
      0.7370         1.00
      0.7380         1.00
      0.7390         1.00
      0.7400         1.00
      0.7410         1.00
      0.7420         1.00
      0.7430         1.00
      0.7440         1.00
      0.7450         1.00
      0.7460         1.00
      0.7470         1.00
      0.7480         1.00
      0.7490         1.00
      0.7500         1.00
      0.7510         1.00
      0.7520         1.00
      0.7530         1.00
      0.7540         1.00
      0.7550         1.00
      0.7560         1.00
      0.7570         1.00
      0.7580         1.00
      0.7590         1.00
      0.7600         1.00
      0.7610         1.00
      0.7620         1.00
      0.7630         1.00
      0.7640         1.00
      0.7650         1.00
      0.7660         1.00
      0.7670         1.00
      0.7680         1.00
      0.7690         1.00
      0.7700         1.00
      0.7710         1.00
      0.7720         1.00
      0.7730         1.00
      0.7740         1.00
      0.7750         1.00
      0.7760         1.00
      0.7770         1.00
      0.7780         1.00
      0.7790         1.00
      0.7800         1.00
      0.7810         1.00
      0.7820         1.00
      0.7830         1.00
      0.7840         1.00
      0.7850         1.00
      0.7860         1.00
      0.7870         1.00
      0.7880         1.00
      0.7890         1.00
      0.7900         1.00
      0.7910         1.00
      0.7920         1.00
      0.7930         1.00
      0.7940         1.00
      0.7950         1.00
      0.7960         1.00
      0.7970         1.00
      0.7980         1.00
      0.7990         1.00
      0.8000         1.00
      0.8010         1.00
      0.8020         1.00
      0.8030         1.00
      0.8040         1.00
      0.8050         1.00
      0.8060         1.00
      0.8070         1.00
      0.8080         1.00
      0.8090         1.00
      0.8100         1.00
      0.8110         1.00
      0.8120         1.00
      0.8130         1.00
      0.8140         1.00
      0.8150         1.00
      0.8160         1.00
      0.8170         1.00
      0.8180         1.00
      0.8190         1.00
      0.8200         1.00
      0.8210         1.00
      0.8220         1.00
      0.8230         1.00
      0.8240         1.00
      0.8250         1.00
      0.8260         1.00
      0.8270         1.00
      0.8280         1.00
      0.8290         1.00
      0.8300         1.00
      0.8310         1.00
      0.8320         1.00
      0.8330         1.00
      0.8340         1.00
      0.8350         1.00
      0.8360         1.00
      0.8370         1.00
      0.8380         1.00
      0.8390         1.00
      0.8400         1.00
      0.8410         1.00
      0.8420         1.00
      0.8430         1.00
      0.8440         1.00
      0.8450         1.00
      0.8460         1.00
      0.8470         1.00
      0.8480         1.00
      0.8490         1.00
      0.8500         1.00
      0.8510         1.00
      0.8520         1.00
      0.8530         1.00
      0.8540         1.00
      0.8550         1.00
      0.8560         1.00
      0.8570         1.00
      0.8580         1.00
      0.8590         1.00
      0.8600         1.00
      0.8610         1.00
      0.8620         1.00
      0.8630         1.00
      0.8640         1.00
      0.8650         1.00
      0.8660         1.00
      0.8670         1.00
      0.8680         1.00
      0.8690         1.00
      0.8700         1.00
      0.8710         1.00
      0.8720         1.00
      0.8730         1.00
      0.8740         1.00
      0.8750         1.00
      0.8760         1.00
      0.8770         1.00
      0.8780         1.00
      0.8790         1.00
      0.8800         1.00
      0.8810         1.00
      0.8820         1.00
      0.8830         1.00
      0.8840         1.00
      0.8850         1.00
      0.8860         1.00
      0.8870         1.00
      0.8880         1.00
      0.8890         1.00
      0.8900         1.00
      0.8910         1.00
      0.8920         1.00
      0.8930         1.00
      0.8940         1.00
      0.8950         1.00
      0.8960         1.00
      0.8970         1.00
      0.8980         1.00
      0.8990         1.00
      0.9000         1.00
      0.9010         1.00
      0.9020         1.00
      0.9030         1.00
      0.9040         1.00
      0.9050         1.00
      0.9060         1.00
      0.9070         1.00
      0.9080         1.00
      0.9090         1.00
      0.9100         1.00
      0.9110         1.00
      0.9120         1.00
      0.9130         1.00
      0.9140         1.00
      0.9150         1.00
      0.9160         1.00
      0.9170         1.00
      0.9180         1.00
      0.9190         1.00
      0.9200         1.00
      0.9210         1.00
      0.9220         1.00
      0.9230         1.00
      0.9240         1.00
      0.9250         1.00
      0.9260         1.00
      0.9270         1.00
      0.9280         1.00
      0.9290         1.00
      0.9300         1.00
      0.9310         1.00
      0.9320         1.00
      0.9330         1.00
      0.9340         1.00
      0.9350         1.00
      0.9360         1.00
      0.9370         1.00
      0.9380         1.00
      0.9390         1.00
      0.9400         1.00
      0.9410         1.00
      0.9420         1.00
      0.9430         1.00
      0.9440         1.00
      0.9450         1.00
      0.9460         1.00
      0.9470         1.00
      0.9480         1.00
      0.9490         1.00
      0.9500         1.00
      0.9510         1.00
      0.9520         1.00
      0.9530         1.00
      0.9540         1.00
      0.9550         1.00
      0.9560         1.00
      0.9570         1.00
      0.9580         1.00
      0.9590         1.00
      0.9600         1.00
      0.9610         1.00
      0.9620         1.00
      0.9630         1.00
      0.9640         1.00
      0.9650         1.00
      0.9660         1.00
      0.9670         1.00
      0.9680         1.00
      0.9690         1.00
      0.9700         1.00
      0.9710         1.00
      0.9720         1.00
      0.9730         1.00
      0.9740         1.00
      0.9750         1.00
      0.9760         1.00
      0.9770         1.00
      0.9780         1.00
      0.9790         1.00
      0.9800         1.00
      0.9810         1.00
      0.9820         1.00
      0.9830         1.00
      0.9840         1.00
      0.9850         1.00
      0.9860         1.00
      0.9870         1.00
      0.9880         1.00
      0.9890         1.00
      0.9900         1.00
      0.9910         1.00
      0.9920         1.00
      0.9930         1.00
      0.9940         1.00
      0.9950         1.00
      0.9960         1.00
      0.9970         1.00
      0.9980         1.00
      0.9990         1.00
      1.0000         1.00
      1.0010         1.00
      1.0020         1.00
      1.0030         1.00
      1.0040         1.00
      1.0050         1.00
      1.0060         1.00
      1.0070         1.00
      1.0080         1.00
      1.0090         1.00
      1.0100         1.00
      1.0110         1.00
      1.0120         1.00
      1.0130         1.00
      1.0140         1.00
      1.0150         1.00
      1.0160         1.00
      1.0170         1.00
      1.0180         1.00
      1.0190         1.00
      1.0200         1.00
      1.0210         1.00
      1.0220         1.00
      1.0230         1.00
      1.0240         1.00
      1.0250         1.00
      1.0260         1.00
      1.0270         1.00
      1.0280         1.00
      1.0290         1.00
      1.0300         1.00
      1.0310         1.00
      1.0320         1.00
      1.0330         1.00
      1.0340         1.00
      1.0350         1.00
      1.0360         1.00
      1.0370         1.00
      1.0380         1.00
      1.0390         1.00
      1.0400         1.00
      1.0410         1.00
      1.0420         1.00
      1.0430         1.00
      1.0440         1.00
      1.0450         1.00
      1.0460         1.00
      1.0470         1.00
      1.0480         1.00
      1.0490         1.00
      1.0500         1.00
      1.0510         1.00
      1.0520         1.00
      1.0530         1.00
      1.0540         1.00
      1.0550         1.00
      1.0560         1.00
      1.0570         1.00
      1.0580         1.00
      1.0590         1.00
      1.0600         1.00
      1.0610         1.00
      1.0620         1.00
      1.0630         1.00
      1.0640         1.00
      1.0650         1.00
      1.0660         1.00
      1.0670         1.00
      1.0680         1.00
      1.0690         1.00
      1.0700         1.00
      1.0710         1.00
      1.0720         1.00
      1.0730         1.00
      1.0740         1.00
      1.0750         1.00
      1.0760         1.00
      1.0770         1.00
      1.0780         1.00
      1.0790         1.00
      1.0800         1.00
      1.0810         1.00
      1.0820         1.00
      1.0830         1.00
      1.0840         1.00
      1.0850         1.00
      1.0860         1.00
      1.0870         1.00
      1.0880         1.00
      1.0890         1.00
      1.0900         1.00
      1.0910         1.00
      1.0920         1.00
      1.0930         1.00
      1.0940         1.00
      1.0950         1.00
      1.0960         1.00
      1.0970         1.00
      1.0980         1.00
      1.0990         1.00
      1.1000         1.00
      1.1010         1.00
      1.1020         1.00
      1.1030         1.00
      1.1040         1.00
      1.1050         1.00
      1.1060         1.00
      1.1070         1.00
      1.1080         1.00
      1.1090         1.00
      1.1100         1.00
      1.1110         1.00
      1.1120         1.00
      1.1130         1.00
      1.1140         1.00
      1.1150         1.00
      1.1160         1.00
      1.1170         1.00
      1.1180         1.00
      1.1190         1.00
      1.1200         1.00
      1.1210         1.00
      1.1220         1.00
      1.1230         1.00
      1.1240         1.00
      1.1250         1.00
      1.1260         1.00
      1.1270         1.00
      1.1280         1.00
      1.1290         1.00
      1.1300         1.00
      1.1310         1.00
      1.1320         1.00
      1.1330         1.00
      1.1340         1.00
      1.1350         1.00
      1.1360         1.00
      1.1370         1.00
      1.1380         1.00
      1.1390         1.00
      1.1400         1.00
      1.1410         1.00
      1.1420         1.00
      1.1430         1.00
      1.1440         1.00
      1.1450         1.00
      1.1460         1.00
      1.1470         1.00
      1.1480         1.00
      1.1490         1.00
      1.1500         1.00
      1.1510         1.00
      1.1520         1.00
      1.1530         1.00
      1.1540         1.00
      1.1550         1.00
      1.1560         1.00
      1.1570         1.00
      1.1580         1.00
      1.1590         1.00
      1.1600         1.00
      1.1610         1.00
      1.1620         1.00
      1.1630         1.00
      1.1640         1.00
      1.1650         1.00
      1.1660         1.00
      1.1670         1.00
      1.1680         1.00
      1.1690         1.00
      1.1700         1.00
      1.1710         1.00
      1.1720         1.00
      1.1730         1.00
      1.1740         1.00
      1.1750         1.00
      1.1760         1.00
      1.1770         1.00
      1.1780         1.00
      1.1790         1.00
      1.1800         1.00
      1.1810         1.00
      1.1820         1.00
      1.1830         1.00
      1.1840         1.00
      1.1850         1.00
      1.1860         1.00
      1.1870         1.00
      1.1880         1.00
      1.1890         1.00
      1.1900         1.00
      1.1910         1.00
      1.1920         1.00
      1.1930         1.00
      1.1940         1.00
      1.1950         1.00
      1.1960         1.00
      1.1970         1.00
      1.1980         1.00
      1.1990         1.00
      1.2000         1.00
      1.2010         1.00
      1.2020         1.00
      1.2030         1.00
      1.2040         1.00
      1.2050         1.00
      1.2060         1.00
      1.2070         1.00
      1.2080         1.00
      1.2090         1.00
      1.2100         1.00
      1.2110         1.00
      1.2120         1.00
      1.2130         1.00
      1.2140         1.00
      1.2150         1.00
      1.2160         1.00
      1.2170         1.00
      1.2180         1.00
      1.2190         1.00
      1.2200         1.00
      1.2210         1.00
      1.2220         1.00
      1.2230         1.00
      1.2240         1.00
      1.2250         1.00
      1.2260         1.00
      1.2270         1.00
      1.2280         1.00
      1.2290         1.00
      1.2300         1.00
      1.2310         1.00
      1.2320         1.00
      1.2330         1.00
      1.2340         1.00
      1.2350         1.00
      1.2360         1.00
      1.2370         1.00
      1.2380         1.00
      1.2390         1.00
      1.2400         1.00
      1.2410         1.00
      1.2420         1.00
      1.2430         1.00
      1.2440         1.00
      1.2450         1.00
      1.2460         1.00
      1.2470         1.00
      1.2480         1.00
      1.2490         1.00
      1.2500         1.00
      1.2510         1.00
      1.2520         1.00
      1.2530         1.00
      1.2540         1.00
      1.2550         1.00
      1.2560         1.00
      1.2570         1.00
      1.2580         1.00
      1.2590         1.00
      1.2600         1.00
      1.2610         1.00
      1.2620         1.00
      1.2630         1.00
      1.2640         1.00
      1.2650         1.00
      1.2660         1.00
      1.2670         1.00
      1.2680         1.00
      1.2690         1.00
      1.2700         1.00
      1.2710         1.00
      1.2720         1.00
      1.2730         1.00
      1.2740         1.00
      1.2750         1.00
      1.2760         1.00
      1.2770         1.00
      1.2780         1.00
      1.2790         1.00
      1.2800         1.00
      1.2810         1.00
      1.2820         1.05
      1.2830         1.00
      1.2840         1.10
      1.2850         1.19
      1.2860         1.24
      1.2870         1.26
      1.2880         1.36
      1.2890         1.37
      1.2900         1.38
      1.2910         1.41
      1.2920         1.48
      1.2930         1.61
      1.2940         2.07
      1.2950         1.64
      1.2960         1.73
      1.2970         1.77
      1.2980         1.73
      1.2990         1.67
      1.3000         1.63
      1.3010         1.61
      1.3020         1.60
      1.3030         1.63
      1.3040         1.56
      1.3050         1.56
      1.3060         1.57
      1.3070         1.61
      1.3080         1.60
      1.3090         1.64
      1.3100         1.72
      1.3110         1.69
      1.3120         1.69
      1.3130         1.63
      1.3140         1.71
      1.3150         1.72
      1.3160         1.73
      1.3170         1.79
      1.3180         1.79
      1.3190         1.80
      1.3200         1.91
      1.3210         1.95
      1.3220         1.99
      1.3230         2.08
      1.3240         2.27
      1.3250         2.37
      1.3260         2.37
      1.3270         2.41
      1.3280         2.47
      1.3290         2.51
      1.3300         2.50
      1.3310         2.58
      1.3320         2.62
      1.3330         2.69
      1.3340         2.80
      1.3350         2.91
      1.3360         2.89
      1.3370         2.89
      1.3380         2.96
      1.3390         3.09
      1.3400         3.64
      1.3410         3.21
      1.3420         3.30
      1.3430         3.23
      1.3440         3.21
      1.3450         3.18
      1.3460         3.22
      1.3470         3.26
      1.3480         3.29
      1.3490         3.34
      1.3500         3.38
      1.3510         3.46
      1.3520         3.49
      1.3530         3.52
      1.3540         3.52
      1.3550         3.49
      1.3560         3.61
      1.3570         3.60
      1.3580         4.12
      1.3590         4.11
      1.3600         4.15
      1.3610         4.26
      1.3620         4.27
      1.3630         4.43
      1.3640         4.46
      1.3650         4.54
      1.3660         4.67
      1.3670         5.17
      1.3680         5.21
      1.3690         5.24
      1.3700         5.29
      1.3710         5.33
      1.3720         5.48
      1.3730         5.00
      1.3740         5.58
      1.3750         5.68
      1.3760         5.72
      1.3770         5.87
      1.3780         5.98
      1.3790         6.01
      1.3800         6.01
      1.3810         5.47
      1.3820         5.48
      1.3830         6.02
      1.3840         6.05
      1.3850         6.09
      1.3860         5.58
      1.3870         5.74
      1.3880         6.37
      1.3890         6.42
      1.3900         6.54
      1.3910         6.60
      1.3920         6.62
      1.3930         6.70
      1.3940         6.75
      1.3950         6.83
      1.3960         6.82
      1.3970         6.86
      1.3980         6.86
      1.3990         6.91
      1.4000         7.03
      1.4010         7.11
      1.4020         7.25
      1.4030         7.34
      1.4040         7.38
      1.4050         7.54
      1.4060         7.64
      1.4070         7.69
      1.4080         7.73
      1.4090         7.72
      1.4100         7.77
      1.4110         7.71
      1.4120         7.69
      1.4130         7.65
      1.4140         7.80
      1.4150         7.76
      1.4160         7.85
      1.4170         7.97
      1.4180         8.09
      1.4190         8.25
      1.4200         8.25
      1.4210         8.38
      1.4220         8.43
      1.4230         8.30
      1.4240         8.38
      1.4250         8.35
      1.4260         8.40
      1.4270         8.31
      1.4280         8.20
      1.4290         8.31
      1.4300         8.27
      1.4310         8.42
      1.4320         8.37
      1.4330         8.56
      1.4340         8.60
      1.4350         8.71
      1.4360         8.79
      1.4370         8.75
      1.4380         8.73
      1.4390         8.67
      1.4400         8.68
      1.4410         8.71
      1.4420         8.67
      1.4430         8.81
      1.4440         8.81
      1.4450         8.89
      1.4460         8.87
      1.4470         8.95
      1.4480         9.00
      1.4490         9.10
      1.4500         9.22
      1.4510         9.13
      1.4520         9.26
      1.4530         9.09
      1.4540         9.07
      1.4550         9.02
      1.4560         9.02
      1.4570         9.03
      1.4580         8.60
      1.4590         8.61
      1.4600         8.65
      1.4610         9.19
      1.4620         8.76
      1.4630         8.80
      1.4640         9.35
      1.4650         9.30
      1.4660         9.37
      1.4670         9.39
      1.4680         9.50
      1.4690         9.55
      1.4700         9.73
      1.4710         9.93
      1.4720        10.05
      1.4730        10.25
      1.4740        10.32
      1.4750        10.41
      1.4760        10.42
      1.4770        10.59
      1.4780        10.55
      1.4790        10.63
      1.4800        10.67
      1.4810        10.70
      1.4820        10.72
      1.4830        10.82
      1.4840        10.87
      1.4850        10.86
      1.4860        10.92
      1.4870        10.97
      1.4880        11.00
      1.4890        10.97
      1.4900        10.82
      1.4910        10.81
      1.4920        10.73
      1.4930        10.76
      1.4940        10.73
      1.4950        10.79
      1.4960        10.95
      1.4970        10.89
      1.4980        10.96
      1.4990        11.05
      1.5000        11.10
      1.5010        11.16
      1.5020        11.21
      1.5030        11.23
      1.5040        11.22
      1.5050        11.33
      1.5060        11.39
      1.5070        11.49
      1.5080        11.49
      1.5090        11.45
      1.5100        11.46
      1.5110        11.53
      1.5120        11.64
      1.5130        11.72
      1.5140        11.75
      1.5150        11.84
      1.5160        11.88
      1.5170        11.99
      1.5180        12.03
      1.5190        11.92
      1.5200        12.01
      1.5210        11.98
      1.5220        12.05
      1.5230        12.01
      1.5240        12.07
      1.5250        12.17
      1.5260        12.21
      1.5270        12.19
      1.5280        12.25
      1.5290        12.34
      1.5300        12.47
      1.5310        12.48
      1.5320        12.51
      1.5330        12.47
      1.5340        12.62
      1.5350        12.59
      1.5360        12.56
      1.5370        12.52
      1.5380        12.67
      1.5390        12.87
      1.5400        12.91
      1.5410        12.96
      1.5420        12.97
      1.5430        13.09
      1.5440        13.04
      1.5450        12.96
      1.5460        12.89
      1.5470        12.95
      1.5480        13.00
      1.5490        13.00
      1.5500        12.99
      1.5510        12.99
      1.5520        12.99
      1.5530        13.10
      1.5540        13.03
      1.5550        13.03
      1.5560        13.11
      1.5570        13.08
      1.5580        13.04
      1.5590        12.96
      1.5600        12.89
      1.5610        12.93
      1.5620        12.92
      1.5630        12.93
      1.5640        12.96
      1.5650        13.09
      1.5660        13.24
      1.5670        13.31
      1.5680        13.36
      1.5690        13.45
      1.5700        13.54
      1.5710        13.64
      1.5720        13.60
      1.5730        13.48
      1.5740        13.46
      1.5750        13.59
      1.5760        13.46
      1.5770        13.58
      1.5780        13.55
      1.5790        13.53
      1.5800        13.58
      1.5810        13.58
      1.5820        13.62
      1.5830        13.65
      1.5840        13.77
      1.5850        13.75
      1.5860        13.73
      1.5870        13.75
      1.5880        13.86
      1.5890        13.86
      1.5900        13.91
      1.5910        13.83
      1.5920        13.99
      1.5930        14.17
      1.5940        14.29
      1.5950        14.23
      1.5960        14.36
      1.5970        14.38
      1.5980        14.40
      1.5990        14.42
      1.6000        14.40
      1.6010        14.47
      1.6020        14.47
      1.6030        14.54
      1.6040        14.56
      1.6050        14.58
      1.6060        14.59
      1.6070        14.52
      1.6080        14.39
      1.6090        14.48
      1.6100        14.40
      1.6110        14.40
      1.6120        14.39
      1.6130        14.40
      1.6140        14.40
      1.6150        14.49
      1.6160        14.48
      1.6170        14.60
      1.6180        14.63
      1.6190        14.63
      1.6200        14.68
      1.6210        14.72
      1.6220        14.83
      1.6230        14.65
      1.6240        14.68
      1.6250        14.80
      1.6260        14.95
      1.6270        15.08
      1.6280        15.18
      1.6290        15.13
      1.6300        15.12
      1.6310        15.16
      1.6320        15.29
      1.6330        15.24
      1.6340        15.24
      1.6350        15.25
      1.6360        15.33
      1.6370        15.14
      1.6380        15.22
      1.6390        15.32
      1.6400        15.32
      1.6410        15.34
      1.6420        15.40
      1.6430        15.69
      1.6440        15.75
      1.6450        15.69
      1.6460        15.65
      1.6470        15.65
      1.6480        15.65
      1.6490        15.61
      1.6500        15.73
      1.6510        15.86
      1.6520        15.71
      1.6530        15.77
      1.6540        15.88
      1.6550        15.90
      1.6560        15.98
      1.6570        16.07
      1.6580        16.01
      1.6590        15.99
      1.6600        16.09
      1.6610        16.11
      1.6620        16.04
      1.6630        15.92
      1.6640        15.89
      1.6650        15.93
      1.6660        15.92
      1.6670        15.89
      1.6680        15.99
      1.6690        16.08
      1.6700        16.00
      1.6710        15.89
      1.6720        15.99
      1.6730        16.15
      1.6740        16.20
      1.6750        16.20
      1.6760        16.13
      1.6770        16.21
      1.6780        16.39
      1.6790        16.50
      1.6800        16.47
      1.6810        16.41
      1.6820        16.37
      1.6830        16.33
      1.6840        16.32
      1.6850        16.40
      1.6860        16.43
      1.6870        16.47
      1.6880        16.50
      1.6890        16.55
      1.6900        16.55
      1.6910        16.67
      1.6920        16.70
      1.6930        16.59
      1.6940        16.49
      1.6950        16.43
      1.6960        16.57
      1.6970        16.57
      1.6980        16.55
      1.6990        16.60
      1.7000        16.63
      1.7010        16.75
      1.7020        16.80
      1.7030        16.91
      1.7040        17.04
      1.7050        17.10
      1.7060        17.15
      1.7070        17.12
      1.7080        17.07
      1.7090        17.16
      1.7100        17.34
      1.7110        17.38
      1.7120        17.31
      1.7130        17.37
      1.7140        17.46
      1.7150        17.56
      1.7160        17.49
      1.7170        17.52
      1.7180        17.53
      1.7190        17.49
      1.7200        17.52
      1.7210        17.47
      1.7220        17.63
      1.7230        17.60
      1.7240        17.59
      1.7250        17.58
      1.7260        17.55
      1.7270        17.64
      1.7280        17.67
      1.7290        17.60
      1.7300        17.54
      1.7310        17.57
      1.7320        17.69
      1.7330        17.69
      1.7340        17.74
      1.7350        17.83
      1.7360        17.84
      1.7370        17.92
      1.7380        17.82
      1.7390        17.88
      1.7400        17.86
      1.7410        17.92
      1.7420        17.76
      1.7430        17.91
      1.7440        17.88
      1.7450        17.77
      1.7460        17.79
      1.7470        17.86
      1.7480        17.95
      1.7490        17.94
      1.7500        17.93
      1.7510        17.85
      1.7520        17.82
      1.7530        17.75
      1.7540        17.70
      1.7550        17.61
      1.7560        17.67
      1.7570        17.77
      1.7580        17.89
      1.7590        17.97
      1.7600        18.06
      1.7610        18.05
      1.7620        18.22
      1.7630        18.17
      1.7640        18.15
      1.7650        18.25
      1.7660        18.29
      1.7670        18.19
      1.7680        18.24
      1.7690        18.20
      1.7700        18.34
      1.7710        18.41
      1.7720        18.39
      1.7730        18.47
      1.7740        18.49
      1.7750        18.53
      1.7760        18.48
      1.7770        18.28
      1.7780        18.16
      1.7790        18.12
      1.7800        18.13
      1.7810        18.22
      1.7820        18.20
      1.7830        18.20
      1.7840        18.30
      1.7850        18.28
      1.7860        18.29
      1.7870        18.35
      1.7880        18.23
      1.7890        18.41
      1.7900        18.33
      1.7910        18.30
      1.7920        18.29
      1.7930        18.42
      1.7940        18.42
      1.7950        18.45
      1.7960        18.56
      1.7970        18.65
      1.7980        18.77
      1.7990        18.76
      1.8000        18.72
      1.8010        18.72
      1.8020        18.77
      1.8030        18.73
      1.8040        18.73
      1.8050        18.80
      1.8060        18.81
      1.8070        18.85
      1.8080        18.95
      1.8090        18.89
      1.8100        18.83
      1.8110        18.83
      1.8120        18.81
      1.8130        18.80
      1.8140        18.90
      1.8150        18.85
      1.8160        18.83
      1.8170        18.84
      1.8180        18.88
      1.8190        18.93
      1.8200        19.00
      1.8210        19.00
      1.8220        19.04
      1.8230        19.15
      1.8240        19.12
      1.8250        19.09
      1.8260        19.12
      1.8270        19.13
      1.8280        19.03
      1.8290        18.95
      1.8300        19.03
      1.8310        19.04
      1.8320        19.20
      1.8330        19.08
      1.8340        19.03
      1.8350        19.14
      1.8360        19.12
      1.8370        19.18
      1.8380        19.13
      1.8390        19.15
      1.8400        19.23
      1.8410        19.21
      1.8420        19.14
      1.8430        19.17
      1.8440        19.18
      1.8450        19.25
      1.8460        19.31
      1.8470        19.31
      1.8480        19.39
      1.8490        19.39
      1.8500        19.48
      1.8510        19.64
      1.8520        19.66
      1.8530        19.68
      1.8540        19.80
      1.8550        19.75
      1.8560        19.82
      1.8570        19.82
      1.8580        19.78
      1.8590        19.71
      1.8600        19.63
      1.8610        19.65
      1.8620        19.59
      1.8630        19.51
      1.8640        19.57
      1.8650        19.59
      1.8660        19.58
      1.8670        19.56
      1.8680        19.59
      1.8690        19.65
      1.8700        19.72
      1.8710        19.51
      1.8720        19.45
      1.8730        19.53
      1.8740        19.57
      1.8750        19.56
      1.8760        19.56
      1.8770        19.65
      1.8780        19.70
      1.8790        19.81
      1.8800        19.88
      1.8810        19.86
      1.8820        20.01
      1.8830        19.98
      1.8840        19.97
      1.8850        19.94
      1.8860        19.86
      1.8870        19.90
      1.8880        19.87
      1.8890        19.85
      1.8900        19.76
      1.8910        19.90
      1.8920        19.84
      1.8930        19.89
      1.8940        19.83
      1.8950        19.85
      1.8960        19.84
      1.8970        19.78
      1.8980        19.92
      1.8990        19.92
      1.9000        19.87
      1.9010        19.96
      1.9020        19.89
      1.9030        19.98
      1.9040        20.00
      1.9050        20.00
      1.9060        20.04
      1.9070        20.04
      1.9080        20.18
      1.9090        20.23
      1.9100        20.22
      1.9110        20.24
      1.9120        20.37
      1.9130        20.29
      1.9140        20.32
      1.9150        20.38
      1.9160        20.36
      1.9170        20.36
      1.9180        20.33
      1.9190        20.34
      1.9200        20.32
      1.9210        20.27
      1.9220        20.37
      1.9230        20.41
      1.9240        20.37
      1.9250        20.46
      1.9260        20.45
      1.9270        20.53
      1.9280        20.44
      1.9290        20.53
      1.9300        20.59
      1.9310        20.64
      1.9320        20.58
      1.9330        20.63
      1.9340        20.56
      1.9350        20.43
      1.9360        20.43
      1.9370        20.36
      1.9380        20.43
      1.9390        20.37
      1.9400        20.42
      1.9410        20.53
      1.9420        20.44
      1.9430        20.41
      1.9440        20.39
      1.9450        20.41
      1.9460        20.28
      1.9470        20.23
      1.9480        20.32
      1.9490        20.31
      1.9500        20.32
      1.9510        20.31
      1.9520        20.38
      1.9530        20.46
      1.9540        20.54
      1.9550        20.61
      1.9560        20.67
      1.9570        20.82
      1.9580        20.76
      1.9590        20.86
      1.9600        20.90
      1.9610        20.80
      1.9620        20.81
      1.9630        20.82
      1.9640        20.97
      1.9650        20.94
      1.9660        21.16
      1.9670        21.21
      1.9680        21.20
      1.9690        21.25
      1.9700        21.24
      1.9710        21.25
      1.9720        21.14
      1.9730        21.05
      1.9740        20.97
      1.9750        21.03
      1.9760        20.99
      1.9770        20.84
      1.9780        20.84
      1.9790        20.76
      1.9800        20.80
      1.9810        20.89
      1.9820        20.95
      1.9830        20.94
      1.9840        20.87
      1.9850        20.87
      1.9860        20.91
      1.9870        20.98
      1.9880        20.92
      1.9890        20.80
      1.9900        20.77
      1.9910        20.76
      1.9920        20.92
      1.9930        21.04
      1.9940        21.00
      1.9950        21.04
      1.9960        21.07
      1.9970        21.17
      1.9980        21.18
      1.9990        21.24
      2.0000        21.24
      2.0010        21.24
      2.0020        21.37
      2.0030        21.34
      2.0040        21.38
      2.0050        21.50
      2.0060        21.47
      2.0070        21.39
      2.0080        21.48
      2.0090        21.64
      2.0100        21.72
      2.0110        21.67
      2.0120        21.71
      2.0130        21.61
      2.0140        21.68
      2.0150        21.69
      2.0160        21.73
      2.0170        21.76
      2.0180        21.79
      2.0190        21.85
      2.0200        21.83
      2.0210        21.83
      2.0220        21.79
      2.0230        21.81
      2.0240        21.85
      2.0250        21.73
      2.0260        21.80
      2.0270        21.77
      2.0280        21.81
      2.0290        21.80
      2.0300        21.84
      2.0310        21.79
      2.0320        21.74
      2.0330        21.76
      2.0340        21.79
      2.0350        21.75
      2.0360        21.79
      2.0370        21.74
      2.0380        21.82
      2.0390        21.73
      2.0400        21.70
      2.0410        21.69
      2.0420        21.64
      2.0430        21.72
      2.0440        21.82
      2.0450        21.82
      2.0460        21.78
      2.0470        21.86
      2.0480        21.78
      2.0490        21.79
      2.0500        21.72
      2.0510        21.87
      2.0520        21.91
      2.0530        21.84
      2.0540        21.81
      2.0550        21.89
      2.0560        21.93
      2.0570        22.07
      2.0580        21.92
      2.0590        21.87
      2.0600        21.96
      2.0610        22.03
      2.0620        22.03
      2.0630        22.06
      2.0640        22.00
      2.0650        22.12
      2.0660        22.11
      2.0670        22.04
      2.0680        22.13
      2.0690        22.11
      2.0700        22.13
      2.0710        22.16
      2.0720        22.14
      2.0730        22.18
      2.0740        22.33
      2.0750        22.37
      2.0760        22.33
      2.0770        22.26
      2.0780        22.30
      2.0790        22.46
      2.0800        22.50
      2.0810        22.52
      2.0820        22.53
      2.0830        22.54
      2.0840        22.53
      2.0850        22.45
      2.0860        22.46
      2.0870        22.50
      2.0880        22.48
      2.0890        22.46
      2.0900        22.57
      2.0910        22.58
      2.0920        22.61
      2.0930        22.62
      2.0940        22.58
      2.0950        22.57
      2.0960        22.63
      2.0970        22.73
      2.0980        22.76
      2.0990        22.79
      2.1000        22.76
      2.1010        22.75
      2.1020        22.76
      2.1030        22.65
      2.1040        22.67
      2.1050        22.72
      2.1060        22.84
      2.1070        22.89
      2.1080        22.89
      2.1090        22.88
      2.1100        22.80
      2.1110        22.80
      2.1120        22.79
      2.1130        22.87
      2.1140        22.92
      2.1150        22.89
      2.1160        22.85
      2.1170        22.75
      2.1180        22.72
      2.1190        22.72
      2.1200        22.67
      2.1210        22.63
      2.1220        22.67
      2.1230        22.76
      2.1240        22.82
      2.1250        22.74
      2.1260        22.70
      2.1270        22.68
      2.1280        22.54
      2.1290        22.58
      2.1300        22.58
      2.1310        22.59
      2.1320        22.64
      2.1330        22.68
      2.1340        22.66
      2.1350        22.63
      2.1360        22.53
      2.1370        22.61
      2.1380        22.71
      2.1390        22.62
      2.1400        22.74
      2.1410        22.81
      2.1420        22.84
      2.1430        22.81
      2.1440        22.76
      2.1450        22.73
      2.1460        22.76
      2.1470        22.80
      2.1480        22.98
      2.1490        22.95
      2.1500        23.02
      2.1510        22.98
      2.1520        22.97
      2.1530        22.91
      2.1540        22.85
      2.1550        22.94
      2.1560        23.04
      2.1570        23.01
      2.1580        23.00
      2.1590        23.00
      2.1600        22.99
      2.1610        23.00
      2.1620        22.90
      2.1630        22.96
      2.1640        22.93
      2.1650        23.07
      2.1660        23.05
      2.1670        23.07
      2.1680        23.07
      2.1690        23.15
      2.1700        23.15
      2.1710        23.16
      2.1720        23.16
      2.1730        23.22
      2.1740        23.28
      2.1750        23.23
      2.1760        23.19
      2.1770        23.22
      2.1780        23.27
      2.1790        23.33
      2.1800        23.34
      2.1810        23.37
      2.1820        23.50
      2.1830        23.53
      2.1840        23.65
      2.1850        23.69
      2.1860        23.80
      2.1870        23.91
      2.1880        23.94
      2.1890        23.92
      2.1900        23.86
      2.1910        23.92
      2.1920        23.96
      2.1930        23.91
      2.1940        24.04
      2.1950        24.06
      2.1960        24.08
      2.1970        24.14
      2.1980        24.20
      2.1990        24.18
      2.2000        24.18
      2.2010        24.16
      2.2020        24.04
      2.2030        24.07
      2.2040        23.96
      2.2050        23.80
      2.2060        23.70
      2.2070        23.49
      2.2080        23.50
      2.2090        23.53
      2.2100        23.61
      2.2110        23.49
      2.2120        23.48
      2.2130        23.49
      2.2140        23.42
      2.2150        23.50
      2.2160        23.49
      2.2170        23.37
      2.2180        23.28
      2.2190        23.26
      2.2200        23.19
      2.2210        23.18
      2.2220        23.23
      2.2230        23.25
      2.2240        23.37
      2.2250        23.46
      2.2260        23.49
      2.2270        23.65
      2.2280        23.68
      2.2290        23.69
      2.2300        23.71
      2.2310        23.80
      2.2320        23.86
      2.2330        23.88
      2.2340        23.93
      2.2350        23.80
      2.2360        23.92
      2.2370        24.00
      2.2380        24.04
      2.2390        24.18
      2.2400        24.19
      2.2410        24.20
      2.2420        24.12
      2.2430        24.04
      2.2440        23.98
      2.2450        24.02
      2.2460        24.10
      2.2470        24.04
      2.2480        23.98
      2.2490        23.80
      2.2500        23.88
      2.2510        23.95
      2.2520        23.92
      2.2530        23.97
      2.2540        23.90
      2.2550        23.96
      2.2560        23.91
      2.2570        23.88
      2.2580        23.87
      2.2590        23.92
      2.2600        23.96
      2.2610        23.91
      2.2620        24.11
      2.2630        24.13
      2.2640        24.22
      2.2650        24.24
      2.2660        24.22
      2.2670        24.21
      2.2680        24.36
      2.2690        24.62
      2.2700        24.54
      2.2710        24.44
      2.2720        24.38
      2.2730        24.35
      2.2740        24.43
      2.2750        24.50
      2.2760        24.54
      2.2770        24.61
      2.2780        24.62
      2.2790        24.58
      2.2800        24.73
      2.2810        24.90
      2.2820        24.82
      2.2830        24.89
      2.2840        24.82
      2.2850        24.78
      2.2860        24.85
      2.2870        24.90
      2.2880        24.90
      2.2890        24.83
      2.2900        24.86
      2.2910        25.02
      2.2920        25.06
      2.2930        25.11
      2.2940        25.05
      2.2950        25.02
      2.2960        25.05
      2.2970        25.10
      2.2980        25.02
      2.2990        25.02
      2.3000        24.86
      2.3010        24.85
      2.3020        24.93
      2.3030        24.98
      2.3040        25.04
      2.3050        25.07
      2.3060        24.96
      2.3070        24.91
      2.3080        24.83
      2.3090        24.92
      2.3100        25.03
      2.3110        25.11
      2.3120        25.18
      2.3130        25.22
      2.3140        25.23
      2.3150        25.24
      2.3160        25.28
      2.3170        25.24
      2.3180        25.32
      2.3190        25.25
      2.3200        25.39
      2.3210        25.40
      2.3220        25.43
      2.3230        25.42
      2.3240        25.39
      2.3250        25.36
      2.3260        25.42
      2.3270        25.49
      2.3280        25.39
      2.3290        25.35
      2.3300        25.28
      2.3310        25.20
      2.3320        25.26
      2.3330        25.20
      2.3340        25.32
      2.3350        25.41
      2.3360        25.35
      2.3370        25.41
      2.3380        25.43
      2.3390        25.49
      2.3400        25.43
      2.3410        25.39
      2.3420        25.36
      2.3430        25.40
      2.3440        25.48
      2.3450        25.56
      2.3460        25.59
      2.3470        25.61
      2.3480        25.79
      2.3490        25.76
      2.3500        25.72
      2.3510        25.84
      2.3520        25.78
      2.3530        25.95
      2.3540        26.02
      2.3550        26.07
      2.3560        26.13
      2.3570        26.04
      2.3580        26.05
      2.3590        26.07
      2.3600        26.04
      2.3610        26.11
      2.3620        26.08
      2.3630        26.01
      2.3640        26.00
      2.3650        26.07
      2.3660        26.04
      2.3670        26.20
      2.3680        26.19
      2.3690        26.20
      2.3700        26.31
      2.3710        26.19
      2.3720        26.24
      2.3730        26.19
      2.3740        26.02
      2.3750        25.92
      2.3760        25.89
      2.3770        25.97
      2.3780        25.98
      2.3790        26.09
      2.3800        26.14
      2.3810        26.12
      2.3820        26.08
      2.3830        26.09
      2.3840        26.08
      2.3850        25.92
      2.3860        25.95
      2.3870        25.73
      2.3880        25.71
      2.3890        25.69
      2.3900        25.63
      2.3910        25.69
      2.3920        25.68
      2.3930        25.54
      2.3940        25.60
      2.3950        25.56
      2.3960        25.62
      2.3970        25.65
      2.3980        25.63
      2.3990        25.49
      2.4000        25.55
      2.4010        25.53
      2.4020        25.58
      2.4030        25.75
      2.4040        25.78
      2.4050        25.82
      2.4060        25.85
      2.4070        25.88
      2.4080        25.95
      2.4090        26.07
      2.4100        26.07
      2.4110        25.99
      2.4120        26.05
      2.4130        26.24
      2.4140        26.20
      2.4150        26.25
      2.4160        26.20
      2.4170        26.17
      2.4180        26.25
      2.4190        26.35
      2.4200        26.22
      2.4210        26.26
      2.4220        26.35
      2.4230        26.26
      2.4240        26.21
      2.4250        26.34
      2.4260        26.28
      2.4270        26.33
      2.4280        26.30
      2.4290        26.26
      2.4300        26.31
      2.4310        26.32
      2.4320        26.38
      2.4330        26.34
      2.4340        26.43
      2.4350        26.53
      2.4360        26.54
      2.4370        26.54
      2.4380        26.57
      2.4390        26.57
      2.4400        26.66
      2.4410        26.59
      2.4420        26.54
      2.4430        26.56
      2.4440        26.67
      2.4450        26.61
      2.4460        26.73
      2.4470        26.74
      2.4480        26.82
      2.4490        26.94
      2.4500        26.91
      2.4510        26.94
      2.4520        26.84
      2.4530        26.88
      2.4540        26.94
      2.4550        26.95
      2.4560        27.14
      2.4570        27.19
      2.4580        27.18
      2.4590        27.20
      2.4600        27.26
      2.4610        27.44
      2.4620        27.57
      2.4630        27.54
      2.4640        27.47
      2.4650        27.46
      2.4660        27.34
      2.4670        27.35
      2.4680        27.34
      2.4690        27.18
      2.4700        27.22
      2.4710        27.30
      2.4720        27.34
      2.4730        27.25
      2.4740        27.22
      2.4750        27.09
      2.4760        26.92
      2.4770        26.85
      2.4780        26.81
      2.4790        26.81
      2.4800        26.66
      2.4810        26.56
      2.4820        26.42
      2.4830        26.45
      2.4840        26.50
      2.4850        26.48
      2.4860        26.64
      2.4870        26.60
      2.4880        26.56
      2.4890        26.65
      2.4900        26.73
      2.4910        26.68
      2.4920        26.68
      2.4930        26.72
      2.4940        26.68
      2.4950        26.80
      2.4960        26.77
      2.4970        26.82
      2.4980        26.82
      2.4990        26.87
      2.5000        27.03
      2.5010        26.99
      2.5020        27.09
      2.5030        27.02
      2.5040        27.06
      2.5050        27.10
      2.5060        26.99
      2.5070        26.98
      2.5080        26.95
      2.5090        26.87
      2.5100        26.75
      2.5110        26.76
      2.5120        26.75
      2.5130        26.78
      2.5140        26.79
      2.5150        26.72
      2.5160        26.80
      2.5170        26.84
      2.5180        26.93
      2.5190        26.97
      2.5200        26.87
      2.5210        26.95
      2.5220        26.88
      2.5230        26.84
      2.5240        26.76
      2.5250        26.69
      2.5260        26.61
      2.5270        26.69
      2.5280        26.64
      2.5290        26.57
      2.5300        26.56
      2.5310        26.49
      2.5320        26.53
      2.5330        26.51
      2.5340        26.48
      2.5350        26.56
      2.5360        26.62
      2.5370        26.60
      2.5380        26.60
      2.5390        26.52
      2.5400        26.56
      2.5410        26.59
      2.5420        26.75
      2.5430        26.87
      2.5440        26.97
      2.5450        27.03
      2.5460        27.14
      2.5470        27.10
      2.5480        27.18
      2.5490        27.33
      2.5500        27.27
      2.5510        27.33
      2.5520        27.33
      2.5530        27.32
      2.5540        27.28
      2.5550        27.33
      2.5560        27.25
      2.5570        27.20
      2.5580        27.15
      2.5590        27.16
      2.5600        27.18
      2.5610        27.03
      2.5620        26.94
      2.5630        26.87
      2.5640        26.73
      2.5650        26.77
      2.5660        26.83
      2.5670        26.91
      2.5680        26.92
      2.5690        26.76
      2.5700        26.89
      2.5710        26.96
      2.5720        26.95
      2.5730        26.96
      2.5740        27.07
      2.5750        27.03
      2.5760        27.07
      2.5770        27.09
      2.5780        27.05
      2.5790        26.97
      2.5800        27.03
      2.5810        27.15
      2.5820        27.15
      2.5830        27.26
      2.5840        27.36
      2.5850        27.31
      2.5860        27.22
      2.5870        27.12
      2.5880        27.02
      2.5890        27.10
      2.5900        27.09
      2.5910        27.07
      2.5920        27.05
      2.5930        27.01
      2.5940        26.95
      2.5950        26.95
      2.5960        26.94
      2.5970        27.06
      2.5980        27.14
      2.5990        27.25
      2.6000        27.21
      2.6010        27.18
      2.6020        27.14
      2.6030        27.19
      2.6040        27.15
      2.6050        27.12
      2.6060        27.11
      2.6070        27.04
      2.6080        27.20
      2.6090        27.25
      2.6100        27.29
      2.6110        27.26
      2.6120        27.25
      2.6130        27.37
      2.6140        27.29
      2.6150        27.18
      2.6160        27.13
      2.6170        27.00
      2.6180        26.89
      2.6190        26.88
      2.6200        26.78
      2.6210        26.70
      2.6220        26.61
      2.6230        26.50
      2.6240        26.53
      2.6250        26.52
      2.6260        26.56
      2.6270        26.68
      2.6280        26.74
      2.6290        26.68
      2.6300        26.54
      2.6310        26.43
      2.6320        26.47
      2.6330        26.35
      2.6340        26.47
      2.6350        26.44
      2.6360        26.44
      2.6370        26.36
      2.6380        26.44
      2.6390        26.33
      2.6400        26.32
      2.6410        26.39
      2.6420        26.32
      2.6430        26.25
      2.6440        26.12
      2.6450        26.08
      2.6460        26.03
      2.6470        25.95
      2.6480        25.78
      2.6490        25.78
      2.6500        25.74
      2.6510        25.75
      2.6520        25.59
      2.6530        25.48
      2.6540        25.31
      2.6550        25.23
      2.6560        25.17
      2.6570        25.08
      2.6580        25.00
      2.6590        25.05
      2.6600        25.12
      2.6610        25.12
      2.6620        25.17
      2.6630        25.20
      2.6640        25.22
      2.6650        25.25
      2.6660        25.16
      2.6670        25.22
      2.6680        25.16
      2.6690        25.12
      2.6700        25.14
      2.6710        25.07
      2.6720        25.20
      2.6730        25.35
      2.6740        25.38
      2.6750        25.48
      2.6760        25.43
      2.6770        25.46
      2.6780        25.27
      2.6790        25.15
      2.6800        24.96
      2.6810        24.83
      2.6820        24.78
      2.6830        24.67
      2.6840        24.57
      2.6850        24.47
      2.6860        24.44
      2.6870        24.28
      2.6880        24.21
      2.6890        24.06
      2.6900        23.98
      2.6910        23.89
      2.6920        23.74
      2.6930        23.59
      2.6940        23.52
      2.6950        23.36
      2.6960        23.35
      2.6970        23.29
      2.6980        23.20
      2.6990        23.15
      2.7000        23.11
      2.7010        23.07
      2.7020        23.01
      2.7030        22.94
      2.7040        22.87
      2.7050        22.84
      2.7060        22.85
      2.7070        22.83
      2.7080        22.85
      2.7090        22.85
      2.7100        22.88
      2.7110        22.87
      2.7120        22.85
      2.7130        22.73
      2.7140        22.69
      2.7150        22.68
      2.7160        22.57
      2.7170        22.68
      2.7180        22.75
      2.7190        22.66
      2.7200        22.65
      2.7210        22.57
      2.7220        22.54
      2.7230        22.51
      2.7240        22.51
      2.7250        22.44
      2.7260        22.38
      2.7270        22.24
      2.7280        22.17
      2.7290        22.09
      2.7300        21.85
      2.7310        21.77
      2.7320        21.66
      2.7330        21.68
      2.7340        21.56
      2.7350        21.42
      2.7360        21.23
      2.7370        21.00
      2.7380        20.88
      2.7390        20.82
      2.7400        20.78
      2.7410        20.67
      2.7420        20.59
      2.7430        20.43
      2.7440        20.35
      2.7450        20.29
      2.7460        20.14
      2.7470        20.18
      2.7480        20.20
      2.7490        20.21
      2.7500        20.30
      2.7510        20.23
      2.7520        20.13
      2.7530        20.02
      2.7540        19.98
      2.7550        19.99
      2.7560        20.00
      2.7570        19.95
      2.7580        19.87
      2.7590        19.89
      2.7600        19.78
      2.7610        19.78
      2.7620        19.61
      2.7630        19.57
      2.7640        19.48
      2.7650        19.45
      2.7660        19.41
      2.7670        19.25
      2.7680        18.99
      2.7690        18.82
      2.7700        18.76
      2.7710        18.75
      2.7720        18.82
      2.7730        18.78
      2.7740        18.62
      2.7750        18.44
      2.7760        18.36
      2.7770        18.29
      2.7780        18.34
      2.7790        18.13
      2.7800        18.06
      2.7810        17.98
      2.7820        17.98
      2.7830        17.84
      2.7840        17.78
      2.7850        17.64
      2.7860        17.52
      2.7870        17.39
      2.7880        17.29
      2.7890        17.17
      2.7900        16.93
      2.7910        16.81
      2.7920        16.58
      2.7930        16.42
      2.7940        16.49
      2.7950        16.50
      2.7960        16.46
      2.7970        16.48
      2.7980        16.35
      2.7990        16.38
      2.8000        16.26
      2.8010        16.15
      2.8020        16.11
      2.8030        16.09
      2.8040        16.04
      2.8050        15.96
      2.8060        15.98
      2.8070        16.00
      2.8080        16.11
      2.8090        16.16
      2.8100        16.24
      2.8110        16.17
      2.8120        16.13
      2.8130        16.12
      2.8140        16.05
      2.8150        15.98
      2.8160        15.96
      2.8170        15.81
      2.8180        15.70
      2.8190        15.61
      2.8200        15.57
      2.8210        15.54
      2.8220        15.42
      2.8230        15.33
      2.8240        15.22
      2.8250        15.22
      2.8260        15.15
      2.8270        15.10
      2.8280        14.97
      2.8290        14.90
      2.8300        14.67
      2.8310        14.71
      2.8320        14.68
      2.8330        14.60
      2.8340        14.52
      2.8350        14.42
      2.8360        14.34
      2.8370        14.29
      2.8380        14.23
      2.8390        14.19
      2.8400        14.22
      2.8410        14.10
      2.8420        14.07
      2.8430        14.06
      2.8440        14.07
      2.8450        14.02
      2.8460        13.90
      2.8470        13.84
      2.8480        13.68
      2.8490        13.59
      2.8500        13.61
      2.8510        13.44
      2.8520        13.39
      2.8530        13.35
      2.8540        13.33
      2.8550        13.24
      2.8560        13.17
      2.8570        13.15
      2.8580        13.04
      2.8590        12.93
      2.8600        12.73
      2.8610        12.69
      2.8620        12.65
      2.8630        12.54
      2.8640        12.40
      2.8650        12.31
      2.8660        12.29
      2.8670        12.21
      2.8680        12.16
      2.8690        12.01
      2.8700        11.86
      2.8710        11.81
      2.8720        11.75
      2.8730        11.65
      2.8740        11.45
      2.8750        11.42
      2.8760        11.40
      2.8770        11.24
      2.8780        11.16
      2.8790        10.49
      2.8800        10.51
      2.8810        11.01
      2.8820        10.44
      2.8830        10.91
      2.8840        10.85
      2.8850        10.24
      2.8860        10.16
      2.8870        10.54
      2.8880        10.48
      2.8890        10.51
      2.8900        10.49
      2.8910        10.45
      2.8920        10.32
      2.8930        10.32
      2.8940        10.28
      2.8950        10.20
      2.8960        10.15
      2.8970        10.14
      2.8980        10.11
      2.8990        10.17
      2.9000        10.11
      2.9010         9.93
      2.9020         9.78
      2.9030         9.74
      2.9040         9.70
      2.9050         9.67
      2.9060         9.65
      2.9070         9.09
      2.9080         9.08
      2.9090         9.01
      2.9100         9.08
      2.9110         9.07
      2.9120         8.99
      2.9130         8.93
      2.9140         8.96
      2.9150         8.85
      2.9160         8.77
      2.9170         8.74
      2.9180         8.66
      2.9190         8.63
      2.9200         8.61
      2.9210         8.51
      2.9220         8.43
      2.9230         8.36
      2.9240         8.32
      2.9250         8.83
      2.9260         8.72
      2.9270         8.82
      2.9280         8.74
      2.9290         8.71
      2.9300         8.67
      2.9310         8.64
      2.9320         8.70
      2.9330         8.53
      2.9340         7.95
      2.9350         8.02
      2.9360         7.97
      2.9370         7.92
      2.9380         7.98
      2.9390         7.94
      2.9400         7.94
      2.9410         8.08
      2.9420         8.17
      2.9430         8.20
      2.9440         8.13
      2.9450         8.08
      2.9460         8.14
      2.9470         8.06
      2.9480         8.00
      2.9490         7.92
      2.9500         7.85
      2.9510         7.82
      2.9520         7.82
      2.9530         7.77
      2.9540         7.78
      2.9550         7.78
      2.9560         7.71
      2.9570         8.16
      2.9580         8.08
      2.9590         8.06
      2.9600         7.48
      2.9610         7.85
      2.9620         7.81
      2.9630         7.74
      2.9640         7.20
      2.9650         7.20
      2.9660         7.03
      2.9670         6.96
      2.9680         6.96
      2.9690         6.96
      2.9700         6.92
      2.9710         6.83
      2.9720         6.76
      2.9730         6.81
      2.9740         6.74
      2.9750         6.68
      2.9760         6.63
      2.9770         6.57
      2.9780         6.59
      2.9790         6.57
      2.9800         6.50
      2.9810         6.55
      2.9820         6.46
      2.9830         6.44
      2.9840         6.42
      2.9850         6.34
      2.9860         6.40
      2.9870         6.38
      2.9880         6.35
      2.9890         6.34
      2.9900         6.28
      2.9910         6.25
      2.9920         6.24
      2.9930         6.31
      2.9940         6.22
      2.9950         6.16
      2.9960         6.20
      2.9970         6.35
      2.9980         6.34
      2.9990         6.34
