        Time   Palpation Force
      0.0000         1.00
      0.0010         1.00
      0.0020         1.00
      0.0030         1.00
      0.0040         1.00
      0.0050         1.00
      0.0060         1.00
      0.0070         1.00
      0.0080         1.00
      0.0090         1.00
      0.0100         1.00
      0.0110         1.00
      0.0120         1.00
      0.0130         1.00
      0.0140         1.00
      0.0150         1.00
      0.0160         1.00
      0.0170         1.00
      0.0180         1.00
      0.0190         1.00
      0.0200         1.00
      0.0210         1.00
      0.0220         1.00
      0.0230         1.00
      0.0240         1.00
      0.0250         1.00
      0.0260         1.00
      0.0270         1.00
      0.0280         1.00
      0.0290         1.00
      0.0300         1.00
      0.0310         1.00
      0.0320         1.00
      0.0330         1.00
      0.0340         1.00
      0.0350         1.00
      0.0360         1.00
      0.0370         1.00
      0.0380         1.00
      0.0390         1.00
      0.0400         1.00
      0.0410         1.00
      0.0420         1.00
      0.0430         1.00
      0.0440         1.00
      0.0450         1.00
      0.0460         1.00
      0.0470         1.00
      0.0480         1.00
      0.0490         1.00
      0.0500         1.00
      0.0510         1.00
      0.0520         1.00
      0.0530         1.00
      0.0540         1.00
      0.0550         1.00
      0.0560         1.00
      0.0570         1.00
      0.0580         1.00
      0.0590         1.00
      0.0600         1.00
      0.0610         1.00
      0.0620         1.00
      0.0630         1.00
      0.0640         1.00
      0.0650         1.00
      0.0660         1.00
      0.0670         1.00
      0.0680         1.00
      0.0690         1.00
      0.0700         1.00
      0.0710         1.00
      0.0720         1.00
      0.0730         1.00
      0.0740         1.00
      0.0750         1.00
      0.0760         1.00
      0.0770         1.00
      0.0780         1.00
      0.0790         1.00
      0.0800         1.00
      0.0810         1.00
      0.0820         1.00
      0.0830         1.00
      0.0840         1.00
      0.0850         1.00
      0.0860         1.00
      0.0870         1.00
      0.0880         1.00
      0.0890         1.00
      0.0900         1.00
      0.0910         1.00
      0.0920         1.00
      0.0930         1.00
      0.0940         1.00
      0.0950         1.00
      0.0960         1.00
      0.0970         1.00
      0.0980         1.00
      0.0990         1.00
      0.1000         1.00
      0.1010         1.00
      0.1020         1.00
      0.1030         1.00
      0.1040         1.00
      0.1050         1.00
      0.1060         1.00
      0.1070         1.00
      0.1080         1.00
      0.1090         1.00
      0.1100         1.00
      0.1110         1.00
      0.1120         1.00
      0.1130         1.00
      0.1140         1.00
      0.1150         1.00
      0.1160         1.00
      0.1170         1.00
      0.1180         1.00
      0.1190         1.00
      0.1200         1.00
      0.1210         1.00
      0.1220         1.00
      0.1230         1.00
      0.1240         1.00
      0.1250         1.00
      0.1260         1.00
      0.1270         1.00
      0.1280         1.00
      0.1290         1.00
      0.1300         1.00
      0.1310         1.00
      0.1320         1.00
      0.1330         1.00
      0.1340         1.00
      0.1350         1.00
      0.1360         1.00
      0.1370         1.00
      0.1380         1.00
      0.1390         1.00
      0.1400         1.00
      0.1410         1.00
      0.1420         1.00
      0.1430         1.00
      0.1440         1.00
      0.1450         1.00
      0.1460         1.00
      0.1470         1.00
      0.1480         1.00
      0.1490         1.00
      0.1500         1.00
      0.1510         1.00
      0.1520         1.00
      0.1530         1.00
      0.1540         1.00
      0.1550         1.00
      0.1560         1.00
      0.1570         1.00
      0.1580         1.00
      0.1590         1.00
      0.1600         1.00
      0.1610         1.00
      0.1620         1.00
      0.1630         1.00
      0.1640         1.00
      0.1650         1.00
      0.1660         1.00
      0.1670         1.00
      0.1680         1.00
      0.1690         1.00
      0.1700         1.00
      0.1710         1.00
      0.1720         1.00
      0.1730         1.00
      0.1740         1.00
      0.1750         1.00
      0.1760         1.00
      0.1770         1.00
      0.1780         1.00
      0.1790         1.00
      0.1800         1.00
      0.1810         1.00
      0.1820         1.00
      0.1830         1.00
      0.1840         1.00
      0.1850         1.00
      0.1860         1.00
      0.1870         1.00
      0.1880         1.00
      0.1890         1.00
      0.1900         1.00
      0.1910         1.00
      0.1920         1.00
      0.1930         1.00
      0.1940         1.00
      0.1950         1.00
      0.1960         1.00
      0.1970         1.00
      0.1980         1.00
      0.1990         1.00
      0.2000         1.00
      0.2010         1.00
      0.2020         1.00
      0.2030         1.00
      0.2040         1.00
      0.2050         1.00
      0.2060         1.00
      0.2070         1.00
      0.2080         1.00
      0.2090         1.00
      0.2100         1.00
      0.2110         1.00
      0.2120         1.00
      0.2130         1.00
      0.2140         1.00
      0.2150         1.00
      0.2160         1.00
      0.2170         1.00
      0.2180         1.00
      0.2190         1.00
      0.2200         1.00
      0.2210         1.00
      0.2220         1.00
      0.2230         1.00
      0.2240         1.00
      0.2250         1.00
      0.2260         1.00
      0.2270         1.00
      0.2280         1.00
      0.2290         1.00
      0.2300         1.00
      0.2310         1.00
      0.2320         1.00
      0.2330         1.00
      0.2340         1.00
      0.2350         1.00
      0.2360         1.00
      0.2370         1.00
      0.2380         1.00
      0.2390         1.00
      0.2400         1.00
      0.2410         1.00
      0.2420         1.00
      0.2430         1.00
      0.2440         1.00
      0.2450         1.00
      0.2460         1.00
      0.2470         1.00
      0.2480         1.00
      0.2490         1.00
      0.2500         1.00
      0.2510         1.00
      0.2520         1.00
      0.2530         1.00
      0.2540         1.00
      0.2550         1.00
      0.2560         1.00
      0.2570         1.00
      0.2580         1.00
      0.2590         1.00
      0.2600         1.00
      0.2610         1.00
      0.2620         1.00
      0.2630         1.00
      0.2640         1.00
      0.2650         1.00
      0.2660         1.00
      0.2670         1.00
      0.2680         1.00
      0.2690         1.00
      0.2700         1.00
      0.2710         1.00
      0.2720         1.00
      0.2730         1.00
      0.2740         1.00
      0.2750         1.00
      0.2760         1.00
      0.2770         1.00
      0.2780         1.00
      0.2790         1.00
      0.2800         1.00
      0.2810         1.00
      0.2820         1.00
      0.2830         1.00
      0.2840         1.00
      0.2850         1.00
      0.2860         1.00
      0.2870         1.00
      0.2880         1.00
      0.2890         1.00
      0.2900         1.00
      0.2910         1.00
      0.2920         1.00
      0.2930         1.00
      0.2940         1.00
      0.2950         1.00
      0.2960         1.00
      0.2970         1.00
      0.2980         1.00
      0.2990         1.00
      0.3000         1.00
      0.3010         1.00
      0.3020         1.00
      0.3030         1.00
      0.3040         1.00
      0.3050         1.00
      0.3060         1.00
      0.3070         1.00
      0.3080         1.00
      0.3090         1.00
      0.3100         1.00
      0.3110         1.00
      0.3120         1.00
      0.3130         1.00
      0.3140         1.00
      0.3150         1.00
      0.3160         1.00
      0.3170         1.00
      0.3180         1.00
      0.3190         1.00
      0.3200         1.00
      0.3210         1.00
      0.3220         1.00
      0.3230         1.00
      0.3240         1.00
      0.3250         1.00
      0.3260         1.00
      0.3270         1.00
      0.3280         1.00
      0.3290         1.00
      0.3300         1.00
      0.3310         1.00
      0.3320         1.00
      0.3330         1.00
      0.3340         1.00
      0.3350         1.00
      0.3360         1.00
      0.3370         1.00
      0.3380         1.00
      0.3390         1.00
      0.3400         1.00
      0.3410         1.00
      0.3420         1.00
      0.3430         1.00
      0.3440         1.00
      0.3450         1.00
      0.3460         1.00
      0.3470         1.00
      0.3480         1.00
      0.3490         1.00
      0.3500         1.00
      0.3510         1.00
      0.3520         1.00
      0.3530         1.00
      0.3540         1.00
      0.3550         1.00
      0.3560         1.00
      0.3570         1.00
      0.3580         1.00
      0.3590         1.00
      0.3600         1.00
      0.3610         1.00
      0.3620         1.00
      0.3630         1.00
      0.3640         1.00
      0.3650         1.00
      0.3660         1.00
      0.3670         1.00
      0.3680         1.00
      0.3690         1.00
      0.3700         1.00
      0.3710         1.00
      0.3720         1.00
      0.3730         1.00
      0.3740         1.00
      0.3750         1.00
      0.3760         1.00
      0.3770         1.00
      0.3780         1.00
      0.3790         1.00
      0.3800         1.00
      0.3810         1.00
      0.3820         1.00
      0.3830         1.00
      0.3840         1.00
      0.3850         1.00
      0.3860         1.00
      0.3870         1.00
      0.3880         1.00
      0.3890         1.00
      0.3900         1.00
      0.3910         1.00
      0.3920         1.00
      0.3930         1.00
      0.3940         1.00
      0.3950         1.00
      0.3960         1.00
      0.3970         1.00
      0.3980         1.00
      0.3990         1.00
      0.4000         1.00
      0.4010         1.00
      0.4020         1.00
      0.4030         1.00
      0.4040         1.00
      0.4050         1.00
      0.4060         1.00
      0.4070         1.00
      0.4080         1.00
      0.4090         1.00
      0.4100         1.00
      0.4110         1.00
      0.4120         1.00
      0.4130         1.00
      0.4140         1.00
      0.4150         1.00
      0.4160         1.00
      0.4170         1.00
      0.4180         1.00
      0.4190         1.00
      0.4200         1.00
      0.4210         1.00
      0.4220         1.00
      0.4230         1.00
      0.4240         1.00
      0.4250         1.00
      0.4260         1.00
      0.4270         1.00
      0.4280         1.00
      0.4290         1.00
      0.4300         1.00
      0.4310         1.00
      0.4320         1.00
      0.4330         1.00
      0.4340         1.00
      0.4350         1.00
      0.4360         1.00
      0.4370         1.00
      0.4380         1.00
      0.4390         1.00
      0.4400         1.00
      0.4410         1.00
      0.4420         1.00
      0.4430         1.00
      0.4440         1.00
      0.4450         1.00
      0.4460         1.00
      0.4470         1.00
      0.4480         1.00
      0.4490         1.00
      0.4500         1.00
      0.4510         1.00
      0.4520         1.00
      0.4530         1.00
      0.4540         1.00
      0.4550         1.00
      0.4560         1.00
      0.4570         1.00
      0.4580         1.00
      0.4590         1.00
      0.4600         1.00
      0.4610         1.00
      0.4620         1.00
      0.4630         1.00
      0.4640         1.00
      0.4650         1.00
      0.4660         1.00
      0.4670         1.00
      0.4680         1.00
      0.4690         1.00
      0.4700         1.00
      0.4710         1.00
      0.4720         1.00
      0.4730         1.00
      0.4740         1.00
      0.4750         1.00
      0.4760         1.00
      0.4770         1.00
      0.4780         1.00
      0.4790         1.00
      0.4800         1.00
      0.4810         1.00
      0.4820         1.00
      0.4830         1.00
      0.4840         1.00
      0.4850         1.00
      0.4860         1.00
      0.4870         1.00
      0.4880         1.00
      0.4890         1.00
      0.4900         1.00
      0.4910         1.00
      0.4920         1.00
      0.4930         1.00
      0.4940         1.00
      0.4950         1.00
      0.4960         1.00
      0.4970         1.00
      0.4980         1.00
      0.4990         1.00
      0.5000         1.00
      0.5010         1.00
      0.5020         1.00
      0.5030         1.00
      0.5040         1.00
      0.5050         1.00
      0.5060         1.00
      0.5070         1.00
      0.5080         1.00
      0.5090         1.00
      0.5100         1.00
      0.5110         1.00
      0.5120         1.00
      0.5130         1.00
      0.5140         1.00
      0.5150         1.00
      0.5160         1.00
      0.5170         1.00
      0.5180         1.00
      0.5190         1.00
      0.5200         1.00
      0.5210         1.00
      0.5220         1.00
      0.5230         1.00
      0.5240         1.00
      0.5250         1.00
      0.5260         1.00
      0.5270         1.00
      0.5280         1.00
      0.5290         1.00
      0.5300         1.00
      0.5310         1.00
      0.5320         1.00
      0.5330         1.00
      0.5340         1.00
      0.5350         1.00
      0.5360         1.00
      0.5370         1.00
      0.5380         1.00
      0.5390         1.00
      0.5400         1.00
      0.5410         1.00
      0.5420         1.00
      0.5430         1.00
      0.5440         1.00
      0.5450         1.00
      0.5460         1.00
      0.5470         1.00
      0.5480         1.00
      0.5490         1.00
      0.5500         1.00
      0.5510         1.00
      0.5520         1.00
      0.5530         1.00
      0.5540         1.00
      0.5550         1.00
      0.5560         1.00
      0.5570         1.00
      0.5580         1.00
      0.5590         1.00
      0.5600         1.00
      0.5610         1.00
      0.5620         1.00
      0.5630         1.00
      0.5640         1.00
      0.5650         1.00
      0.5660         1.00
      0.5670         1.00
      0.5680         1.00
      0.5690         1.00
      0.5700         1.00
      0.5710         1.00
      0.5720         1.00
      0.5730         1.00
      0.5740         1.00
      0.5750         1.00
      0.5760         1.00
      0.5770         1.00
      0.5780         1.00
      0.5790         1.00
      0.5800         1.00
      0.5810         1.00
      0.5820         1.00
      0.5830         1.00
      0.5840         1.00
      0.5850         1.00
      0.5860         1.00
      0.5870         1.00
      0.5880         1.00
      0.5890         1.00
      0.5900         1.00
      0.5910         1.00
      0.5920         1.00
      0.5930         1.00
      0.5940         1.00
      0.5950         1.00
      0.5960         1.00
      0.5970         1.00
      0.5980         1.00
      0.5990         1.00
      0.6000         1.00
      0.6010         1.00
      0.6020         1.00
      0.6030         1.00
      0.6040         1.00
      0.6050         1.00
      0.6060         1.00
      0.6070         1.00
      0.6080         1.00
      0.6090         1.00
      0.6100         1.00
      0.6110         1.00
      0.6120         1.00
      0.6130         1.00
      0.6140         1.00
      0.6150         1.00
      0.6160         1.00
      0.6170         1.00
      0.6180         1.00
      0.6190         1.00
      0.6200         1.00
      0.6210         1.00
      0.6220         1.00
      0.6230         1.00
      0.6240         1.00
      0.6250         1.00
      0.6260         1.00
      0.6270         1.00
      0.6280         1.00
      0.6290         1.00
      0.6300         1.00
      0.6310         1.00
      0.6320         1.00
      0.6330         1.00
      0.6340         1.00
      0.6350         1.00
      0.6360         1.00
      0.6370         1.00
      0.6380         1.00
      0.6390         1.00
      0.6400         1.00
      0.6410         1.00
      0.6420         1.00
      0.6430         1.00
      0.6440         1.00
      0.6450         1.00
      0.6460         1.00
      0.6470         1.00
      0.6480         1.00
      0.6490         1.00
      0.6500         1.00
      0.6510         1.00
      0.6520         1.00
      0.6530         1.00
      0.6540         1.00
      0.6550         1.00
      0.6560         1.00
      0.6570         1.00
      0.6580         1.00
      0.6590         1.00
      0.6600         1.00
      0.6610         1.00
      0.6620         1.00
      0.6630         1.00
      0.6640         1.00
      0.6650         1.00
      0.6660         1.00
      0.6670         1.00
      0.6680         1.00
      0.6690         1.00
      0.6700         1.00
      0.6710         1.00
      0.6720         1.00
      0.6730         1.00
      0.6740         1.00
      0.6750         1.00
      0.6760         1.00
      0.6770         1.00
      0.6780         1.00
      0.6790         1.00
      0.6800         1.00
      0.6810         1.00
      0.6820         1.00
      0.6830         1.00
      0.6840         1.00
      0.6850         1.00
      0.6860         1.00
      0.6870         1.00
      0.6880         1.00
      0.6890         1.00
      0.6900         1.00
      0.6910         1.00
      0.6920         1.00
      0.6930         1.00
      0.6940         1.00
      0.6950         1.00
      0.6960         1.00
      0.6970         1.00
      0.6980         1.00
      0.6990         1.00
      0.7000         1.00
      0.7010         1.00
      0.7020         1.00
      0.7030         1.00
      0.7040         1.00
      0.7050         1.00
      0.7060         1.00
      0.7070         1.00
      0.7080         1.00
      0.7090         1.00
      0.7100         1.00
      0.7110         1.00
      0.7120         1.00
      0.7130         1.00
      0.7140         1.00
      0.7150         1.00
      0.7160         1.00
      0.7170         1.00
      0.7180         1.00
      0.7190         1.00
      0.7200         1.00
      0.7210         1.00
      0.7220         1.00
      0.7230         1.00
      0.7240         1.00
      0.7250         1.00
      0.7260         1.00
      0.7270         1.00
      0.7280         1.00
      0.7290         1.00
      0.7300         1.00
      0.7310         1.00
      0.7320         1.00
      0.7330         1.00
      0.7340         1.00
      0.7350         1.00
      0.7360         1.00
      0.7370         1.00
      0.7380         1.00
      0.7390         1.00
      0.7400         1.00
      0.7410         1.00
      0.7420         1.00
      0.7430         1.00
      0.7440         1.00
      0.7450         1.00
      0.7460         1.00
      0.7470         1.00
      0.7480         1.00
      0.7490         1.00
      0.7500         1.00
      0.7510         1.00
      0.7520         1.00
      0.7530         1.00
      0.7540         1.00
      0.7550         1.00
      0.7560         1.00
      0.7570         1.00
      0.7580         1.00
      0.7590         1.00
      0.7600         1.00
      0.7610         1.00
      0.7620         1.00
      0.7630         1.00
      0.7640         1.00
      0.7650         1.00
      0.7660         1.00
      0.7670         1.00
      0.7680         1.00
      0.7690         1.00
      0.7700         1.00
      0.7710         1.00
      0.7720         1.00
      0.7730         1.00
      0.7740         1.00
      0.7750         1.00
      0.7760         1.00
      0.7770         1.00
      0.7780         1.00
      0.7790         1.00
      0.7800         1.00
      0.7810         1.00
      0.7820         1.00
      0.7830         1.00
      0.7840         1.00
      0.7850         1.00
      0.7860         1.00
      0.7870         1.00
      0.7880         1.00
      0.7890         1.00
      0.7900         1.00
      0.7910         1.00
      0.7920         1.00
      0.7930         1.00
      0.7940         1.00
      0.7950         1.00
      0.7960         1.00
      0.7970         1.00
      0.7980         1.00
      0.7990         1.00
      0.8000         1.00
      0.8010         1.00
      0.8020         1.00
      0.8030         1.00
      0.8040         1.00
      0.8050         1.00
      0.8060         1.00
      0.8070         1.00
      0.8080         1.00
      0.8090         1.00
      0.8100         1.00
      0.8110         1.00
      0.8120         1.00
      0.8130         1.00
      0.8140         1.00
      0.8150         1.00
      0.8160         1.00
      0.8170         1.00
      0.8180         1.00
      0.8190         1.00
      0.8200         1.00
      0.8210         1.00
      0.8220         1.00
      0.8230         1.00
      0.8240         1.00
      0.8250         1.00
      0.8260         1.00
      0.8270         1.00
      0.8280         1.00
      0.8290         1.00
      0.8300         1.00
      0.8310         1.00
      0.8320         1.00
      0.8330         1.00
      0.8340         1.00
      0.8350         1.00
      0.8360         1.00
      0.8370         1.00
      0.8380         1.00
      0.8390         1.00
      0.8400         1.00
      0.8410         1.00
      0.8420         1.00
      0.8430         1.00
      0.8440         1.00
      0.8450         1.00
      0.8460         1.00
      0.8470         1.00
      0.8480         1.00
      0.8490         1.00
      0.8500         1.00
      0.8510         1.00
      0.8520         1.00
      0.8530         1.00
      0.8540         1.00
      0.8550         1.00
      0.8560         1.00
      0.8570         1.00
      0.8580         1.00
      0.8590         1.00
      0.8600         1.00
      0.8610         1.00
      0.8620         1.00
      0.8630         1.00
      0.8640         1.00
      0.8650         1.00
      0.8660         1.00
      0.8670         1.00
      0.8680         1.00
      0.8690         1.00
      0.8700         1.00
      0.8710         1.00
      0.8720         1.00
      0.8730         1.00
      0.8740         1.00
      0.8750         1.00
      0.8760         1.00
      0.8770         1.00
      0.8780         1.00
      0.8790         1.00
      0.8800         1.00
      0.8810         1.00
      0.8820         1.00
      0.8830         1.00
      0.8840         1.00
      0.8850         1.00
      0.8860         1.00
      0.8870         1.00
      0.8880         1.00
      0.8890         1.00
      0.8900         1.00
      0.8910         1.00
      0.8920         1.00
      0.8930         1.00
      0.8940         1.00
      0.8950         1.00
      0.8960         1.00
      0.8970         1.00
      0.8980         1.00
      0.8990         1.00
      0.9000         1.00
      0.9010         1.00
      0.9020         1.00
      0.9030         1.00
      0.9040         1.00
      0.9050         1.00
      0.9060         1.00
      0.9070         1.00
      0.9080         1.00
      0.9090         1.00
      0.9100         1.00
      0.9110         1.00
      0.9120         1.00
      0.9130         1.00
      0.9140         1.00
      0.9150         1.00
      0.9160         1.00
      0.9170         1.00
      0.9180         1.00
      0.9190         1.00
      0.9200         1.00
      0.9210         1.00
      0.9220         1.00
      0.9230         1.00
      0.9240         1.00
      0.9250         1.00
      0.9260         1.00
      0.9270         1.00
      0.9280         1.00
      0.9290         1.00
      0.9300         1.00
      0.9310         1.00
      0.9320         1.00
      0.9330         1.00
      0.9340         1.00
      0.9350         1.00
      0.9360         1.00
      0.9370         1.00
      0.9380         1.00
      0.9390         1.00
      0.9400         1.00
      0.9410         1.00
      0.9420         1.00
      0.9430         1.00
      0.9440         1.00
      0.9450         1.00
      0.9460         1.00
      0.9470         1.00
      0.9480         1.00
      0.9490         1.00
      0.9500         1.00
      0.9510         1.00
      0.9520         1.00
      0.9530         1.00
      0.9540         1.00
      0.9550         1.00
      0.9560         1.00
      0.9570         1.00
      0.9580         1.00
      0.9590         1.00
      0.9600         1.00
      0.9610         1.00
      0.9620         1.00
      0.9630         1.00
      0.9640         1.00
      0.9650         1.00
      0.9660         1.00
      0.9670         1.00
      0.9680         1.00
      0.9690         1.00
      0.9700         1.00
      0.9710         1.00
      0.9720         1.00
      0.9730         1.00
      0.9740         1.00
      0.9750         1.00
      0.9760         1.00
      0.9770         1.00
      0.9780         1.00
      0.9790         1.00
      0.9800         1.00
      0.9810         1.00
      0.9820         1.00
      0.9830         1.00
      0.9840         1.00
      0.9850         1.00
      0.9860         1.00
      0.9870         1.00
      0.9880         1.00
      0.9890         1.00
      0.9900         1.00
      0.9910         1.00
      0.9920         1.00
      0.9930         1.00
      0.9940         1.00
      0.9950         1.00
      0.9960         1.00
      0.9970         1.00
      0.9980         1.00
      0.9990         1.00
      1.0000         1.00
      1.0010         1.00
      1.0020         1.00
      1.0030         1.00
      1.0040         1.00
      1.0050         1.00
      1.0060         1.00
      1.0070         1.00
      1.0080         1.00
      1.0090         1.00
      1.0100         1.00
      1.0110         1.00
      1.0120         1.00
      1.0130         1.00
      1.0140         1.00
      1.0150         1.00
      1.0160         1.00
      1.0170         1.00
      1.0180         1.00
      1.0190         1.00
      1.0200         1.00
      1.0210         1.00
      1.0220         1.00
      1.0230         1.00
      1.0240         1.00
      1.0250         1.00
      1.0260         1.00
      1.0270         1.00
      1.0280         1.00
      1.0290         1.00
      1.0300         1.00
      1.0310         1.00
      1.0320         1.00
      1.0330         1.00
      1.0340         1.00
      1.0350         1.00
      1.0360         1.00
      1.0370         1.00
      1.0380         1.00
      1.0390         1.00
      1.0400         1.00
      1.0410         1.00
      1.0420         1.00
      1.0430         1.00
      1.0440         1.00
      1.0450         1.00
      1.0460         1.00
      1.0470         1.00
      1.0480         1.00
      1.0490         1.00
      1.0500         1.00
      1.0510         1.00
      1.0520         1.00
      1.0530         1.00
      1.0540         1.00
      1.0550         1.00
      1.0560         1.00
      1.0570         1.00
      1.0580         1.00
      1.0590         1.00
      1.0600         1.00
      1.0610         1.00
      1.0620         1.00
      1.0630         1.00
      1.0640         1.00
      1.0650         1.00
      1.0660         1.00
      1.0670         1.00
      1.0680         1.00
      1.0690         1.00
      1.0700         1.00
      1.0710         1.00
      1.0720         1.00
      1.0730         1.00
      1.0740         1.00
      1.0750         1.00
      1.0760         1.00
      1.0770         1.00
      1.0780         1.00
      1.0790         1.00
      1.0800         1.00
      1.0810         1.00
      1.0820         1.00
      1.0830         1.00
      1.0840         1.00
      1.0850         1.00
      1.0860         1.00
      1.0870         1.00
      1.0880         1.00
      1.0890         1.00
      1.0900         1.00
      1.0910         1.00
      1.0920         1.00
      1.0930         1.00
      1.0940         1.00
      1.0950         1.00
      1.0960         1.00
      1.0970         1.00
      1.0980         1.00
      1.0990         1.00
      1.1000         1.00
      1.1010         1.00
      1.1020         1.00
      1.1030         1.00
      1.1040         1.00
      1.1050         1.00
      1.1060         1.00
      1.1070         1.00
      1.1080         1.00
      1.1090         1.00
      1.1100         1.00
      1.1110         1.00
      1.1120         1.00
      1.1130         1.00
      1.1140         1.00
      1.1150         1.00
      1.1160         1.00
      1.1170         1.00
      1.1180         1.00
      1.1190         1.00
      1.1200         1.00
      1.1210         1.00
      1.1220         1.00
      1.1230         1.00
      1.1240         1.00
      1.1250         1.00
      1.1260         1.00
      1.1270         1.00
      1.1280         1.00
      1.1290         1.00
      1.1300         1.00
      1.1310         1.00
      1.1320         1.00
      1.1330         1.00
      1.1340         1.00
      1.1350         1.00
      1.1360         1.00
      1.1370         1.00
      1.1380         1.00
      1.1390         1.00
      1.1400         1.00
      1.1410         1.00
      1.1420         1.00
      1.1430         1.00
      1.1440         1.00
      1.1450         1.00
      1.1460         1.00
      1.1470         1.00
      1.1480         1.00
      1.1490         1.00
      1.1500         1.00
      1.1510         1.00
      1.1520         1.00
      1.1530         1.00
      1.1540         1.00
      1.1550         1.00
      1.1560         1.00
      1.1570         1.00
      1.1580         1.00
      1.1590         1.00
      1.1600         1.00
      1.1610         1.00
      1.1620         1.00
      1.1630         1.00
      1.1640         1.00
      1.1650         1.00
      1.1660         1.00
      1.1670         1.00
      1.1680         1.00
      1.1690         1.00
      1.1700         1.00
      1.1710         1.00
      1.1720         1.00
      1.1730         1.00
      1.1740         1.00
      1.1750         1.00
      1.1760         1.00
      1.1770         1.00
      1.1780         1.00
      1.1790         1.00
      1.1800         1.00
      1.1810         1.00
      1.1820         1.00
      1.1830         1.00
      1.1840         1.00
      1.1850         1.00
      1.1860         1.00
      1.1870         1.00
      1.1880         1.00
      1.1890         1.00
      1.1900         1.00
      1.1910         1.00
      1.1920         1.00
      1.1930         1.00
      1.1940         1.00
      1.1950         1.00
      1.1960         1.00
      1.1970         1.00
      1.1980         1.00
      1.1990         1.00
      1.2000         1.00
      1.2010         1.00
      1.2020         1.00
      1.2030         1.00
      1.2040         1.00
      1.2050         1.00
      1.2060         1.00
      1.2070         1.00
      1.2080         1.00
      1.2090         1.00
      1.2100         1.00
      1.2110         1.00
      1.2120         1.00
      1.2130         1.00
      1.2140         1.00
      1.2150         1.00
      1.2160         1.00
      1.2170         1.00
      1.2180         1.00
      1.2190         1.00
      1.2200         1.00
      1.2210         1.00
      1.2220         1.00
      1.2230         1.00
      1.2240         1.00
      1.2250         1.00
      1.2260         1.00
      1.2270         1.00
      1.2280         1.00
      1.2290         1.00
      1.2300         1.00
      1.2310         1.00
      1.2320         1.00
      1.2330         1.00
      1.2340         1.00
      1.2350         1.00
      1.2360         1.00
      1.2370         1.00
      1.2380         1.00
      1.2390         1.00
      1.2400         1.00
      1.2410         1.00
      1.2420         1.00
      1.2430         1.00
      1.2440         1.00
      1.2450         1.00
      1.2460         1.00
      1.2470         1.00
      1.2480         1.00
      1.2490         1.00
      1.2500         1.00
      1.2510         1.00
      1.2520         1.00
      1.2530         1.00
      1.2540         1.00
      1.2550         1.00
      1.2560         1.00
      1.2570         1.00
      1.2580         1.00
      1.2590         1.00
      1.2600         1.00
      1.2610         1.00
      1.2620         1.00
      1.2630         1.00
      1.2640         1.00
      1.2650         1.00
      1.2660         1.00
      1.2670         1.00
      1.2680         1.00
      1.2690         1.00
      1.2700         1.00
      1.2710         1.00
      1.2720         1.00
      1.2730         1.00
      1.2740         1.00
      1.2750         1.00
      1.2760         1.00
      1.2770         1.00
      1.2780         1.00
      1.2790         1.00
      1.2800         1.00
      1.2810         1.00
      1.2820         1.00
      1.2830         1.00
      1.2840         1.00
      1.2850         1.00
      1.2860         1.00
      1.2870         1.00
      1.2880         1.00
      1.2890         1.00
      1.2900         1.00
      1.2910         1.00
      1.2920         1.00
      1.2930         1.00
      1.2940         1.00
      1.2950         1.00
      1.2960         1.00
      1.2970         1.00
      1.2980         1.00
      1.2990         1.00
      1.3000         1.00
      1.3010         1.00
      1.3020         1.00
      1.3030         1.00
      1.3040         1.00
      1.3050         1.00
      1.3060         1.00
      1.3070         1.00
      1.3080         1.00
      1.3090         1.00
      1.3100         1.00
      1.3110         1.00
      1.3120         1.00
      1.3130         1.00
      1.3140         1.00
      1.3150         1.00
      1.3160         1.00
      1.3170         1.00
      1.3180         1.00
      1.3190         1.00
      1.3200         1.00
      1.3210         1.00
      1.3220         1.00
      1.3230         1.00
      1.3240         1.00
      1.3250         1.00
      1.3260         1.00
      1.3270         1.00
      1.3280         1.00
      1.3290         1.00
      1.3300         1.00
      1.3310         1.00
      1.3320         1.00
      1.3330         1.00
      1.3340         1.00
      1.3350         1.00
      1.3360         1.00
      1.3370         1.00
      1.3380         1.00
      1.3390         1.00
      1.3400         1.00
      1.3410         1.00
      1.3420         1.00
      1.3430         1.00
      1.3440         1.00
      1.3450         1.00
      1.3460         1.00
      1.3470         1.00
      1.3480         1.00
      1.3490         1.00
      1.3500         1.00
      1.3510         1.00
      1.3520         1.00
      1.3530         1.00
      1.3540         1.00
      1.3550         1.00
      1.3560         1.00
      1.3570         1.00
      1.3580         1.00
      1.3590         1.00
      1.3600         1.00
      1.3610         1.00
      1.3620         1.00
      1.3630         1.00
      1.3640         1.00
      1.3650         1.00
      1.3660         1.00
      1.3670         1.00
      1.3680         1.00
      1.3690         1.00
      1.3700         1.00
      1.3710         1.00
      1.3720         1.00
      1.3730         1.00
      1.3740         1.00
      1.3750         1.00
      1.3760         1.00
      1.3770         1.00
      1.3780         1.00
      1.3790         1.00
      1.3800         1.00
      1.3810         1.00
      1.3820         1.00
      1.3830         1.00
      1.3840         1.00
      1.3850         1.00
      1.3860         1.00
      1.3870         1.00
      1.3880         1.00
      1.3890         1.00
      1.3900         1.00
      1.3910         1.00
      1.3920         1.00
      1.3930         1.00
      1.3940         1.00
      1.3950         1.00
      1.3960         1.13
      1.3970         1.20
      1.3980         1.21
      1.3990         1.26
      1.4000         1.30
      1.4010         1.29
      1.4020         1.34
      1.4030         1.36
      1.4040         1.30
      1.4050         1.33
      1.4060         1.30
      1.4070         1.27
      1.4080         1.00
      1.4090         1.25
      1.4100         1.25
      1.4110         1.00
      1.4120         1.00
      1.4130         1.00
      1.4140         1.26
      1.4150         1.26
      1.4160         1.27
      1.4170         1.27
      1.4180         1.32
      1.4190         1.32
      1.4200         1.37
      1.4210         1.42
      1.4220         1.40
      1.4230         1.37
      1.4240         1.34
      1.4250         1.38
      1.4260         1.33
      1.4270         1.45
      1.4280         1.52
      1.4290         1.52
      1.4300         1.49
      1.4310         1.56
      1.4320         1.57
      1.4330         1.52
      1.4340         1.00
      1.4350         1.03
      1.4360         1.60
      1.4370         1.62
      1.4380         1.64
      1.4390         1.68
      1.4400         1.65
      1.4410         1.71
      1.4420         1.76
      1.4430         1.80
      1.4440         1.85
      1.4450         1.83
      1.4460         1.91
      1.4470         1.88
      1.4480         1.95
      1.4490         1.98
      1.4500         2.07
      1.4510         2.14
      1.4520         2.15
      1.4530         2.27
      1.4540         2.38
      1.4550         2.44
      1.4560         2.40
      1.4570         2.42
      1.4580         2.50
      1.4590         2.46
      1.4600         2.43
      1.4610         2.42
      1.4620         2.42
      1.4630         2.52
      1.4640         2.57
      1.4650         2.69
      1.4660         2.79
      1.4670         2.83
      1.4680         2.85
      1.4690         2.91
      1.4700         2.92
      1.4710         2.92
      1.4720         3.00
      1.4730         3.02
      1.4740         2.99
      1.4750         3.00
      1.4760         3.07
      1.4770         3.04
      1.4780         3.07
      1.4790         3.17
      1.4800         3.22
      1.4810         3.18
      1.4820         3.19
      1.4830         3.19
      1.4840         3.25
      1.4850         3.18
      1.4860         3.25
      1.4870         3.25
      1.4880         3.27
      1.4890         3.27
      1.4900         3.29
      1.4910         3.37
      1.4920         3.37
      1.4930         3.42
      1.4940         3.46
      1.4950         3.48
      1.4960         3.49
      1.4970         3.61
      1.4980         3.69
      1.4990         3.71
      1.5000         3.80
      1.5010         3.84
      1.5020         3.91
      1.5030         3.94
      1.5040         3.94
      1.5050         4.06
      1.5060         4.02
      1.5070         4.02
      1.5080         4.07
      1.5090         4.15
      1.5100         4.16
      1.5110         4.10
      1.5120         4.08
      1.5130         4.06
      1.5140         4.08
      1.5150         4.07
      1.5160         4.08
      1.5170         4.05
      1.5180         4.00
      1.5190         4.01
      1.5200         4.01
      1.5210         4.12
      1.5220         4.19
      1.5230         4.13
      1.5240         4.18
      1.5250         4.18
      1.5260         4.22
      1.5270         4.24
      1.5280         4.24
      1.5290         4.18
      1.5300         4.22
      1.5310         4.33
      1.5320         4.37
      1.5330         4.39
      1.5340         4.38
      1.5350         4.41
      1.5360         4.39
      1.5370         4.39
      1.5380         4.37
      1.5390         4.35
      1.5400         4.37
      1.5410         4.38
      1.5420         4.37
      1.5430         4.45
      1.5440         4.47
      1.5450         4.45
      1.5460         4.47
      1.5470         4.55
      1.5480         4.57
      1.5490         4.62
      1.5500         4.65
      1.5510         4.67
      1.5520         5.28
      1.5530         5.42
      1.5540         5.48
      1.5550         5.57
      1.5560         5.73
      1.5570         5.68
      1.5580         5.65
      1.5590         5.26
      1.5600         5.27
      1.5610         5.31
      1.5620         5.31
      1.5630         5.42
      1.5640         5.43
      1.5650         5.53
      1.5660         5.53
      1.5670         5.51
      1.5680         5.53
      1.5690         5.58
      1.5700         5.56
      1.5710         5.60
      1.5720         5.60
      1.5730         5.47
      1.5740         5.49
      1.5750         5.53
      1.5760         6.06
      1.5770         6.09
      1.5780         6.69
      1.5790         6.69
      1.5800         6.28
      1.5810         6.23
      1.5820         6.87
      1.5830         6.75
      1.5840         6.26
      1.5850         6.27
      1.5860         6.24
      1.5870         6.24
      1.5880         6.24
      1.5890         6.21
      1.5900         6.33
      1.5910         6.32
      1.5920         6.37
      1.5930         6.45
      1.5940         6.41
      1.5950         6.36
      1.5960         6.35
      1.5970         6.33
      1.5980         5.85
      1.5990         5.88
      1.6000         6.44
      1.6010         6.58
      1.6020         5.94
      1.6030         5.98
      1.6040         6.04
      1.6050         6.57
      1.6060         6.59
      1.6070         6.68
      1.6080         7.22
      1.6090         7.24
      1.6100         7.33
      1.6110         7.51
      1.6120         7.52
      1.6130         7.64
      1.6140         7.68
      1.6150         7.72
      1.6160         7.76
      1.6170         7.87
      1.6180         7.99
      1.6190         8.07
      1.6200         8.04
      1.6210         7.98
      1.6220         8.02
      1.6230         8.06
      1.6240         7.98
      1.6250         7.97
      1.6260         7.97
      1.6270         7.91
      1.6280         7.40
      1.6290         7.94
      1.6300         7.97
      1.6310         7.36
      1.6320         7.40
      1.6330         7.92
      1.6340         7.41
      1.6350         7.38
      1.6360         7.86
      1.6370         7.94
      1.6380         7.87
      1.6390         7.95
      1.6400         7.91
      1.6410         7.95
      1.6420         8.12
      1.6430         8.16
      1.6440         8.22
      1.6450         8.33
      1.6460         8.31
      1.6470         7.81
      1.6480         8.41
      1.6490         7.91
      1.6500         7.92
      1.6510         7.95
      1.6520         7.96
      1.6530         7.99
      1.6540         8.11
      1.6550         8.12
      1.6560         8.17
      1.6570         8.21
      1.6580         8.16
      1.6590         8.15
      1.6600         8.27
      1.6610         8.39
      1.6620         8.38
      1.6630         8.39
      1.6640         8.31
      1.6650         8.26
      1.6660         8.73
      1.6670         8.88
      1.6680         8.95
      1.6690         9.01
      1.6700         9.11
      1.6710         9.22
      1.6720         9.27
      1.6730         9.34
      1.6740         9.22
      1.6750         9.26
      1.6760         9.32
      1.6770         9.35
      1.6780         9.46
      1.6790         9.49
      1.6800         9.37
      1.6810         9.34
      1.6820         9.43
      1.6830         9.46
      1.6840         9.51
      1.6850         9.68
      1.6860         9.78
      1.6870         9.76
      1.6880         9.76
      1.6890         9.84
      1.6900         9.93
      1.6910         9.94
      1.6920        10.05
      1.6930        10.14
      1.6940        10.29
      1.6950        10.34
      1.6960        10.40
      1.6970        10.37
      1.6980        10.40
      1.6990        10.45
      1.7000        10.56
      1.7010        10.55
      1.7020        10.51
      1.7030        10.50
      1.7040        10.48
      1.7050        10.39
      1.7060        10.52
      1.7070        10.52
      1.7080        10.56
      1.7090        10.52
      1.7100        10.40
      1.7110        10.44
      1.7120        10.39
      1.7130        10.31
      1.7140        10.40
      1.7150        10.43
      1.7160        10.40
      1.7170        10.42
      1.7180        10.50
      1.7190        10.50
      1.7200        10.47
      1.7210        10.56
      1.7220        10.56
      1.7230        10.70
      1.7240        10.83
      1.7250        10.85
      1.7260        10.76
      1.7270        10.79
      1.7280        10.82
      1.7290        10.86
      1.7300        10.91
      1.7310        10.90
      1.7320        10.97
      1.7330        11.02
      1.7340        10.86
      1.7350        10.89
      1.7360        10.98
      1.7370        11.06
      1.7380        11.10
      1.7390        11.08
      1.7400        11.18
      1.7410        11.12
      1.7420        11.20
      1.7430        11.17
      1.7440        11.20
      1.7450        11.26
      1.7460        11.26
      1.7470        11.28
      1.7480        11.33
      1.7490        11.49
      1.7500        11.53
      1.7510        11.53
      1.7520        11.62
      1.7530        11.70
      1.7540        11.89
      1.7550        11.89
      1.7560        11.97
      1.7570        12.02
      1.7580        11.96
      1.7590        12.12
      1.7600        12.15
      1.7610        12.17
      1.7620        12.12
      1.7630        12.18
      1.7640        12.15
      1.7650        12.14
      1.7660        12.10
      1.7670        12.08
      1.7680        12.05
      1.7690        12.00
      1.7700        12.03
      1.7710        12.04
      1.7720        12.03
      1.7730        12.11
      1.7740        12.10
      1.7750        12.12
      1.7760        12.07
      1.7770        12.03
      1.7780        12.11
      1.7790        12.04
      1.7800        12.05
      1.7810        12.00
      1.7820        12.05
      1.7830        12.15
      1.7840        12.20
      1.7850        12.31
      1.7860        12.48
      1.7870        12.51
      1.7880        12.56
      1.7890        12.51
      1.7900        12.44
      1.7910        12.50
      1.7920        12.59
      1.7930        12.58
      1.7940        12.59
      1.7950        12.58
      1.7960        12.53
      1.7970        12.56
      1.7980        12.48
      1.7990        12.49
      1.8000        12.48
      1.8010        12.58
      1.8020        12.60
      1.8030        12.61
      1.8040        12.66
      1.8050        12.58
      1.8060        12.50
      1.8070        12.64
      1.8080        12.64
      1.8090        12.77
      1.8100        12.89
      1.8110        13.00
      1.8120        13.09
      1.8130        13.06
      1.8140        13.08
      1.8150        13.19
      1.8160        13.24
      1.8170        13.29
      1.8180        13.31
      1.8190        13.36
      1.8200        13.44
      1.8210        13.49
      1.8220        13.55
      1.8230        13.43
      1.8240        13.45
      1.8250        13.54
      1.8260        13.53
      1.8270        13.60
      1.8280        13.62
      1.8290        13.60
      1.8300        13.56
      1.8310        13.57
      1.8320        13.49
      1.8330        13.54
      1.8340        13.61
      1.8350        13.62
      1.8360        13.72
      1.8370        13.69
      1.8380        13.78
      1.8390        13.78
      1.8400        13.75
      1.8410        13.75
      1.8420        13.71
      1.8430        13.78
      1.8440        13.79
      1.8450        13.79
      1.8460        13.87
      1.8470        13.76
      1.8480        13.76
      1.8490        13.88
      1.8500        13.94
      1.8510        13.97
      1.8520        13.96
      1.8530        13.93
      1.8540        13.84
      1.8550        13.83
      1.8560        13.78
      1.8570        13.89
      1.8580        13.93
      1.8590        13.91
      1.8600        13.99
      1.8610        13.98
      1.8620        14.00
      1.8630        14.06
      1.8640        14.12
      1.8650        14.06
      1.8660        14.06
      1.8670        14.18
      1.8680        14.26
      1.8690        14.16
      1.8700        14.11
      1.8710        14.13
      1.8720        14.11
      1.8730        14.15
      1.8740        14.21
      1.8750        14.19
      1.8760        14.22
      1.8770        14.17
      1.8780        14.10
      1.8790        14.14
      1.8800        14.09
      1.8810        14.12
      1.8820        14.12
      1.8830        14.14
      1.8840        14.07
      1.8850        14.12
      1.8860        14.16
      1.8870        14.12
      1.8880        14.23
      1.8890        14.24
      1.8900        14.31
      1.8910        14.23
      1.8920        14.29
      1.8930        14.36
      1.8940        14.44
      1.8950        14.56
      1.8960        14.49
      1.8970        14.48
      1.8980        14.52
      1.8990        14.53
      1.9000        14.53
      1.9010        14.40
      1.9020        14.41
      1.9030        14.33
      1.9040        14.36
      1.9050        14.42
      1.9060        14.48
      1.9070        14.48
      1.9080        14.36
      1.9090        14.43
      1.9100        14.51
      1.9110        14.56
      1.9120        14.44
      1.9130        14.42
      1.9140        14.46
      1.9150        14.37
      1.9160        14.43
      1.9170        14.44
      1.9180        14.54
      1.9190        14.62
      1.9200        14.67
      1.9210        14.84
      1.9220        14.92
      1.9230        14.99
      1.9240        14.97
      1.9250        14.89
      1.9260        14.85
      1.9270        14.89
      1.9280        14.85
      1.9290        14.84
      1.9300        14.77
      1.9310        14.79
      1.9320        14.86
      1.9330        14.88
      1.9340        14.83
      1.9350        14.88
      1.9360        14.88
      1.9370        14.88
      1.9380        14.83
      1.9390        14.83
      1.9400        14.80
      1.9410        14.80
      1.9420        14.86
      1.9430        14.83
      1.9440        14.83
      1.9450        14.89
      1.9460        14.84
      1.9470        14.74
      1.9480        14.87
      1.9490        14.83
      1.9500        14.74
      1.9510        14.67
      1.9520        14.64
      1.9530        14.66
      1.9540        14.66
      1.9550        14.68
      1.9560        14.67
      1.9570        14.71
      1.9580        14.78
      1.9590        14.68
      1.9600        14.60
      1.9610        14.62
      1.9620        14.54
      1.9630        14.52
      1.9640        14.54
      1.9650        14.44
      1.9660        14.52
      1.9670        14.58
      1.9680        14.45
      1.9690        14.49
      1.9700        14.49
      1.9710        14.52
      1.9720        14.58
      1.9730        14.51
      1.9740        14.50
      1.9750        14.43
      1.9760        14.53
      1.9770        14.42
      1.9780        14.42
      1.9790        14.46
      1.9800        14.51
      1.9810        14.48
      1.9820        14.48
      1.9830        14.59
      1.9840        14.65
      1.9850        14.75
      1.9860        14.75
      1.9870        14.69
      1.9880        14.68
      1.9890        14.67
      1.9900        14.69
      1.9910        14.75
      1.9920        14.78
      1.9930        14.78
      1.9940        14.82
      1.9950        14.83
      1.9960        14.75
      1.9970        14.93
      1.9980        14.85
      1.9990        14.81
      2.0000        14.91
      2.0010        15.03
      2.0020        15.01
      2.0030        14.93
      2.0040        14.89
      2.0050        14.88
      2.0060        14.97
      2.0070        15.13
      2.0080        15.26
      2.0090        15.29
      2.0100        15.38
      2.0110        15.30
      2.0120        15.34
      2.0130        15.39
      2.0140        15.34
      2.0150        15.35
      2.0160        15.38
      2.0170        15.31
      2.0180        15.35
      2.0190        15.45
      2.0200        15.41
      2.0210        15.33
      2.0220        15.30
      2.0230        15.26
      2.0240        15.26
      2.0250        15.32
      2.0260        15.29
      2.0270        15.17
      2.0280        15.12
      2.0290        15.13
      2.0300        15.15
      2.0310        15.28
      2.0320        15.21
      2.0330        15.23
      2.0340        15.23
      2.0350        15.17
      2.0360        15.21
      2.0370        15.23
      2.0380        15.22
      2.0390        15.18
      2.0400        15.23
      2.0410        15.22
      2.0420        15.32
      2.0430        15.43
      2.0440        15.35
      2.0450        15.24
      2.0460        15.24
      2.0470        15.24
      2.0480        15.23
      2.0490        15.17
      2.0500        15.11
      2.0510        15.10
      2.0520        15.17
      2.0530        15.10
      2.0540        15.13
      2.0550        15.21
      2.0560        15.17
      2.0570        15.17
      2.0580        15.17
      2.0590        15.12
      2.0600        15.08
      2.0610        15.00
      2.0620        14.88
      2.0630        14.79
      2.0640        14.92
      2.0650        15.01
      2.0660        14.89
      2.0670        14.96
      2.0680        14.97
      2.0690        14.94
      2.0700        14.89
      2.0710        14.85
      2.0720        14.86
      2.0730        14.93
      2.0740        14.99
      2.0750        15.01
      2.0760        15.06
      2.0770        14.98
      2.0780        14.91
      2.0790        14.96
      2.0800        14.94
      2.0810        14.98
      2.0820        15.06
      2.0830        15.23
      2.0840        15.18
      2.0850        15.24
      2.0860        15.21
      2.0870        15.17
      2.0880        15.21
      2.0890        15.32
      2.0900        15.40
      2.0910        15.48
      2.0920        15.38
      2.0930        15.32
      2.0940        15.29
      2.0950        15.21
      2.0960        15.25
      2.0970        15.33
      2.0980        15.45
      2.0990        15.49
      2.1000        15.57
      2.1010        15.64
      2.1020        15.73
      2.1030        15.62
      2.1040        15.53
      2.1050        15.44
      2.1060        15.46
      2.1070        15.46
      2.1080        15.30
      2.1090        15.26
      2.1100        15.25
      2.1110        15.09
      2.1120        15.13
      2.1130        15.09
      2.1140        15.09
      2.1150        15.18
      2.1160        15.16
      2.1170        15.21
      2.1180        15.17
      2.1190        15.21
      2.1200        15.13
      2.1210        15.14
      2.1220        15.12
      2.1230        15.12
      2.1240        15.15
      2.1250        15.22
      2.1260        15.28
      2.1270        15.31
      2.1280        15.47
      2.1290        15.47
      2.1300        15.49
      2.1310        15.60
      2.1320        15.60
      2.1330        15.75
      2.1340        15.76
      2.1350        15.60
      2.1360        15.58
      2.1370        15.48
      2.1380        15.38
      2.1390        15.31
      2.1400        15.31
      2.1410        15.26
      2.1420        15.18
      2.1430        15.26
      2.1440        15.38
      2.1450        15.30
      2.1460        15.28
      2.1470        15.29
      2.1480        15.21
      2.1490        15.18
      2.1500        15.17
      2.1510        15.14
      2.1520        15.11
      2.1530        15.02
      2.1540        15.06
      2.1550        15.09
      2.1560        15.13
      2.1570        15.25
      2.1580        15.37
      2.1590        15.41
      2.1600        15.32
      2.1610        15.29
      2.1620        15.33
      2.1630        15.30
      2.1640        15.19
      2.1650        15.21
      2.1660        15.24
      2.1670        15.09
      2.1680        15.05
      2.1690        15.12
      2.1700        15.13
      2.1710        15.13
      2.1720        15.17
      2.1730        15.20
      2.1740        15.13
      2.1750        15.25
      2.1760        15.19
      2.1770        15.06
      2.1780        15.13
      2.1790        15.17
      2.1800        15.28
      2.1810        15.34
      2.1820        15.25
      2.1830        15.20
      2.1840        15.29
      2.1850        15.37
      2.1860        15.37
      2.1870        15.51
      2.1880        15.54
      2.1890        15.55
      2.1900        15.57
      2.1910        15.43
      2.1920        15.39
      2.1930        15.38
      2.1940        15.37
      2.1950        15.37
      2.1960        15.46
      2.1970        15.53
      2.1980        15.34
      2.1990        15.33
      2.2000        15.31
      2.2010        15.27
      2.2020        15.43
      2.2030        15.46
      2.2040        15.41
      2.2050        15.37
      2.2060        15.30
      2.2070        15.34
      2.2080        15.46
      2.2090        15.48
      2.2100        15.35
      2.2110        15.44
      2.2120        15.46
      2.2130        15.46
      2.2140        15.56
      2.2150        15.56
      2.2160        15.51
      2.2170        15.45
      2.2180        15.58
      2.2190        15.51
      2.2200        15.58
      2.2210        15.57
      2.2220        15.51
      2.2230        15.48
      2.2240        15.59
      2.2250        15.61
      2.2260        15.60
      2.2270        15.56
      2.2280        15.51
      2.2290        15.52
      2.2300        15.62
      2.2310        15.57
      2.2320        15.63
      2.2330        15.68
      2.2340        15.67
      2.2350        15.60
      2.2360        15.54
      2.2370        15.60
      2.2380        15.67
      2.2390        15.75
      2.2400        15.75
      2.2410        15.86
      2.2420        15.89
      2.2430        15.86
      2.2440        15.68
      2.2450        15.53
      2.2460        15.64
      2.2470        15.61
      2.2480        15.75
      2.2490        15.72
      2.2500        15.72
      2.2510        15.71
      2.2520        15.63
      2.2530        15.60
      2.2540        15.48
      2.2550        15.55
      2.2560        15.49
      2.2570        15.44
      2.2580        15.31
      2.2590        15.25
      2.2600        15.18
      2.2610        15.12
      2.2620        15.18
      2.2630        15.22
      2.2640        15.35
      2.2650        15.43
      2.2660        15.39
      2.2670        15.36
      2.2680        15.24
      2.2690        15.13
      2.2700        15.10
      2.2710        15.22
      2.2720        15.28
      2.2730        15.26
      2.2740        15.38
      2.2750        15.31
      2.2760        15.42
      2.2770        15.49
      2.2780        15.64
      2.2790        15.57
      2.2800        15.54
      2.2810        15.48
      2.2820        15.33
      2.2830        15.27
      2.2840        15.25
      2.2850        15.36
      2.2860        15.35
      2.2870        15.37
      2.2880        15.27
      2.2890        15.32
      2.2900        15.34
      2.2910        15.27
      2.2920        15.26
      2.2930        15.28
      2.2940        15.28
      2.2950        15.42
      2.2960        15.48
      2.2970        15.54
      2.2980        15.47
      2.2990        15.48
      2.3000        15.52
      2.3010        15.54
      2.3020        15.59
      2.3030        15.63
      2.3040        15.64
      2.3050        15.62
      2.3060        15.70
      2.3070        15.69
      2.3080        15.79
      2.3090        15.75
      2.3100        15.76
      2.3110        15.92
      2.3120        15.88
      2.3130        15.92
      2.3140        15.84
      2.3150        15.76
      2.3160        15.67
      2.3170        15.56
      2.3180        15.59
      2.3190        15.61
      2.3200        15.63
      2.3210        15.75
      2.3220        15.91
      2.3230        15.90
      2.3240        15.86
      2.3250        15.90
      2.3260        15.87
      2.3270        15.96
      2.3280        15.95
      2.3290        16.02
      2.3300        16.12
      2.3310        16.02
      2.3320        16.04
      2.3330        16.00
      2.3340        16.06
      2.3350        16.00
      2.3360        16.04
      2.3370        16.10
      2.3380        16.15
      2.3390        16.18
      2.3400        16.14
      2.3410        16.17
      2.3420        15.98
      2.3430        16.05
      2.3440        16.08
      2.3450        16.08
      2.3460        16.00
      2.3470        16.00
      2.3480        15.89
      2.3490        15.94
      2.3500        15.86
      2.3510        15.90
      2.3520        15.99
      2.3530        16.03
      2.3540        15.97
      2.3550        16.12
      2.3560        16.08
      2.3570        16.06
      2.3580        16.06
      2.3590        16.10
      2.3600        16.20
      2.3610        16.11
      2.3620        16.18
      2.3630        16.18
      2.3640        16.23
      2.3650        16.24
      2.3660        16.29
      2.3670        16.35
      2.3680        16.60
      2.3690        16.58
      2.3700        16.60
      2.3710        16.56
      2.3720        16.43
      2.3730        16.44
      2.3740        16.41
      2.3750        16.44
      2.3760        16.53
      2.3770        16.46
      2.3780        16.42
      2.3790        16.41
      2.3800        16.37
      2.3810        16.44
      2.3820        16.40
      2.3830        16.52
      2.3840        16.50
      2.3850        16.45
      2.3860        16.39
      2.3870        16.33
      2.3880        16.22
      2.3890        16.11
      2.3900        16.11
      2.3910        16.21
      2.3920        16.25
      2.3930        16.20
      2.3940        16.17
      2.3950        16.13
      2.3960        16.03
      2.3970        16.12
      2.3980        16.04
      2.3990        15.96
      2.4000        15.89
      2.4010        15.96
      2.4020        16.00
      2.4030        15.88
      2.4040        15.87
      2.4050        15.86
      2.4060        15.88
      2.4070        15.83
      2.4080        15.79
      2.4090        15.88
      2.4100        15.91
      2.4110        15.80
      2.4120        15.80
      2.4130        15.82
      2.4140        15.94
      2.4150        15.84
      2.4160        15.99
      2.4170        15.94
      2.4180        16.06
      2.4190        16.12
      2.4200        16.10
      2.4210        16.04
      2.4220        15.99
      2.4230        15.91
      2.4240        15.92
      2.4250        15.91
      2.4260        16.02
      2.4270        16.00
      2.4280        16.06
      2.4290        16.15
      2.4300        16.02
      2.4310        16.03
      2.4320        15.93
      2.4330        15.90
      2.4340        15.85
      2.4350        15.83
      2.4360        15.75
      2.4370        15.83
      2.4380        15.79
      2.4390        15.86
      2.4400        15.90
      2.4410        15.87
      2.4420        15.79
      2.4430        15.84
      2.4440        15.76
      2.4450        15.72
      2.4460        15.58
      2.4470        15.52
      2.4480        15.58
      2.4490        15.39
      2.4500        15.45
      2.4510        15.47
      2.4520        15.50
      2.4530        15.49
      2.4540        15.42
      2.4550        15.36
      2.4560        15.24
      2.4570        15.04
      2.4580        14.90
      2.4590        14.78
      2.4600        14.72
      2.4610        14.61
      2.4620        14.68
      2.4630        14.55
      2.4640        14.59
      2.4650        14.56
      2.4660        14.64
      2.4670        14.71
      2.4680        14.52
      2.4690        14.47
      2.4700        14.44
      2.4710        14.35
      2.4720        14.31
      2.4730        14.39
      2.4740        14.36
      2.4750        14.33
      2.4760        14.38
      2.4770        14.51
      2.4780        14.51
      2.4790        14.51
      2.4800        14.48
      2.4810        14.46
      2.4820        14.42
      2.4830        14.58
      2.4840        14.47
      2.4850        14.43
      2.4860        14.28
      2.4870        14.19
      2.4880        14.24
      2.4890        14.28
      2.4900        14.31
      2.4910        14.38
      2.4920        14.40
      2.4930        14.35
      2.4940        14.34
      2.4950        14.31
      2.4960        14.26
      2.4970        14.20
      2.4980        14.22
      2.4990        14.18
      2.5000        14.23
      2.5010        14.17
      2.5020        14.09
      2.5030        14.00
      2.5040        13.93
      2.5050        13.89
      2.5060        13.92
      2.5070        13.89
      2.5080        13.77
      2.5090        13.69
      2.5100        13.51
      2.5110        13.38
      2.5120        13.35
      2.5130        13.19
      2.5140        13.14
      2.5150        13.07
      2.5160        13.03
      2.5170        12.90
      2.5180        12.75
      2.5190        12.67
      2.5200        12.50
      2.5210        12.50
      2.5220        12.41
      2.5230        12.29
      2.5240        12.25
      2.5250        12.18
      2.5260        12.06
      2.5270        12.00
      2.5280        11.43
      2.5290        11.90
      2.5300        11.43
      2.5310        11.41
      2.5320        11.33
      2.5330        11.78
      2.5340        11.72
      2.5350        11.73
      2.5360        11.64
      2.5370        11.62
      2.5380        11.50
      2.5390        11.50
      2.5400        11.50
      2.5410        11.41
      2.5420        11.38
      2.5430        11.32
      2.5440        11.14
      2.5450        11.12
      2.5460        11.17
      2.5470        11.10
      2.5480        11.08
      2.5490        11.01
      2.5500        10.86
      2.5510        10.74
      2.5520        10.73
      2.5530        10.69
      2.5540        10.69
      2.5550        10.59
      2.5560        10.69
      2.5570        10.66
      2.5580        10.71
      2.5590        10.62
      2.5600        10.47
      2.5610        10.42
      2.5620        10.48
      2.5630        10.48
      2.5640        10.56
      2.5650        10.55
      2.5660        10.35
      2.5670        10.29
      2.5680        10.14
      2.5690        10.08
      2.5700        10.13
      2.5710        10.18
      2.5720        10.12
      2.5730         9.99
      2.5740         9.91
      2.5750         9.82
      2.5760         9.66
      2.5770         9.55
      2.5780         9.60
      2.5790         9.51
      2.5800         9.57
      2.5810         9.51
      2.5820         9.31
      2.5830         9.24
      2.5840         9.20
      2.5850         9.09
      2.5860         9.24
      2.5870         9.13
      2.5880         9.19
      2.5890         9.10
      2.5900         9.09
      2.5910         8.93
      2.5920         8.80
      2.5930         8.79
      2.5940         8.74
      2.5950         8.71
      2.5960         8.67
      2.5970         8.66
      2.5980         8.59
      2.5990         8.64
      2.6000         8.63
      2.6010         8.53
      2.6020         8.55
      2.6030         8.55
      2.6040         8.50
      2.6050         8.46
      2.6060         8.34
      2.6070         8.38
      2.6080         8.41
      2.6090         8.38
      2.6100         7.83
      2.6110         7.87
      2.6120         8.43
      2.6130         8.43
      2.6140         8.51
      2.6150         8.59
      2.6160         8.55
      2.6170         8.54
      2.6180         8.55
      2.6190         8.47
      2.6200         8.34
      2.6210         8.40
      2.6220         8.40
      2.6230         8.41
      2.6240         8.41
      2.6250         8.42
      2.6260         8.39
      2.6270         8.33
      2.6280         8.34
      2.6290         8.40
      2.6300         8.34
      2.6310         8.24
      2.6320         8.12
      2.6330         8.00
      2.6340         7.85
      2.6350         7.74
      2.6360         7.64
      2.6370         7.49
      2.6380         7.23
      2.6390         7.20
      2.6400         6.72
      2.6410         6.72
      2.6420         6.68
      2.6430         6.63
      2.6440         6.53
      2.6450         6.49
      2.6460         6.34
      2.6470         6.36
      2.6480         6.32
      2.6490         6.21
      2.6500         6.14
      2.6510         6.23
      2.6520         6.22
      2.6530         6.21
      2.6540         6.21
      2.6550         6.14
      2.6560         6.26
      2.6570         6.33
      2.6580         6.33
      2.6590         6.73
      2.6600         6.64
      2.6610         6.64
      2.6620         6.68
      2.6630         6.65
      2.6640         6.10
      2.6650         5.99
      2.6660         6.00
      2.6670         5.97
      2.6680         5.90
      2.6690         5.85
      2.6700         5.75
      2.6710         5.08
      2.6720         5.04
      2.6730         4.99
      2.6740         4.90
      2.6750         5.39
      2.6760         5.44
      2.6770         5.35
      2.6780         5.31
      2.6790         5.27
      2.6800         5.31
      2.6810         5.29
      2.6820         5.20
      2.6830         5.19
      2.6840         5.24
      2.6850         5.23
      2.6860         5.19
      2.6870         5.23
      2.6880         5.15
      2.6890         5.12
      2.6900         4.62
      2.6910         4.57
      2.6920         4.58
      2.6930         4.58
      2.6940         4.60
      2.6950         4.53
      2.6960         4.47
      2.6970         4.47
      2.6980         4.35
      2.6990         4.26
      2.7000         4.24
      2.7010         4.20
      2.7020         4.11
      2.7030         4.08
      2.7040         4.00
      2.7050         3.94
      2.7060         3.90
      2.7070         3.74
      2.7080         3.66
      2.7090         3.63
      2.7100         3.62
      2.7110         3.65
      2.7120         3.59
      2.7130         3.54
      2.7140         3.58
      2.7150         3.59
      2.7160         3.59
      2.7170         3.53
      2.7180         3.50
      2.7190         3.54
      2.7200         3.51
      2.7210         3.53
      2.7220         3.58
      2.7230         3.54
      2.7240         3.47
      2.7250         3.46
      2.7260         3.45
      2.7270         3.49
      2.7280         3.49
      2.7290         3.43
      2.7300         3.43
      2.7310         3.41
      2.7320         3.41
      2.7330         3.28
      2.7340         3.19
      2.7350         3.14
      2.7360         3.08
      2.7370         3.10
      2.7380         3.15
      2.7390         3.67
      2.7400         3.04
      2.7410         3.58
      2.7420         3.63
      2.7430         3.62
      2.7440         3.71
      2.7450         3.66
      2.7460         3.16
      2.7470         3.16
      2.7480         3.17
      2.7490         3.21
      2.7500         3.15
      2.7510         3.14
      2.7520         3.15
      2.7530         3.15
      2.7540         3.12
      2.7550         3.15
      2.7560         3.11
      2.7570         3.08
      2.7580         3.05
      2.7590         3.00
      2.7600         3.04
      2.7610         3.01
      2.7620         2.91
      2.7630         2.84
      2.7640         2.70
      2.7650         2.77
      2.7660         2.68
      2.7670         2.58
      2.7680         2.51
      2.7690         2.50
      2.7700         2.46
      2.7710         2.46
      2.7720         2.46
      2.7730         2.58
      2.7740         2.57
      2.7750         2.47
      2.7760         2.53
      2.7770         2.50
      2.7780         2.58
      2.7790         2.62
      2.7800         2.60
      2.7810         2.61
      2.7820         2.72
      2.7830         2.73
      2.7840         2.74
      2.7850         2.68
      2.7860         2.75
      2.7870         2.83
      2.7880         2.85
      2.7890         2.84
      2.7900         2.87
      2.7910         2.80
      2.7920         2.73
      2.7930         2.68
      2.7940         2.67
      2.7950         2.77
      2.7960         2.72
      2.7970         2.77
      2.7980         2.65
      2.7990         2.60
      2.8000         2.67
      2.8010         2.65
      2.8020         2.56
      2.8030         2.53
      2.8040         2.58
      2.8050         2.52
      2.8060         2.45
      2.8070         2.37
      2.8080         2.40
      2.8090         2.40
      2.8100         2.35
      2.8110         2.41
      2.8120         2.42
      2.8130         2.35
      2.8140         2.39
      2.8150         2.37
      2.8160         2.41
      2.8170         2.38
      2.8180         2.42
      2.8190         2.39
      2.8200         2.31
      2.8210         2.24
      2.8220         2.24
      2.8230         2.27
      2.8240         2.19
      2.8250         2.24
      2.8260         2.19
      2.8270         2.18
      2.8280         2.22
      2.8290         2.15
      2.8300         2.19
      2.8310         2.18
      2.8320         2.23
      2.8330         2.27
      2.8340         2.27
      2.8350         2.27
      2.8360         2.26
      2.8370         2.23
      2.8380         2.23
      2.8390         2.26
      2.8400         2.29
      2.8410         2.27
      2.8420         2.26
      2.8430         2.26
      2.8440         2.39
      2.8450         2.35
      2.8460         2.37
      2.8470         2.43
      2.8480         2.38
      2.8490         2.37
      2.8500         2.37
      2.8510         2.37
      2.8520         2.33
      2.8530         2.28
      2.8540         2.19
      2.8550         2.15
      2.8560         2.19
      2.8570         2.20
      2.8580         2.23
      2.8590         2.23
      2.8600         2.16
      2.8610         2.16
      2.8620         2.18
      2.8630         2.14
      2.8640         2.02
      2.8650         2.10
      2.8660         2.11
      2.8670         2.11
      2.8680         2.04
      2.8690         2.14
      2.8700         2.17
      2.8710         2.17
      2.8720         2.14
      2.8730         2.17
      2.8740         2.21
      2.8750         2.14
      2.8760         2.03
      2.8770         2.02
      2.8780         1.99
      2.8790         1.92
      2.8800         2.03
      2.8810         2.03
      2.8820         1.99
      2.8830         2.06
      2.8840         2.08
      2.8850         1.98
      2.8860         2.00
      2.8870         2.02
      2.8880         2.08
      2.8890         2.03
      2.8900         1.92
      2.8910         1.90
      2.8920         1.91
      2.8930         1.95
      2.8940         1.92
      2.8950         1.98
      2.8960         2.06
      2.8970         2.06
      2.8980         2.04
      2.8990         2.15
      2.9000         2.11
      2.9010         2.10
      2.9020         2.10
      2.9030         2.06
      2.9040         2.13
      2.9050         2.21
      2.9060         2.19
      2.9070         2.14
      2.9080         2.17
      2.9090         2.12
      2.9100         2.14
      2.9110         2.15
      2.9120         2.12
      2.9130         2.06
      2.9140         2.10
      2.9150         2.16
      2.9160         2.14
      2.9170         2.14
      2.9180         2.12
      2.9190         2.04
      2.9200         2.03
      2.9210         2.07
      2.9220         2.18
      2.9230         2.19
      2.9240         2.18
      2.9250         2.15
      2.9260         2.18
      2.9270         2.18
      2.9280         2.18
      2.9290         2.19
      2.9300         2.28
      2.9310         2.24
      2.9320         2.27
      2.9330         2.32
      2.9340         2.31
      2.9350         2.22
      2.9360         2.19
      2.9370         2.22
      2.9380         2.19
      2.9390         2.18
      2.9400         2.12
      2.9410         2.18
      2.9420         2.15
      2.9430         2.09
      2.9440         2.07
      2.9450         2.07
      2.9460         1.96
      2.9470         2.07
      2.9480         2.04
      2.9490         2.10
      2.9500         2.06
      2.9510         2.07
      2.9520         2.00
      2.9530         2.00
      2.9540         2.04
      2.9550         2.08
      2.9560         2.10
      2.9570         2.06
      2.9580         2.02
      2.9590         2.06
      2.9600         2.10
      2.9610         2.02
      2.9620         1.92
      2.9630         1.95
      2.9640         1.93
      2.9650         1.94
      2.9660         1.99
      2.9670         1.91
      2.9680         1.84
      2.9690         1.83
      2.9700         1.79
      2.9710         1.81
      2.9720         1.80
      2.9730         1.80
      2.9740         1.72
      2.9750         1.76
      2.9760         1.72
      2.9770         1.73
      2.9780         1.76
      2.9790         1.75
      2.9800         1.83
      2.9810         1.87
      2.9820         1.96
      2.9830         1.91
      2.9840         1.92
      2.9850         1.90
      2.9860         1.90
      2.9870         1.92
      2.9880         1.94
      2.9890         1.91
      2.9900         1.91
      2.9910         1.90
      2.9920         1.95
      2.9930         1.87
      2.9940         1.92
      2.9950         1.88
      2.9960         1.93
      2.9970         1.95
      2.9980         1.88
      2.9990         1.84
