        Time   Palpation Force
      0.0000         1.00
      0.0010         1.00
      0.0020         1.00
      0.0030         1.00
      0.0040         1.00
      0.0050         1.00
      0.0060         1.00
      0.0070         1.00
      0.0080         1.00
      0.0090         1.00
      0.0100         1.00
      0.0110         1.00
      0.0120         1.00
      0.0130         1.00
      0.0140         1.00
      0.0150         1.00
      0.0160         1.00
      0.0170         1.00
      0.0180         1.00
      0.0190         1.00
      0.0200         1.00
      0.0210         1.00
      0.0220         1.00
      0.0230         1.00
      0.0240         1.00
      0.0250         1.00
      0.0260         1.00
      0.0270         1.00
      0.0280         1.00
      0.0290         1.00
      0.0300         1.00
      0.0310         1.00
      0.0320         1.00
      0.0330         1.00
      0.0340         1.00
      0.0350         1.00
      0.0360         1.00
      0.0370         1.00
      0.0380         1.00
      0.0390         1.00
      0.0400         1.00
      0.0410         1.00
      0.0420         1.00
      0.0430         1.00
      0.0440         1.00
      0.0450         1.00
      0.0460         1.00
      0.0470         1.00
      0.0480         1.00
      0.0490         1.00
      0.0500         1.00
      0.0510         1.00
      0.0520         1.00
      0.0530         1.00
      0.0540         1.00
      0.0550         1.00
      0.0560         1.00
      0.0570         1.00
      0.0580         1.00
      0.0590         1.00
      0.0600         1.00
      0.0610         1.00
      0.0620         1.00
      0.0630         1.00
      0.0640         1.00
      0.0650         1.00
      0.0660         1.00
      0.0670         1.00
      0.0680         1.00
      0.0690         1.00
      0.0700         1.00
      0.0710         1.00
      0.0720         1.00
      0.0730         1.00
      0.0740         1.00
      0.0750         1.00
      0.0760         1.00
      0.0770         1.00
      0.0780         1.00
      0.0790         1.00
      0.0800         1.00
      0.0810         1.00
      0.0820         1.00
      0.0830         1.00
      0.0840         1.00
      0.0850         1.00
      0.0860         1.00
      0.0870         1.00
      0.0880         1.00
      0.0890         1.00
      0.0900         1.00
      0.0910         1.00
      0.0920         1.00
      0.0930         1.00
      0.0940         1.00
      0.0950         1.00
      0.0960         1.00
      0.0970         1.00
      0.0980         1.00
      0.0990         1.00
      0.1000         1.00
      0.1010         1.00
      0.1020         1.00
      0.1030         1.00
      0.1040         1.00
      0.1050         1.00
      0.1060         1.00
      0.1070         1.00
      0.1080         1.00
      0.1090         1.00
      0.1100         1.00
      0.1110         1.00
      0.1120         1.00
      0.1130         1.00
      0.1140         1.00
      0.1150         1.00
      0.1160         1.00
      0.1170         1.00
      0.1180         1.00
      0.1190         1.00
      0.1200         1.00
      0.1210         1.00
      0.1220         1.00
      0.1230         1.00
      0.1240         1.00
      0.1250         1.00
      0.1260         1.00
      0.1270         1.00
      0.1280         1.00
      0.1290         1.00
      0.1300         1.00
      0.1310         1.00
      0.1320         1.00
      0.1330         1.00
      0.1340         1.00
      0.1350         1.00
      0.1360         1.00
      0.1370         1.00
      0.1380         1.00
      0.1390         1.00
      0.1400         1.00
      0.1410         1.00
      0.1420         1.00
      0.1430         1.00
      0.1440         1.00
      0.1450         1.00
      0.1460         1.00
      0.1470         1.00
      0.1480         1.00
      0.1490         1.00
      0.1500         1.00
      0.1510         1.00
      0.1520         1.00
      0.1530         1.00
      0.1540         1.00
      0.1550         1.00
      0.1560         1.00
      0.1570         1.00
      0.1580         1.00
      0.1590         1.00
      0.1600         1.00
      0.1610         1.00
      0.1620         1.00
      0.1630         1.00
      0.1640         1.00
      0.1650         1.00
      0.1660         1.00
      0.1670         1.00
      0.1680         1.00
      0.1690         1.00
      0.1700         1.00
      0.1710         1.00
      0.1720         1.00
      0.1730         1.00
      0.1740         1.00
      0.1750         1.00
      0.1760         1.00
      0.1770         1.00
      0.1780         1.00
      0.1790         1.00
      0.1800         1.00
      0.1810         1.00
      0.1820         1.00
      0.1830         1.00
      0.1840         1.00
      0.1850         1.00
      0.1860         1.00
      0.1870         1.00
      0.1880         1.00
      0.1890         1.00
      0.1900         1.00
      0.1910         1.00
      0.1920         1.00
      0.1930         1.00
      0.1940         1.00
      0.1950         1.00
      0.1960         1.00
      0.1970         1.00
      0.1980         1.00
      0.1990         1.00
      0.2000         1.00
      0.2010         1.00
      0.2020         1.00
      0.2030         1.00
      0.2040         1.00
      0.2050         1.00
      0.2060         1.00
      0.2070         1.00
      0.2080         1.00
      0.2090         1.00
      0.2100         1.00
      0.2110         1.00
      0.2120         1.00
      0.2130         1.00
      0.2140         1.00
      0.2150         1.00
      0.2160         1.00
      0.2170         1.00
      0.2180         1.00
      0.2190         1.00
      0.2200         1.00
      0.2210         1.00
      0.2220         1.00
      0.2230         1.00
      0.2240         1.00
      0.2250         1.00
      0.2260         1.00
      0.2270         1.00
      0.2280         1.00
      0.2290         1.00
      0.2300         1.00
      0.2310         1.00
      0.2320         1.00
      0.2330         1.00
      0.2340         1.00
      0.2350         1.00
      0.2360         1.00
      0.2370         1.00
      0.2380         1.00
      0.2390         1.00
      0.2400         1.00
      0.2410         1.00
      0.2420         1.00
      0.2430         1.00
      0.2440         1.00
      0.2450         1.00
      0.2460         1.00
      0.2470         1.00
      0.2480         1.00
      0.2490         1.00
      0.2500         1.00
      0.2510         1.00
      0.2520         1.00
      0.2530         1.00
      0.2540         1.00
      0.2550         1.00
      0.2560         1.00
      0.2570         1.00
      0.2580         1.00
      0.2590         1.00
      0.2600         1.00
      0.2610         1.00
      0.2620         1.00
      0.2630         1.00
      0.2640         1.00
      0.2650         1.00
      0.2660         1.00
      0.2670         1.00
      0.2680         1.00
      0.2690         1.00
      0.2700         1.00
      0.2710         1.00
      0.2720         1.00
      0.2730         1.00
      0.2740         1.00
      0.2750         1.00
      0.2760         1.00
      0.2770         1.00
      0.2780         1.00
      0.2790         1.00
      0.2800         1.00
      0.2810         1.00
      0.2820         1.00
      0.2830         1.00
      0.2840         1.00
      0.2850         1.00
      0.2860         1.00
      0.2870         1.00
      0.2880         1.00
      0.2890         1.00
      0.2900         1.00
      0.2910         1.00
      0.2920         1.00
      0.2930         1.00
      0.2940         1.00
      0.2950         1.00
      0.2960         1.00
      0.2970         1.00
      0.2980         1.00
      0.2990         1.00
      0.3000         1.00
      0.3010         1.00
      0.3020         1.00
      0.3030         1.00
      0.3040         1.00
      0.3050         1.00
      0.3060         1.00
      0.3070         1.00
      0.3080         1.00
      0.3090         1.00
      0.3100         1.00
      0.3110         1.00
      0.3120         1.00
      0.3130         1.00
      0.3140         1.00
      0.3150         1.00
      0.3160         1.00
      0.3170         1.00
      0.3180         1.00
      0.3190         1.00
      0.3200         1.00
      0.3210         1.00
      0.3220         1.00
      0.3230         1.00
      0.3240         1.00
      0.3250         1.00
      0.3260         1.00
      0.3270         1.00
      0.3280         1.00
      0.3290         1.00
      0.3300         1.00
      0.3310         1.00
      0.3320         1.00
      0.3330         1.00
      0.3340         1.00
      0.3350         1.00
      0.3360         1.00
      0.3370         1.00
      0.3380         1.00
      0.3390         1.00
      0.3400         1.00
      0.3410         1.00
      0.3420         1.00
      0.3430         1.00
      0.3440         1.00
      0.3450         1.00
      0.3460         1.00
      0.3470         1.00
      0.3480         1.00
      0.3490         1.00
      0.3500         1.00
      0.3510         1.00
      0.3520         1.00
      0.3530         1.00
      0.3540         1.00
      0.3550         1.00
      0.3560         1.00
      0.3570         1.00
      0.3580         1.00
      0.3590         1.00
      0.3600         1.00
      0.3610         1.00
      0.3620         1.00
      0.3630         1.00
      0.3640         1.00
      0.3650         1.00
      0.3660         1.00
      0.3670         1.00
      0.3680         1.00
      0.3690         1.00
      0.3700         1.00
      0.3710         1.00
      0.3720         1.00
      0.3730         1.00
      0.3740         1.00
      0.3750         1.00
      0.3760         1.00
      0.3770         1.00
      0.3780         1.00
      0.3790         1.00
      0.3800         1.00
      0.3810         1.00
      0.3820         1.00
      0.3830         1.00
      0.3840         1.00
      0.3850         1.00
      0.3860         1.00
      0.3870         1.00
      0.3880         1.00
      0.3890         1.00
      0.3900         1.00
      0.3910         1.00
      0.3920         1.00
      0.3930         1.00
      0.3940         1.00
      0.3950         1.00
      0.3960         1.00
      0.3970         1.00
      0.3980         1.00
      0.3990         1.00
      0.4000         1.00
      0.4010         1.00
      0.4020         1.00
      0.4030         1.00
      0.4040         1.00
      0.4050         1.00
      0.4060         1.00
      0.4070         1.00
      0.4080         1.00
      0.4090         1.00
      0.4100         1.00
      0.4110         1.00
      0.4120         1.00
      0.4130         1.00
      0.4140         1.00
      0.4150         1.00
      0.4160         1.00
      0.4170         1.00
      0.4180         1.00
      0.4190         1.00
      0.4200         1.00
      0.4210         1.00
      0.4220         1.00
      0.4230         1.00
      0.4240         1.00
      0.4250         1.00
      0.4260         1.00
      0.4270         1.00
      0.4280         1.00
      0.4290         1.00
      0.4300         1.00
      0.4310         1.00
      0.4320         1.00
      0.4330         1.00
      0.4340         1.00
      0.4350         1.00
      0.4360         1.00
      0.4370         1.00
      0.4380         1.00
      0.4390         1.00
      0.4400         1.00
      0.4410         1.00
      0.4420         1.00
      0.4430         1.00
      0.4440         1.00
      0.4450         1.00
      0.4460         1.00
      0.4470         1.00
      0.4480         1.00
      0.4490         1.00
      0.4500         1.00
      0.4510         1.00
      0.4520         1.00
      0.4530         1.00
      0.4540         1.00
      0.4550         1.00
      0.4560         1.00
      0.4570         1.00
      0.4580         1.00
      0.4590         1.00
      0.4600         1.00
      0.4610         1.00
      0.4620         1.00
      0.4630         1.00
      0.4640         1.00
      0.4650         1.00
      0.4660         1.00
      0.4670         1.00
      0.4680         1.00
      0.4690         1.00
      0.4700         1.00
      0.4710         1.00
      0.4720         1.00
      0.4730         1.00
      0.4740         1.00
      0.4750         1.00
      0.4760         1.00
      0.4770         1.00
      0.4780         1.00
      0.4790         1.00
      0.4800         1.00
      0.4810         1.00
      0.4820         1.00
      0.4830         1.00
      0.4840         1.00
      0.4850         1.00
      0.4860         1.00
      0.4870         1.00
      0.4880         1.00
      0.4890         1.00
      0.4900         1.00
      0.4910         1.00
      0.4920         1.00
      0.4930         1.00
      0.4940         1.00
      0.4950         1.00
      0.4960         1.00
      0.4970         1.00
      0.4980         1.00
      0.4990         1.00
      0.5000         1.00
      0.5010         1.00
      0.5020         1.00
      0.5030         1.00
      0.5040         1.00
      0.5050         1.00
      0.5060         1.00
      0.5070         1.00
      0.5080         1.00
      0.5090         1.00
      0.5100         1.00
      0.5110         1.00
      0.5120         1.00
      0.5130         1.00
      0.5140         1.00
      0.5150         1.00
      0.5160         1.00
      0.5170         1.00
      0.5180         1.00
      0.5190         1.00
      0.5200         1.00
      0.5210         1.00
      0.5220         1.00
      0.5230         1.00
      0.5240         1.00
      0.5250         1.00
      0.5260         1.00
      0.5270         1.00
      0.5280         1.00
      0.5290         1.00
      0.5300         1.00
      0.5310         1.00
      0.5320         1.00
      0.5330         1.00
      0.5340         1.00
      0.5350         1.00
      0.5360         1.00
      0.5370         1.00
      0.5380         1.00
      0.5390         1.00
      0.5400         1.00
      0.5410         1.00
      0.5420         1.00
      0.5430         1.00
      0.5440         1.00
      0.5450         1.00
      0.5460         1.00
      0.5470         1.00
      0.5480         1.00
      0.5490         1.00
      0.5500         1.00
      0.5510         1.00
      0.5520         1.00
      0.5530         1.00
      0.5540         1.00
      0.5550         1.00
      0.5560         1.00
      0.5570         1.00
      0.5580         1.00
      0.5590         1.00
      0.5600         1.00
      0.5610         1.00
      0.5620         1.00
      0.5630         1.00
      0.5640         1.00
      0.5650         1.00
      0.5660         1.00
      0.5670         1.00
      0.5680         1.00
      0.5690         1.00
      0.5700         1.00
      0.5710         1.00
      0.5720         1.00
      0.5730         1.00
      0.5740         1.00
      0.5750         1.00
      0.5760         1.00
      0.5770         1.00
      0.5780         1.00
      0.5790         1.00
      0.5800         1.00
      0.5810         1.00
      0.5820         1.00
      0.5830         1.00
      0.5840         1.00
      0.5850         1.00
      0.5860         1.00
      0.5870         1.00
      0.5880         1.00
      0.5890         1.00
      0.5900         1.00
      0.5910         1.00
      0.5920         1.00
      0.5930         1.00
      0.5940         1.00
      0.5950         1.00
      0.5960         1.00
      0.5970         1.00
      0.5980         1.00
      0.5990         1.00
      0.6000         1.00
      0.6010         1.00
      0.6020         1.00
      0.6030         1.00
      0.6040         1.00
      0.6050         1.00
      0.6060         1.00
      0.6070         1.00
      0.6080         1.00
      0.6090         1.00
      0.6100         1.00
      0.6110         1.00
      0.6120         1.00
      0.6130         1.00
      0.6140         1.00
      0.6150         1.00
      0.6160         1.00
      0.6170         1.00
      0.6180         1.00
      0.6190         1.00
      0.6200         1.00
      0.6210         1.00
      0.6220         1.00
      0.6230         1.00
      0.6240         1.00
      0.6250         1.00
      0.6260         1.00
      0.6270         1.00
      0.6280         1.00
      0.6290         1.00
      0.6300         1.00
      0.6310         1.00
      0.6320         1.00
      0.6330         1.00
      0.6340         1.00
      0.6350         1.00
      0.6360         1.00
      0.6370         1.00
      0.6380         1.00
      0.6390         1.00
      0.6400         1.00
      0.6410         1.00
      0.6420         1.00
      0.6430         1.00
      0.6440         1.00
      0.6450         1.00
      0.6460         1.00
      0.6470         1.00
      0.6480         1.00
      0.6490         1.00
      0.6500         1.00
      0.6510         1.00
      0.6520         1.00
      0.6530         1.00
      0.6540         1.00
      0.6550         1.00
      0.6560         1.00
      0.6570         1.00
      0.6580         1.00
      0.6590         1.00
      0.6600         1.00
      0.6610         1.00
      0.6620         1.00
      0.6630         1.00
      0.6640         1.00
      0.6650         1.00
      0.6660         1.00
      0.6670         1.00
      0.6680         1.00
      0.6690         1.00
      0.6700         1.00
      0.6710         1.00
      0.6720         1.00
      0.6730         1.00
      0.6740         1.00
      0.6750         1.00
      0.6760         1.00
      0.6770         1.00
      0.6780         1.00
      0.6790         1.00
      0.6800         1.00
      0.6810         1.00
      0.6820         1.00
      0.6830         1.00
      0.6840         1.00
      0.6850         1.00
      0.6860         1.00
      0.6870         1.00
      0.6880         1.00
      0.6890         1.00
      0.6900         1.00
      0.6910         1.00
      0.6920         1.00
      0.6930         1.00
      0.6940         1.00
      0.6950         1.00
      0.6960         1.00
      0.6970         1.00
      0.6980         1.00
      0.6990         1.00
      0.7000         1.00
      0.7010         1.00
      0.7020         1.00
      0.7030         1.00
      0.7040         1.00
      0.7050         1.00
      0.7060         1.00
      0.7070         1.00
      0.7080         1.00
      0.7090         1.00
      0.7100         1.00
      0.7110         1.00
      0.7120         1.00
      0.7130         1.00
      0.7140         1.00
      0.7150         1.00
      0.7160         1.00
      0.7170         1.00
      0.7180         1.00
      0.7190         1.00
      0.7200         1.00
      0.7210         1.00
      0.7220         1.00
      0.7230         1.00
      0.7240         1.00
      0.7250         1.00
      0.7260         1.00
      0.7270         1.00
      0.7280         1.00
      0.7290         1.00
      0.7300         1.00
      0.7310         1.00
      0.7320         1.00
      0.7330         1.00
      0.7340         1.00
      0.7350         1.00
      0.7360         1.00
      0.7370         1.00
      0.7380         1.00
      0.7390         1.00
      0.7400         1.00
      0.7410         1.00
      0.7420         1.00
      0.7430         1.00
      0.7440         1.00
      0.7450         1.00
      0.7460         1.00
      0.7470         1.00
      0.7480         1.00
      0.7490         1.00
      0.7500         1.00
      0.7510         1.00
      0.7520         1.00
      0.7530         1.00
      0.7540         1.00
      0.7550         1.00
      0.7560         1.00
      0.7570         1.00
      0.7580         1.00
      0.7590         1.00
      0.7600         1.00
      0.7610         1.00
      0.7620         1.00
      0.7630         1.00
      0.7640         1.00
      0.7650         1.00
      0.7660         1.00
      0.7670         1.00
      0.7680         1.00
      0.7690         1.00
      0.7700         1.00
      0.7710         1.00
      0.7720         1.00
      0.7730         1.00
      0.7740         1.00
      0.7750         1.00
      0.7760         1.00
      0.7770         1.00
      0.7780         1.00
      0.7790         1.00
      0.7800         1.00
      0.7810         1.00
      0.7820         1.00
      0.7830         1.00
      0.7840         1.00
      0.7850         1.00
      0.7860         1.00
      0.7870         1.00
      0.7880         1.00
      0.7890         1.00
      0.7900         1.00
      0.7910         1.00
      0.7920         1.00
      0.7930         1.00
      0.7940         1.00
      0.7950         1.00
      0.7960         1.00
      0.7970         1.00
      0.7980         1.00
      0.7990         1.00
      0.8000         1.00
      0.8010         1.00
      0.8020         1.00
      0.8030         1.00
      0.8040         1.00
      0.8050         1.00
      0.8060         1.00
      0.8070         1.00
      0.8080         1.00
      0.8090         1.00
      0.8100         1.00
      0.8110         1.00
      0.8120         1.00
      0.8130         1.00
      0.8140         1.00
      0.8150         1.00
      0.8160         1.00
      0.8170         1.00
      0.8180         1.00
      0.8190         1.00
      0.8200         1.00
      0.8210         1.00
      0.8220         1.00
      0.8230         1.00
      0.8240         1.00
      0.8250         1.00
      0.8260         1.00
      0.8270         1.00
      0.8280         1.00
      0.8290         1.00
      0.8300         1.00
      0.8310         1.00
      0.8320         1.00
      0.8330         1.00
      0.8340         1.00
      0.8350         1.00
      0.8360         1.00
      0.8370         1.00
      0.8380         1.00
      0.8390         1.00
      0.8400         1.00
      0.8410         1.00
      0.8420         1.00
      0.8430         1.00
      0.8440         1.00
      0.8450         1.00
      0.8460         1.00
      0.8470         1.00
      0.8480         1.00
      0.8490         1.00
      0.8500         1.00
      0.8510         1.00
      0.8520         1.00
      0.8530         1.00
      0.8540         1.00
      0.8550         1.00
      0.8560         1.00
      0.8570         1.00
      0.8580         1.00
      0.8590         1.00
      0.8600         1.00
      0.8610         1.00
      0.8620         1.00
      0.8630         1.00
      0.8640         1.00
      0.8650         1.00
      0.8660         1.00
      0.8670         1.00
      0.8680         1.00
      0.8690         1.00
      0.8700         1.00
      0.8710         1.00
      0.8720         1.00
      0.8730         1.00
      0.8740         1.00
      0.8750         1.00
      0.8760         1.00
      0.8770         1.00
      0.8780         1.00
      0.8790         1.00
      0.8800         1.00
      0.8810         1.00
      0.8820         1.00
      0.8830         1.00
      0.8840         1.00
      0.8850         1.00
      0.8860         1.00
      0.8870         1.00
      0.8880         1.00
      0.8890         1.00
      0.8900         1.00
      0.8910         1.00
      0.8920         1.00
      0.8930         1.00
      0.8940         1.00
      0.8950         1.00
      0.8960         1.00
      0.8970         1.00
      0.8980         1.00
      0.8990         1.00
      0.9000         1.00
      0.9010         1.00
      0.9020         1.00
      0.9030         1.00
      0.9040         1.00
      0.9050         1.00
      0.9060         1.00
      0.9070         1.00
      0.9080         1.00
      0.9090         1.00
      0.9100         1.00
      0.9110         1.00
      0.9120         1.00
      0.9130         1.00
      0.9140         1.00
      0.9150         1.00
      0.9160         1.00
      0.9170         1.00
      0.9180         1.00
      0.9190         1.00
      0.9200         1.00
      0.9210         1.00
      0.9220         1.00
      0.9230         1.00
      0.9240         1.00
      0.9250         1.00
      0.9260         1.00
      0.9270         1.00
      0.9280         1.00
      0.9290         1.00
      0.9300         1.00
      0.9310         1.00
      0.9320         1.00
      0.9330         1.00
      0.9340         1.00
      0.9350         1.00
      0.9360         1.00
      0.9370         1.00
      0.9380         1.00
      0.9390         1.00
      0.9400         1.00
      0.9410         1.00
      0.9420         1.00
      0.9430         1.00
      0.9440         1.00
      0.9450         1.00
      0.9460         1.00
      0.9470         1.00
      0.9480         1.00
      0.9490         1.00
      0.9500         1.00
      0.9510         1.00
      0.9520         1.00
      0.9530         1.00
      0.9540         1.00
      0.9550         1.00
      0.9560         1.00
      0.9570         1.00
      0.9580         1.00
      0.9590         1.00
      0.9600         1.00
      0.9610         1.00
      0.9620         1.00
      0.9630         1.00
      0.9640         1.00
      0.9650         1.00
      0.9660         1.00
      0.9670         1.00
      0.9680         1.00
      0.9690         1.00
      0.9700         1.00
      0.9710         1.00
      0.9720         1.00
      0.9730         1.00
      0.9740         1.00
      0.9750         1.00
      0.9760         1.00
      0.9770         1.00
      0.9780         1.00
      0.9790         1.00
      0.9800         1.00
      0.9810         1.00
      0.9820         1.00
      0.9830         1.00
      0.9840         1.00
      0.9850         1.00
      0.9860         1.00
      0.9870         1.00
      0.9880         1.00
      0.9890         1.00
      0.9900         1.00
      0.9910         1.00
      0.9920         1.00
      0.9930         1.00
      0.9940         1.00
      0.9950         1.00
      0.9960         1.00
      0.9970         1.00
      0.9980         1.00
      0.9990         1.00
      1.0000         1.00
      1.0010         1.00
      1.0020         1.00
      1.0030         1.00
      1.0040         1.50
      1.0050         1.48
      1.0060         1.53
      1.0070         1.56
      1.0080         1.55
      1.0090         1.61
      1.0100         1.68
      1.0110         1.74
      1.0120         1.72
      1.0130         1.76
      1.0140         1.84
      1.0150         1.85
      1.0160         1.86
      1.0170         1.87
      1.0180         1.86
      1.0190         1.88
      1.0200         2.01
      1.0210         1.98
      1.0220         1.99
      1.0230         1.96
      1.0240         2.07
      1.0250         2.09
      1.0260         2.03
      1.0270         2.02
      1.0280         2.08
      1.0290         2.04
      1.0300         2.08
      1.0310         2.11
      1.0320         2.15
      1.0330         2.19
      1.0340         2.18
      1.0350         2.33
      1.0360         2.30
      1.0370         2.42
      1.0380         2.45
      1.0390         2.46
      1.0400         2.33
      1.0410         2.42
      1.0420         2.50
      1.0430         2.49
      1.0440         2.54
      1.0450         2.61
      1.0460         2.72
      1.0470         2.69
      1.0480         2.73
      1.0490         2.80
      1.0500         2.84
      1.0510         2.88
      1.0520         2.94
      1.0530         2.94
      1.0540         3.02
      1.0550         3.02
      1.0560         3.11
      1.0570         3.09
      1.0580         3.13
      1.0590         3.22
      1.0600         3.31
      1.0610         3.32
      1.0620         3.29
      1.0630         3.42
      1.0640         3.37
      1.0650         3.40
      1.0660         3.41
      1.0670         3.52
      1.0680         3.56
      1.0690         3.56
      1.0700         3.53
      1.0710         3.52
      1.0720         3.55
      1.0730         3.55
      1.0740         3.56
      1.0750         3.57
      1.0760         3.59
      1.0770         3.56
      1.0780         3.57
      1.0790         3.59
      1.0800         3.63
      1.0810         3.72
      1.0820         3.84
      1.0830         3.82
      1.0840         3.82
      1.0850         3.87
      1.0860         3.94
      1.0870         3.92
      1.0880         3.88
      1.0890         3.99
      1.0900         4.04
      1.0910         4.17
      1.0920         4.18
      1.0930         4.29
      1.0940         4.26
      1.0950         4.27
      1.0960         4.83
      1.0970         4.87
      1.0980         4.90
      1.0990         4.94
      1.1000         5.07
      1.1010         4.60
      1.1020         5.14
      1.1030         4.71
      1.1040         4.79
      1.1050         4.88
      1.1060         4.88
      1.1070         4.98
      1.1080         5.05
      1.1090         5.05
      1.1100         5.07
      1.1110         5.05
      1.1120         5.10
      1.1130         5.15
      1.1140         5.69
      1.1150         5.70
      1.1160         5.12
      1.1170         5.22
      1.1180         5.25
      1.1190         5.71
      1.1200         5.72
      1.1210         6.19
      1.1220         6.19
      1.1230         6.27
      1.1240         6.31
      1.1250         6.23
      1.1260         6.31
      1.1270         6.30
      1.1280         6.38
      1.1290         6.42
      1.1300         6.47
      1.1310         6.48
      1.1320         6.50
      1.1330         6.53
      1.1340         6.08
      1.1350         6.63
      1.1360         6.72
      1.1370         6.17
      1.1380         6.25
      1.1390         6.25
      1.1400         6.39
      1.1410         6.96
      1.1420         6.95
      1.1430         7.11
      1.1440         7.19
      1.1450         7.26
      1.1460         7.28
      1.1470         7.35
      1.1480         7.44
      1.1490         7.55
      1.1500         7.58
      1.1510         7.64
      1.1520         7.77
      1.1530         7.65
      1.1540         7.55
      1.1550         7.58
      1.1560         7.53
      1.1570         7.69
      1.1580         7.22
      1.1590         7.28
      1.1600         7.32
      1.1610         7.34
      1.1620         7.37
      1.1630         7.26
      1.1640         7.26
      1.1650         7.32
      1.1660         7.39
      1.1670         7.45
      1.1680         7.43
      1.1690         7.45
      1.1700         7.44
      1.1710         7.50
      1.1720         7.44
      1.1730         7.52
      1.1740         8.12
      1.1750         8.16
      1.1760         8.25
      1.1770         8.31
      1.1780         8.45
      1.1790         8.49
      1.1800         8.44
      1.1810         8.50
      1.1820         8.48
      1.1830         8.56
      1.1840         8.48
      1.1850         8.50
      1.1860         8.44
      1.1870         8.31
      1.1880         7.82
      1.1890         7.77
      1.1900         7.85
      1.1910         7.81
      1.1920         7.84
      1.1930         7.79
      1.1940         7.88
      1.1950         7.85
      1.1960         7.90
      1.1970         7.90
      1.1980         7.80
      1.1990         7.80
      1.2000         7.86
      1.2010         7.88
      1.2020         7.97
      1.2030         8.03
      1.2040         8.19
      1.2050         8.29
      1.2060         8.40
      1.2070         8.56
      1.2080         8.62
      1.2090         8.67
      1.2100         8.70
      1.2110         8.66
      1.2120         8.76
      1.2130         8.80
      1.2140         8.77
      1.2150         8.86
      1.2160         8.85
      1.2170         8.86
      1.2180         8.93
      1.2190         8.96
      1.2200         8.84
      1.2210         8.81
      1.2220         8.80
      1.2230         8.88
      1.2240         8.74
      1.2250         8.70
      1.2260         8.65
      1.2270         8.61
      1.2280         8.61
      1.2290         9.12
      1.2300         9.09
      1.2310         9.20
      1.2320         9.08
      1.2330         9.09
      1.2340         9.17
      1.2350         9.16
      1.2360         9.27
      1.2370         9.27
      1.2380         9.35
      1.2390         9.40
      1.2400         9.48
      1.2410         9.52
      1.2420         9.56
      1.2430         9.47
      1.2440         9.66
      1.2450         9.64
      1.2460         9.67
      1.2470         9.63
      1.2480         9.75
      1.2490         9.77
      1.2500         9.84
      1.2510         9.41
      1.2520        10.04
      1.2530        10.08
      1.2540        10.02
      1.2550         9.92
      1.2560         9.91
      1.2570        10.01
      1.2580        10.01
      1.2590         9.91
      1.2600         9.93
      1.2610         9.91
      1.2620         9.92
      1.2630         9.96
      1.2640         9.86
      1.2650         9.95
      1.2660        10.01
      1.2670         9.93
      1.2680         9.86
      1.2690         9.89
      1.2700         9.85
      1.2710         9.79
      1.2720         9.33
      1.2730         9.29
      1.2740         9.36
      1.2750         9.43
      1.2760         9.36
      1.2770         9.36
      1.2780         9.32
      1.2790         9.43
      1.2800         9.51
      1.2810         9.51
      1.2820         9.53
      1.2830         9.49
      1.2840         9.44
      1.2850         9.39
      1.2860         9.37
      1.2870         9.39
      1.2880         9.37
      1.2890         9.43
      1.2900         9.49
      1.2910        10.03
      1.2920        10.03
      1.2930        10.23
      1.2940        10.33
      1.2950        10.39
      1.2960        10.40
      1.2970        10.48
      1.2980        10.61
      1.2990        10.60
      1.3000        10.07
      1.3010        10.11
      1.3020        10.07
      1.3030        10.17
      1.3040        10.22
      1.3050        10.24
      1.3060        10.29
      1.3070        10.36
      1.3080        10.36
      1.3090        10.29
      1.3100        10.24
      1.3110        10.20
      1.3120        10.10
      1.3130        10.12
      1.3140        10.09
      1.3150        10.06
      1.3160        10.14
      1.3170        10.10
      1.3180        10.13
      1.3190        10.02
      1.3200        10.07
      1.3210        10.15
      1.3220        10.21
      1.3230        10.21
      1.3240        10.80
      1.3250        10.91
      1.3260        10.92
      1.3270        10.95
      1.3280        10.95
      1.3290        11.14
      1.3300        11.29
      1.3310        11.36
      1.3320        11.49
      1.3330        11.45
      1.3340        11.45
      1.3350        11.46
      1.3360        11.45
      1.3370        11.49
      1.3380        11.53
      1.3390        11.67
      1.3400        11.73
      1.3410        11.76
      1.3420        11.72
      1.3430        11.72
      1.3440        11.64
      1.3450        11.69
      1.3460        11.70
      1.3470        11.69
      1.3480        11.86
      1.3490        11.78
      1.3500        11.72
      1.3510        11.72
      1.3520        11.65
      1.3530        11.69
      1.3540        11.81
      1.3550        11.89
      1.3560        11.93
      1.3570        12.08
      1.3580        12.00
      1.3590        12.01
      1.3600        12.01
      1.3610        12.01
      1.3620        12.13
      1.3630        12.16
      1.3640        12.28
      1.3650        12.22
      1.3660        12.23
      1.3670        12.26
      1.3680        12.18
      1.3690        12.16
      1.3700        12.16
      1.3710        12.20
      1.3720        12.32
      1.3730        12.46
      1.3740        12.44
      1.3750        12.47
      1.3760        12.39
      1.3770        12.24
      1.3780        12.24
      1.3790        12.32
      1.3800        12.36
      1.3810        12.27
      1.3820        12.27
      1.3830        12.31
      1.3840        12.27
      1.3850        12.37
      1.3860        12.37
      1.3870        12.36
      1.3880        12.36
      1.3890        12.54
      1.3900        12.55
      1.3910        12.53
      1.3920        12.55
      1.3930        12.45
      1.3940        12.45
      1.3950        12.56
      1.3960        12.65
      1.3970        12.65
      1.3980        12.77
      1.3990        12.73
      1.4000        12.69
      1.4010        12.99
      1.4020        12.98
      1.4030        13.00
      1.4040        13.14
      1.4050        13.12
      1.4060        13.16
      1.4070        13.22
      1.4080        13.37
      1.4090        13.34
      1.4100        13.51
      1.4110        13.63
      1.4120        13.53
      1.4130        13.61
      1.4140        13.61
      1.4150        13.65
      1.4160        13.69
      1.4170        13.75
      1.4180        13.77
      1.4190        13.90
      1.4200        13.82
      1.4210        13.69
      1.4220        13.66
      1.4230        13.80
      1.4240        13.66
      1.4250        13.74
      1.4260        13.72
      1.4270        13.81
      1.4280        13.78
      1.4290        13.80
      1.4300        13.74
      1.4310        13.71
      1.4320        13.86
      1.4330        13.90
      1.4340        14.14
      1.4350        14.11
      1.4360        14.22
      1.4370        14.27
      1.4380        14.29
      1.4390        14.22
      1.4400        14.34
      1.4410        14.37
      1.4420        14.50
      1.4430        14.40
      1.4440        14.52
      1.4450        14.52
      1.4460        14.59
      1.4470        14.56
      1.4480        14.50
      1.4490        14.52
      1.4500        14.58
      1.4510        14.59
      1.4520        14.59
      1.4530        14.55
      1.4540        14.35
      1.4550        14.31
      1.4560        14.27
      1.4570        14.19
      1.4580        14.19
      1.4590        14.21
      1.4600        14.27
      1.4610        14.25
      1.4620        14.28
      1.4630        14.35
      1.4640        14.43
      1.4650        14.49
      1.4660        14.55
      1.4670        14.57
      1.4680        14.67
      1.4690        14.66
      1.4700        14.64
      1.4710        14.54
      1.4720        14.50
      1.4730        14.63
      1.4740        14.71
      1.4750        14.80
      1.4760        14.77
      1.4770        14.89
      1.4780        14.92
      1.4790        14.91
      1.4800        14.90
      1.4810        14.92
      1.4820        14.98
      1.4830        14.95
      1.4840        14.87
      1.4850        14.86
      1.4860        14.91
      1.4870        14.94
      1.4880        14.87
      1.4890        14.92
      1.4900        14.91
      1.4910        14.99
      1.4920        15.09
      1.4930        14.93
      1.4940        14.92
      1.4950        14.85
      1.4960        14.87
      1.4970        14.86
      1.4980        14.79
      1.4990        14.87
      1.5000        14.90
      1.5010        14.91
      1.5020        14.83
      1.5030        14.82
      1.5040        14.84
      1.5050        14.77
      1.5060        14.69
      1.5070        14.72
      1.5080        14.74
      1.5090        14.72
      1.5100        14.79
      1.5110        14.85
      1.5120        14.87
      1.5130        14.95
      1.5140        14.89
      1.5150        15.00
      1.5160        15.08
      1.5170        15.13
      1.5180        15.24
      1.5190        15.23
      1.5200        15.28
      1.5210        15.33
      1.5220        15.36
      1.5230        15.45
      1.5240        15.52
      1.5250        15.46
      1.5260        15.54
      1.5270        15.61
      1.5280        15.65
      1.5290        15.68
      1.5300        15.66
      1.5310        15.69
      1.5320        15.60
      1.5330        15.68
      1.5340        15.70
      1.5350        15.63
      1.5360        15.59
      1.5370        15.61
      1.5380        15.59
      1.5390        15.62
      1.5400        15.59
      1.5410        15.67
      1.5420        15.67
      1.5430        15.69
      1.5440        15.68
      1.5450        15.85
      1.5460        15.86
      1.5470        15.89
      1.5480        16.05
      1.5490        16.10
      1.5500        16.10
      1.5510        16.14
      1.5520        16.33
      1.5530        16.32
      1.5540        16.39
      1.5550        16.46
      1.5560        16.45
      1.5570        16.53
      1.5580        16.50
      1.5590        16.35
      1.5600        16.37
      1.5610        16.33
      1.5620        16.33
      1.5630        16.39
      1.5640        16.34
      1.5650        16.30
      1.5660        16.29
      1.5670        16.25
      1.5680        16.07
      1.5690        16.10
      1.5700        16.14
      1.5710        16.09
      1.5720        16.03
      1.5730        16.01
      1.5740        16.05
      1.5750        16.05
      1.5760        16.06
      1.5770        15.92
      1.5780        15.98
      1.5790        16.07
      1.5800        16.06
      1.5810        16.02
      1.5820        16.08
      1.5830        15.98
      1.5840        15.99
      1.5850        15.98
      1.5860        16.02
      1.5870        15.99
      1.5880        16.02
      1.5890        15.95
      1.5900        15.95
      1.5910        15.98
      1.5920        15.89
      1.5930        15.90
      1.5940        15.85
      1.5950        15.74
      1.5960        15.74
      1.5970        15.81
      1.5980        15.84
      1.5990        15.96
      1.6000        16.00
      1.6010        15.97
      1.6020        15.88
      1.6030        15.96
      1.6040        15.94
      1.6050        15.98
      1.6060        15.85
      1.6070        15.85
      1.6080        15.86
      1.6090        15.99
      1.6100        15.91
      1.6110        15.95
      1.6120        16.13
      1.6130        16.06
      1.6140        16.11
      1.6150        16.29
      1.6160        16.36
      1.6170        16.29
      1.6180        16.29
      1.6190        16.20
      1.6200        16.18
      1.6210        16.28
      1.6220        16.36
      1.6230        16.28
      1.6240        16.44
      1.6250        16.29
      1.6260        16.47
      1.6270        16.48
      1.6280        16.47
      1.6290        16.39
      1.6300        16.47
      1.6310        16.46
      1.6320        16.41
      1.6330        16.46
      1.6340        16.57
      1.6350        16.44
      1.6360        16.42
      1.6370        16.60
      1.6380        16.58
      1.6390        16.56
      1.6400        16.60
      1.6410        16.62
      1.6420        16.62
      1.6430        16.72
      1.6440        16.55
      1.6450        16.67
      1.6460        16.69
      1.6470        16.65
      1.6480        16.68
      1.6490        16.56
      1.6500        16.60
      1.6510        16.61
      1.6520        16.57
      1.6530        16.58
      1.6540        16.44
      1.6550        16.52
      1.6560        16.62
      1.6570        16.46
      1.6580        16.43
      1.6590        16.47
      1.6600        16.44
      1.6610        16.37
      1.6620        16.47
      1.6630        16.48
      1.6640        16.55
      1.6650        16.64
      1.6660        16.56
      1.6670        16.64
      1.6680        16.65
      1.6690        16.85
      1.6700        16.83
      1.6710        16.95
      1.6720        17.03
      1.6730        17.07
      1.6740        17.08
      1.6750        17.12
      1.6760        17.08
      1.6770        17.18
      1.6780        17.28
      1.6790        17.39
      1.6800        17.45
      1.6810        17.42
      1.6820        17.33
      1.6830        17.36
      1.6840        17.35
      1.6850        17.36
      1.6860        17.41
      1.6870        17.37
      1.6880        17.54
      1.6890        17.60
      1.6900        17.72
      1.6910        17.61
      1.6920        17.46
      1.6930        17.58
      1.6940        17.69
      1.6950        17.66
      1.6960        17.59
      1.6970        17.65
      1.6980        17.59
      1.6990        17.59
      1.7000        17.62
      1.7010        17.77
      1.7020        17.82
      1.7030        17.91
      1.7040        17.97
      1.7050        17.93
      1.7060        18.06
      1.7070        18.21
      1.7080        18.04
      1.7090        17.90
      1.7100        17.77
      1.7110        17.76
      1.7120        18.00
      1.7130        17.86
      1.7140        17.91
      1.7150        17.94
      1.7160        18.07
      1.7170        18.16
      1.7180        18.10
      1.7190        18.15
      1.7200        18.12
      1.7210        18.14
      1.7220        18.18
      1.7230        18.07
      1.7240        18.08
      1.7250        18.15
      1.7260        18.03
      1.7270        18.03
      1.7280        18.11
      1.7290        18.27
      1.7300        18.35
      1.7310        18.36
      1.7320        18.20
      1.7330        18.35
      1.7340        18.32
      1.7350        18.31
      1.7360        18.19
      1.7370        18.09
      1.7380        18.20
      1.7390        18.15
      1.7400        18.14
      1.7410        18.04
      1.7420        18.10
      1.7430        18.12
      1.7440        18.15
      1.7450        18.13
      1.7460        18.08
      1.7470        18.11
      1.7480        18.16
      1.7490        18.14
      1.7500        18.04
      1.7510        18.13
      1.7520        18.23
      1.7530        18.15
      1.7540        18.18
      1.7550        18.24
      1.7560        18.34
      1.7570        18.38
      1.7580        18.40
      1.7590        18.37
      1.7600        18.43
      1.7610        18.48
      1.7620        18.48
      1.7630        18.51
      1.7640        18.47
      1.7650        18.40
      1.7660        18.44
      1.7670        18.35
      1.7680        18.24
      1.7690        18.22
      1.7700        18.30
      1.7710        18.29
      1.7720        18.23
      1.7730        18.30
      1.7740        18.24
      1.7750        18.24
      1.7760        18.26
      1.7770        18.26
      1.7780        18.22
      1.7790        18.29
      1.7800        18.33
      1.7810        18.28
      1.7820        18.24
      1.7830        18.19
      1.7840        18.19
      1.7850        18.22
      1.7860        18.29
      1.7870        18.31
      1.7880        18.32
      1.7890        18.30
      1.7900        18.32
      1.7910        18.24
      1.7920        18.24
      1.7930        18.07
      1.7940        18.12
      1.7950        18.15
      1.7960        18.14
      1.7970        18.18
      1.7980        18.19
      1.7990        18.18
      1.8000        18.15
      1.8010        18.12
      1.8020        18.15
      1.8030        18.20
      1.8040        18.23
      1.8050        18.32
      1.8060        18.34
      1.8070        18.24
      1.8080        18.38
      1.8090        18.42
      1.8100        18.40
      1.8110        18.56
      1.8120        18.63
      1.8130        18.79
      1.8140        18.75
      1.8150        18.72
      1.8160        18.70
      1.8170        18.57
      1.8180        18.65
      1.8190        18.60
      1.8200        18.45
      1.8210        18.42
      1.8220        18.32
      1.8230        18.30
      1.8240        18.38
      1.8250        18.35
      1.8260        18.34
      1.8270        18.44
      1.8280        18.38
      1.8290        18.39
      1.8300        18.35
      1.8310        18.32
      1.8320        18.23
      1.8330        18.16
      1.8340        18.29
      1.8350        18.31
      1.8360        18.31
      1.8370        18.39
      1.8380        18.39
      1.8390        18.48
      1.8400        18.64
      1.8410        18.68
      1.8420        18.78
      1.8430        18.84
      1.8440        18.78
      1.8450        18.81
      1.8460        18.81
      1.8470        18.63
      1.8480        18.57
      1.8490        18.44
      1.8500        18.39
      1.8510        18.25
      1.8520        18.32
      1.8530        18.33
      1.8540        18.17
      1.8550        18.28
      1.8560        18.24
      1.8570        18.23
      1.8580        18.26
      1.8590        18.26
      1.8600        18.18
      1.8610        18.14
      1.8620        18.07
      1.8630        17.92
      1.8640        17.95
      1.8650        17.92
      1.8660        17.79
      1.8670        17.95
      1.8680        17.98
      1.8690        18.07
      1.8700        18.09
      1.8710        18.13
      1.8720        18.12
      1.8730        18.25
      1.8740        18.30
      1.8750        18.18
      1.8760        18.21
      1.8770        18.16
      1.8780        18.05
      1.8790        17.99
      1.8800        17.97
      1.8810        18.08
      1.8820        18.10
      1.8830        18.03
      1.8840        17.91
      1.8850        17.81
      1.8860        17.81
      1.8870        17.79
      1.8880        17.75
      1.8890        17.75
      1.8900        17.79
      1.8910        17.77
      1.8920        17.73
      1.8930        17.57
      1.8940        17.59
      1.8950        17.49
      1.8960        17.41
      1.8970        17.44
      1.8980        17.39
      1.8990        17.38
      1.9000        17.42
      1.9010        17.36
      1.9020        17.32
      1.9030        17.49
      1.9040        17.53
      1.9050        17.47
      1.9060        17.43
      1.9070        17.44
      1.9080        17.38
      1.9090        17.26
      1.9100        17.34
      1.9110        17.34
      1.9120        17.35
      1.9130        17.37
      1.9140        17.25
      1.9150        17.26
      1.9160        17.29
      1.9170        17.26
      1.9180        17.27
      1.9190        17.27
      1.9200        17.22
      1.9210        17.22
      1.9220        17.15
      1.9230        17.14
      1.9240        17.11
      1.9250        17.12
      1.9260        17.25
      1.9270        17.15
      1.9280        17.15
      1.9290        17.19
      1.9300        17.16
      1.9310        17.22
      1.9320        17.27
      1.9330        17.23
      1.9340        17.27
      1.9350        17.30
      1.9360        17.38
      1.9370        17.30
      1.9380        17.27
      1.9390        17.21
      1.9400        17.18
      1.9410        17.06
      1.9420        17.12
      1.9430        17.05
      1.9440        16.98
      1.9450        17.05
      1.9460        16.96
      1.9470        17.11
      1.9480        17.19
      1.9490        17.08
      1.9500        17.00
      1.9510        16.92
      1.9520        16.86
      1.9530        16.89
      1.9540        16.97
      1.9550        16.92
      1.9560        16.89
      1.9570        16.87
      1.9580        16.86
      1.9590        17.01
      1.9600        17.03
      1.9610        17.11
      1.9620        17.19
      1.9630        17.17
      1.9640        17.30
      1.9650        17.26
      1.9660        17.34
      1.9670        17.22
      1.9680        17.13
      1.9690        17.26
      1.9700        17.26
      1.9710        17.13
      1.9720        17.02
      1.9730        16.92
      1.9740        16.77
      1.9750        16.82
      1.9760        16.72
      1.9770        16.74
      1.9780        16.89
      1.9790        16.66
      1.9800        16.76
      1.9810        16.73
      1.9820        16.61
      1.9830        16.61
      1.9840        16.57
      1.9850        16.50
      1.9860        16.39
      1.9870        16.31
      1.9880        16.28
      1.9890        16.20
      1.9900        16.12
      1.9910        16.17
      1.9920        16.27
      1.9930        16.29
      1.9940        16.34
      1.9950        16.17
      1.9960        16.14
      1.9970        16.09
      1.9980        15.97
      1.9990        15.99
      2.0000        15.87
      2.0010        15.84
      2.0020        15.84
      2.0030        15.86
      2.0040        15.70
      2.0050        15.67
      2.0060        15.69
      2.0070        15.66
      2.0080        15.70
      2.0090        15.66
      2.0100        15.73
      2.0110        15.68
      2.0120        15.54
      2.0130        15.54
      2.0140        15.45
      2.0150        15.55
      2.0160        15.40
      2.0170        15.38
      2.0180        15.27
      2.0190        15.28
      2.0200        15.18
      2.0210        15.11
      2.0220        14.99
      2.0230        14.90
      2.0240        14.98
      2.0250        14.95
      2.0260        14.40
      2.0270        14.45
      2.0280        14.42
      2.0290        14.38
      2.0300        14.27
      2.0310        14.18
      2.0320        14.22
      2.0330        14.19
      2.0340        14.10
      2.0350        14.07
      2.0360        14.11
      2.0370        14.04
      2.0380        13.95
      2.0390        13.83
      2.0400        14.26
      2.0410        14.26
      2.0420        14.27
      2.0430        14.18
      2.0440        14.05
      2.0450        14.05
      2.0460        14.04
      2.0470        13.89
      2.0480        13.72
      2.0490        13.62
      2.0500        13.56
      2.0510        13.58
      2.0520        12.95
      2.0530        12.84
      2.0540        12.77
      2.0550        12.68
      2.0560        12.63
      2.0570        12.53
      2.0580        12.52
      2.0590        12.53
      2.0600        12.56
      2.0610        12.46
      2.0620        12.33
      2.0630        12.26
      2.0640        12.17
      2.0650        12.06
      2.0660        11.99
      2.0670        11.94
      2.0680        11.93
      2.0690        11.78
      2.0700        11.67
      2.0710        11.61
      2.0720        11.60
      2.0730        11.54
      2.0740        11.52
      2.0750        11.96
      2.0760        11.89
      2.0770        11.91
      2.0780        11.85
      2.0790        11.83
      2.0800        11.75
      2.0810        11.76
      2.0820        11.76
      2.0830        11.69
      2.0840        11.61
      2.0850        11.56
      2.0860        11.50
      2.0870        11.48
      2.0880        11.27
      2.0890        11.21
      2.0900        10.61
      2.0910        10.60
      2.0920        10.45
      2.0930        10.43
      2.0940        10.39
      2.0950        10.35
      2.0960        10.29
      2.0970        10.22
      2.0980        10.07
      2.0990         9.89
      2.1000         9.79
      2.1010         9.66
      2.1020         9.64
      2.1030         9.67
      2.1040         9.60
      2.1050         9.56
      2.1060         9.62
      2.1070         9.52
      2.1080         9.54
      2.1090         9.54
      2.1100         9.50
      2.1110         9.45
      2.1120         9.45
      2.1130         9.39
      2.1140         9.36
      2.1150         9.29
      2.1160         9.25
      2.1170         9.21
      2.1180         9.30
      2.1190         9.29
      2.1200         9.29
      2.1210         9.25
      2.1220         9.20
      2.1230         9.05
      2.1240         9.01
      2.1250         9.00
      2.1260         8.94
      2.1270         8.94
      2.1280         8.87
      2.1290         8.86
      2.1300         8.86
      2.1310         8.76
      2.1320         8.71
      2.1330         8.71
      2.1340         8.67
      2.1350         8.75
      2.1360         8.75
      2.1370         8.72
      2.1380         8.63
      2.1390         8.61
      2.1400         8.49
      2.1410         8.59
      2.1420         8.57
      2.1430         8.59
      2.1440         8.57
      2.1450         8.53
      2.1460         8.40
      2.1470         8.39
      2.1480         8.29
      2.1490         8.25
      2.1500         8.16
      2.1510         8.10
      2.1520         8.09
      2.1530         8.03
      2.1540         8.09
      2.1550         7.97
      2.1560         7.93
      2.1570         8.00
      2.1580         7.98
      2.1590         8.01
      2.1600         8.05
      2.1610         7.98
      2.1620         8.00
      2.1630         7.88
      2.1640         7.85
      2.1650         7.81
      2.1660         7.86
      2.1670         7.74
      2.1680         7.69
      2.1690         7.65
      2.1700         7.59
      2.1710         7.59
      2.1720         7.56
      2.1730         7.54
      2.1740         7.35
      2.1750         7.29
      2.1760         7.31
      2.1770         7.21
      2.1780         7.13
      2.1790         7.05
      2.1800         7.01
      2.1810         7.00
      2.1820         6.93
      2.1830         6.94
      2.1840         6.90
      2.1850         6.85
      2.1860         6.73
      2.1870         6.75
      2.1880         6.82
      2.1890         6.83
      2.1900         6.86
      2.1910         6.83
      2.1920         6.81
      2.1930         6.79
      2.1940         6.86
      2.1950         6.92
      2.1960         6.91
      2.1970         6.83
      2.1980         6.89
      2.1990         6.89
      2.2000         6.83
      2.2010         6.69
      2.2020         6.70
      2.2030         6.73
      2.2040         6.66
      2.2050         6.73
      2.2060         6.78
      2.2070         6.75
      2.2080         6.73
      2.2090         6.66
      2.2100         6.65
      2.2110         6.63
      2.2120         6.57
      2.2130         6.52
      2.2140         6.40
      2.2150         6.30
      2.2160         6.27
      2.2170         6.28
      2.2180         6.24
      2.2190         6.22
      2.2200         6.20
      2.2210         6.31
      2.2220         6.22
      2.2230         6.26
      2.2240         6.89
      2.2250         6.84
      2.2260         6.81
      2.2270         6.27
      2.2280         6.28
      2.2290         6.28
      2.2300         6.31
      2.2310         6.31
      2.2320         6.30
      2.2330         6.22
      2.2340         6.30
      2.2350         6.32
      2.2360         6.20
      2.2370         6.15
      2.2380         5.60
      2.2390         5.58
      2.2400         5.57
      2.2410         5.49
      2.2420         5.58
      2.2430         5.51
      2.2440         5.51
      2.2450         5.43
      2.2460         5.88
      2.2470         5.82
      2.2480         5.80
      2.2490         5.80
      2.2500         5.22
      2.2510         5.23
      2.2520         5.31
      2.2530         5.97
      2.2540         5.96
      2.2550         5.99
      2.2560         5.97
      2.2570         6.13
      2.2580         6.15
      2.2590         6.13
      2.2600         6.19
      2.2610         6.22
      2.2620         6.20
      2.2630         6.21
      2.2640         6.29
      2.2650         6.24
      2.2660         6.32
      2.2670         6.38
      2.2680         6.32
      2.2690         6.29
      2.2700         6.25
      2.2710         6.24
      2.2720         6.08
      2.2730         5.92
      2.2740         5.90
      2.2750         5.93
      2.2760         6.05
      2.2770         6.43
      2.2780         6.35
      2.2790         6.51
      2.2800         6.47
      2.2810         6.42
      2.2820         6.32
      2.2830         6.33
      2.2840         6.17
      2.2850         6.12
      2.2860         5.55
      2.2870         5.53
      2.2880         5.55
      2.2890         5.12
      2.2900         5.11
      2.2910         5.08
      2.2920         5.69
      2.2930         5.73
      2.2940         5.69
      2.2950         5.14
      2.2960         5.04
      2.2970         4.99
      2.2980         5.10
      2.2990         5.11
      2.3000         5.07
      2.3010         5.06
      2.3020         5.03
      2.3030         5.04
      2.3040         5.00
      2.3050         5.49
      2.3060         5.50
      2.3070         5.45
      2.3080         5.39
      2.3090         5.39
      2.3100         5.35
      2.3110         5.34
      2.3120         5.27
      2.3130         5.24
      2.3140         5.24
      2.3150         5.28
      2.3160         5.24
      2.3170         5.27
      2.3180         5.22
      2.3190         5.18
      2.3200         5.22
      2.3210         5.24
      2.3220         5.22
      2.3230         5.19
      2.3240         4.68
      2.3250         4.75
      2.3260         4.73
      2.3270         4.79
      2.3280         4.76
      2.3290         4.77
      2.3300         4.80
      2.3310         4.83
      2.3320         4.78
      2.3330         4.81
      2.3340         4.84
      2.3350         4.81
      2.3360         4.85
      2.3370         4.85
      2.3380         4.81
      2.3390         4.89
      2.3400         4.78
      2.3410         4.72
      2.3420         4.67
      2.3430         4.63
      2.3440         5.11
      2.3450         4.57
      2.3460         5.11
      2.3470         5.12
      2.3480         5.07
      2.3490         5.06
      2.3500         5.06
      2.3510         4.50
      2.3520         4.46
      2.3530         4.37
      2.3540         4.34
      2.3550         4.38
      2.3560         4.38
      2.3570         4.23
      2.3580         4.29
      2.3590         4.14
      2.3600         4.14
      2.3610         4.14
      2.3620         4.15
      2.3630         4.15
      2.3640         4.15
      2.3650         4.15
      2.3660         4.16
      2.3670         4.12
      2.3680         4.12
      2.3690         4.12
      2.3700         4.11
      2.3710         4.11
      2.3720         4.15
      2.3730         4.18
      2.3740         4.19
      2.3750         4.14
      2.3760         4.04
      2.3770         4.08
      2.3780         3.98
      2.3790         4.03
      2.3800         4.00
      2.3810         4.03
      2.3820         3.98
      2.3830         3.98
      2.3840         3.95
      2.3850         3.89
      2.3860         3.92
      2.3870         3.85
      2.3880         3.77
      2.3890         3.68
      2.3900         3.58
      2.3910         3.49
      2.3920         3.49
      2.3930         3.45
      2.3940         3.42
      2.3950         3.42
      2.3960         3.53
      2.3970         3.58
      2.3980         3.61
      2.3990         3.58
      2.4000         3.59
      2.4010         3.55
      2.4020         3.55
      2.4030         3.54
      2.4040         3.60
      2.4050         3.54
      2.4060         3.46
      2.4070         3.41
      2.4080         3.39
      2.4090         3.37
      2.4100         3.42
      2.4110         3.41
      2.4120         3.43
      2.4130         3.47
      2.4140         3.45
      2.4150         3.43
      2.4160         3.41
      2.4170         3.38
      2.4180         3.35
      2.4190         3.31
      2.4200         3.24
      2.4210         3.20
      2.4220         3.31
      2.4230         3.30
      2.4240         3.25
      2.4250         3.29
      2.4260         3.30
      2.4270         3.37
      2.4280         3.44
      2.4290         3.40
      2.4300         3.37
      2.4310         3.42
      2.4320         3.38
      2.4330         3.32
      2.4340         3.26
      2.4350         3.26
      2.4360         3.17
      2.4370         3.13
      2.4380         3.11
      2.4390         3.14
      2.4400         3.19
      2.4410         3.23
      2.4420         3.13
      2.4430         3.08
      2.4440         3.08
      2.4450         3.03
      2.4460         2.96
      2.4470         3.00
      2.4480         2.96
      2.4490         3.06
      2.4500         3.04
      2.4510         3.01
      2.4520         2.97
      2.4530         2.95
      2.4540         2.97
      2.4550         2.88
      2.4560         2.96
      2.4570         2.98
      2.4580         2.95
      2.4590         2.92
      2.4600         2.91
      2.4610         2.85
      2.4620         2.88
      2.4630         2.84
      2.4640         2.79
      2.4650         2.69
      2.4660         2.71
      2.4670         2.61
      2.4680         2.60
      2.4690         2.52
      2.4700         2.49
      2.4710         2.46
      2.4720         2.44
      2.4730         2.50
      2.4740         2.46
      2.4750         2.49
      2.4760         2.37
      2.4770         2.34
      2.4780         2.34
      2.4790         2.34
      2.4800         2.33
      2.4810         2.30
      2.4820         2.20
      2.4830         2.23
      2.4840         2.27
      2.4850         2.39
      2.4860         2.35
      2.4870         2.34
      2.4880         2.31
      2.4890         2.34
      2.4900         2.39
      2.4910         2.37
      2.4920         2.92
      2.4930         2.88
      2.4940         2.34
      2.4950         2.33
      2.4960         2.42
      2.4970         2.40
      2.4980         2.35
      2.4990         2.19
      2.5000         2.23
      2.5010         2.30
      2.5020         2.29
      2.5030         2.23
      2.5040         2.25
      2.5050         2.24
      2.5060         2.27
      2.5070         2.29
      2.5080         2.35
      2.5090         2.31
      2.5100         2.27
      2.5110         2.26
      2.5120         2.30
      2.5130         2.30
      2.5140         2.30
      2.5150         2.35
      2.5160         2.33
      2.5170         2.30
      2.5180         2.33
      2.5190         2.42
      2.5200         2.37
      2.5210         2.34
      2.5220         2.33
      2.5230         2.33
      2.5240         2.24
      2.5250         2.20
      2.5260         2.20
      2.5270         2.22
      2.5280         2.14
      2.5290         2.11
      2.5300         2.06
      2.5310         2.05
      2.5320         1.94
      2.5330         1.94
      2.5340         1.92
      2.5350         1.75
      2.5360         1.69
      2.5370         1.68
      2.5380         1.62
      2.5390         1.69
      2.5400         1.65
      2.5410         1.57
      2.5420         1.58
      2.5430         1.60
      2.5440         1.64
      2.5450         1.68
      2.5460         1.69
      2.5470         1.64
      2.5480         1.58
      2.5490         1.61
      2.5500         1.64
      2.5510         1.63
      2.5520         1.60
      2.5530         1.59
      2.5540         1.54
      2.5550         1.60
      2.5560         1.67
      2.5570         1.75
      2.5580         1.83
      2.5590         1.71
      2.5600         1.62
      2.5610         1.65
      2.5620         1.62
      2.5630         1.61
      2.5640         1.11
      2.5650         1.11
      2.5660         1.07
      2.5670         1.05
      2.5680         1.04
      2.5690         1.04
      2.5700         1.00
      2.5710         1.00
      2.5720         1.00
      2.5730         1.00
      2.5740         1.00
      2.5750         1.01
      2.5760         1.00
      2.5770         1.00
      2.5780         1.00
      2.5790         1.00
      2.5800         1.00
      2.5810         1.00
      2.5820         1.00
      2.5830         1.00
      2.5840         1.00
      2.5850         1.00
      2.5860         1.05
      2.5870         1.07
      2.5880         1.07
      2.5890         1.08
      2.5900         1.09
      2.5910         1.12
      2.5920         1.09
      2.5930         1.12
      2.5940         1.07
      2.5950         1.04
      2.5960         1.00
      2.5970         1.00
      2.5980         1.00
      2.5990         1.00
      2.6000         1.00
      2.6010         1.00
      2.6020         1.00
      2.6030         1.00
      2.6040         1.36
      2.6050         1.37
      2.6060         1.36
      2.6070         1.33
      2.6080         1.36
      2.6090         1.37
      2.6100         1.40
      2.6110         1.35
      2.6120         1.39
      2.6130         1.44
      2.6140         1.53
      2.6150         1.57
      2.6160         1.68
      2.6170         1.61
      2.6180         1.56
      2.6190         1.00
      2.6200         1.01
      2.6210         1.53
      2.6220         1.48
      2.6230         1.42
      2.6240         1.50
      2.6250         1.61
      2.6260         1.60
      2.6270         1.56
      2.6280         1.54
      2.6290         1.48
      2.6300         1.00
      2.6310         1.00
      2.6320         1.00
      2.6330         1.40
      2.6340         1.00
      2.6350         1.00
      2.6360         1.36
      2.6370         1.40
      2.6380         1.49
      2.6390         1.45
      2.6400         1.48
      2.6410         1.53
      2.6420         1.57
      2.6430         1.56
      2.6440         1.45
      2.6450         1.36
      2.6460         1.00
      2.6470         1.00
      2.6480         1.00
      2.6490         1.00
      2.6500         1.50
      2.6510         1.54
      2.6520         1.07
      2.6530         1.11
      2.6540         1.09
      2.6550         1.11
      2.6560         1.08
      2.6570         1.05
      2.6580         1.00
      2.6590         1.44
      2.6600         1.00
      2.6610         1.00
      2.6620         1.00
      2.6630         1.00
      2.6640         1.00
      2.6650         1.00
      2.6660         1.00
      2.6670         1.00
      2.6680         1.00
      2.6690         1.00
      2.6700         1.00
      2.6710         1.00
      2.6720         1.00
      2.6730         1.00
      2.6740         1.00
      2.6750         1.00
      2.6760         1.00
      2.6770         1.00
      2.6780         1.00
      2.6790         1.00
      2.6800         1.00
      2.6810         1.00
      2.6820         1.00
      2.6830         1.00
      2.6840         1.00
      2.6850         1.00
      2.6860         1.00
      2.6870         1.00
      2.6880         1.00
      2.6890         1.00
      2.6900         1.00
      2.6910         1.00
      2.6920         1.00
      2.6930         1.00
      2.6940         1.00
      2.6950         1.00
      2.6960         1.00
      2.6970         1.00
      2.6980         1.00
      2.6990         1.00
      2.7000         1.00
      2.7010         1.00
      2.7020         1.00
      2.7030         1.00
      2.7040         1.00
      2.7050         1.00
      2.7060         1.00
      2.7070         1.00
      2.7080         1.00
      2.7090         1.00
      2.7100         1.00
      2.7110         1.00
      2.7120         1.00
      2.7130         1.00
      2.7140         1.00
      2.7150         1.00
      2.7160         1.00
      2.7170         1.00
      2.7180         1.00
      2.7190         1.00
      2.7200         1.00
      2.7210         1.00
      2.7220         1.00
      2.7230         1.00
      2.7240         1.00
      2.7250         1.00
      2.7260         1.00
      2.7270         1.00
      2.7280         1.00
      2.7290         1.00
      2.7300         1.00
      2.7310         1.00
      2.7320         1.00
      2.7330         1.00
      2.7340         1.00
      2.7350         1.00
      2.7360         1.00
      2.7370         1.00
      2.7380         1.00
      2.7390         1.00
      2.7400         1.00
      2.7410         1.00
      2.7420         1.00
      2.7430         1.00
      2.7440         1.00
      2.7450         1.00
      2.7460         1.00
      2.7470         1.00
      2.7480         1.00
      2.7490         1.00
      2.7500         1.00
      2.7510         1.00
      2.7520         1.00
      2.7530         1.00
      2.7540         1.00
      2.7550         1.00
      2.7560         1.00
      2.7570         1.00
      2.7580         1.00
      2.7590         1.00
      2.7600         1.00
      2.7610         1.00
      2.7620         1.00
      2.7630         1.00
      2.7640         1.00
      2.7650         1.00
      2.7660         1.00
      2.7670         1.00
      2.7680         1.00
      2.7690         1.00
      2.7700         1.00
      2.7710         1.00
      2.7720         1.00
      2.7730         1.00
      2.7740         1.00
      2.7750         1.00
      2.7760         1.00
      2.7770         1.00
      2.7780         1.00
      2.7790         1.00
      2.7800         1.00
      2.7810         1.00
      2.7820         1.00
      2.7830         1.00
      2.7840         1.00
      2.7850         1.00
      2.7860         1.00
      2.7870         1.00
      2.7880         1.00
      2.7890         1.00
      2.7900         1.00
      2.7910         1.00
      2.7920         1.00
      2.7930         1.00
      2.7940         1.00
      2.7950         1.00
      2.7960         1.00
      2.7970         1.00
      2.7980         1.00
      2.7990         1.00
      2.8000         1.00
      2.8010         1.00
      2.8020         1.00
      2.8030         1.00
      2.8040         1.00
      2.8050         1.00
      2.8060         1.00
      2.8070         1.00
      2.8080         1.00
      2.8090         1.00
      2.8100         1.00
      2.8110         1.00
      2.8120         1.00
      2.8130         1.00
      2.8140         1.00
      2.8150         1.00
      2.8160         1.00
      2.8170         1.00
      2.8180         1.00
      2.8190         1.00
      2.8200         1.00
      2.8210         1.00
      2.8220         1.00
      2.8230         1.00
      2.8240         1.00
      2.8250         1.00
      2.8260         1.00
      2.8270         1.00
      2.8280         1.00
      2.8290         1.00
      2.8300         1.00
      2.8310         1.00
      2.8320         1.00
      2.8330         1.00
      2.8340         1.00
      2.8350         1.00
      2.8360         1.00
      2.8370         1.00
      2.8380         1.00
      2.8390         1.00
      2.8400         1.00
      2.8410         1.00
      2.8420         1.00
      2.8430         1.00
      2.8440         1.00
      2.8450         1.00
      2.8460         1.00
      2.8470         1.00
      2.8480         1.00
      2.8490         1.00
      2.8500         1.00
      2.8510         1.00
      2.8520         1.00
      2.8530         1.00
      2.8540         1.00
      2.8550         1.00
      2.8560         1.00
      2.8570         1.00
      2.8580         1.00
      2.8590         1.00
      2.8600         1.00
      2.8610         1.00
      2.8620         1.00
      2.8630         1.00
      2.8640         1.00
      2.8650         1.00
      2.8660         1.00
      2.8670         1.00
      2.8680         1.00
      2.8690         1.00
      2.8700         1.00
      2.8710         1.00
      2.8720         1.00
      2.8730         1.00
      2.8740         1.00
      2.8750         1.00
      2.8760         1.00
      2.8770         1.00
      2.8780         1.00
      2.8790         1.00
      2.8800         1.00
      2.8810         1.00
      2.8820         1.00
      2.8830         1.00
      2.8840         1.00
      2.8850         1.00
      2.8860         1.00
      2.8870         1.00
      2.8880         1.00
      2.8890         1.00
      2.8900         1.00
      2.8910         1.00
      2.8920         1.00
      2.8930         1.00
      2.8940         1.00
      2.8950         1.00
      2.8960         1.00
      2.8970         1.00
      2.8980         1.00
      2.8990         1.00
      2.9000         1.00
      2.9010         1.00
      2.9020         1.00
      2.9030         1.00
      2.9040         1.00
      2.9050         1.00
      2.9060         1.00
      2.9070         1.00
      2.9080         1.00
      2.9090         1.00
      2.9100         1.00
      2.9110         1.00
      2.9120         1.00
      2.9130         1.00
      2.9140         1.00
      2.9150         1.00
      2.9160         1.00
      2.9170         1.00
      2.9180         1.00
      2.9190         1.00
      2.9200         1.00
      2.9210         1.00
      2.9220         1.00
      2.9230         1.00
      2.9240         1.00
      2.9250         1.00
      2.9260         1.00
      2.9270         1.00
      2.9280         1.00
      2.9290         1.00
      2.9300         1.00
      2.9310         1.00
      2.9320         1.00
      2.9330         1.00
      2.9340         1.00
      2.9350         1.00
      2.9360         1.00
      2.9370         1.00
      2.9380         1.00
      2.9390         1.00
      2.9400         1.00
      2.9410         1.00
      2.9420         1.00
      2.9430         1.00
      2.9440         1.00
      2.9450         1.00
      2.9460         1.00
      2.9470         1.00
      2.9480         1.00
      2.9490         1.00
      2.9500         1.00
      2.9510         1.00
      2.9520         1.00
      2.9530         1.00
      2.9540         1.00
      2.9550         1.00
      2.9560         1.00
      2.9570         1.00
      2.9580         1.00
      2.9590         1.00
      2.9600         1.00
      2.9610         1.00
      2.9620         1.00
      2.9630         1.00
      2.9640         1.00
      2.9650         1.00
      2.9660         1.00
      2.9670         1.00
      2.9680         1.00
      2.9690         1.00
      2.9700         1.00
      2.9710         1.00
      2.9720         1.00
      2.9730         1.00
      2.9740         1.00
      2.9750         1.00
      2.9760         1.00
      2.9770         1.00
      2.9780         1.00
      2.9790         1.00
      2.9800         1.00
      2.9810         1.00
      2.9820         1.00
      2.9830         1.00
      2.9840         1.00
      2.9850         1.00
      2.9860         1.00
      2.9870         1.00
      2.9880         1.00
      2.9890         1.00
      2.9900         1.00
      2.9910         1.00
      2.9920         1.00
      2.9930         1.00
      2.9940         1.00
      2.9950         1.00
      2.9960         1.00
      2.9970         1.00
      2.9980         1.00
      2.9990         1.00
