        Time   Palpation Force
      0.0000         1.00
      0.0010         1.00
      0.0020         1.00
      0.0030         1.00
      0.0040         1.00
      0.0050         1.00
      0.0060         1.00
      0.0070         1.00
      0.0080         1.00
      0.0090         1.00
      0.0100         1.00
      0.0110         1.00
      0.0120         1.00
      0.0130         1.00
      0.0140         1.00
      0.0150         1.00
      0.0160         1.00
      0.0170         1.00
      0.0180         1.00
      0.0190         1.00
      0.0200         1.00
      0.0210         1.00
      0.0220         1.00
      0.0230         1.00
      0.0240         1.00
      0.0250         1.00
      0.0260         1.00
      0.0270         1.00
      0.0280         1.00
      0.0290         1.00
      0.0300         1.00
      0.0310         1.00
      0.0320         1.00
      0.0330         1.00
      0.0340         1.00
      0.0350         1.00
      0.0360         1.00
      0.0370         1.00
      0.0380         1.00
      0.0390         1.00
      0.0400         1.00
      0.0410         1.00
      0.0420         1.00
      0.0430         1.00
      0.0440         1.00
      0.0450         1.00
      0.0460         1.00
      0.0470         1.00
      0.0480         1.00
      0.0490         1.00
      0.0500         1.00
      0.0510         1.00
      0.0520         1.00
      0.0530         1.00
      0.0540         1.00
      0.0550         1.00
      0.0560         1.00
      0.0570         1.00
      0.0580         1.00
      0.0590         1.00
      0.0600         1.00
      0.0610         1.00
      0.0620         1.00
      0.0630         1.00
      0.0640         1.00
      0.0650         1.00
      0.0660         1.00
      0.0670         1.00
      0.0680         1.00
      0.0690         1.00
      0.0700         1.00
      0.0710         1.00
      0.0720         1.00
      0.0730         1.00
      0.0740         1.00
      0.0750         1.00
      0.0760         1.00
      0.0770         1.00
      0.0780         1.00
      0.0790         1.00
      0.0800         1.00
      0.0810         1.00
      0.0820         1.00
      0.0830         1.00
      0.0840         1.00
      0.0850         1.00
      0.0860         1.00
      0.0870         1.00
      0.0880         1.00
      0.0890         1.00
      0.0900         1.00
      0.0910         1.00
      0.0920         1.00
      0.0930         1.00
      0.0940         1.00
      0.0950         1.00
      0.0960         1.00
      0.0970         1.00
      0.0980         1.00
      0.0990         1.00
      0.1000         1.00
      0.1010         1.00
      0.1020         1.00
      0.1030         1.00
      0.1040         1.00
      0.1050         1.00
      0.1060         1.00
      0.1070         1.00
      0.1080         1.00
      0.1090         1.00
      0.1100         1.00
      0.1110         1.00
      0.1120         1.00
      0.1130         1.00
      0.1140         1.00
      0.1150         1.00
      0.1160         1.00
      0.1170         1.00
      0.1180         1.00
      0.1190         1.00
      0.1200         1.00
      0.1210         1.00
      0.1220         1.00
      0.1230         1.00
      0.1240         1.00
      0.1250         1.00
      0.1260         1.00
      0.1270         1.00
      0.1280         1.00
      0.1290         1.00
      0.1300         1.00
      0.1310         1.00
      0.1320         1.00
      0.1330         1.00
      0.1340         1.00
      0.1350         1.00
      0.1360         1.00
      0.1370         1.00
      0.1380         1.00
      0.1390         1.00
      0.1400         1.00
      0.1410         1.00
      0.1420         1.00
      0.1430         1.00
      0.1440         1.00
      0.1450         1.00
      0.1460         1.00
      0.1470         1.00
      0.1480         1.00
      0.1490         1.00
      0.1500         1.00
      0.1510         1.00
      0.1520         1.00
      0.1530         1.00
      0.1540         1.00
      0.1550         1.00
      0.1560         1.00
      0.1570         1.00
      0.1580         1.00
      0.1590         1.00
      0.1600         1.00
      0.1610         1.00
      0.1620         1.00
      0.1630         1.00
      0.1640         1.00
      0.1650         1.00
      0.1660         1.00
      0.1670         1.00
      0.1680         1.00
      0.1690         1.00
      0.1700         1.00
      0.1710         1.00
      0.1720         1.00
      0.1730         1.00
      0.1740         1.00
      0.1750         1.00
      0.1760         1.00
      0.1770         1.00
      0.1780         1.00
      0.1790         1.00
      0.1800         1.00
      0.1810         1.00
      0.1820         1.00
      0.1830         1.00
      0.1840         1.00
      0.1850         1.00
      0.1860         1.00
      0.1870         1.00
      0.1880         1.00
      0.1890         1.00
      0.1900         1.00
      0.1910         1.00
      0.1920         1.00
      0.1930         1.00
      0.1940         1.00
      0.1950         1.00
      0.1960         1.00
      0.1970         1.00
      0.1980         1.00
      0.1990         1.00
      0.2000         1.00
      0.2010         1.00
      0.2020         1.00
      0.2030         1.00
      0.2040         1.00
      0.2050         1.00
      0.2060         1.00
      0.2070         1.00
      0.2080         1.00
      0.2090         1.00
      0.2100         1.00
      0.2110         1.00
      0.2120         1.00
      0.2130         1.00
      0.2140         1.00
      0.2150         1.00
      0.2160         1.00
      0.2170         1.00
      0.2180         1.00
      0.2190         1.00
      0.2200         1.00
      0.2210         1.00
      0.2220         1.00
      0.2230         1.00
      0.2240         1.00
      0.2250         1.00
      0.2260         1.00
      0.2270         1.00
      0.2280         1.00
      0.2290         1.00
      0.2300         1.00
      0.2310         1.00
      0.2320         1.00
      0.2330         1.00
      0.2340         1.00
      0.2350         1.00
      0.2360         1.00
      0.2370         1.00
      0.2380         1.00
      0.2390         1.00
      0.2400         1.00
      0.2410         1.00
      0.2420         1.00
      0.2430         1.00
      0.2440         1.00
      0.2450         1.00
      0.2460         1.00
      0.2470         1.00
      0.2480         1.00
      0.2490         1.00
      0.2500         1.00
      0.2510         1.00
      0.2520         1.00
      0.2530         1.00
      0.2540         1.00
      0.2550         1.00
      0.2560         1.00
      0.2570         1.00
      0.2580         1.00
      0.2590         1.00
      0.2600         1.00
      0.2610         1.00
      0.2620         1.00
      0.2630         1.00
      0.2640         1.00
      0.2650         1.00
      0.2660         1.00
      0.2670         1.00
      0.2680         1.00
      0.2690         1.00
      0.2700         1.00
      0.2710         1.00
      0.2720         1.00
      0.2730         1.00
      0.2740         1.00
      0.2750         1.00
      0.2760         1.00
      0.2770         1.00
      0.2780         1.00
      0.2790         1.00
      0.2800         1.00
      0.2810         1.00
      0.2820         1.00
      0.2830         1.00
      0.2840         1.00
      0.2850         1.00
      0.2860         1.00
      0.2870         1.00
      0.2880         1.00
      0.2890         1.00
      0.2900         1.00
      0.2910         1.00
      0.2920         1.00
      0.2930         1.00
      0.2940         1.00
      0.2950         1.00
      0.2960         1.00
      0.2970         1.00
      0.2980         1.00
      0.2990         1.00
      0.3000         1.00
      0.3010         1.00
      0.3020         1.00
      0.3030         1.00
      0.3040         1.00
      0.3050         1.00
      0.3060         1.00
      0.3070         1.00
      0.3080         1.00
      0.3090         1.00
      0.3100         1.00
      0.3110         1.00
      0.3120         1.00
      0.3130         1.00
      0.3140         1.00
      0.3150         1.00
      0.3160         1.00
      0.3170         1.00
      0.3180         1.00
      0.3190         1.00
      0.3200         1.00
      0.3210         1.00
      0.3220         1.00
      0.3230         1.00
      0.3240         1.00
      0.3250         1.00
      0.3260         1.00
      0.3270         1.00
      0.3280         1.00
      0.3290         1.00
      0.3300         1.00
      0.3310         1.00
      0.3320         1.00
      0.3330         1.00
      0.3340         1.00
      0.3350         1.00
      0.3360         1.00
      0.3370         1.00
      0.3380         1.00
      0.3390         1.00
      0.3400         1.00
      0.3410         1.00
      0.3420         1.00
      0.3430         1.00
      0.3440         1.00
      0.3450         1.00
      0.3460         1.00
      0.3470         1.00
      0.3480         1.00
      0.3490         1.00
      0.3500         1.00
      0.3510         1.00
      0.3520         1.00
      0.3530         1.00
      0.3540         1.00
      0.3550         1.00
      0.3560         1.00
      0.3570         1.00
      0.3580         1.00
      0.3590         1.00
      0.3600         1.00
      0.3610         1.00
      0.3620         1.00
      0.3630         1.00
      0.3640         1.00
      0.3650         1.00
      0.3660         1.00
      0.3670         1.00
      0.3680         1.00
      0.3690         1.00
      0.3700         1.00
      0.3710         1.00
      0.3720         1.00
      0.3730         1.00
      0.3740         1.00
      0.3750         1.00
      0.3760         1.00
      0.3770         1.00
      0.3780         1.00
      0.3790         1.00
      0.3800         1.00
      0.3810         1.00
      0.3820         1.00
      0.3830         1.00
      0.3840         1.00
      0.3850         1.00
      0.3860         1.00
      0.3870         1.00
      0.3880         1.00
      0.3890         1.00
      0.3900         1.00
      0.3910         1.00
      0.3920         1.00
      0.3930         1.00
      0.3940         1.00
      0.3950         1.00
      0.3960         1.00
      0.3970         1.00
      0.3980         1.00
      0.3990         1.00
      0.4000         1.00
      0.4010         1.00
      0.4020         1.00
      0.4030         1.00
      0.4040         1.00
      0.4050         1.00
      0.4060         1.00
      0.4070         1.00
      0.4080         1.00
      0.4090         1.00
      0.4100         1.00
      0.4110         1.00
      0.4120         1.00
      0.4130         1.00
      0.4140         1.00
      0.4150         1.00
      0.4160         1.00
      0.4170         1.00
      0.4180         1.00
      0.4190         1.00
      0.4200         1.00
      0.4210         1.00
      0.4220         1.00
      0.4230         1.00
      0.4240         1.00
      0.4250         1.00
      0.4260         1.00
      0.4270         1.00
      0.4280         1.00
      0.4290         1.00
      0.4300         1.00
      0.4310         1.00
      0.4320         1.00
      0.4330         1.00
      0.4340         1.00
      0.4350         1.00
      0.4360         1.00
      0.4370         1.00
      0.4380         1.00
      0.4390         1.00
      0.4400         1.00
      0.4410         1.00
      0.4420         1.00
      0.4430         1.00
      0.4440         1.00
      0.4450         1.00
      0.4460         1.00
      0.4470         1.00
      0.4480         1.00
      0.4490         1.00
      0.4500         1.00
      0.4510         1.00
      0.4520         1.00
      0.4530         1.00
      0.4540         1.00
      0.4550         1.00
      0.4560         1.00
      0.4570         1.00
      0.4580         1.00
      0.4590         1.00
      0.4600         1.00
      0.4610         1.00
      0.4620         1.00
      0.4630         1.00
      0.4640         1.00
      0.4650         1.00
      0.4660         1.00
      0.4670         1.00
      0.4680         1.00
      0.4690         1.00
      0.4700         1.00
      0.4710         1.00
      0.4720         1.00
      0.4730         1.00
      0.4740         1.00
      0.4750         1.00
      0.4760         1.00
      0.4770         1.00
      0.4780         1.00
      0.4790         1.00
      0.4800         1.00
      0.4810         1.00
      0.4820         1.00
      0.4830         1.00
      0.4840         1.00
      0.4850         1.00
      0.4860         1.00
      0.4870         1.00
      0.4880         1.00
      0.4890         1.00
      0.4900         1.00
      0.4910         1.00
      0.4920         1.00
      0.4930         1.00
      0.4940         1.00
      0.4950         1.00
      0.4960         1.00
      0.4970         1.00
      0.4980         1.00
      0.4990         1.00
      0.5000         1.00
      0.5010         1.00
      0.5020         1.00
      0.5030         1.00
      0.5040         1.00
      0.5050         1.00
      0.5060         1.00
      0.5070         1.00
      0.5080         1.00
      0.5090         1.00
      0.5100         1.00
      0.5110         1.00
      0.5120         1.00
      0.5130         1.00
      0.5140         1.00
      0.5150         1.00
      0.5160         1.00
      0.5170         1.00
      0.5180         1.00
      0.5190         1.00
      0.5200         1.00
      0.5210         1.00
      0.5220         1.00
      0.5230         1.00
      0.5240         1.00
      0.5250         1.00
      0.5260         1.00
      0.5270         1.00
      0.5280         1.00
      0.5290         1.00
      0.5300         1.00
      0.5310         1.00
      0.5320         1.00
      0.5330         1.00
      0.5340         1.00
      0.5350         1.00
      0.5360         1.00
      0.5370         1.00
      0.5380         1.00
      0.5390         1.00
      0.5400         1.00
      0.5410         1.00
      0.5420         1.00
      0.5430         1.00
      0.5440         1.00
      0.5450         1.00
      0.5460         1.00
      0.5470         1.00
      0.5480         1.00
      0.5490         1.00
      0.5500         1.00
      0.5510         1.00
      0.5520         1.00
      0.5530         1.00
      0.5540         1.00
      0.5550         1.00
      0.5560         1.00
      0.5570         1.00
      0.5580         1.00
      0.5590         1.00
      0.5600         1.00
      0.5610         1.00
      0.5620         1.00
      0.5630         1.00
      0.5640         1.00
      0.5650         1.00
      0.5660         1.00
      0.5670         1.00
      0.5680         1.00
      0.5690         1.00
      0.5700         1.00
      0.5710         1.00
      0.5720         1.00
      0.5730         1.00
      0.5740         1.00
      0.5750         1.00
      0.5760         1.00
      0.5770         1.00
      0.5780         1.00
      0.5790         1.00
      0.5800         1.00
      0.5810         1.00
      0.5820         1.00
      0.5830         1.00
      0.5840         1.00
      0.5850         1.00
      0.5860         1.00
      0.5870         1.00
      0.5880         1.00
      0.5890         1.00
      0.5900         1.00
      0.5910         1.00
      0.5920         1.00
      0.5930         1.00
      0.5940         1.00
      0.5950         1.00
      0.5960         1.00
      0.5970         1.00
      0.5980         1.00
      0.5990         1.00
      0.6000         1.00
      0.6010         1.00
      0.6020         1.00
      0.6030         1.00
      0.6040         1.00
      0.6050         1.00
      0.6060         1.00
      0.6070         1.00
      0.6080         1.00
      0.6090         1.00
      0.6100         1.00
      0.6110         1.00
      0.6120         1.00
      0.6130         1.00
      0.6140         1.00
      0.6150         1.00
      0.6160         1.00
      0.6170         1.00
      0.6180         1.00
      0.6190         1.00
      0.6200         1.00
      0.6210         1.00
      0.6220         1.00
      0.6230         1.00
      0.6240         1.00
      0.6250         1.00
      0.6260         1.00
      0.6270         1.00
      0.6280         1.00
      0.6290         1.00
      0.6300         1.00
      0.6310         1.00
      0.6320         1.00
      0.6330         1.00
      0.6340         1.00
      0.6350         1.00
      0.6360         1.00
      0.6370         1.00
      0.6380         1.00
      0.6390         1.00
      0.6400         1.00
      0.6410         1.00
      0.6420         1.00
      0.6430         1.00
      0.6440         1.00
      0.6450         1.00
      0.6460         1.00
      0.6470         1.00
      0.6480         1.00
      0.6490         1.00
      0.6500         1.00
      0.6510         1.00
      0.6520         1.00
      0.6530         1.00
      0.6540         1.00
      0.6550         1.00
      0.6560         1.00
      0.6570         1.00
      0.6580         1.00
      0.6590         1.00
      0.6600         1.00
      0.6610         1.00
      0.6620         1.00
      0.6630         1.00
      0.6640         1.00
      0.6650         1.00
      0.6660         1.00
      0.6670         1.00
      0.6680         1.00
      0.6690         1.00
      0.6700         1.00
      0.6710         1.00
      0.6720         1.00
      0.6730         1.00
      0.6740         1.00
      0.6750         1.00
      0.6760         1.00
      0.6770         1.00
      0.6780         1.00
      0.6790         1.00
      0.6800         1.00
      0.6810         1.00
      0.6820         1.00
      0.6830         1.00
      0.6840         1.00
      0.6850         1.00
      0.6860         1.00
      0.6870         1.00
      0.6880         1.00
      0.6890         1.00
      0.6900         1.00
      0.6910         1.00
      0.6920         1.00
      0.6930         1.00
      0.6940         1.00
      0.6950         1.00
      0.6960         1.00
      0.6970         1.00
      0.6980         1.00
      0.6990         1.00
      0.7000         1.00
      0.7010         1.00
      0.7020         1.00
      0.7030         1.00
      0.7040         1.00
      0.7050         1.00
      0.7060         1.00
      0.7070         1.00
      0.7080         1.00
      0.7090         1.00
      0.7100         1.00
      0.7110         1.00
      0.7120         1.00
      0.7130         1.00
      0.7140         1.00
      0.7150         1.00
      0.7160         1.00
      0.7170         1.00
      0.7180         1.00
      0.7190         1.00
      0.7200         1.00
      0.7210         1.00
      0.7220         1.00
      0.7230         1.00
      0.7240         1.00
      0.7250         1.00
      0.7260         1.00
      0.7270         1.00
      0.7280         1.00
      0.7290         1.00
      0.7300         1.00
      0.7310         1.00
      0.7320         1.00
      0.7330         1.00
      0.7340         1.00
      0.7350         1.00
      0.7360         1.00
      0.7370         1.00
      0.7380         1.00
      0.7390         1.00
      0.7400         1.00
      0.7410         1.00
      0.7420         1.00
      0.7430         1.00
      0.7440         1.00
      0.7450         1.00
      0.7460         1.00
      0.7470         1.00
      0.7480         1.00
      0.7490         1.00
      0.7500         1.00
      0.7510         1.00
      0.7520         1.00
      0.7530         1.00
      0.7540         1.00
      0.7550         1.00
      0.7560         1.00
      0.7570         1.00
      0.7580         1.00
      0.7590         1.00
      0.7600         1.00
      0.7610         1.00
      0.7620         1.00
      0.7630         1.00
      0.7640         1.00
      0.7650         1.00
      0.7660         1.00
      0.7670         1.00
      0.7680         1.00
      0.7690         1.00
      0.7700         1.00
      0.7710         1.00
      0.7720         1.00
      0.7730         1.00
      0.7740         1.00
      0.7750         1.00
      0.7760         1.00
      0.7770         1.00
      0.7780         1.00
      0.7790         1.00
      0.7800         1.00
      0.7810         1.00
      0.7820         1.00
      0.7830         1.00
      0.7840         1.00
      0.7850         1.00
      0.7860         1.00
      0.7870         1.00
      0.7880         1.00
      0.7890         1.00
      0.7900         1.00
      0.7910         1.00
      0.7920         1.00
      0.7930         1.00
      0.7940         1.00
      0.7950         1.00
      0.7960         1.00
      0.7970         1.00
      0.7980         1.00
      0.7990         1.00
      0.8000         1.00
      0.8010         1.00
      0.8020         1.00
      0.8030         1.00
      0.8040         1.00
      0.8050         1.00
      0.8060         1.00
      0.8070         1.00
      0.8080         1.00
      0.8090         1.00
      0.8100         1.00
      0.8110         1.00
      0.8120         1.00
      0.8130         1.00
      0.8140         1.00
      0.8150         1.00
      0.8160         1.00
      0.8170         1.00
      0.8180         1.00
      0.8190         1.00
      0.8200         1.00
      0.8210         1.00
      0.8220         1.00
      0.8230         1.00
      0.8240         1.00
      0.8250         1.00
      0.8260         1.00
      0.8270         1.00
      0.8280         1.00
      0.8290         1.00
      0.8300         1.00
      0.8310         1.00
      0.8320         1.00
      0.8330         1.00
      0.8340         1.00
      0.8350         1.00
      0.8360         1.00
      0.8370         1.00
      0.8380         1.00
      0.8390         1.00
      0.8400         1.00
      0.8410         1.00
      0.8420         1.00
      0.8430         1.00
      0.8440         1.00
      0.8450         1.00
      0.8460         1.00
      0.8470         1.00
      0.8480         1.00
      0.8490         1.00
      0.8500         1.00
      0.8510         1.00
      0.8520         1.00
      0.8530         1.00
      0.8540         1.00
      0.8550         1.00
      0.8560         1.00
      0.8570         1.00
      0.8580         1.00
      0.8590         1.00
      0.8600         1.00
      0.8610         1.00
      0.8620         1.00
      0.8630         1.00
      0.8640         1.00
      0.8650         1.00
      0.8660         1.00
      0.8670         1.00
      0.8680         1.00
      0.8690         1.00
      0.8700         1.00
      0.8710         1.00
      0.8720         1.00
      0.8730         1.00
      0.8740         1.00
      0.8750         1.00
      0.8760         1.00
      0.8770         1.00
      0.8780         1.00
      0.8790         1.00
      0.8800         1.00
      0.8810         1.00
      0.8820         1.00
      0.8830         1.00
      0.8840         1.00
      0.8850         1.00
      0.8860         1.00
      0.8870         1.00
      0.8880         1.00
      0.8890         1.00
      0.8900         1.00
      0.8910         1.00
      0.8920         1.00
      0.8930         1.00
      0.8940         1.00
      0.8950         1.00
      0.8960         1.00
      0.8970         1.00
      0.8980         1.00
      0.8990         1.00
      0.9000         1.00
      0.9010         1.00
      0.9020         1.00
      0.9030         1.00
      0.9040         1.00
      0.9050         1.00
      0.9060         1.00
      0.9070         1.00
      0.9080         1.00
      0.9090         1.00
      0.9100         1.00
      0.9110         1.00
      0.9120         1.00
      0.9130         1.00
      0.9140         1.00
      0.9150         1.00
      0.9160         1.00
      0.9170         1.00
      0.9180         1.00
      0.9190         1.00
      0.9200         1.00
      0.9210         1.00
      0.9220         1.00
      0.9230         1.00
      0.9240         1.00
      0.9250         1.00
      0.9260         1.00
      0.9270         1.00
      0.9280         1.00
      0.9290         1.00
      0.9300         1.00
      0.9310         1.00
      0.9320         1.00
      0.9330         1.00
      0.9340         1.00
      0.9350         1.00
      0.9360         1.00
      0.9370         1.00
      0.9380         1.00
      0.9390         1.00
      0.9400         1.00
      0.9410         1.00
      0.9420         1.00
      0.9430         1.00
      0.9440         1.00
      0.9450         1.00
      0.9460         1.00
      0.9470         1.00
      0.9480         1.00
      0.9490         1.00
      0.9500         1.00
      0.9510         1.00
      0.9520         1.00
      0.9530         1.00
      0.9540         1.00
      0.9550         1.00
      0.9560         1.00
      0.9570         1.00
      0.9580         1.00
      0.9590         1.00
      0.9600         1.00
      0.9610         1.00
      0.9620         1.00
      0.9630         1.00
      0.9640         1.00
      0.9650         1.00
      0.9660         1.00
      0.9670         1.00
      0.9680         1.00
      0.9690         1.00
      0.9700         1.00
      0.9710         1.00
      0.9720         1.00
      0.9730         1.00
      0.9740         1.00
      0.9750         1.00
      0.9760         1.00
      0.9770         1.00
      0.9780         1.00
      0.9790         1.00
      0.9800         1.00
      0.9810         1.00
      0.9820         1.00
      0.9830         1.00
      0.9840         1.00
      0.9850         1.00
      0.9860         1.00
      0.9870         1.00
      0.9880         1.00
      0.9890         1.00
      0.9900         1.00
      0.9910         1.00
      0.9920         1.00
      0.9930         1.00
      0.9940         1.00
      0.9950         1.00
      0.9960         1.00
      0.9970         1.00
      0.9980         1.00
      0.9990         1.00
      1.0000         1.00
      1.0010         1.00
      1.0020         1.00
      1.0030         1.00
      1.0040         1.00
      1.0050         1.00
      1.0060         1.00
      1.0070         1.00
      1.0080         1.00
      1.0090         1.00
      1.0100         1.00
      1.0110         1.00
      1.0120         1.00
      1.0130         1.00
      1.0140         1.00
      1.0150         1.00
      1.0160         1.00
      1.0170         1.00
      1.0180         1.00
      1.0190         1.00
      1.0200         1.00
      1.0210         1.00
      1.0220         1.00
      1.0230         1.00
      1.0240         1.00
      1.0250         1.00
      1.0260         1.00
      1.0270         1.00
      1.0280         1.00
      1.0290         1.00
      1.0300         1.00
      1.0310         1.00
      1.0320         1.00
      1.0330         1.00
      1.0340         1.00
      1.0350         1.00
      1.0360         1.00
      1.0370         1.00
      1.0380         1.00
      1.0390         1.00
      1.0400         1.00
      1.0410         1.00
      1.0420         1.00
      1.0430         1.00
      1.0440         1.00
      1.0450         1.00
      1.0460         1.00
      1.0470         1.00
      1.0480         1.00
      1.0490         1.00
      1.0500         1.00
      1.0510         1.00
      1.0520         1.00
      1.0530         1.00
      1.0540         1.00
      1.0550         1.00
      1.0560         1.00
      1.0570         1.00
      1.0580         1.00
      1.0590         1.00
      1.0600         1.00
      1.0610         1.00
      1.0620         1.00
      1.0630         1.00
      1.0640         1.00
      1.0650         1.00
      1.0660         1.00
      1.0670         1.00
      1.0680         1.00
      1.0690         1.00
      1.0700         1.00
      1.0710         1.00
      1.0720         1.00
      1.0730         1.00
      1.0740         1.00
      1.0750         1.00
      1.0760         1.00
      1.0770         1.00
      1.0780         1.00
      1.0790         1.00
      1.0800         1.00
      1.0810         1.00
      1.0820         1.00
      1.0830         1.00
      1.0840         1.00
      1.0850         1.00
      1.0860         1.00
      1.0870         1.00
      1.0880         1.00
      1.0890         1.00
      1.0900         1.00
      1.0910         1.00
      1.0920         1.00
      1.0930         1.00
      1.0940         1.00
      1.0950         1.00
      1.0960         1.00
      1.0970         1.00
      1.0980         1.00
      1.0990         1.00
      1.1000         1.00
      1.1010         1.00
      1.1020         1.00
      1.1030         1.00
      1.1040         1.00
      1.1050         1.00
      1.1060         1.00
      1.1070         1.00
      1.1080         1.00
      1.1090         1.00
      1.1100         1.00
      1.1110         1.00
      1.1120         1.00
      1.1130         1.00
      1.1140         1.00
      1.1150         1.00
      1.1160         1.00
      1.1170         1.00
      1.1180         1.00
      1.1190         1.00
      1.1200         1.00
      1.1210         1.00
      1.1220         1.00
      1.1230         1.00
      1.1240         1.00
      1.1250         1.00
      1.1260         1.00
      1.1270         1.00
      1.1280         1.00
      1.1290         1.00
      1.1300         1.00
      1.1310         1.00
      1.1320         1.00
      1.1330         1.00
      1.1340         1.00
      1.1350         1.00
      1.1360         1.00
      1.1370         1.00
      1.1380         1.00
      1.1390         1.00
      1.1400         1.00
      1.1410         1.00
      1.1420         1.00
      1.1430         1.00
      1.1440         1.00
      1.1450         1.00
      1.1460         1.00
      1.1470         1.00
      1.1480         1.00
      1.1490         1.00
      1.1500         1.00
      1.1510         1.00
      1.1520         1.00
      1.1530         1.00
      1.1540         1.00
      1.1550         1.00
      1.1560         1.00
      1.1570         1.00
      1.1580         1.00
      1.1590         1.00
      1.1600         1.00
      1.1610         1.00
      1.1620         1.00
      1.1630         1.00
      1.1640         1.00
      1.1650         1.00
      1.1660         1.00
      1.1670         1.00
      1.1680         1.00
      1.1690         1.00
      1.1700         1.00
      1.1710         1.00
      1.1720         1.00
      1.1730         1.00
      1.1740         1.00
      1.1750         1.00
      1.1760         1.00
      1.1770         1.00
      1.1780         1.00
      1.1790         1.00
      1.1800         1.00
      1.1810         1.00
      1.1820         1.00
      1.1830         1.00
      1.1840         1.00
      1.1850         1.00
      1.1860         1.00
      1.1870         1.00
      1.1880         1.00
      1.1890         1.00
      1.1900         1.00
      1.1910         1.00
      1.1920         1.00
      1.1930         1.00
      1.1940         1.00
      1.1950         1.00
      1.1960         1.00
      1.1970         1.00
      1.1980         1.00
      1.1990         1.00
      1.2000         1.00
      1.2010         1.00
      1.2020         1.00
      1.2030         1.00
      1.2040         1.00
      1.2050         1.00
      1.2060         1.00
      1.2070         1.00
      1.2080         1.00
      1.2090         1.00
      1.2100         1.00
      1.2110         1.00
      1.2120         1.00
      1.2130         1.00
      1.2140         1.00
      1.2150         1.00
      1.2160         1.00
      1.2170         1.00
      1.2180         1.00
      1.2190         1.00
      1.2200         1.00
      1.2210         1.00
      1.2220         1.00
      1.2230         1.00
      1.2240         1.00
      1.2250         1.00
      1.2260         1.00
      1.2270         1.00
      1.2280         1.00
      1.2290         1.00
      1.2300         1.00
      1.2310         1.00
      1.2320         1.00
      1.2330         1.00
      1.2340         1.00
      1.2350         1.00
      1.2360         1.00
      1.2370         1.00
      1.2380         1.00
      1.2390         1.00
      1.2400         1.00
      1.2410         1.00
      1.2420         1.00
      1.2430         1.00
      1.2440         1.00
      1.2450         1.00
      1.2460         1.00
      1.2470         1.00
      1.2480         1.00
      1.2490         1.00
      1.2500         1.00
      1.2510         1.00
      1.2520         1.00
      1.2530         1.00
      1.2540         1.00
      1.2550         1.00
      1.2560         1.00
      1.2570         1.00
      1.2580         1.00
      1.2590         1.00
      1.2600         1.00
      1.2610         1.00
      1.2620         1.00
      1.2630         1.00
      1.2640         1.00
      1.2650         1.00
      1.2660         1.00
      1.2670         1.00
      1.2680         1.00
      1.2690         1.00
      1.2700         1.00
      1.2710         1.00
      1.2720         1.00
      1.2730         1.00
      1.2740         1.00
      1.2750         1.00
      1.2760         1.00
      1.2770         1.00
      1.2780         1.00
      1.2790         1.00
      1.2800         1.00
      1.2810         1.00
      1.2820         1.00
      1.2830         1.00
      1.2840         1.00
      1.2850         1.00
      1.2860         1.00
      1.2870         1.00
      1.2880         1.00
      1.2890         1.00
      1.2900         1.00
      1.2910         1.00
      1.2920         1.00
      1.2930         1.00
      1.2940         1.00
      1.2950         1.00
      1.2960         1.00
      1.2970         1.00
      1.2980         1.00
      1.2990         1.00
      1.3000         1.00
      1.3010         1.00
      1.3020         1.00
      1.3030         1.00
      1.3040         1.00
      1.3050         1.00
      1.3060         1.00
      1.3070         1.00
      1.3080         1.00
      1.3090         1.00
      1.3100         1.00
      1.3110         1.00
      1.3120         1.00
      1.3130         1.00
      1.3140         1.00
      1.3150         1.00
      1.3160         1.00
      1.3170         1.00
      1.3180         1.00
      1.3190         1.00
      1.3200         1.00
      1.3210         1.00
      1.3220         1.00
      1.3230         1.00
      1.3240         1.00
      1.3250         1.00
      1.3260         1.00
      1.3270         1.00
      1.3280         1.00
      1.3290         1.00
      1.3300         1.00
      1.3310         1.00
      1.3320         1.00
      1.3330         1.00
      1.3340         1.00
      1.3350         1.00
      1.3360         1.00
      1.3370         1.00
      1.3380         1.00
      1.3390         1.00
      1.3400         1.00
      1.3410         1.00
      1.3420         1.00
      1.3430         1.00
      1.3440         1.00
      1.3450         1.00
      1.3460         1.00
      1.3470         1.00
      1.3480         1.00
      1.3490         1.00
      1.3500         1.00
      1.3510         1.00
      1.3520         1.00
      1.3530         1.00
      1.3540         1.00
      1.3550         1.00
      1.3560         1.00
      1.3570         1.00
      1.3580         1.00
      1.3590         1.00
      1.3600         1.00
      1.3610         1.00
      1.3620         1.00
      1.3630         1.00
      1.3640         1.00
      1.3650         1.00
      1.3660         1.00
      1.3670         1.00
      1.3680         1.00
      1.3690         1.00
      1.3700         1.00
      1.3710         1.00
      1.3720         1.00
      1.3730         1.00
      1.3740         1.00
      1.3750         1.00
      1.3760         1.00
      1.3770         1.00
      1.3780         1.00
      1.3790         1.00
      1.3800         1.00
      1.3810         1.00
      1.3820         1.00
      1.3830         1.00
      1.3840         1.00
      1.3850         1.00
      1.3860         1.00
      1.3870         1.00
      1.3880         1.00
      1.3890         1.00
      1.3900         1.00
      1.3910         1.00
      1.3920         1.00
      1.3930         1.00
      1.3940         1.00
      1.3950         1.00
      1.3960         1.00
      1.3970         1.00
      1.3980         1.00
      1.3990         1.00
      1.4000         1.00
      1.4010         1.00
      1.4020         1.00
      1.4030         1.00
      1.4040         1.00
      1.4050         1.00
      1.4060         1.00
      1.4070         1.00
      1.4080         1.00
      1.4090         1.00
      1.4100         1.00
      1.4110         1.00
      1.4120         1.00
      1.4130         1.00
      1.4140         1.00
      1.4150         1.00
      1.4160         1.00
      1.4170         1.00
      1.4180         1.00
      1.4190         1.00
      1.4200         1.00
      1.4210         1.00
      1.4220         1.00
      1.4230         1.00
      1.4240         1.00
      1.4250         1.00
      1.4260         1.00
      1.4270         1.00
      1.4280         1.00
      1.4290         1.00
      1.4300         1.00
      1.4310         1.00
      1.4320         1.00
      1.4330         1.00
      1.4340         1.00
      1.4350         1.00
      1.4360         1.00
      1.4370         1.00
      1.4380         1.00
      1.4390         1.00
      1.4400         1.00
      1.4410         1.00
      1.4420         1.00
      1.4430         1.00
      1.4440         1.00
      1.4450         1.00
      1.4460         1.00
      1.4470         1.00
      1.4480         1.00
      1.4490         1.00
      1.4500         1.00
      1.4510         1.00
      1.4520         1.00
      1.4530         1.00
      1.4540         1.00
      1.4550         1.00
      1.4560         1.00
      1.4570         1.00
      1.4580         1.00
      1.4590         1.00
      1.4600         1.00
      1.4610         1.00
      1.4620         1.00
      1.4630         1.00
      1.4640         1.00
      1.4650         1.00
      1.4660         1.00
      1.4670         1.00
      1.4680         1.00
      1.4690         1.00
      1.4700         1.00
      1.4710         1.00
      1.4720         1.00
      1.4730         1.00
      1.4740         1.00
      1.4750         1.00
      1.4760         1.00
      1.4770         1.00
      1.4780         1.00
      1.4790         1.00
      1.4800         1.00
      1.4810         1.00
      1.4820         1.00
      1.4830         1.00
      1.4840         1.00
      1.4850         1.00
      1.4860         1.00
      1.4870         1.00
      1.4880         1.00
      1.4890         1.00
      1.4900         1.00
      1.4910         1.00
      1.4920         1.00
      1.4930         1.00
      1.4940         1.00
      1.4950         1.04
      1.4960         1.11
      1.4970         1.09
      1.4980         1.11
      1.4990         1.16
      1.5000         1.16
      1.5010         1.19
      1.5020         1.24
      1.5030         1.23
      1.5040         1.25
      1.5050         1.17
      1.5060         1.00
      1.5070         1.19
      1.5080         1.20
      1.5090         1.17
      1.5100         1.16
      1.5110         1.23
      1.5120         1.23
      1.5130         1.26
      1.5140         1.00
      1.5150         1.00
      1.5160         1.00
      1.5170         1.00
      1.5180         1.00
      1.5190         1.00
      1.5200         1.00
      1.5210         1.00
      1.5220         1.35
      1.5230         1.34
      1.5240         1.27
      1.5250         1.31
      1.5260         1.28
      1.5270         1.36
      1.5280         1.38
      1.5290         1.36
      1.5300         1.42
      1.5310         1.44
      1.5320         1.39
      1.5330         1.36
      1.5340         1.36
      1.5350         1.35
      1.5360         1.36
      1.5370         1.39
      1.5380         1.35
      1.5390         1.44
      1.5400         1.44
      1.5410         1.43
      1.5420         1.38
      1.5430         1.35
      1.5440         1.38
      1.5450         1.44
      1.5460         1.48
      1.5470         1.42
      1.5480         1.36
      1.5490         1.34
      1.5500         1.36
      1.5510         1.32
      1.5520         1.30
      1.5530         1.32
      1.5540         1.35
      1.5550         1.43
      1.5560         1.40
      1.5570         1.35
      1.5580         1.33
      1.5590         1.24
      1.5600         1.31
      1.5610         1.36
      1.5620         1.39
      1.5630         1.43
      1.5640         1.47
      1.5650         1.55
      1.5660         1.57
      1.5670         1.67
      1.5680         1.73
      1.5690         1.76
      1.5700         1.76
      1.5710         1.78
      1.5720         2.39
      1.5730         2.40
      1.5740         2.50
      1.5750         2.44
      1.5760         2.47
      1.5770         2.58
      1.5780         2.65
      1.5790         2.75
      1.5800         2.69
      1.5810         2.73
      1.5820         2.79
      1.5830         2.83
      1.5840         2.87
      1.5850         3.31
      1.5860         2.79
      1.5870         3.37
      1.5880         3.52
      1.5890         3.51
      1.5900         3.51
      1.5910         3.54
      1.5920         3.66
      1.5930         3.67
      1.5940         3.71
      1.5950         3.85
      1.5960         4.00
      1.5970         4.04
      1.5980         4.08
      1.5990         4.15
      1.6000         4.23
      1.6010         4.31
      1.6020         4.45
      1.6030         4.51
      1.6040         4.51
      1.6050         4.53
      1.6060         4.64
      1.6070         4.64
      1.6080         4.64
      1.6090         4.75
      1.6100         4.76
      1.6110         4.76
      1.6120         4.80
      1.6130         4.86
      1.6140         4.98
      1.6150         4.88
      1.6160         4.95
      1.6170         4.93
      1.6180         4.98
      1.6190         4.96
      1.6200         4.97
      1.6210         5.07
      1.6220         4.93
      1.6230         4.88
      1.6240         4.98
      1.6250         5.05
      1.6260         4.98
      1.6270         4.94
      1.6280         4.94
      1.6290         4.97
      1.6300         5.01
      1.6310         5.13
      1.6320         5.14
      1.6330         5.21
      1.6340         5.22
      1.6350         5.32
      1.6360         5.33
      1.6370         5.37
      1.6380         5.35
      1.6390         5.48
      1.6400         5.53
      1.6410         5.47
      1.6420         5.48
      1.6430         5.55
      1.6440         5.57
      1.6450         5.56
      1.6460         5.68
      1.6470         5.69
      1.6480         5.67
      1.6490         5.76
      1.6500         5.82
      1.6510         5.82
      1.6520         5.73
      1.6530         5.74
      1.6540         5.67
      1.6550         5.74
      1.6560         5.67
      1.6570         5.66
      1.6580         5.75
      1.6590         5.67
      1.6600         5.74
      1.6610         5.73
      1.6620         5.90
      1.6630         5.97
      1.6640         5.94
      1.6650         5.97
      1.6660         6.05
      1.6670         6.21
      1.6680         6.29
      1.6690         6.25
      1.6700         6.27
      1.6710         6.33
      1.6720         6.40
      1.6730         6.53
      1.6740         6.64
      1.6750         6.61
      1.6760         6.69
      1.6770         6.81
      1.6780         6.77
      1.6790         6.88
      1.6800         6.87
      1.6810         7.03
      1.6820         7.11
      1.6830         7.15
      1.6840         7.16
      1.6850         7.23
      1.6860         7.27
      1.6870         7.21
      1.6880         7.23
      1.6890         7.26
      1.6900         7.33
      1.6910         7.39
      1.6920         7.49
      1.6930         7.45
      1.6940         7.55
      1.6950         7.65
      1.6960         7.63
      1.6970         7.64
      1.6980         7.73
      1.6990         7.78
      1.7000         7.80
      1.7010         7.68
      1.7020         7.61
      1.7030         7.66
      1.7040         7.73
      1.7050         7.69
      1.7060         7.69
      1.7070         7.77
      1.7080         7.85
      1.7090         7.98
      1.7100         8.09
      1.7110         7.95
      1.7120         8.03
      1.7130         8.11
      1.7140         8.21
      1.7150         8.25
      1.7160         8.28
      1.7170         8.29
      1.7180         8.22
      1.7190         8.13
      1.7200         8.24
      1.7210         8.39
      1.7220         8.45
      1.7230         8.41
      1.7240         8.42
      1.7250         8.60
      1.7260         8.64
      1.7270         8.64
      1.7280         8.67
      1.7290         8.62
      1.7300         8.59
      1.7310         8.63
      1.7320         8.67
      1.7330         8.60
      1.7340         8.60
      1.7350         8.70
      1.7360         8.87
      1.7370         9.04
      1.7380         9.23
      1.7390         9.34
      1.7400         9.36
      1.7410         9.36
      1.7420         9.39
      1.7430         9.43
      1.7440         9.52
      1.7450         9.50
      1.7460         9.50
      1.7470         9.54
      1.7480         9.58
      1.7490         9.67
      1.7500         9.70
      1.7510         9.82
      1.7520         9.78
      1.7530         9.97
      1.7540         9.93
      1.7550         9.86
      1.7560         9.92
      1.7570         9.92
      1.7580         9.81
      1.7590         9.81
      1.7600         9.76
      1.7610         9.93
      1.7620        10.04
      1.7630        10.09
      1.7640        10.05
      1.7650        10.06
      1.7660        10.17
      1.7670        10.21
      1.7680        10.29
      1.7690        10.25
      1.7700        10.24
      1.7710        10.26
      1.7720        10.40
      1.7730        10.44
      1.7740        10.45
      1.7750        10.56
      1.7760        10.49
      1.7770        10.53
      1.7780        10.60
      1.7790        10.71
      1.7800        10.81
      1.7810        10.73
      1.7820        10.65
      1.7830        10.70
      1.7840        10.84
      1.7850        10.91
      1.7860        10.98
      1.7870        11.03
      1.7880        11.07
      1.7890        11.21
      1.7900        11.38
      1.7910        11.49
      1.7920        11.43
      1.7930        11.39
      1.7940        11.42
      1.7950        11.43
      1.7960        11.55
      1.7970        11.51
      1.7980        11.64
      1.7990        11.59
      1.8000        11.60
      1.8010        11.63
      1.8020        11.77
      1.8030        11.85
      1.8040        11.77
      1.8050        11.78
      1.8060        11.74
      1.8070        11.77
      1.8080        11.69
      1.8090        11.66
      1.8100        11.61
      1.8110        11.48
      1.8120        11.56
      1.8130        11.52
      1.8140        11.60
      1.8150        11.72
      1.8160        11.77
      1.8170        11.86
      1.8180        11.90
      1.8190        12.11
      1.8200        12.17
      1.8210        12.25
      1.8220        12.21
      1.8230        12.20
      1.8240        12.25
      1.8250        12.38
      1.8260        12.38
      1.8270        12.33
      1.8280        12.49
      1.8290        12.60
      1.8300        12.55
      1.8310        12.64
      1.8320        12.79
      1.8330        12.95
      1.8340        12.84
      1.8350        12.74
      1.8360        12.73
      1.8370        12.81
      1.8380        12.80
      1.8390        12.77
      1.8400        12.78
      1.8410        12.73
      1.8420        12.79
      1.8430        12.94
      1.8440        13.10
      1.8450        13.11
      1.8460        13.23
      1.8470        13.37
      1.8480        13.26
      1.8490        13.37
      1.8500        13.46
      1.8510        13.54
      1.8520        13.42
      1.8530        13.43
      1.8540        13.67
      1.8550        13.82
      1.8560        13.76
      1.8570        13.74
      1.8580        13.79
      1.8590        13.80
      1.8600        13.79
      1.8610        13.99
      1.8620        14.14
      1.8630        14.06
      1.8640        14.05
      1.8650        14.01
      1.8660        13.98
      1.8670        14.00
      1.8680        14.08
      1.8690        13.96
      1.8700        14.04
      1.8710        14.13
      1.8720        14.29
      1.8730        14.31
      1.8740        14.31
      1.8750        14.29
      1.8760        14.44
      1.8770        14.36
      1.8780        14.40
      1.8790        14.47
      1.8800        14.59
      1.8810        14.61
      1.8820        14.59
      1.8830        14.77
      1.8840        14.86
      1.8850        14.91
      1.8860        14.86
      1.8870        14.86
      1.8880        14.92
      1.8890        14.98
      1.8900        14.99
      1.8910        15.04
      1.8920        15.07
      1.8930        15.13
      1.8940        15.17
      1.8950        15.18
      1.8960        15.25
      1.8970        15.47
      1.8980        15.49
      1.8990        15.52
      1.9000        15.48
      1.9010        15.40
      1.9020        15.40
      1.9030        15.23
      1.9040        15.15
      1.9050        15.11
      1.9060        15.27
      1.9070        15.43
      1.9080        15.42
      1.9090        15.41
      1.9100        15.48
      1.9110        15.40
      1.9120        15.43
      1.9130        15.43
      1.9140        15.42
      1.9150        15.42
      1.9160        15.24
      1.9170        15.19
      1.9180        15.21
      1.9190        15.21
      1.9200        15.19
      1.9210        15.31
      1.9220        15.24
      1.9230        15.34
      1.9240        15.47
      1.9250        15.55
      1.9260        15.49
      1.9270        15.41
      1.9280        15.46
      1.9290        15.58
      1.9300        15.60
      1.9310        15.69
      1.9320        15.62
      1.9330        15.73
      1.9340        15.74
      1.9350        15.90
      1.9360        16.00
      1.9370        16.09
      1.9380        16.20
      1.9390        16.26
      1.9400        16.42
      1.9410        16.41
      1.9420        16.49
      1.9430        16.58
      1.9440        16.66
      1.9450        16.75
      1.9460        16.77
      1.9470        16.75
      1.9480        16.84
      1.9490        16.76
      1.9500        16.68
      1.9510        16.72
      1.9520        16.76
      1.9530        16.71
      1.9540        16.74
      1.9550        16.74
      1.9560        16.74
      1.9570        16.69
      1.9580        16.79
      1.9590        16.79
      1.9600        16.80
      1.9610        16.73
      1.9620        16.75
      1.9630        16.76
      1.9640        16.69
      1.9650        16.72
      1.9660        16.81
      1.9670        16.94
      1.9680        17.01
      1.9690        17.10
      1.9700        17.25
      1.9710        17.32
      1.9720        17.36
      1.9730        17.50
      1.9740        17.52
      1.9750        17.49
      1.9760        17.64
      1.9770        17.59
      1.9780        17.44
      1.9790        17.54
      1.9800        17.47
      1.9810        17.58
      1.9820        17.74
      1.9830        17.66
      1.9840        17.73
      1.9850        17.73
      1.9860        17.71
      1.9870        17.73
      1.9880        17.65
      1.9890        17.77
      1.9900        17.77
      1.9910        17.75
      1.9920        17.75
      1.9930        17.76
      1.9940        17.84
      1.9950        17.83
      1.9960        17.80
      1.9970        17.99
      1.9980        18.12
      1.9990        18.08
      2.0000        18.16
      2.0010        18.08
      2.0020        18.00
      2.0030        18.17
      2.0040        18.14
      2.0050        18.25
      2.0060        18.30
      2.0070        18.33
      2.0080        18.48
      2.0090        18.41
      2.0100        18.49
      2.0110        18.59
      2.0120        18.63
      2.0130        18.64
      2.0140        18.80
      2.0150        18.91
      2.0160        19.03
      2.0170        19.02
      2.0180        19.03
      2.0190        19.10
      2.0200        19.19
      2.0210        19.37
      2.0220        19.47
      2.0230        19.47
      2.0240        19.63
      2.0250        19.63
      2.0260        19.79
      2.0270        19.82
      2.0280        19.78
      2.0290        19.86
      2.0300        19.82
      2.0310        19.79
      2.0320        19.85
      2.0330        19.88
      2.0340        19.70
      2.0350        19.67
      2.0360        19.64
      2.0370        19.58
      2.0380        19.62
      2.0390        19.86
      2.0400        19.89
      2.0410        19.79
      2.0420        19.79
      2.0430        19.84
      2.0440        19.69
      2.0450        19.79
      2.0460        19.82
      2.0470        19.80
      2.0480        19.85
      2.0490        19.79
      2.0500        19.91
      2.0510        20.05
      2.0520        20.09
      2.0530        20.15
      2.0540        20.35
      2.0550        20.44
      2.0560        20.47
      2.0570        20.70
      2.0580        20.71
      2.0590        20.56
      2.0600        20.68
      2.0610        20.85
      2.0620        20.77
      2.0630        20.76
      2.0640        20.92
      2.0650        20.89
      2.0660        20.83
      2.0670        20.91
      2.0680        20.96
      2.0690        21.08
      2.0700        21.03
      2.0710        21.04
      2.0720        21.09
      2.0730        21.02
      2.0740        20.97
      2.0750        21.02
      2.0760        21.01
      2.0770        20.94
      2.0780        20.89
      2.0790        20.87
      2.0800        20.82
      2.0810        20.79
      2.0820        20.86
      2.0830        20.79
      2.0840        20.73
      2.0850        20.71
      2.0860        20.73
      2.0870        20.78
      2.0880        20.77
      2.0890        20.79
      2.0900        20.90
      2.0910        20.82
      2.0920        20.85
      2.0930        20.91
      2.0940        20.82
      2.0950        20.83
      2.0960        20.93
      2.0970        20.98
      2.0980        21.01
      2.0990        21.13
      2.1000        21.19
      2.1010        21.29
      2.1020        21.28
      2.1030        21.35
      2.1040        21.44
      2.1050        21.48
      2.1060        21.57
      2.1070        21.60
      2.1080        21.65
      2.1090        21.67
      2.1100        21.71
      2.1110        21.76
      2.1120        21.74
      2.1130        21.74
      2.1140        21.92
      2.1150        21.82
      2.1160        21.78
      2.1170        21.80
      2.1180        21.93
      2.1190        21.89
      2.1200        21.82
      2.1210        21.72
      2.1220        21.77
      2.1230        21.84
      2.1240        21.77
      2.1250        21.88
      2.1260        21.80
      2.1270        21.85
      2.1280        21.89
      2.1290        21.90
      2.1300        21.81
      2.1310        21.93
      2.1320        21.94
      2.1330        21.97
      2.1340        21.90
      2.1350        22.02
      2.1360        22.14
      2.1370        22.16
      2.1380        22.08
      2.1390        22.16
      2.1400        22.21
      2.1410        22.33
      2.1420        22.48
      2.1430        22.49
      2.1440        22.63
      2.1450        22.57
      2.1460        22.71
      2.1470        22.74
      2.1480        22.77
      2.1490        22.71
      2.1500        22.78
      2.1510        22.63
      2.1520        22.62
      2.1530        22.65
      2.1540        22.69
      2.1550        22.66
      2.1560        22.69
      2.1570        22.73
      2.1580        22.84
      2.1590        22.85
      2.1600        22.94
      2.1610        23.00
      2.1620        22.98
      2.1630        22.99
      2.1640        22.95
      2.1650        22.91
      2.1660        22.84
      2.1670        22.80
      2.1680        22.76
      2.1690        22.92
      2.1700        22.97
      2.1710        23.06
      2.1720        23.20
      2.1730        23.26
      2.1740        23.40
      2.1750        23.37
      2.1760        23.29
      2.1770        23.34
      2.1780        23.34
      2.1790        23.30
      2.1800        23.37
      2.1810        23.25
      2.1820        23.22
      2.1830        23.10
      2.1840        23.09
      2.1850        23.23
      2.1860        23.20
      2.1870        23.21
      2.1880        23.20
      2.1890        23.16
      2.1900        23.19
      2.1910        23.19
      2.1920        23.22
      2.1930        23.16
      2.1940        23.08
      2.1950        23.18
      2.1960        23.30
      2.1970        23.13
      2.1980        23.01
      2.1990        23.01
      2.2000        22.88
      2.2010        23.00
      2.2020        23.00
      2.2030        23.24
      2.2040        23.26
      2.2050        23.25
      2.2060        23.26
      2.2070        23.28
      2.2080        23.31
      2.2090        23.27
      2.2100        23.25
      2.2110        23.19
      2.2120        23.13
      2.2130        23.20
      2.2140        23.07
      2.2150        23.01
      2.2160        22.87
      2.2170        22.94
      2.2180        23.04
      2.2190        23.02
      2.2200        23.04
      2.2210        23.02
      2.2220        23.03
      2.2230        22.90
      2.2240        22.90
      2.2250        22.85
      2.2260        22.85
      2.2270        22.86
      2.2280        22.93
      2.2290        23.04
      2.2300        23.00
      2.2310        23.08
      2.2320        23.02
      2.2330        22.90
      2.2340        22.96
      2.2350        23.00
      2.2360        23.06
      2.2370        23.06
      2.2380        23.09
      2.2390        23.18
      2.2400        23.18
      2.2410        23.16
      2.2420        23.10
      2.2430        23.06
      2.2440        22.94
      2.2450        23.04
      2.2460        23.05
      2.2470        23.05
      2.2480        22.93
      2.2490        22.88
      2.2500        22.95
      2.2510        22.98
      2.2520        23.20
      2.2530        23.29
      2.2540        23.32
      2.2550        23.34
      2.2560        23.51
      2.2570        23.56
      2.2580        23.52
      2.2590        23.44
      2.2600        23.48
      2.2610        23.52
      2.2620        23.60
      2.2630        23.73
      2.2640        23.76
      2.2650        23.69
      2.2660        23.74
      2.2670        23.68
      2.2680        23.80
      2.2690        23.91
      2.2700        23.78
      2.2710        23.80
      2.2720        23.68
      2.2730        23.69
      2.2740        23.81
      2.2750        23.77
      2.2760        23.67
      2.2770        23.67
      2.2780        23.64
      2.2790        23.72
      2.2800        23.77
      2.2810        23.81
      2.2820        23.92
      2.2830        23.85
      2.2840        24.01
      2.2850        24.03
      2.2860        24.01
      2.2870        24.07
      2.2880        24.06
      2.2890        23.92
      2.2900        24.04
      2.2910        23.96
      2.2920        23.82
      2.2930        23.86
      2.2940        23.75
      2.2950        23.75
      2.2960        23.70
      2.2970        23.83
      2.2980        23.83
      2.2990        23.72
      2.3000        23.71
      2.3010        23.66
      2.3020        23.52
      2.3030        23.60
      2.3040        23.54
      2.3050        23.58
      2.3060        23.55
      2.3070        23.63
      2.3080        23.60
      2.3090        23.60
      2.3100        23.61
      2.3110        23.69
      2.3120        23.92
      2.3130        23.89
      2.3140        24.03
      2.3150        24.09
      2.3160        24.24
      2.3170        24.11
      2.3180        24.19
      2.3190        24.36
      2.3200        24.28
      2.3210        24.43
      2.3220        24.56
      2.3230        24.61
      2.3240        24.70
      2.3250        24.69
      2.3260        24.84
      2.3270        24.77
      2.3280        24.74
      2.3290        24.79
      2.3300        24.80
      2.3310        24.76
      2.3320        24.64
      2.3330        24.72
      2.3340        24.61
      2.3350        24.65
      2.3360        24.68
      2.3370        24.75
      2.3380        24.84
      2.3390        24.77
      2.3400        24.83
      2.3410        24.77
      2.3420        24.88
      2.3430        24.85
      2.3440        24.92
      2.3450        24.97
      2.3460        25.00
      2.3470        25.01
      2.3480        25.05
      2.3490        25.05
      2.3500        25.09
      2.3510        25.10
      2.3520        25.13
      2.3530        25.08
      2.3540        25.08
      2.3550        25.05
      2.3560        24.93
      2.3570        24.87
      2.3580        24.81
      2.3590        24.84
      2.3600        24.87
      2.3610        24.80
      2.3620        24.65
      2.3630        24.62
      2.3640        24.52
      2.3650        24.42
      2.3660        24.46
      2.3670        24.46
      2.3680        24.46
      2.3690        24.53
      2.3700        24.54
      2.3710        24.66
      2.3720        24.68
      2.3730        24.62
      2.3740        24.67
      2.3750        24.75
      2.3760        24.83
      2.3770        24.91
      2.3780        24.99
      2.3790        25.05
      2.3800        25.18
      2.3810        25.30
      2.3820        25.32
      2.3830        25.32
      2.3840        25.36
      2.3850        25.45
      2.3860        25.46
      2.3870        25.48
      2.3880        25.58
      2.3890        25.54
      2.3900        25.58
      2.3910        25.52
      2.3920        25.58
      2.3930        25.71
      2.3940        25.82
      2.3950        25.78
      2.3960        25.83
      2.3970        25.86
      2.3980        25.80
      2.3990        25.77
      2.4000        25.73
      2.4010        25.67
      2.4020        25.65
      2.4030        25.85
      2.4040        25.85
      2.4050        25.77
      2.4060        25.72
      2.4070        25.78
      2.4080        25.83
      2.4090        25.93
      2.4100        25.83
      2.4110        25.79
      2.4120        25.81
      2.4130        25.79
      2.4140        25.71
      2.4150        25.67
      2.4160        25.59
      2.4170        25.66
      2.4180        25.66
      2.4190        25.59
      2.4200        25.50
      2.4210        25.51
      2.4220        25.47
      2.4230        25.39
      2.4240        25.39
      2.4250        25.53
      2.4260        25.57
      2.4270        25.56
      2.4280        25.44
      2.4290        25.34
      2.4300        25.38
      2.4310        25.59
      2.4320        25.59
      2.4330        25.69
      2.4340        25.76
      2.4350        25.92
      2.4360        25.99
      2.4370        25.93
      2.4380        25.97
      2.4390        26.14
      2.4400        26.20
      2.4410        26.22
      2.4420        26.34
      2.4430        26.22
      2.4440        26.22
      2.4450        26.14
      2.4460        26.13
      2.4470        26.25
      2.4480        26.39
      2.4490        26.42
      2.4500        26.45
      2.4510        26.32
      2.4520        26.32
      2.4530        26.23
      2.4540        26.16
      2.4550        26.02
      2.4560        26.01
      2.4570        25.96
      2.4580        25.99
      2.4590        25.97
      2.4600        25.89
      2.4610        25.85
      2.4620        25.90
      2.4630        25.91
      2.4640        26.03
      2.4650        26.00
      2.4660        25.96
      2.4670        25.79
      2.4680        25.67
      2.4690        25.72
      2.4700        25.66
      2.4710        25.59
      2.4720        25.66
      2.4730        25.62
      2.4740        25.74
      2.4750        25.90
      2.4760        25.82
      2.4770        25.92
      2.4780        25.87
      2.4790        25.77
      2.4800        25.85
      2.4810        25.92
      2.4820        25.85
      2.4830        25.92
      2.4840        25.82
      2.4850        26.01
      2.4860        26.04
      2.4870        26.09
      2.4880        26.16
      2.4890        26.18
      2.4900        26.11
      2.4910        26.25
      2.4920        26.09
      2.4930        26.15
      2.4940        26.06
      2.4950        25.86
      2.4960        25.89
      2.4970        25.82
      2.4980        25.68
      2.4990        25.72
      2.5000        25.67
      2.5010        25.56
      2.5020        25.52
      2.5030        25.59
      2.5040        25.56
      2.5050        25.35
      2.5060        25.27
      2.5070        25.35
      2.5080        25.28
      2.5090        25.16
      2.5100        25.24
      2.5110        25.19
      2.5120        25.28
      2.5130        25.17
      2.5140        25.24
      2.5150        25.25
      2.5160        25.28
      2.5170        25.21
      2.5180        25.40
      2.5190        25.36
      2.5200        25.34
      2.5210        25.41
      2.5220        25.42
      2.5230        25.33
      2.5240        25.31
      2.5250        25.41
      2.5260        25.50
      2.5270        25.40
      2.5280        25.55
      2.5290        25.65
      2.5300        25.76
      2.5310        25.72
      2.5320        25.66
      2.5330        25.65
      2.5340        25.62
      2.5350        25.74
      2.5360        25.70
      2.5370        25.73
      2.5380        25.55
      2.5390        25.54
      2.5400        25.55
      2.5410        25.53
      2.5420        25.43
      2.5430        25.45
      2.5440        25.43
      2.5450        25.36
      2.5460        25.35
      2.5470        25.39
      2.5480        25.23
      2.5490        25.13
      2.5500        24.98
      2.5510        24.98
      2.5520        25.16
      2.5530        25.17
      2.5540        25.12
      2.5550        25.01
      2.5560        25.01
      2.5570        25.09
      2.5580        25.08
      2.5590        25.13
      2.5600        25.12
      2.5610        25.17
      2.5620        25.20
      2.5630        25.11
      2.5640        25.09
      2.5650        25.12
      2.5660        25.08
      2.5670        25.03
      2.5680        25.04
      2.5690        25.04
      2.5700        25.04
      2.5710        24.97
      2.5720        24.78
      2.5730        24.68
      2.5740        24.69
      2.5750        24.61
      2.5760        24.64
      2.5770        24.54
      2.5780        24.58
      2.5790        24.45
      2.5800        24.39
      2.5810        24.18
      2.5820        24.23
      2.5830        24.22
      2.5840        24.17
      2.5850        24.13
      2.5860        24.12
      2.5870        24.08
      2.5880        24.12
      2.5890        24.05
      2.5900        24.01
      2.5910        24.04
      2.5920        24.08
      2.5930        24.09
      2.5940        24.13
      2.5950        24.21
      2.5960        24.21
      2.5970        24.14
      2.5980        24.12
      2.5990        24.21
      2.6000        24.25
      2.6010        24.42
      2.6020        24.33
      2.6030        24.34
      2.6040        24.40
      2.6050        24.35
      2.6060        24.35
      2.6070        24.50
      2.6080        24.43
      2.6090        24.43
      2.6100        24.43
      2.6110        24.36
      2.6120        24.34
      2.6130        24.31
      2.6140        24.11
      2.6150        24.06
      2.6160        24.00
      2.6170        24.08
      2.6180        24.12
      2.6190        24.06
      2.6200        23.99
      2.6210        23.88
      2.6220        23.88
      2.6230        23.86
      2.6240        23.87
      2.6250        23.88
      2.6260        23.90
      2.6270        23.70
      2.6280        23.60
      2.6290        23.66
      2.6300        23.79
      2.6310        23.86
      2.6320        23.79
      2.6330        23.84
      2.6340        23.95
      2.6350        24.06
      2.6360        24.15
      2.6370        24.08
      2.6380        24.05
      2.6390        24.07
      2.6400        24.08
      2.6410        24.14
      2.6420        24.11
      2.6430        24.11
      2.6440        23.99
      2.6450        24.00
      2.6460        23.92
      2.6470        24.02
      2.6480        24.10
      2.6490        24.08
      2.6500        23.96
      2.6510        23.95
      2.6520        24.02
      2.6530        24.08
      2.6540        24.02
      2.6550        23.91
      2.6560        23.83
      2.6570        23.79
      2.6580        23.78
      2.6590        23.75
      2.6600        23.66
      2.6610        23.55
      2.6620        23.71
      2.6630        23.72
      2.6640        23.83
      2.6650        23.82
      2.6660        23.87
      2.6670        23.84
      2.6680        23.89
      2.6690        23.84
      2.6700        23.84
      2.6710        23.75
      2.6720        23.75
      2.6730        23.64
      2.6740        23.59
      2.6750        23.54
      2.6760        23.48
      2.6770        23.44
      2.6780        23.35
      2.6790        23.21
      2.6800        23.31
      2.6810        23.34
      2.6820        23.11
      2.6830        23.11
      2.6840        23.06
      2.6850        23.03
      2.6860        22.95
      2.6870        22.92
      2.6880        22.81
      2.6890        22.88
      2.6900        22.91
      2.6910        22.86
      2.6920        22.69
      2.6930        22.68
      2.6940        22.79
      2.6950        22.80
      2.6960        22.78
      2.6970        22.75
      2.6980        22.81
      2.6990        22.94
      2.7000        22.84
      2.7010        22.79
      2.7020        22.78
      2.7030        22.60
      2.7040        22.57
      2.7050        22.56
      2.7060        22.51
      2.7070        22.37
      2.7080        22.33
      2.7090        22.24
      2.7100        22.05
      2.7110        22.07
      2.7120        22.17
      2.7130        22.20
      2.7140        22.05
      2.7150        21.94
      2.7160        22.01
      2.7170        22.02
      2.7180        21.83
      2.7190        21.67
      2.7200        21.70
      2.7210        21.74
      2.7220        21.75
      2.7230        21.74
      2.7240        21.70
      2.7250        21.55
      2.7260        21.59
      2.7270        21.57
      2.7280        21.50
      2.7290        21.33
      2.7300        21.30
      2.7310        21.17
      2.7320        20.93
      2.7330        20.79
      2.7340        20.87
      2.7350        20.81
      2.7360        20.53
      2.7370        20.42
      2.7380        20.46
      2.7390        20.31
      2.7400        20.27
      2.7410        20.11
      2.7420        20.00
      2.7430        20.06
      2.7440        20.02
      2.7450        19.98
      2.7460        19.79
      2.7470        19.68
      2.7480        19.69
      2.7490        19.74
      2.7500        19.69
      2.7510        19.65
      2.7520        19.59
      2.7530        19.54
      2.7540        19.38
      2.7550        19.32
      2.7560        19.36
      2.7570        19.36
      2.7580        19.33
      2.7590        19.43
      2.7600        19.23
      2.7610        19.12
      2.7620        18.99
      2.7630        18.87
      2.7640        18.66
      2.7650        18.54
      2.7660        18.48
      2.7670        18.47
      2.7680        18.38
      2.7690        18.23
      2.7700        18.17
      2.7710        18.21
      2.7720        18.19
      2.7730        17.99
      2.7740        17.89
      2.7750        17.90
      2.7760        17.91
      2.7770        17.91
      2.7780        17.72
      2.7790        17.66
      2.7800        17.73
      2.7810        17.80
      2.7820        17.81
      2.7830        17.81
      2.7840        17.81
      2.7850        17.72
      2.7860        17.76
      2.7870        17.69
      2.7880        17.53
      2.7890        17.43
      2.7900        17.33
      2.7910        17.18
      2.7920        17.08
      2.7930        17.06
      2.7940        17.01
      2.7950        16.85
      2.7960        16.70
      2.7970        16.46
      2.7980        16.47
      2.7990        16.38
      2.8000        16.23
      2.8010        16.10
      2.8020        16.02
      2.8030        15.90
      2.8040        15.88
      2.8050        15.95
      2.8060        15.89
      2.8070        15.92
      2.8080        15.88
      2.8090        15.94
      2.8100        15.97
      2.8110        15.89
      2.8120        15.97
      2.8130        15.99
      2.8140        15.98
      2.8150        15.97
      2.8160        15.88
      2.8170        15.78
      2.8180        15.70
      2.8190        15.51
      2.8200        15.38
      2.8210        15.22
      2.8220        15.19
      2.8230        15.15
      2.8240        15.03
      2.8250        14.93
      2.8260        14.83
      2.8270        14.73
      2.8280        14.72
      2.8290        14.56
      2.8300        14.52
      2.8310        14.49
      2.8320        14.36
      2.8330        14.37
      2.8340        14.25
      2.8350        14.17
      2.8360        14.09
      2.8370        14.05
      2.8380        13.91
      2.8390        13.87
      2.8400        13.86
      2.8410        13.92
      2.8420        13.84
      2.8430        13.72
      2.8440        13.69
      2.8450        13.57
      2.8460        13.49
      2.8470        13.40
      2.8480        13.37
      2.8490        13.35
      2.8500        13.25
      2.8510        13.30
      2.8520        13.23
      2.8530        13.03
      2.8540        12.86
      2.8550        12.75
      2.8560        12.73
      2.8570        12.55
      2.8580        12.59
      2.8590        12.68
      2.8600        12.59
      2.8610        12.52
      2.8620        12.52
      2.8630        12.38
      2.8640        12.40
      2.8650        12.38
      2.8660        12.32
      2.8670        12.27
      2.8680        12.22
      2.8690        12.21
      2.8700        12.10
      2.8710        12.01
      2.8720        11.91
      2.8730        11.89
      2.8740        11.87
      2.8750        11.89
      2.8760        11.75
      2.8770        11.92
      2.8780        11.85
      2.8790        11.74
      2.8800        11.82
      2.8810        11.72
      2.8820        11.66
      2.8830        11.72
      2.8840        11.54
      2.8850        11.46
      2.8860        11.45
      2.8870        11.34
      2.8880        11.18
      2.8890        11.04
      2.8900        10.97
      2.8910        10.81
      2.8920        10.83
      2.8930        10.86
      2.8940        10.97
      2.8950        11.01
      2.8960        11.08
      2.8970        11.00
      2.8980        11.01
      2.8990        11.02
      2.9000        11.01
      2.9010        11.01
      2.9020        10.92
      2.9030        10.92
      2.9040        11.01
      2.9050        11.02
      2.9060        10.90
      2.9070        10.84
      2.9080        10.90
      2.9090        10.88
      2.9100        10.84
      2.9110        10.97
      2.9120        10.79
      2.9130        10.80
      2.9140        10.77
      2.9150        10.69
      2.9160        10.58
      2.9170        10.58
      2.9180        10.54
      2.9190        10.50
      2.9200        10.42
      2.9210        10.43
      2.9220        10.35
      2.9230        10.31
      2.9240        10.22
      2.9250        10.26
      2.9260        10.24
      2.9270        10.31
      2.9280        10.25
      2.9290        10.30
      2.9300        10.29
      2.9310        10.15
      2.9320        10.29
      2.9330        10.10
      2.9340         9.90
      2.9350         9.86
      2.9360         9.95
      2.9370         9.85
      2.9380         9.69
      2.9390         9.60
      2.9400         9.52
      2.9410         9.48
      2.9420         9.49
      2.9430         9.36
      2.9440         9.34
      2.9450         9.30
      2.9460         9.41
      2.9470         9.27
      2.9480         9.22
      2.9490         9.14
      2.9500         9.14
      2.9510         9.07
      2.9520         9.10
      2.9530         9.12
      2.9540         9.24
      2.9550         9.16
      2.9560         9.08
      2.9570         9.08
      2.9580         9.15
      2.9590         9.15
      2.9600         9.07
      2.9610         9.03
      2.9620         8.99
      2.9630         8.96
      2.9640         8.84
      2.9650         8.78
      2.9660         8.60
      2.9670         8.64
      2.9680         8.66
      2.9690         8.64
      2.9700         8.62
      2.9710         8.61
      2.9720         8.44
      2.9730         8.47
      2.9740         8.37
      2.9750         8.36
      2.9760         8.41
      2.9770         8.44
      2.9780         8.41
      2.9790         8.33
      2.9800         8.36
      2.9810         8.29
      2.9820         8.22
      2.9830         8.19
      2.9840         8.23
      2.9850         8.22
      2.9860         8.11
      2.9870         8.09
      2.9880         8.03
      2.9890         7.91
      2.9900         7.95
      2.9910         7.85
      2.9920         7.87
      2.9930         7.74
      2.9940         7.75
      2.9950         7.73
      2.9960         7.65
      2.9970         7.54
      2.9980         7.47
      2.9990         7.41
