        Time   Palpation Force
      0.0000         1.00
      0.0010         1.00
      0.0020         1.00
      0.0030         1.00
      0.0040         1.00
      0.0050         1.00
      0.0060         1.00
      0.0070         1.00
      0.0080         1.00
      0.0090         1.00
      0.0100         1.00
      0.0110         1.00
      0.0120         1.00
      0.0130         1.00
      0.0140         1.00
      0.0150         1.00
      0.0160         1.00
      0.0170         1.00
      0.0180         1.00
      0.0190         1.00
      0.0200         1.00
      0.0210         1.00
      0.0220         1.00
      0.0230         1.00
      0.0240         1.00
      0.0250         1.00
      0.0260         1.00
      0.0270         1.00
      0.0280         1.00
      0.0290         1.00
      0.0300         1.00
      0.0310         1.00
      0.0320         1.00
      0.0330         1.00
      0.0340         1.00
      0.0350         1.00
      0.0360         1.00
      0.0370         1.00
      0.0380         1.00
      0.0390         1.00
      0.0400         1.00
      0.0410         1.00
      0.0420         1.00
      0.0430         1.00
      0.0440         1.00
      0.0450         1.00
      0.0460         1.00
      0.0470         1.00
      0.0480         1.00
      0.0490         1.00
      0.0500         1.00
      0.0510         1.00
      0.0520         1.00
      0.0530         1.00
      0.0540         1.00
      0.0550         1.00
      0.0560         1.00
      0.0570         1.00
      0.0580         1.00
      0.0590         1.00
      0.0600         1.00
      0.0610         1.00
      0.0620         1.00
      0.0630         1.00
      0.0640         1.00
      0.0650         1.00
      0.0660         1.00
      0.0670         1.00
      0.0680         1.00
      0.0690         1.00
      0.0700         1.00
      0.0710         1.00
      0.0720         1.00
      0.0730         1.00
      0.0740         1.00
      0.0750         1.00
      0.0760         1.00
      0.0770         1.00
      0.0780         1.00
      0.0790         1.00
      0.0800         1.00
      0.0810         1.00
      0.0820         1.00
      0.0830         1.00
      0.0840         1.00
      0.0850         1.00
      0.0860         1.00
      0.0870         1.00
      0.0880         1.00
      0.0890         1.00
      0.0900         1.00
      0.0910         1.00
      0.0920         1.00
      0.0930         1.00
      0.0940         1.00
      0.0950         1.00
      0.0960         1.00
      0.0970         1.00
      0.0980         1.00
      0.0990         1.00
      0.1000         1.00
      0.1010         1.00
      0.1020         1.00
      0.1030         1.00
      0.1040         1.00
      0.1050         1.00
      0.1060         1.00
      0.1070         1.00
      0.1080         1.00
      0.1090         1.00
      0.1100         1.00
      0.1110         1.00
      0.1120         1.00
      0.1130         1.00
      0.1140         1.00
      0.1150         1.00
      0.1160         1.00
      0.1170         1.00
      0.1180         1.00
      0.1190         1.00
      0.1200         1.00
      0.1210         1.00
      0.1220         1.00
      0.1230         1.00
      0.1240         1.00
      0.1250         1.00
      0.1260         1.00
      0.1270         1.00
      0.1280         1.00
      0.1290         1.00
      0.1300         1.00
      0.1310         1.00
      0.1320         1.00
      0.1330         1.00
      0.1340         1.00
      0.1350         1.00
      0.1360         1.00
      0.1370         1.00
      0.1380         1.00
      0.1390         1.00
      0.1400         1.00
      0.1410         1.00
      0.1420         1.00
      0.1430         1.00
      0.1440         1.00
      0.1450         1.00
      0.1460         1.00
      0.1470         1.00
      0.1480         1.00
      0.1490         1.00
      0.1500         1.00
      0.1510         1.00
      0.1520         1.00
      0.1530         1.00
      0.1540         1.00
      0.1550         1.00
      0.1560         1.00
      0.1570         1.00
      0.1580         1.00
      0.1590         1.00
      0.1600         1.00
      0.1610         1.00
      0.1620         1.00
      0.1630         1.00
      0.1640         1.00
      0.1650         1.00
      0.1660         1.00
      0.1670         1.00
      0.1680         1.00
      0.1690         1.00
      0.1700         1.00
      0.1710         1.00
      0.1720         1.00
      0.1730         1.00
      0.1740         1.00
      0.1750         1.00
      0.1760         1.00
      0.1770         1.00
      0.1780         1.00
      0.1790         1.00
      0.1800         1.00
      0.1810         1.00
      0.1820         1.00
      0.1830         1.00
      0.1840         1.00
      0.1850         1.00
      0.1860         1.00
      0.1870         1.00
      0.1880         1.00
      0.1890         1.00
      0.1900         1.00
      0.1910         1.00
      0.1920         1.00
      0.1930         1.00
      0.1940         1.00
      0.1950         1.00
      0.1960         1.00
      0.1970         1.00
      0.1980         1.00
      0.1990         1.00
      0.2000         1.00
      0.2010         1.00
      0.2020         1.00
      0.2030         1.00
      0.2040         1.00
      0.2050         1.00
      0.2060         1.00
      0.2070         1.00
      0.2080         1.00
      0.2090         1.00
      0.2100         1.00
      0.2110         1.00
      0.2120         1.00
      0.2130         1.00
      0.2140         1.00
      0.2150         1.00
      0.2160         1.00
      0.2170         1.00
      0.2180         1.00
      0.2190         1.00
      0.2200         1.00
      0.2210         1.00
      0.2220         1.00
      0.2230         1.00
      0.2240         1.00
      0.2250         1.00
      0.2260         1.00
      0.2270         1.00
      0.2280         1.00
      0.2290         1.00
      0.2300         1.00
      0.2310         1.00
      0.2320         1.00
      0.2330         1.00
      0.2340         1.00
      0.2350         1.00
      0.2360         1.00
      0.2370         1.00
      0.2380         1.00
      0.2390         1.00
      0.2400         1.00
      0.2410         1.00
      0.2420         1.00
      0.2430         1.00
      0.2440         1.00
      0.2450         1.00
      0.2460         1.00
      0.2470         1.00
      0.2480         1.00
      0.2490         1.00
      0.2500         1.00
      0.2510         1.00
      0.2520         1.00
      0.2530         1.00
      0.2540         1.00
      0.2550         1.00
      0.2560         1.00
      0.2570         1.00
      0.2580         1.00
      0.2590         1.00
      0.2600         1.00
      0.2610         1.00
      0.2620         1.00
      0.2630         1.00
      0.2640         1.00
      0.2650         1.00
      0.2660         1.00
      0.2670         1.00
      0.2680         1.00
      0.2690         1.00
      0.2700         1.00
      0.2710         1.00
      0.2720         1.00
      0.2730         1.00
      0.2740         1.00
      0.2750         1.00
      0.2760         1.00
      0.2770         1.00
      0.2780         1.00
      0.2790         1.00
      0.2800         1.00
      0.2810         1.00
      0.2820         1.00
      0.2830         1.00
      0.2840         1.00
      0.2850         1.00
      0.2860         1.00
      0.2870         1.00
      0.2880         1.00
      0.2890         1.00
      0.2900         1.00
      0.2910         1.00
      0.2920         1.00
      0.2930         1.00
      0.2940         1.00
      0.2950         1.00
      0.2960         1.00
      0.2970         1.00
      0.2980         1.00
      0.2990         1.00
      0.3000         1.00
      0.3010         1.00
      0.3020         1.00
      0.3030         1.00
      0.3040         1.00
      0.3050         1.00
      0.3060         1.00
      0.3070         1.00
      0.3080         1.00
      0.3090         1.00
      0.3100         1.00
      0.3110         1.00
      0.3120         1.00
      0.3130         1.00
      0.3140         1.00
      0.3150         1.00
      0.3160         1.00
      0.3170         1.00
      0.3180         1.00
      0.3190         1.00
      0.3200         1.00
      0.3210         1.00
      0.3220         1.00
      0.3230         1.00
      0.3240         1.00
      0.3250         1.00
      0.3260         1.00
      0.3270         1.00
      0.3280         1.00
      0.3290         1.00
      0.3300         1.00
      0.3310         1.00
      0.3320         1.00
      0.3330         1.00
      0.3340         1.00
      0.3350         1.00
      0.3360         1.00
      0.3370         1.00
      0.3380         1.00
      0.3390         1.00
      0.3400         1.00
      0.3410         1.00
      0.3420         1.00
      0.3430         1.00
      0.3440         1.00
      0.3450         1.00
      0.3460         1.00
      0.3470         1.00
      0.3480         1.00
      0.3490         1.00
      0.3500         1.00
      0.3510         1.00
      0.3520         1.00
      0.3530         1.00
      0.3540         1.00
      0.3550         1.00
      0.3560         1.00
      0.3570         1.00
      0.3580         1.00
      0.3590         1.00
      0.3600         1.00
      0.3610         1.00
      0.3620         1.00
      0.3630         1.00
      0.3640         1.00
      0.3650         1.00
      0.3660         1.00
      0.3670         1.00
      0.3680         1.00
      0.3690         1.00
      0.3700         1.00
      0.3710         1.00
      0.3720         1.00
      0.3730         1.00
      0.3740         1.00
      0.3750         1.00
      0.3760         1.00
      0.3770         1.00
      0.3780         1.00
      0.3790         1.00
      0.3800         1.00
      0.3810         1.00
      0.3820         1.00
      0.3830         1.00
      0.3840         1.00
      0.3850         1.00
      0.3860         1.00
      0.3870         1.00
      0.3880         1.00
      0.3890         1.00
      0.3900         1.00
      0.3910         1.00
      0.3920         1.00
      0.3930         1.00
      0.3940         1.00
      0.3950         1.00
      0.3960         1.00
      0.3970         1.00
      0.3980         1.00
      0.3990         1.00
      0.4000         1.00
      0.4010         1.00
      0.4020         1.00
      0.4030         1.00
      0.4040         1.00
      0.4050         1.00
      0.4060         1.00
      0.4070         1.00
      0.4080         1.00
      0.4090         1.00
      0.4100         1.00
      0.4110         1.00
      0.4120         1.00
      0.4130         1.00
      0.4140         1.00
      0.4150         1.00
      0.4160         1.00
      0.4170         1.00
      0.4180         1.00
      0.4190         1.00
      0.4200         1.00
      0.4210         1.00
      0.4220         1.00
      0.4230         1.00
      0.4240         1.00
      0.4250         1.00
      0.4260         1.00
      0.4270         1.00
      0.4280         1.00
      0.4290         1.00
      0.4300         1.00
      0.4310         1.00
      0.4320         1.00
      0.4330         1.00
      0.4340         1.00
      0.4350         1.00
      0.4360         1.00
      0.4370         1.00
      0.4380         1.00
      0.4390         1.00
      0.4400         1.00
      0.4410         1.00
      0.4420         1.00
      0.4430         1.00
      0.4440         1.00
      0.4450         1.00
      0.4460         1.00
      0.4470         1.00
      0.4480         1.00
      0.4490         1.00
      0.4500         1.00
      0.4510         1.00
      0.4520         1.00
      0.4530         1.00
      0.4540         1.00
      0.4550         1.00
      0.4560         1.00
      0.4570         1.00
      0.4580         1.00
      0.4590         1.00
      0.4600         1.00
      0.4610         1.00
      0.4620         1.00
      0.4630         1.00
      0.4640         1.00
      0.4650         1.00
      0.4660         1.00
      0.4670         1.00
      0.4680         1.00
      0.4690         1.00
      0.4700         1.00
      0.4710         1.00
      0.4720         1.00
      0.4730         1.00
      0.4740         1.00
      0.4750         1.00
      0.4760         1.00
      0.4770         1.00
      0.4780         1.00
      0.4790         1.00
      0.4800         1.00
      0.4810         1.00
      0.4820         1.00
      0.4830         1.00
      0.4840         1.00
      0.4850         1.00
      0.4860         1.00
      0.4870         1.00
      0.4880         1.00
      0.4890         1.00
      0.4900         1.00
      0.4910         1.00
      0.4920         1.00
      0.4930         1.00
      0.4940         1.00
      0.4950         1.00
      0.4960         1.00
      0.4970         1.00
      0.4980         1.00
      0.4990         1.00
      0.5000         1.00
      0.5010         1.00
      0.5020         1.00
      0.5030         1.00
      0.5040         1.00
      0.5050         1.00
      0.5060         1.00
      0.5070         1.00
      0.5080         1.00
      0.5090         1.00
      0.5100         1.00
      0.5110         1.00
      0.5120         1.00
      0.5130         1.00
      0.5140         1.00
      0.5150         1.00
      0.5160         1.00
      0.5170         1.00
      0.5180         1.00
      0.5190         1.00
      0.5200         1.00
      0.5210         1.00
      0.5220         1.00
      0.5230         1.00
      0.5240         1.00
      0.5250         1.00
      0.5260         1.00
      0.5270         1.00
      0.5280         1.00
      0.5290         1.00
      0.5300         1.00
      0.5310         1.00
      0.5320         1.00
      0.5330         1.00
      0.5340         1.00
      0.5350         1.00
      0.5360         1.00
      0.5370         1.00
      0.5380         1.00
      0.5390         1.00
      0.5400         1.00
      0.5410         1.00
      0.5420         1.00
      0.5430         1.00
      0.5440         1.00
      0.5450         1.00
      0.5460         1.00
      0.5470         1.00
      0.5480         1.00
      0.5490         1.00
      0.5500         1.00
      0.5510         1.00
      0.5520         1.00
      0.5530         1.00
      0.5540         1.00
      0.5550         1.00
      0.5560         1.00
      0.5570         1.00
      0.5580         1.00
      0.5590         1.00
      0.5600         1.00
      0.5610         1.00
      0.5620         1.00
      0.5630         1.00
      0.5640         1.00
      0.5650         1.00
      0.5660         1.00
      0.5670         1.00
      0.5680         1.00
      0.5690         1.00
      0.5700         1.00
      0.5710         1.00
      0.5720         1.00
      0.5730         1.00
      0.5740         1.00
      0.5750         1.00
      0.5760         1.00
      0.5770         1.00
      0.5780         1.00
      0.5790         1.00
      0.5800         1.00
      0.5810         1.00
      0.5820         1.00
      0.5830         1.00
      0.5840         1.00
      0.5850         1.00
      0.5860         1.00
      0.5870         1.00
      0.5880         1.00
      0.5890         1.00
      0.5900         1.00
      0.5910         1.00
      0.5920         1.00
      0.5930         1.00
      0.5940         1.00
      0.5950         1.00
      0.5960         1.00
      0.5970         1.00
      0.5980         1.00
      0.5990         1.00
      0.6000         1.00
      0.6010         1.00
      0.6020         1.00
      0.6030         1.00
      0.6040         1.00
      0.6050         1.00
      0.6060         1.00
      0.6070         1.00
      0.6080         1.00
      0.6090         1.00
      0.6100         1.00
      0.6110         1.00
      0.6120         1.00
      0.6130         1.00
      0.6140         1.00
      0.6150         1.00
      0.6160         1.00
      0.6170         1.00
      0.6180         1.00
      0.6190         1.00
      0.6200         1.00
      0.6210         1.00
      0.6220         1.00
      0.6230         1.00
      0.6240         1.00
      0.6250         1.00
      0.6260         1.00
      0.6270         1.00
      0.6280         1.00
      0.6290         1.00
      0.6300         1.00
      0.6310         1.00
      0.6320         1.00
      0.6330         1.00
      0.6340         1.00
      0.6350         1.00
      0.6360         1.00
      0.6370         1.00
      0.6380         1.00
      0.6390         1.00
      0.6400         1.00
      0.6410         1.00
      0.6420         1.00
      0.6430         1.00
      0.6440         1.00
      0.6450         1.00
      0.6460         1.00
      0.6470         1.00
      0.6480         1.00
      0.6490         1.00
      0.6500         1.00
      0.6510         1.00
      0.6520         1.00
      0.6530         1.00
      0.6540         1.00
      0.6550         1.00
      0.6560         1.00
      0.6570         1.00
      0.6580         1.00
      0.6590         1.00
      0.6600         1.00
      0.6610         1.00
      0.6620         1.00
      0.6630         1.00
      0.6640         1.00
      0.6650         1.00
      0.6660         1.00
      0.6670         1.00
      0.6680         1.00
      0.6690         1.00
      0.6700         1.00
      0.6710         1.00
      0.6720         1.00
      0.6730         1.00
      0.6740         1.00
      0.6750         1.00
      0.6760         1.00
      0.6770         1.00
      0.6780         1.00
      0.6790         1.00
      0.6800         1.00
      0.6810         1.00
      0.6820         1.00
      0.6830         1.00
      0.6840         1.00
      0.6850         1.00
      0.6860         1.00
      0.6870         1.00
      0.6880         1.00
      0.6890         1.00
      0.6900         1.00
      0.6910         1.00
      0.6920         1.00
      0.6930         1.00
      0.6940         1.00
      0.6950         1.00
      0.6960         1.00
      0.6970         1.00
      0.6980         1.00
      0.6990         1.00
      0.7000         1.00
      0.7010         1.00
      0.7020         1.00
      0.7030         1.00
      0.7040         1.00
      0.7050         1.00
      0.7060         1.00
      0.7070         1.00
      0.7080         1.00
      0.7090         1.00
      0.7100         1.00
      0.7110         1.00
      0.7120         1.00
      0.7130         1.00
      0.7140         1.00
      0.7150         1.00
      0.7160         1.00
      0.7170         1.00
      0.7180         1.00
      0.7190         1.00
      0.7200         1.00
      0.7210         1.00
      0.7220         1.00
      0.7230         1.00
      0.7240         1.00
      0.7250         1.00
      0.7260         1.00
      0.7270         1.00
      0.7280         1.00
      0.7290         1.00
      0.7300         1.00
      0.7310         1.00
      0.7320         1.00
      0.7330         1.00
      0.7340         1.00
      0.7350         1.00
      0.7360         1.00
      0.7370         1.00
      0.7380         1.00
      0.7390         1.00
      0.7400         1.00
      0.7410         1.00
      0.7420         1.00
      0.7430         1.00
      0.7440         1.00
      0.7450         1.00
      0.7460         1.00
      0.7470         1.00
      0.7480         1.00
      0.7490         1.00
      0.7500         1.00
      0.7510         1.00
      0.7520         1.00
      0.7530         1.00
      0.7540         1.00
      0.7550         1.00
      0.7560         1.00
      0.7570         1.00
      0.7580         1.00
      0.7590         1.00
      0.7600         1.00
      0.7610         1.00
      0.7620         1.00
      0.7630         1.00
      0.7640         1.00
      0.7650         1.00
      0.7660         1.00
      0.7670         1.00
      0.7680         1.00
      0.7690         1.00
      0.7700         1.00
      0.7710         1.00
      0.7720         1.00
      0.7730         1.00
      0.7740         1.00
      0.7750         1.00
      0.7760         1.00
      0.7770         1.00
      0.7780         1.00
      0.7790         1.00
      0.7800         1.00
      0.7810         1.00
      0.7820         1.00
      0.7830         1.00
      0.7840         1.00
      0.7850         1.00
      0.7860         1.00
      0.7870         1.00
      0.7880         1.00
      0.7890         1.00
      0.7900         1.00
      0.7910         1.00
      0.7920         1.00
      0.7930         1.00
      0.7940         1.00
      0.7950         1.00
      0.7960         1.00
      0.7970         1.00
      0.7980         1.00
      0.7990         1.00
      0.8000         1.00
      0.8010         1.00
      0.8020         1.00
      0.8030         1.00
      0.8040         1.00
      0.8050         1.00
      0.8060         1.00
      0.8070         1.00
      0.8080         1.00
      0.8090         1.00
      0.8100         1.00
      0.8110         1.00
      0.8120         1.00
      0.8130         1.00
      0.8140         1.00
      0.8150         1.00
      0.8160         1.00
      0.8170         1.00
      0.8180         1.00
      0.8190         1.00
      0.8200         1.00
      0.8210         1.00
      0.8220         1.00
      0.8230         1.00
      0.8240         1.00
      0.8250         1.00
      0.8260         1.00
      0.8270         1.00
      0.8280         1.00
      0.8290         1.00
      0.8300         1.00
      0.8310         1.00
      0.8320         1.00
      0.8330         1.00
      0.8340         1.00
      0.8350         1.00
      0.8360         1.00
      0.8370         1.00
      0.8380         1.00
      0.8390         1.00
      0.8400         1.00
      0.8410         1.00
      0.8420         1.00
      0.8430         1.00
      0.8440         1.00
      0.8450         1.00
      0.8460         1.00
      0.8470         1.00
      0.8480         1.00
      0.8490         1.00
      0.8500         1.00
      0.8510         1.00
      0.8520         1.00
      0.8530         1.00
      0.8540         1.00
      0.8550         1.00
      0.8560         1.00
      0.8570         1.00
      0.8580         1.00
      0.8590         1.00
      0.8600         1.00
      0.8610         1.00
      0.8620         1.00
      0.8630         1.00
      0.8640         1.00
      0.8650         1.00
      0.8660         1.00
      0.8670         1.00
      0.8680         1.00
      0.8690         1.00
      0.8700         1.00
      0.8710         1.00
      0.8720         1.00
      0.8730         1.00
      0.8740         1.00
      0.8750         1.00
      0.8760         1.00
      0.8770         1.00
      0.8780         1.00
      0.8790         1.00
      0.8800         1.00
      0.8810         1.00
      0.8820         1.00
      0.8830         1.00
      0.8840         1.00
      0.8850         1.00
      0.8860         1.00
      0.8870         1.00
      0.8880         1.00
      0.8890         1.00
      0.8900         1.00
      0.8910         1.00
      0.8920         1.00
      0.8930         1.00
      0.8940         1.00
      0.8950         1.00
      0.8960         1.00
      0.8970         1.00
      0.8980         1.00
      0.8990         1.00
      0.9000         1.00
      0.9010         1.00
      0.9020         1.00
      0.9030         1.00
      0.9040         1.00
      0.9050         1.00
      0.9060         1.00
      0.9070         1.00
      0.9080         1.00
      0.9090         1.00
      0.9100         1.00
      0.9110         1.00
      0.9120         1.00
      0.9130         1.00
      0.9140         1.00
      0.9150         1.00
      0.9160         1.00
      0.9170         1.00
      0.9180         1.00
      0.9190         1.00
      0.9200         1.00
      0.9210         1.00
      0.9220         1.00
      0.9230         1.00
      0.9240         1.00
      0.9250         1.00
      0.9260         1.00
      0.9270         1.00
      0.9280         1.00
      0.9290         1.00
      0.9300         1.00
      0.9310         1.00
      0.9320         1.00
      0.9330         1.00
      0.9340         1.00
      0.9350         1.00
      0.9360         1.00
      0.9370         1.00
      0.9380         1.00
      0.9390         1.00
      0.9400         1.00
      0.9410         1.00
      0.9420         1.00
      0.9430         1.00
      0.9440         1.00
      0.9450         1.00
      0.9460         1.00
      0.9470         1.00
      0.9480         1.00
      0.9490         1.00
      0.9500         1.00
      0.9510         1.00
      0.9520         1.00
      0.9530         1.00
      0.9540         1.00
      0.9550         1.00
      0.9560         1.00
      0.9570         1.00
      0.9580         1.00
      0.9590         1.00
      0.9600         1.00
      0.9610         1.00
      0.9620         1.00
      0.9630         1.00
      0.9640         1.00
      0.9650         1.00
      0.9660         1.00
      0.9670         1.00
      0.9680         1.00
      0.9690         1.00
      0.9700         1.00
      0.9710         1.00
      0.9720         1.00
      0.9730         1.00
      0.9740         1.00
      0.9750         1.00
      0.9760         1.00
      0.9770         1.00
      0.9780         1.00
      0.9790         1.00
      0.9800         1.00
      0.9810         1.00
      0.9820         1.00
      0.9830         1.00
      0.9840         1.00
      0.9850         1.00
      0.9860         1.00
      0.9870         1.00
      0.9880         1.00
      0.9890         1.00
      0.9900         1.00
      0.9910         1.00
      0.9920         1.00
      0.9930         1.00
      0.9940         1.00
      0.9950         1.00
      0.9960         1.00
      0.9970         1.00
      0.9980         1.00
      0.9990         1.00
      1.0000         1.00
      1.0010         1.00
      1.0020         1.00
      1.0030         1.00
      1.0040         1.00
      1.0050         1.00
      1.0060         1.00
      1.0070         1.00
      1.0080         1.00
      1.0090         1.00
      1.0100         1.00
      1.0110         1.00
      1.0120         1.00
      1.0130         1.00
      1.0140         1.00
      1.0150         1.00
      1.0160         1.00
      1.0170         1.00
      1.0180         1.00
      1.0190         1.00
      1.0200         1.00
      1.0210         1.00
      1.0220         1.00
      1.0230         1.00
      1.0240         1.00
      1.0250         1.00
      1.0260         1.00
      1.0270         1.00
      1.0280         1.00
      1.0290         1.00
      1.0300         1.00
      1.0310         1.00
      1.0320         1.00
      1.0330         1.00
      1.0340         1.00
      1.0350         1.00
      1.0360         1.00
      1.0370         1.00
      1.0380         1.00
      1.0390         1.00
      1.0400         1.00
      1.0410         1.00
      1.0420         1.00
      1.0430         1.00
      1.0440         1.00
      1.0450         1.00
      1.0460         1.00
      1.0470         1.00
      1.0480         1.00
      1.0490         1.00
      1.0500         1.00
      1.0510         1.00
      1.0520         1.00
      1.0530         1.00
      1.0540         1.00
      1.0550         1.00
      1.0560         1.00
      1.0570         1.00
      1.0580         1.00
      1.0590         1.00
      1.0600         1.00
      1.0610         1.00
      1.0620         1.00
      1.0630         1.00
      1.0640         1.00
      1.0650         1.00
      1.0660         1.00
      1.0670         1.00
      1.0680         1.00
      1.0690         1.00
      1.0700         1.00
      1.0710         1.00
      1.0720         1.00
      1.0730         1.00
      1.0740         1.00
      1.0750         1.00
      1.0760         1.00
      1.0770         1.00
      1.0780         1.00
      1.0790         1.00
      1.0800         1.00
      1.0810         1.00
      1.0820         1.00
      1.0830         1.00
      1.0840         1.00
      1.0850         1.00
      1.0860         1.00
      1.0870         1.00
      1.0880         1.00
      1.0890         1.00
      1.0900         1.00
      1.0910         1.00
      1.0920         1.00
      1.0930         1.00
      1.0940         1.00
      1.0950         1.00
      1.0960         1.00
      1.0970         1.00
      1.0980         1.00
      1.0990         1.00
      1.1000         1.00
      1.1010         1.00
      1.1020         1.00
      1.1030         1.00
      1.1040         1.00
      1.1050         1.00
      1.1060         1.00
      1.1070         1.00
      1.1080         1.00
      1.1090         1.00
      1.1100         1.00
      1.1110         1.00
      1.1120         1.00
      1.1130         1.00
      1.1140         1.00
      1.1150         1.00
      1.1160         1.00
      1.1170         1.00
      1.1180         1.00
      1.1190         1.00
      1.1200         1.00
      1.1210         1.00
      1.1220         1.00
      1.1230         1.00
      1.1240         1.00
      1.1250         1.00
      1.1260         1.00
      1.1270         1.00
      1.1280         1.00
      1.1290         1.00
      1.1300         1.00
      1.1310         1.00
      1.1320         1.00
      1.1330         1.00
      1.1340         1.00
      1.1350         1.00
      1.1360         1.00
      1.1370         1.00
      1.1380         1.00
      1.1390         1.00
      1.1400         1.00
      1.1410         1.00
      1.1420         1.00
      1.1430         1.00
      1.1440         1.00
      1.1450         1.00
      1.1460         1.00
      1.1470         1.00
      1.1480         1.00
      1.1490         1.00
      1.1500         1.00
      1.1510         1.00
      1.1520         1.00
      1.1530         1.00
      1.1540         1.00
      1.1550         1.00
      1.1560         1.00
      1.1570         1.00
      1.1580         1.00
      1.1590         1.00
      1.1600         1.00
      1.1610         1.00
      1.1620         1.00
      1.1630         1.00
      1.1640         1.00
      1.1650         1.00
      1.1660         1.00
      1.1670         1.00
      1.1680         1.00
      1.1690         1.00
      1.1700         1.00
      1.1710         1.00
      1.1720         1.00
      1.1730         1.00
      1.1740         1.00
      1.1750         1.00
      1.1760         1.00
      1.1770         1.00
      1.1780         1.00
      1.1790         1.00
      1.1800         1.00
      1.1810         1.00
      1.1820         1.00
      1.1830         1.00
      1.1840         1.00
      1.1850         1.00
      1.1860         1.00
      1.1870         1.00
      1.1880         1.00
      1.1890         1.00
      1.1900         1.00
      1.1910         1.00
      1.1920         1.00
      1.1930         1.00
      1.1940         1.00
      1.1950         1.00
      1.1960         1.00
      1.1970         1.00
      1.1980         1.00
      1.1990         1.00
      1.2000         1.00
      1.2010         1.00
      1.2020         1.00
      1.2030         1.00
      1.2040         1.00
      1.2050         1.00
      1.2060         1.00
      1.2070         1.00
      1.2080         1.00
      1.2090         1.00
      1.2100         1.00
      1.2110         1.00
      1.2120         1.00
      1.2130         1.00
      1.2140         1.00
      1.2150         1.00
      1.2160         1.00
      1.2170         1.00
      1.2180         1.00
      1.2190         1.00
      1.2200         1.00
      1.2210         1.00
      1.2220         1.00
      1.2230         1.00
      1.2240         1.00
      1.2250         1.00
      1.2260         1.00
      1.2270         1.00
      1.2280         1.00
      1.2290         1.00
      1.2300         1.00
      1.2310         1.00
      1.2320         1.00
      1.2330         1.00
      1.2340         1.00
      1.2350         1.00
      1.2360         1.00
      1.2370         1.00
      1.2380         1.00
      1.2390         1.00
      1.2400         1.00
      1.2410         1.00
      1.2420         1.00
      1.2430         1.00
      1.2440         1.00
      1.2450         1.00
      1.2460         1.00
      1.2470         1.00
      1.2480         1.00
      1.2490         1.00
      1.2500         1.00
      1.2510         1.00
      1.2520         1.00
      1.2530         1.00
      1.2540         1.00
      1.2550         1.00
      1.2560         1.00
      1.2570         1.00
      1.2580         1.00
      1.2590         1.00
      1.2600         1.00
      1.2610         1.00
      1.2620         1.00
      1.2630         1.00
      1.2640         1.00
      1.2650         1.00
      1.2660         1.00
      1.2670         1.00
      1.2680         1.00
      1.2690         1.00
      1.2700         1.00
      1.2710         1.00
      1.2720         1.00
      1.2730         1.00
      1.2740         1.00
      1.2750         1.00
      1.2760         1.00
      1.2770         1.00
      1.2780         1.00
      1.2790         1.00
      1.2800         1.00
      1.2810         1.00
      1.2820         1.00
      1.2830         1.00
      1.2840         1.00
      1.2850         1.00
      1.2860         1.00
      1.2870         1.00
      1.2880         1.00
      1.2890         1.00
      1.2900         1.00
      1.2910         1.00
      1.2920         1.00
      1.2930         1.00
      1.2940         1.00
      1.2950         1.00
      1.2960         1.00
      1.2970         1.00
      1.2980         1.00
      1.2990         1.00
      1.3000         1.00
      1.3010         1.00
      1.3020         1.00
      1.3030         1.00
      1.3040         1.00
      1.3050         1.00
      1.3060         1.00
      1.3070         1.00
      1.3080         1.00
      1.3090         1.00
      1.3100         1.00
      1.3110         1.00
      1.3120         1.00
      1.3130         1.00
      1.3140         1.00
      1.3150         1.00
      1.3160         1.00
      1.3170         1.00
      1.3180         1.00
      1.3190         1.00
      1.3200         1.00
      1.3210         1.00
      1.3220         1.00
      1.3230         1.00
      1.3240         1.00
      1.3250         1.00
      1.3260         1.00
      1.3270         1.00
      1.3280         1.00
      1.3290         1.00
      1.3300         1.00
      1.3310         1.00
      1.3320         1.00
      1.3330         1.00
      1.3340         1.00
      1.3350         1.00
      1.3360         1.00
      1.3370         1.00
      1.3380         1.00
      1.3390         1.00
      1.3400         1.00
      1.3410         1.00
      1.3420         1.00
      1.3430         1.00
      1.3440         1.00
      1.3450         1.00
      1.3460         1.00
      1.3470         1.00
      1.3480         1.00
      1.3490         1.00
      1.3500         1.00
      1.3510         1.00
      1.3520         1.00
      1.3530         1.00
      1.3540         1.00
      1.3550         1.00
      1.3560         1.00
      1.3570         1.00
      1.3580         1.00
      1.3590         1.30
      1.3600         1.81
      1.3610         1.92
      1.3620         2.05
      1.3630         2.07
      1.3640         2.09
      1.3650         2.19
      1.3660         2.13
      1.3670         2.19
      1.3680         2.19
      1.3690         2.10
      1.3700         2.14
      1.3710         2.13
      1.3720         2.13
      1.3730         2.01
      1.3740         1.87
      1.3750         1.86
      1.3760         1.90
      1.3770         1.34
      1.3780         1.34
      1.3790         1.38
      1.3800         1.38
      1.3810         1.37
      1.3820         1.26
      1.3830         1.23
      1.3840         1.22
      1.3850         1.00
      1.3860         1.00
      1.3870         1.00
      1.3880         1.00
      1.3890         1.00
      1.3900         1.00
      1.3910         1.00
      1.3920         1.00
      1.3930         1.00
      1.3940         1.00
      1.3950         1.00
      1.3960         1.10
      1.3970         1.12
      1.3980         1.14
      1.3990         1.08
      1.4000         1.00
      1.4010         1.09
      1.4020         1.00
      1.4030         1.21
      1.4040         1.00
      1.4050         1.00
      1.4060         1.00
      1.4070         1.00
      1.4080         1.00
      1.4090         1.00
      1.4100         1.00
      1.4110         1.26
      1.4120         1.30
      1.4130         1.27
      1.4140         1.31
      1.4150         1.30
      1.4160         1.25
      1.4170         1.25
      1.4180         1.21
      1.4190         1.29
      1.4200         1.38
      1.4210         1.46
      1.4220         1.46
      1.4230         1.48
      1.4240         1.57
      1.4250         2.22
      1.4260         2.21
      1.4270         2.28
      1.4280         2.43
      1.4290         2.50
      1.4300         2.52
      1.4310         2.67
      1.4320         2.79
      1.4330         2.87
      1.4340         2.95
      1.4350         2.95
      1.4360         3.02
      1.4370         3.04
      1.4380         3.04
      1.4390         3.09
      1.4400         3.05
      1.4410         3.20
      1.4420         3.30
      1.4430         3.35
      1.4440         3.30
      1.4450         3.30
      1.4460         3.91
      1.4470         3.41
      1.4480         3.39
      1.4490         3.43
      1.4500         3.54
      1.4510         3.54
      1.4520         3.59
      1.4530         3.69
      1.4540         4.22
      1.4550         4.37
      1.4560         4.46
      1.4570         4.01
      1.4580         4.10
      1.4590         4.75
      1.4600         4.91
      1.4610         4.88
      1.4620         4.92
      1.4630         4.95
      1.4640         5.01
      1.4650         5.11
      1.4660         5.02
      1.4670         5.17
      1.4680         5.35
      1.4690         5.43
      1.4700         5.46
      1.4710         5.56
      1.4720         5.52
      1.4730         5.50
      1.4740         5.50
      1.4750         5.51
      1.4760         5.58
      1.4770         5.66
      1.4780         5.67
      1.4790         5.73
      1.4800         5.63
      1.4810         5.74
      1.4820         5.77
      1.4830         5.93
      1.4840         6.04
      1.4850         6.14
      1.4860         6.26
      1.4870         6.38
      1.4880         6.40
      1.4890         6.42
      1.4900         6.53
      1.4910         6.68
      1.4920         6.78
      1.4930         6.91
      1.4940         7.04
      1.4950         7.14
      1.4960         7.27
      1.4970         7.31
      1.4980         7.40
      1.4990         7.47
      1.5000         7.74
      1.5010         7.75
      1.5020         7.82
      1.5030         7.88
      1.5040         7.98
      1.5050         8.00
      1.5060         8.17
      1.5070         8.25
      1.5080         8.36
      1.5090         8.58
      1.5100         8.76
      1.5110         8.88
      1.5120         8.95
      1.5130         9.11
      1.5140         9.19
      1.5150         9.38
      1.5160         9.46
      1.5170         9.65
      1.5180         9.84
      1.5190         9.90
      1.5200         9.95
      1.5210        10.13
      1.5220        10.30
      1.5230        10.38
      1.5240        10.45
      1.5250        10.59
      1.5260        10.72
      1.5270        10.82
      1.5280        10.82
      1.5290        10.88
      1.5300        10.87
      1.5310        10.85
      1.5320        11.01
      1.5330        11.04
      1.5340        11.20
      1.5350        11.24
      1.5360        11.31
      1.5370        11.36
      1.5380        11.39
      1.5390        11.59
      1.5400        11.68
      1.5410        11.75
      1.5420        11.88
      1.5430        11.98
      1.5440        12.18
      1.5450        12.24
      1.5460        12.34
      1.5470        12.48
      1.5480        12.69
      1.5490        12.78
      1.5500        12.94
      1.5510        13.14
      1.5520        13.28
      1.5530        13.45
      1.5540        13.59
      1.5550        13.69
      1.5560        13.95
      1.5570        14.08
      1.5580        14.19
      1.5590        14.25
      1.5600        14.29
      1.5610        14.44
      1.5620        14.39
      1.5630        14.57
      1.5640        14.64
      1.5650        14.81
      1.5660        14.90
      1.5670        15.00
      1.5680        15.10
      1.5690        15.24
      1.5700        15.30
      1.5710        15.34
      1.5720        15.42
      1.5730        15.52
      1.5740        15.61
      1.5750        15.71
      1.5760        15.76
      1.5770        15.86
      1.5780        15.97
      1.5790        16.06
      1.5800        16.22
      1.5810        16.31
      1.5820        16.57
      1.5830        16.68
      1.5840        16.79
      1.5850        16.89
      1.5860        17.01
      1.5870        17.14
      1.5880        17.24
      1.5890        17.30
      1.5900        17.47
      1.5910        17.61
      1.5920        17.72
      1.5930        17.84
      1.5940        17.89
      1.5950        18.00
      1.5960        18.12
      1.5970        18.36
      1.5980        18.55
      1.5990        18.72
      1.6000        18.87
      1.6010        19.10
      1.6020        19.24
      1.6030        19.34
      1.6040        19.55
      1.6050        19.71
      1.6060        19.87
      1.6070        20.00
      1.6080        20.20
      1.6090        20.31
      1.6100        20.51
      1.6110        20.73
      1.6120        20.83
      1.6130        21.00
      1.6140        21.23
      1.6150        21.48
      1.6160        21.68
      1.6170        21.76
      1.6180        21.87
      1.6190        21.95
      1.6200        22.10
      1.6210        22.17
      1.6220        22.25
      1.6230        22.45
      1.6240        22.47
      1.6250        22.63
      1.6260        22.83
      1.6270        22.94
      1.6280        22.97
      1.6290        23.17
      1.6300        23.22
      1.6310        23.29
      1.6320        23.53
      1.6330        23.72
      1.6340        23.75
      1.6350        23.84
      1.6360        23.93
      1.6370        24.16
      1.6380        24.29
      1.6390        24.52
      1.6400        24.71
      1.6410        24.87
      1.6420        25.06
      1.6430        25.13
      1.6440        25.42
      1.6450        25.52
      1.6460        25.54
      1.6470        25.63
      1.6480        25.85
      1.6490        25.95
      1.6500        26.07
      1.6510        26.39
      1.6520        26.50
      1.6530        26.59
      1.6540        26.87
      1.6550        27.08
      1.6560        27.20
      1.6570        27.20
      1.6580        27.32
      1.6590        27.47
      1.6600        27.56
      1.6610        27.66
      1.6620        27.82
      1.6630        28.02
      1.6640        28.09
      1.6650        28.18
      1.6660        28.43
      1.6670        28.62
      1.6680        28.78
      1.6690        28.99
      1.6700        29.19
      1.6710        29.19
      1.6720        29.26
      1.6730        29.39
      1.6740        29.50
      1.6750        29.64
      1.6760        29.85
      1.6770        30.03
      1.6780        30.13
      1.6790        30.28
      1.6800        30.44
      1.6810        30.59
      1.6820        30.68
      1.6830        30.78
      1.6840        30.94
      1.6850        31.23
      1.6860        31.32
      1.6870        31.56
      1.6880        31.74
      1.6890        31.93
      1.6900        32.09
      1.6910        32.30
      1.6920        32.64
      1.6930        32.85
      1.6940        33.00
      1.6950        33.08
      1.6960        33.21
      1.6970        33.48
      1.6980        33.85
      1.6990        33.97
      1.7000        34.13
      1.7010        34.36
      1.7020        34.56
      1.7030        34.73
      1.7040        34.95
      1.7050        35.02
      1.7060        35.23
      1.7070        35.32
      1.7080        35.49
      1.7090        35.68
      1.7100        35.89
      1.7110        35.99
      1.7120        36.10
      1.7130        36.31
      1.7140        36.51
      1.7150        36.82
      1.7160        36.97
      1.7170        37.02
      1.7180        37.15
      1.7190        37.37
      1.7200        37.52
      1.7210        37.70
      1.7220        37.82
      1.7230        37.91
      1.7240        37.98
      1.7250        38.11
      1.7260        38.23
      1.7270        38.38
      1.7280        38.42
      1.7290        38.50
      1.7300        38.56
      1.7310        38.68
      1.7320        38.75
      1.7330        38.71
      1.7340        38.82
      1.7350        38.77
      1.7360        38.81
      1.7370        38.94
      1.7380        38.91
      1.7390        38.91
      1.7400        39.06
      1.7410        39.16
      1.7420        39.24
      1.7430        39.40
      1.7440        39.45
      1.7450        39.56
      1.7460        39.67
      1.7470        39.92
      1.7480        40.09
      1.7490        40.19
      1.7500        40.25
      1.7510        40.32
      1.7520        40.50
      1.7530        40.71
      1.7540        40.72
      1.7550        40.87
      1.7560        41.06
      1.7570        41.23
      1.7580        41.51
      1.7590        41.68
      1.7600        41.78
      1.7610        41.99
      1.7620        42.15
      1.7630        42.36
      1.7640        42.52
      1.7650        42.69
      1.7660        42.81
      1.7670        42.82
      1.7680        43.05
      1.7690        43.35
      1.7700        43.55
      1.7710        43.79
      1.7720        43.91
      1.7730        44.06
      1.7740        44.27
      1.7750        44.49
      1.7760        44.61
      1.7770        44.65
      1.7780        44.77
      1.7790        44.93
      1.7800        45.13
      1.7810        45.21
      1.7820        45.38
      1.7830        45.49
      1.7840        45.74
      1.7850        45.90
      1.7860        46.05
      1.7870        46.17
      1.7880        46.16
      1.7890        46.20
      1.7900        46.25
      1.7910        46.37
      1.7920        46.45
      1.7930        46.45
      1.7940        46.59
      1.7950        46.68
      1.7960        46.78
      1.7970        47.01
      1.7980        46.97
      1.7990        47.03
      1.8000        47.03
      1.8010        47.07
      1.8020        47.18
      1.8030        47.26
      1.8040        47.31
      1.8050        47.40
      1.8060        47.42
      1.8070        47.57
      1.8080        47.77
      1.8090        47.89
      1.8100        48.10
      1.8110        48.24
      1.8120        48.45
      1.8130        48.73
      1.8140        48.96
      1.8150        49.19
      1.8160        49.42
      1.8170        49.51
      1.8180        49.84
      1.8190        50.12
      1.8200        50.36
      1.8210        50.67
      1.8220        50.94
      1.8230        51.07
      1.8240        51.26
      1.8250        51.44
      1.8260        51.72
      1.8270        51.85
      1.8280        52.08
      1.8290        52.30
      1.8300        52.53
      1.8310        52.78
      1.8320        52.98
      1.8330        53.10
      1.8340        53.22
      1.8350        53.40
      1.8360        53.60
      1.8370        53.79
      1.8380        53.92
      1.8390        54.15
      1.8400        54.39
      1.8410        54.76
      1.8420        54.96
      1.8430        55.27
      1.8440        55.50
      1.8450        55.69
      1.8460        55.87
      1.8470        56.25
      1.8480        56.39
      1.8490        56.53
      1.8500        56.74
      1.8510        56.95
      1.8520        57.05
      1.8530        57.35
      1.8540        57.51
      1.8550        57.66
      1.8560        57.87
      1.8570        58.10
      1.8580        58.29
      1.8590        58.36
      1.8600        58.50
      1.8610        58.45
      1.8620        58.53
      1.8630        58.65
      1.8640        58.86
      1.8650        59.02
      1.8660        59.21
      1.8670        59.21
      1.8680        59.34
      1.8690        59.46
      1.8700        59.54
      1.8710        59.56
      1.8720        59.72
      1.8730        59.84
      1.8740        60.02
      1.8750        60.12
      1.8760        60.08
      1.8770        60.24
      1.8780        60.33
      1.8790        60.48
      1.8800        60.47
      1.8810        60.62
      1.8820        60.68
      1.8830        60.74
      1.8840        60.77
      1.8850        60.98
      1.8860        61.20
      1.8870        61.44
      1.8880        61.64
      1.8890        61.77
      1.8900        61.89
      1.8910        62.08
      1.8920        62.21
      1.8930        62.18
      1.8940        62.25
      1.8950        62.42
      1.8960        62.76
      1.8970        62.93
      1.8980        63.23
      1.8990        63.43
      1.9000        63.76
      1.9010        63.96
      1.9020        64.28
      1.9030        64.50
      1.9040        64.74
      1.9050        64.85
      1.9060        64.90
      1.9070        65.00
      1.9080        65.19
      1.9090        65.48
      1.9100        65.67
      1.9110        65.86
      1.9120        66.08
      1.9130        66.38
      1.9140        66.53
      1.9150        66.66
      1.9160        66.72
      1.9170        66.76
      1.9180        66.86
      1.9190        66.98
      1.9200        67.09
      1.9210        67.09
      1.9220        67.14
      1.9230        67.28
      1.9240        67.38
      1.9250        67.51
      1.9260        67.60
      1.9270        67.71
      1.9280        67.68
      1.9290        67.72
      1.9300        67.88
      1.9310        67.98
      1.9320        68.02
      1.9330        68.07
      1.9340        68.31
      1.9350        68.44
      1.9360        68.50
      1.9370        68.63
      1.9380        68.62
      1.9390        68.72
      1.9400        68.77
      1.9410        68.84
      1.9420        68.85
      1.9430        68.92
      1.9440        68.99
      1.9450        69.06
      1.9460        69.14
      1.9470        69.11
      1.9480        69.26
      1.9490        69.39
      1.9500        69.42
      1.9510        69.45
      1.9520        69.46
      1.9530        69.51
      1.9540        69.53
      1.9550        69.65
      1.9560        69.77
      1.9570        69.90
      1.9580        69.99
      1.9590        70.00
      1.9600        70.12
      1.9610        70.35
      1.9620        70.43
      1.9630        70.53
      1.9640        70.55
      1.9650        70.69
      1.9660        70.81
      1.9670        71.05
      1.9680        71.15
      1.9690        71.15
      1.9700        71.26
      1.9710        71.38
      1.9720        71.57
      1.9730        71.75
      1.9740        71.83
      1.9750        71.98
      1.9760        72.01
      1.9770        72.28
      1.9780        72.50
      1.9790        72.70
      1.9800        72.98
      1.9810        73.15
      1.9820        73.34
      1.9830        73.54
      1.9840        73.86
      1.9850        74.02
      1.9860        74.11
      1.9870        74.23
      1.9880        74.39
      1.9890        74.56
      1.9900        74.77
      1.9910        74.92
      1.9920        75.10
      1.9930        75.14
      1.9940        75.26
      1.9950        75.29
      1.9960        75.55
      1.9970        75.42
      1.9980        75.39
      1.9990        75.45
      2.0000        75.34
      2.0010        75.26
      2.0020        75.36
      2.0030        75.34
      2.0040        75.28
      2.0050        75.33
      2.0060        75.42
      2.0070        75.45
      2.0080        75.42
      2.0090        75.40
      2.0100        75.48
      2.0110        75.53
      2.0120        75.51
      2.0130        75.62
      2.0140        75.53
      2.0150        75.52
      2.0160        75.46
      2.0170        75.48
      2.0180        75.52
      2.0190        75.59
      2.0200        75.58
      2.0210        75.57
      2.0220        75.56
      2.0230        75.55
      2.0240        75.60
      2.0250        75.52
      2.0260        75.51
      2.0270        75.58
      2.0280        75.67
      2.0290        75.64
      2.0300        75.55
      2.0310        75.51
      2.0320        75.60
      2.0330        75.59
      2.0340        75.72
      2.0350        75.78
      2.0360        75.86
      2.0370        75.94
      2.0380        76.02
      2.0390        76.03
      2.0400        76.11
      2.0410        76.30
      2.0420        76.38
      2.0430        76.45
      2.0440        76.45
      2.0450        76.66
      2.0460        76.70
      2.0470        76.78
      2.0480        76.81
      2.0490        77.01
      2.0500        77.13
      2.0510        77.23
      2.0520        77.24
      2.0530        77.25
      2.0540        77.28
      2.0550        77.32
      2.0560        77.39
      2.0570        77.40
      2.0580        77.39
      2.0590        77.47
      2.0600        77.62
      2.0610        77.53
      2.0620        77.50
      2.0630        77.61
      2.0640        77.68
      2.0650        77.61
      2.0660        77.70
      2.0670        77.73
      2.0680        77.79
      2.0690        77.78
      2.0700        77.71
      2.0710        77.81
      2.0720        77.84
      2.0730        77.92
      2.0740        78.06
      2.0750        78.16
      2.0760        78.08
      2.0770        78.18
      2.0780        78.29
      2.0790        78.21
      2.0800        78.21
      2.0810        78.29
      2.0820        78.32
      2.0830        78.24
      2.0840        78.29
      2.0850        78.21
      2.0860        78.13
      2.0870        78.03
      2.0880        77.94
      2.0890        77.88
      2.0900        77.84
      2.0910        77.76
      2.0920        77.70
      2.0930        77.62
      2.0940        77.42
      2.0950        77.27
      2.0960        77.16
      2.0970        77.03
      2.0980        76.96
      2.0990        76.93
      2.1000        76.76
      2.1010        76.73
      2.1020        76.66
      2.1030        76.62
      2.1040        76.56
      2.1050        76.56
      2.1060        76.62
      2.1070        76.58
      2.1080        76.55
      2.1090        76.46
      2.1100        76.45
      2.1110        76.26
      2.1120        76.17
      2.1130        76.18
      2.1140        76.18
      2.1150        76.15
      2.1160        76.21
      2.1170        76.14
      2.1180        76.09
      2.1190        75.98
      2.1200        75.93
      2.1210        75.86
      2.1220        75.75
      2.1230        75.68
      2.1240        75.43
      2.1250        75.32
      2.1260        75.15
      2.1270        75.00
      2.1280        74.89
      2.1290        74.81
      2.1300        74.64
      2.1310        74.47
      2.1320        74.38
      2.1330        74.16
      2.1340        73.94
      2.1350        73.80
      2.1360        73.63
      2.1370        73.41
      2.1380        73.22
      2.1390        73.06
      2.1400        72.82
      2.1410        72.55
      2.1420        72.30
      2.1430        72.02
      2.1440        71.87
      2.1450        71.57
      2.1460        71.26
      2.1470        71.06
      2.1480        70.86
      2.1490        70.61
      2.1500        70.40
      2.1510        70.28
      2.1520        69.99
      2.1530        69.64
      2.1540        69.43
      2.1550        69.08
      2.1560        68.86
      2.1570        68.53
      2.1580        68.29
      2.1590        67.94
      2.1600        67.73
      2.1610        67.39
      2.1620        67.19
      2.1630        66.97
      2.1640        66.64
      2.1650        66.45
      2.1660        66.07
      2.1670        65.72
      2.1680        65.33
      2.1690        64.94
      2.1700        64.60
      2.1710        64.26
      2.1720        63.90
      2.1730        63.72
      2.1740        63.39
      2.1750        63.22
      2.1760        62.77
      2.1770        62.54
      2.1780        62.18
      2.1790        61.91
      2.1800        61.54
      2.1810        61.19
      2.1820        60.82
      2.1830        60.49
      2.1840        60.14
      2.1850        59.71
      2.1860        59.38
      2.1870        59.06
      2.1880        58.74
      2.1890        58.48
      2.1900        58.18
      2.1910        57.87
      2.1920        57.44
      2.1930        56.99
      2.1940        56.64
      2.1950        56.18
      2.1960        55.80
      2.1970        55.42
      2.1980        54.95
      2.1990        54.52
      2.2000        54.17
      2.2010        53.82
      2.2020        53.48
      2.2030        53.05
      2.2040        52.67
      2.2050        52.35
      2.2060        52.09
      2.2070        51.63
      2.2080        51.19
      2.2090        50.76
      2.2100        50.24
      2.2110        49.76
      2.2120        49.42
      2.2130        49.04
      2.2140        48.63
      2.2150        48.13
      2.2160        47.78
      2.2170        47.36
      2.2180        46.96
      2.2190        46.49
      2.2200        46.01
      2.2210        45.54
      2.2220        45.02
      2.2230        44.50
      2.2240        44.11
      2.2250        43.62
      2.2260        43.14
      2.2270        42.61
      2.2280        42.20
      2.2290        41.75
      2.2300        41.27
      2.2310        40.77
      2.2320        40.37
      2.2330        39.89
      2.2340        39.46
      2.2350        39.19
      2.2360        38.77
      2.2370        38.37
      2.2380        38.01
      2.2390        37.82
      2.2400        37.50
      2.2410        37.28
      2.2420        37.19
      2.2430        37.08
      2.2440        36.92
      2.2450        36.70
      2.2460        36.55
      2.2470        36.54
      2.2480        36.36
      2.2490        36.11
      2.2500        36.04
      2.2510        35.95
      2.2520        35.69
      2.2530        35.56
      2.2540        35.39
      2.2550        35.16
      2.2560        34.94
      2.2570        34.69
      2.2580        34.43
      2.2590        34.05
      2.2600        33.82
      2.2610        33.47
      2.2620        32.95
      2.2630        32.55
      2.2640        32.04
      2.2650        31.62
      2.2660        31.13
      2.2670        30.66
      2.2680        30.20
      2.2690        29.89
      2.2700        29.47
      2.2710        29.08
      2.2720        28.72
      2.2730        28.22
      2.2740        27.79
      2.2750        27.25
      2.2760        26.81
      2.2770        26.45
      2.2780        26.11
      2.2790        25.72
      2.2800        25.28
      2.2810        24.97
      2.2820        24.66
      2.2830        24.32
      2.2840        24.03
      2.2850        23.64
      2.2860        23.25
      2.2870        22.94
      2.2880        22.63
      2.2890        22.24
      2.2900        21.93
      2.2910        21.58
      2.2920        21.30
      2.2930        21.08
      2.2940        20.78
      2.2950        20.51
      2.2960        20.23
      2.2970        19.89
      2.2980        19.54
      2.2990        19.28
      2.3000        19.07
      2.3010        18.80
      2.3020        18.49
      2.3030        18.13
      2.3040        17.87
      2.3050        17.62
      2.3060        17.40
      2.3070        17.11
      2.3080        16.81
      2.3090        16.67
      2.3100        16.39
      2.3110        16.24
      2.3120        15.97
      2.3130        15.66
      2.3140        15.46
      2.3150        15.30
      2.3160        15.02
      2.3170        14.80
      2.3180        14.55
      2.3190        14.37
      2.3200        14.08
      2.3210        13.84
      2.3220        13.68
      2.3230        13.54
      2.3240        13.29
      2.3250        13.21
      2.3260        12.98
      2.3270        12.74
      2.3280        12.59
      2.3290        12.28
      2.3300        12.07
      2.3310        11.77
      2.3320        11.60
      2.3330        11.43
      2.3340        11.24
      2.3350        11.03
      2.3360        10.97
      2.3370        10.79
      2.3380        10.65
      2.3390        10.38
      2.3400        10.31
      2.3410        10.14
      2.3420         9.97
      2.3430         9.80
      2.3440         9.66
      2.3450         9.35
      2.3460         9.24
      2.3470         9.01
      2.3480         8.87
      2.3490         8.70
      2.3500         8.53
      2.3510         8.38
      2.3520         8.22
      2.3530         8.06
      2.3540         7.75
      2.3550         7.60
      2.3560         7.43
      2.3570         7.32
      2.3580         7.24
      2.3590         7.15
      2.3600         7.00
      2.3610         6.80
      2.3620         6.65
      2.3630         6.51
      2.3640         6.37
      2.3650         6.26
      2.3660         6.06
      2.3670         6.05
      2.3680         5.91
      2.3690         5.83
      2.3700         5.69
      2.3710         5.53
      2.3720         5.37
      2.3730         5.25
      2.3740         5.16
      2.3750         4.98
      2.3760         4.81
      2.3770         4.56
      2.3780         4.29
      2.3790         4.16
      2.3800         3.96
      2.3810         3.85
      2.3820         3.73
      2.3830         3.54
      2.3840         3.43
      2.3850         2.92
      2.3860         2.91
      2.3870         2.77
      2.3880         2.66
      2.3890         2.63
      2.3900         2.53
      2.3910         2.48
      2.3920         2.47
      2.3930         2.42
      2.3940         1.86
      2.3950         2.37
      2.3960         2.31
      2.3970         2.31
      2.3980         2.32
      2.3990         2.24
      2.4000         2.15
      2.4010         2.12
      2.4020         2.09
      2.4030         1.52
      2.4040         1.00
      2.4050         1.00
      2.4060         1.00
      2.4070         1.00
      2.4080         1.00
      2.4090         1.00
      2.4100         1.00
      2.4110         1.00
      2.4120         1.00
      2.4130         1.00
      2.4140         1.00
      2.4150         1.00
      2.4160         1.00
      2.4170         1.00
      2.4180         1.00
      2.4190         1.00
      2.4200         1.00
      2.4210         1.00
      2.4220         1.00
      2.4230         1.00
      2.4240         1.00
      2.4250         1.00
      2.4260         1.00
      2.4270         1.00
      2.4280         1.00
      2.4290         1.00
      2.4300         1.00
      2.4310         1.00
      2.4320         1.00
      2.4330         1.00
      2.4340         1.00
      2.4350         1.00
      2.4360         1.00
      2.4370         1.00
      2.4380         1.00
      2.4390         1.00
      2.4400         1.00
      2.4410         1.00
      2.4420         1.00
      2.4430         1.00
      2.4440         1.00
      2.4450         1.00
      2.4460         1.00
      2.4470         1.00
      2.4480         1.00
      2.4490         1.00
      2.4500         1.00
      2.4510         1.00
      2.4520         1.00
      2.4530         1.00
      2.4540         1.00
      2.4550         1.00
      2.4560         1.00
      2.4570         1.00
      2.4580         1.00
      2.4590         1.00
      2.4600         1.00
      2.4610         1.00
      2.4620         1.00
      2.4630         1.00
      2.4640         1.00
      2.4650         1.00
      2.4660         1.00
      2.4670         1.00
      2.4680         1.00
      2.4690         1.00
      2.4700         1.00
      2.4710         1.00
      2.4720         1.00
      2.4730         1.00
      2.4740         1.00
      2.4750         1.00
      2.4760         1.00
      2.4770         1.00
      2.4780         1.00
      2.4790         1.00
      2.4800         1.00
      2.4810         1.00
      2.4820         1.00
      2.4830         1.00
      2.4840         1.00
      2.4850         1.00
      2.4860         1.00
      2.4870         1.00
      2.4880         1.00
      2.4890         1.00
      2.4900         1.00
      2.4910         1.00
      2.4920         1.00
      2.4930         1.00
      2.4940         1.00
      2.4950         1.00
      2.4960         1.00
      2.4970         1.00
      2.4980         1.00
      2.4990         1.00
      2.5000         1.00
      2.5010         1.00
      2.5020         1.00
      2.5030         1.00
      2.5040         1.00
      2.5050         1.00
      2.5060         1.00
      2.5070         1.00
      2.5080         1.00
      2.5090         1.00
      2.5100         1.00
      2.5110         1.00
      2.5120         1.00
      2.5130         1.00
      2.5140         1.00
      2.5150         1.00
      2.5160         1.00
      2.5170         1.00
      2.5180         1.00
      2.5190         1.00
      2.5200         1.00
      2.5210         1.00
      2.5220         1.00
      2.5230         1.00
      2.5240         1.00
      2.5250         1.00
      2.5260         1.00
      2.5270         1.00
      2.5280         1.00
      2.5290         1.00
      2.5300         1.00
      2.5310         1.00
      2.5320         1.00
      2.5330         1.00
      2.5340         1.00
      2.5350         1.00
      2.5360         1.00
      2.5370         1.00
      2.5380         1.00
      2.5390         1.00
      2.5400         1.00
      2.5410         1.00
      2.5420         1.00
      2.5430         1.00
      2.5440         1.00
      2.5450         1.00
      2.5460         1.00
      2.5470         1.00
      2.5480         1.00
      2.5490         1.00
      2.5500         1.00
      2.5510         1.00
      2.5520         1.00
      2.5530         1.00
      2.5540         1.00
      2.5550         1.00
      2.5560         1.00
      2.5570         1.00
      2.5580         1.00
      2.5590         1.00
      2.5600         1.00
      2.5610         1.00
      2.5620         1.00
      2.5630         1.00
      2.5640         1.00
      2.5650         1.00
      2.5660         1.00
      2.5670         1.00
      2.5680         1.00
      2.5690         1.00
      2.5700         1.00
      2.5710         1.00
      2.5720         1.00
      2.5730         1.00
      2.5740         1.00
      2.5750         1.00
      2.5760         1.00
      2.5770         1.00
      2.5780         1.00
      2.5790         1.00
      2.5800         1.00
      2.5810         1.00
      2.5820         1.00
      2.5830         1.00
      2.5840         1.00
      2.5850         1.00
      2.5860         1.00
      2.5870         1.00
      2.5880         1.00
      2.5890         1.00
      2.5900         1.00
      2.5910         1.00
      2.5920         1.00
      2.5930         1.00
      2.5940         1.00
      2.5950         1.00
      2.5960         1.00
      2.5970         1.00
      2.5980         1.00
      2.5990         1.00
      2.6000         1.00
      2.6010         1.00
      2.6020         1.00
      2.6030         1.00
      2.6040         1.00
      2.6050         1.00
      2.6060         1.00
      2.6070         1.00
      2.6080         1.00
      2.6090         1.00
      2.6100         1.00
      2.6110         1.00
      2.6120         1.00
      2.6130         1.00
      2.6140         1.00
      2.6150         1.00
      2.6160         1.00
      2.6170         1.00
      2.6180         1.00
      2.6190         1.00
      2.6200         1.00
      2.6210         1.00
      2.6220         1.00
      2.6230         1.00
      2.6240         1.00
      2.6250         1.00
      2.6260         1.00
      2.6270         1.00
      2.6280         1.00
      2.6290         1.00
      2.6300         1.00
      2.6310         1.00
      2.6320         1.00
      2.6330         1.00
      2.6340         1.00
      2.6350         1.00
      2.6360         1.00
      2.6370         1.00
      2.6380         1.00
      2.6390         1.00
      2.6400         1.00
      2.6410         1.00
      2.6420         1.00
      2.6430         1.00
      2.6440         1.00
      2.6450         1.00
      2.6460         1.00
      2.6470         1.00
      2.6480         1.00
      2.6490         1.00
      2.6500         1.00
      2.6510         1.00
      2.6520         1.00
      2.6530         1.00
      2.6540         1.00
      2.6550         1.00
      2.6560         1.00
      2.6570         1.00
      2.6580         1.00
      2.6590         1.00
      2.6600         1.00
      2.6610         1.00
      2.6620         1.00
      2.6630         1.00
      2.6640         1.00
      2.6650         1.00
      2.6660         1.00
      2.6670         1.00
      2.6680         1.00
      2.6690         1.00
      2.6700         1.00
      2.6710         1.00
      2.6720         1.00
      2.6730         1.00
      2.6740         1.00
      2.6750         1.00
      2.6760         1.00
      2.6770         1.00
      2.6780         1.00
      2.6790         1.00
      2.6800         1.00
      2.6810         1.00
      2.6820         1.00
      2.6830         1.00
      2.6840         1.00
      2.6850         1.00
      2.6860         1.00
      2.6870         1.00
      2.6880         1.00
      2.6890         1.00
      2.6900         1.00
      2.6910         1.00
      2.6920         1.00
      2.6930         1.00
      2.6940         1.00
      2.6950         1.00
      2.6960         1.00
      2.6970         1.00
      2.6980         1.00
      2.6990         1.00
      2.7000         1.00
      2.7010         1.00
      2.7020         1.00
      2.7030         1.00
      2.7040         1.00
      2.7050         1.00
      2.7060         1.00
      2.7070         1.00
      2.7080         1.00
      2.7090         1.00
      2.7100         1.00
      2.7110         1.00
      2.7120         1.00
      2.7130         1.00
      2.7140         1.00
      2.7150         1.00
      2.7160         1.00
      2.7170         1.00
      2.7180         1.00
      2.7190         1.00
      2.7200         1.00
      2.7210         1.00
      2.7220         1.00
      2.7230         1.00
      2.7240         1.00
      2.7250         1.00
      2.7260         1.00
      2.7270         1.00
      2.7280         1.00
      2.7290         1.00
      2.7300         1.00
      2.7310         1.00
      2.7320         1.00
      2.7330         1.00
      2.7340         1.00
      2.7350         1.00
      2.7360         1.00
      2.7370         1.00
      2.7380         1.00
      2.7390         1.00
      2.7400         1.00
      2.7410         1.00
      2.7420         1.00
      2.7430         1.00
      2.7440         1.00
      2.7450         1.00
      2.7460         1.00
      2.7470         1.00
      2.7480         1.00
      2.7490         1.00
      2.7500         1.00
      2.7510         1.00
      2.7520         1.00
      2.7530         1.00
      2.7540         1.00
      2.7550         1.00
      2.7560         1.00
      2.7570         1.00
      2.7580         1.00
      2.7590         1.00
      2.7600         1.00
      2.7610         1.00
      2.7620         1.00
      2.7630         1.00
      2.7640         1.00
      2.7650         1.00
      2.7660         1.00
      2.7670         1.00
      2.7680         1.00
      2.7690         1.00
      2.7700         1.00
      2.7710         1.00
      2.7720         1.00
      2.7730         1.00
      2.7740         1.00
      2.7750         1.00
      2.7760         1.00
      2.7770         1.00
      2.7780         1.00
      2.7790         1.00
      2.7800         1.00
      2.7810         1.00
      2.7820         1.00
      2.7830         1.00
      2.7840         1.00
      2.7850         1.00
      2.7860         1.00
      2.7870         1.00
      2.7880         1.00
      2.7890         1.00
      2.7900         1.00
      2.7910         1.00
      2.7920         1.00
      2.7930         1.00
      2.7940         1.00
      2.7950         1.00
      2.7960         1.00
      2.7970         1.00
      2.7980         1.00
      2.7990         1.00
      2.8000         1.00
      2.8010         1.00
      2.8020         1.00
      2.8030         1.00
      2.8040         1.00
      2.8050         1.00
      2.8060         1.00
      2.8070         1.00
      2.8080         1.00
      2.8090         1.00
      2.8100         1.00
      2.8110         1.00
      2.8120         1.00
      2.8130         1.00
      2.8140         1.00
      2.8150         1.00
      2.8160         1.00
      2.8170         1.00
      2.8180         1.00
      2.8190         1.00
      2.8200         1.00
      2.8210         1.00
      2.8220         1.00
      2.8230         1.00
      2.8240         1.00
      2.8250         1.00
      2.8260         1.00
      2.8270         1.00
      2.8280         1.00
      2.8290         1.00
      2.8300         1.00
      2.8310         1.00
      2.8320         1.00
      2.8330         1.00
      2.8340         1.00
      2.8350         1.00
      2.8360         1.00
      2.8370         1.00
      2.8380         1.00
      2.8390         1.00
      2.8400         1.00
      2.8410         1.00
      2.8420         1.00
      2.8430         1.00
      2.8440         1.00
      2.8450         1.00
      2.8460         1.00
      2.8470         1.00
      2.8480         1.00
      2.8490         1.00
      2.8500         1.00
      2.8510         1.00
      2.8520         1.00
      2.8530         1.00
      2.8540         1.00
      2.8550         1.00
      2.8560         1.00
      2.8570         1.00
      2.8580         1.00
      2.8590         1.00
      2.8600         1.00
      2.8610         1.00
      2.8620         1.00
      2.8630         1.00
      2.8640         1.00
      2.8650         1.00
      2.8660         1.00
      2.8670         1.00
      2.8680         1.00
      2.8690         1.00
      2.8700         1.00
      2.8710         1.00
      2.8720         1.00
      2.8730         1.00
      2.8740         1.00
      2.8750         1.00
      2.8760         1.00
      2.8770         1.00
      2.8780         1.00
      2.8790         1.00
      2.8800         1.00
      2.8810         1.00
      2.8820         1.00
      2.8830         1.00
      2.8840         1.00
      2.8850         1.00
      2.8860         1.00
      2.8870         1.00
      2.8880         1.00
      2.8890         1.00
      2.8900         1.00
      2.8910         1.00
      2.8920         1.00
      2.8930         1.00
      2.8940         1.00
      2.8950         1.00
      2.8960         1.00
      2.8970         1.00
      2.8980         1.00
      2.8990         1.00
      2.9000         1.00
      2.9010         1.00
      2.9020         1.00
      2.9030         1.00
      2.9040         1.00
      2.9050         1.00
      2.9060         1.00
      2.9070         1.00
      2.9080         1.00
      2.9090         1.00
      2.9100         1.00
      2.9110         1.00
      2.9120         1.00
      2.9130         1.00
      2.9140         1.00
      2.9150         1.00
      2.9160         1.00
      2.9170         1.00
      2.9180         1.00
      2.9190         1.00
      2.9200         1.00
      2.9210         1.00
      2.9220         1.00
      2.9230         1.00
      2.9240         1.00
      2.9250         1.00
      2.9260         1.00
      2.9270         1.00
      2.9280         1.00
      2.9290         1.00
      2.9300         1.00
      2.9310         1.00
      2.9320         1.00
      2.9330         1.00
      2.9340         1.00
      2.9350         1.00
      2.9360         1.00
      2.9370         1.00
      2.9380         1.00
      2.9390         1.00
      2.9400         1.00
      2.9410         1.00
      2.9420         1.00
      2.9430         1.00
      2.9440         1.00
      2.9450         1.00
      2.9460         1.00
      2.9470         1.00
      2.9480         1.00
      2.9490         1.00
      2.9500         1.00
      2.9510         1.00
      2.9520         1.00
      2.9530         1.00
      2.9540         1.00
      2.9550         1.00
      2.9560         1.00
      2.9570         1.00
      2.9580         1.00
      2.9590         1.00
      2.9600         1.00
      2.9610         1.00
      2.9620         1.00
      2.9630         1.00
      2.9640         1.00
      2.9650         1.00
      2.9660         1.00
      2.9670         1.00
      2.9680         1.00
      2.9690         1.00
      2.9700         1.00
      2.9710         1.00
      2.9720         1.00
      2.9730         1.00
      2.9740         1.00
      2.9750         1.00
      2.9760         1.00
      2.9770         1.00
      2.9780         1.00
      2.9790         1.00
      2.9800         1.00
      2.9810         1.00
      2.9820         1.00
      2.9830         1.00
      2.9840         1.00
      2.9850         1.00
      2.9860         1.00
      2.9870         1.00
      2.9880         1.00
      2.9890         1.00
      2.9900         1.00
      2.9910         1.00
      2.9920         1.00
      2.9930         1.00
      2.9940         1.00
      2.9950         1.00
      2.9960         1.00
      2.9970         1.00
      2.9980         1.00
      2.9990         1.00
