        Time   Palpation Force
      0.0000         1.00
      0.0010         1.00
      0.0020         1.00
      0.0030         1.00
      0.0040         1.00
      0.0050         1.00
      0.0060         1.00
      0.0070         1.00
      0.0080         1.00
      0.0090         1.00
      0.0100         1.00
      0.0110         1.00
      0.0120         1.00
      0.0130         1.00
      0.0140         1.00
      0.0150         1.00
      0.0160         1.00
      0.0170         1.00
      0.0180         1.00
      0.0190         1.00
      0.0200         1.00
      0.0210         1.00
      0.0220         1.00
      0.0230         1.00
      0.0240         1.00
      0.0250         1.00
      0.0260         1.00
      0.0270         1.00
      0.0280         1.00
      0.0290         1.00
      0.0300         1.00
      0.0310         1.00
      0.0320         1.00
      0.0330         1.00
      0.0340         1.00
      0.0350         1.00
      0.0360         1.00
      0.0370         1.00
      0.0380         1.00
      0.0390         1.00
      0.0400         1.00
      0.0410         1.00
      0.0420         1.00
      0.0430         1.00
      0.0440         1.00
      0.0450         1.00
      0.0460         1.00
      0.0470         1.00
      0.0480         1.00
      0.0490         1.00
      0.0500         1.00
      0.0510         1.00
      0.0520         1.00
      0.0530         1.00
      0.0540         1.00
      0.0550         1.00
      0.0560         1.00
      0.0570         1.00
      0.0580         1.00
      0.0590         1.00
      0.0600         1.00
      0.0610         1.00
      0.0620         1.00
      0.0630         1.00
      0.0640         1.00
      0.0650         1.00
      0.0660         1.00
      0.0670         1.00
      0.0680         1.00
      0.0690         1.00
      0.0700         1.00
      0.0710         1.00
      0.0720         1.00
      0.0730         1.00
      0.0740         1.00
      0.0750         1.00
      0.0760         1.00
      0.0770         1.00
      0.0780         1.00
      0.0790         1.00
      0.0800         1.00
      0.0810         1.00
      0.0820         1.00
      0.0830         1.00
      0.0840         1.00
      0.0850         1.00
      0.0860         1.00
      0.0870         1.00
      0.0880         1.00
      0.0890         1.00
      0.0900         1.00
      0.0910         1.00
      0.0920         1.00
      0.0930         1.00
      0.0940         1.00
      0.0950         1.00
      0.0960         1.00
      0.0970         1.00
      0.0980         1.00
      0.0990         1.00
      0.1000         1.00
      0.1010         1.00
      0.1020         1.00
      0.1030         1.00
      0.1040         1.00
      0.1050         1.00
      0.1060         1.00
      0.1070         1.00
      0.1080         1.00
      0.1090         1.00
      0.1100         1.00
      0.1110         1.00
      0.1120         1.00
      0.1130         1.00
      0.1140         1.00
      0.1150         1.00
      0.1160         1.00
      0.1170         1.00
      0.1180         1.00
      0.1190         1.00
      0.1200         1.00
      0.1210         1.00
      0.1220         1.00
      0.1230         1.00
      0.1240         1.00
      0.1250         1.00
      0.1260         1.00
      0.1270         1.00
      0.1280         1.00
      0.1290         1.00
      0.1300         1.00
      0.1310         1.00
      0.1320         1.00
      0.1330         1.00
      0.1340         1.00
      0.1350         1.00
      0.1360         1.00
      0.1370         1.00
      0.1380         1.00
      0.1390         1.00
      0.1400         1.00
      0.1410         1.00
      0.1420         1.00
      0.1430         1.00
      0.1440         1.00
      0.1450         1.00
      0.1460         1.00
      0.1470         1.00
      0.1480         1.00
      0.1490         1.00
      0.1500         1.00
      0.1510         1.00
      0.1520         1.00
      0.1530         1.00
      0.1540         1.00
      0.1550         1.00
      0.1560         1.00
      0.1570         1.00
      0.1580         1.00
      0.1590         1.00
      0.1600         1.00
      0.1610         1.00
      0.1620         1.00
      0.1630         1.00
      0.1640         1.00
      0.1650         1.00
      0.1660         1.00
      0.1670         1.00
      0.1680         1.00
      0.1690         1.00
      0.1700         1.00
      0.1710         1.00
      0.1720         1.00
      0.1730         1.00
      0.1740         1.00
      0.1750         1.00
      0.1760         1.00
      0.1770         1.00
      0.1780         1.00
      0.1790         1.00
      0.1800         1.00
      0.1810         1.00
      0.1820         1.00
      0.1830         1.00
      0.1840         1.00
      0.1850         1.00
      0.1860         1.00
      0.1870         1.00
      0.1880         1.00
      0.1890         1.00
      0.1900         1.00
      0.1910         1.00
      0.1920         1.00
      0.1930         1.00
      0.1940         1.00
      0.1950         1.00
      0.1960         1.00
      0.1970         1.00
      0.1980         1.00
      0.1990         1.00
      0.2000         1.00
      0.2010         1.00
      0.2020         1.00
      0.2030         1.00
      0.2040         1.00
      0.2050         1.00
      0.2060         1.00
      0.2070         1.00
      0.2080         1.00
      0.2090         1.00
      0.2100         1.00
      0.2110         1.00
      0.2120         1.00
      0.2130         1.00
      0.2140         1.00
      0.2150         1.00
      0.2160         1.00
      0.2170         1.00
      0.2180         1.00
      0.2190         1.00
      0.2200         1.00
      0.2210         1.00
      0.2220         1.00
      0.2230         1.00
      0.2240         1.00
      0.2250         1.00
      0.2260         1.00
      0.2270         1.00
      0.2280         1.00
      0.2290         1.00
      0.2300         1.00
      0.2310         1.00
      0.2320         1.00
      0.2330         1.00
      0.2340         1.00
      0.2350         1.00
      0.2360         1.00
      0.2370         1.00
      0.2380         1.00
      0.2390         1.00
      0.2400         1.00
      0.2410         1.00
      0.2420         1.00
      0.2430         1.00
      0.2440         1.00
      0.2450         1.00
      0.2460         1.00
      0.2470         1.00
      0.2480         1.00
      0.2490         1.00
      0.2500         1.00
      0.2510         1.00
      0.2520         1.00
      0.2530         1.00
      0.2540         1.00
      0.2550         1.00
      0.2560         1.00
      0.2570         1.00
      0.2580         1.00
      0.2590         1.00
      0.2600         1.00
      0.2610         1.00
      0.2620         1.00
      0.2630         1.00
      0.2640         1.00
      0.2650         1.00
      0.2660         1.00
      0.2670         1.00
      0.2680         1.00
      0.2690         1.00
      0.2700         1.00
      0.2710         1.00
      0.2720         1.00
      0.2730         1.00
      0.2740         1.00
      0.2750         1.00
      0.2760         1.00
      0.2770         1.00
      0.2780         1.00
      0.2790         1.00
      0.2800         1.00
      0.2810         1.00
      0.2820         1.00
      0.2830         1.00
      0.2840         1.00
      0.2850         1.00
      0.2860         1.00
      0.2870         1.00
      0.2880         1.00
      0.2890         1.00
      0.2900         1.00
      0.2910         1.00
      0.2920         1.00
      0.2930         1.00
      0.2940         1.00
      0.2950         1.00
      0.2960         1.00
      0.2970         1.00
      0.2980         1.00
      0.2990         1.00
      0.3000         1.00
      0.3010         1.00
      0.3020         1.00
      0.3030         1.00
      0.3040         1.00
      0.3050         1.00
      0.3060         1.00
      0.3070         1.00
      0.3080         1.00
      0.3090         1.00
      0.3100         1.00
      0.3110         1.00
      0.3120         1.00
      0.3130         1.00
      0.3140         1.00
      0.3150         1.00
      0.3160         1.00
      0.3170         1.00
      0.3180         1.00
      0.3190         1.00
      0.3200         1.00
      0.3210         1.00
      0.3220         1.00
      0.3230         1.00
      0.3240         1.00
      0.3250         1.00
      0.3260         1.00
      0.3270         1.00
      0.3280         1.00
      0.3290         1.00
      0.3300         1.00
      0.3310         1.00
      0.3320         1.00
      0.3330         1.00
      0.3340         1.00
      0.3350         1.00
      0.3360         1.00
      0.3370         1.00
      0.3380         1.00
      0.3390         1.00
      0.3400         1.00
      0.3410         1.00
      0.3420         1.00
      0.3430         1.00
      0.3440         1.00
      0.3450         1.00
      0.3460         1.00
      0.3470         1.00
      0.3480         1.00
      0.3490         1.00
      0.3500         1.00
      0.3510         1.00
      0.3520         1.00
      0.3530         1.00
      0.3540         1.00
      0.3550         1.00
      0.3560         1.00
      0.3570         1.00
      0.3580         1.00
      0.3590         1.00
      0.3600         1.00
      0.3610         1.00
      0.3620         1.00
      0.3630         1.00
      0.3640         1.00
      0.3650         1.00
      0.3660         1.00
      0.3670         1.00
      0.3680         1.00
      0.3690         1.00
      0.3700         1.00
      0.3710         1.00
      0.3720         1.00
      0.3730         1.00
      0.3740         1.00
      0.3750         1.00
      0.3760         1.00
      0.3770         1.00
      0.3780         1.00
      0.3790         1.00
      0.3800         1.00
      0.3810         1.00
      0.3820         1.00
      0.3830         1.00
      0.3840         1.00
      0.3850         1.00
      0.3860         1.00
      0.3870         1.00
      0.3880         1.00
      0.3890         1.00
      0.3900         1.00
      0.3910         1.00
      0.3920         1.00
      0.3930         1.00
      0.3940         1.00
      0.3950         1.00
      0.3960         1.00
      0.3970         1.00
      0.3980         1.00
      0.3990         1.00
      0.4000         1.00
      0.4010         1.00
      0.4020         1.00
      0.4030         1.00
      0.4040         1.00
      0.4050         1.00
      0.4060         1.00
      0.4070         1.00
      0.4080         1.00
      0.4090         1.00
      0.4100         1.00
      0.4110         1.00
      0.4120         1.00
      0.4130         1.00
      0.4140         1.00
      0.4150         1.00
      0.4160         1.00
      0.4170         1.00
      0.4180         1.00
      0.4190         1.00
      0.4200         1.00
      0.4210         1.00
      0.4220         1.00
      0.4230         1.00
      0.4240         1.00
      0.4250         1.00
      0.4260         1.00
      0.4270         1.00
      0.4280         1.00
      0.4290         1.00
      0.4300         1.00
      0.4310         1.00
      0.4320         1.00
      0.4330         1.00
      0.4340         1.00
      0.4350         1.00
      0.4360         1.00
      0.4370         1.00
      0.4380         1.00
      0.4390         1.00
      0.4400         1.00
      0.4410         1.00
      0.4420         1.00
      0.4430         1.00
      0.4440         1.00
      0.4450         1.00
      0.4460         1.00
      0.4470         1.00
      0.4480         1.00
      0.4490         1.00
      0.4500         1.00
      0.4510         1.00
      0.4520         1.00
      0.4530         1.00
      0.4540         1.00
      0.4550         1.00
      0.4560         1.00
      0.4570         1.00
      0.4580         1.00
      0.4590         1.00
      0.4600         1.00
      0.4610         1.00
      0.4620         1.00
      0.4630         1.00
      0.4640         1.00
      0.4650         1.00
      0.4660         1.00
      0.4670         1.00
      0.4680         1.00
      0.4690         1.00
      0.4700         1.00
      0.4710         1.00
      0.4720         1.00
      0.4730         1.00
      0.4740         1.00
      0.4750         1.00
      0.4760         1.00
      0.4770         1.00
      0.4780         1.00
      0.4790         1.00
      0.4800         1.00
      0.4810         1.00
      0.4820         1.00
      0.4830         1.00
      0.4840         1.00
      0.4850         1.00
      0.4860         1.00
      0.4870         1.00
      0.4880         1.00
      0.4890         1.00
      0.4900         1.00
      0.4910         1.00
      0.4920         1.00
      0.4930         1.00
      0.4940         1.00
      0.4950         1.00
      0.4960         1.00
      0.4970         1.00
      0.4980         1.00
      0.4990         1.00
      0.5000         1.00
      0.5010         1.00
      0.5020         1.00
      0.5030         1.00
      0.5040         1.00
      0.5050         1.00
      0.5060         1.00
      0.5070         1.00
      0.5080         1.00
      0.5090         1.00
      0.5100         1.00
      0.5110         1.00
      0.5120         1.00
      0.5130         1.00
      0.5140         1.00
      0.5150         1.00
      0.5160         1.00
      0.5170         1.00
      0.5180         1.00
      0.5190         1.00
      0.5200         1.00
      0.5210         1.00
      0.5220         1.00
      0.5230         1.00
      0.5240         1.00
      0.5250         1.00
      0.5260         1.00
      0.5270         1.00
      0.5280         1.00
      0.5290         1.00
      0.5300         1.00
      0.5310         1.00
      0.5320         1.00
      0.5330         1.00
      0.5340         1.00
      0.5350         1.00
      0.5360         1.00
      0.5370         1.00
      0.5380         1.00
      0.5390         1.00
      0.5400         1.00
      0.5410         1.00
      0.5420         1.00
      0.5430         1.00
      0.5440         1.00
      0.5450         1.00
      0.5460         1.00
      0.5470         1.00
      0.5480         1.00
      0.5490         1.00
      0.5500         1.00
      0.5510         1.00
      0.5520         1.00
      0.5530         1.00
      0.5540         1.00
      0.5550         1.00
      0.5560         1.00
      0.5570         1.00
      0.5580         1.00
      0.5590         1.00
      0.5600         1.00
      0.5610         1.00
      0.5620         1.00
      0.5630         1.00
      0.5640         1.00
      0.5650         1.00
      0.5660         1.00
      0.5670         1.00
      0.5680         1.00
      0.5690         1.00
      0.5700         1.00
      0.5710         1.00
      0.5720         1.00
      0.5730         1.00
      0.5740         1.00
      0.5750         1.00
      0.5760         1.00
      0.5770         1.00
      0.5780         1.00
      0.5790         1.00
      0.5800         1.00
      0.5810         1.00
      0.5820         1.00
      0.5830         1.00
      0.5840         1.00
      0.5850         1.00
      0.5860         1.00
      0.5870         1.00
      0.5880         1.00
      0.5890         1.00
      0.5900         1.00
      0.5910         1.00
      0.5920         1.00
      0.5930         1.00
      0.5940         1.00
      0.5950         1.00
      0.5960         1.00
      0.5970         1.00
      0.5980         1.00
      0.5990         1.00
      0.6000         1.00
      0.6010         1.00
      0.6020         1.00
      0.6030         1.00
      0.6040         1.00
      0.6050         1.00
      0.6060         1.00
      0.6070         1.00
      0.6080         1.00
      0.6090         1.00
      0.6100         1.00
      0.6110         1.00
      0.6120         1.00
      0.6130         1.00
      0.6140         1.00
      0.6150         1.00
      0.6160         1.00
      0.6170         1.00
      0.6180         1.00
      0.6190         1.00
      0.6200         1.00
      0.6210         1.00
      0.6220         1.00
      0.6230         1.00
      0.6240         1.00
      0.6250         1.00
      0.6260         1.00
      0.6270         1.00
      0.6280         1.00
      0.6290         1.00
      0.6300         1.00
      0.6310         1.00
      0.6320         1.00
      0.6330         1.00
      0.6340         1.00
      0.6350         1.00
      0.6360         1.00
      0.6370         1.00
      0.6380         1.00
      0.6390         1.00
      0.6400         1.00
      0.6410         1.00
      0.6420         1.00
      0.6430         1.00
      0.6440         1.00
      0.6450         1.00
      0.6460         1.00
      0.6470         1.00
      0.6480         1.00
      0.6490         1.00
      0.6500         1.00
      0.6510         1.00
      0.6520         1.00
      0.6530         1.00
      0.6540         1.00
      0.6550         1.00
      0.6560         1.00
      0.6570         1.00
      0.6580         1.00
      0.6590         1.00
      0.6600         1.00
      0.6610         1.00
      0.6620         1.00
      0.6630         1.00
      0.6640         1.00
      0.6650         1.00
      0.6660         1.00
      0.6670         1.00
      0.6680         1.00
      0.6690         1.00
      0.6700         1.00
      0.6710         1.00
      0.6720         1.00
      0.6730         1.00
      0.6740         1.00
      0.6750         1.00
      0.6760         1.00
      0.6770         1.00
      0.6780         1.00
      0.6790         1.00
      0.6800         1.00
      0.6810         1.00
      0.6820         1.00
      0.6830         1.00
      0.6840         1.00
      0.6850         1.00
      0.6860         1.00
      0.6870         1.00
      0.6880         1.00
      0.6890         1.00
      0.6900         1.00
      0.6910         1.00
      0.6920         1.00
      0.6930         1.00
      0.6940         1.00
      0.6950         1.00
      0.6960         1.00
      0.6970         1.00
      0.6980         1.00
      0.6990         1.00
      0.7000         1.00
      0.7010         1.00
      0.7020         1.00
      0.7030         1.00
      0.7040         1.00
      0.7050         1.00
      0.7060         1.00
      0.7070         1.00
      0.7080         1.00
      0.7090         1.00
      0.7100         1.00
      0.7110         1.00
      0.7120         1.00
      0.7130         1.00
      0.7140         1.00
      0.7150         1.00
      0.7160         1.00
      0.7170         1.00
      0.7180         1.00
      0.7190         1.00
      0.7200         1.00
      0.7210         1.00
      0.7220         1.00
      0.7230         1.00
      0.7240         1.00
      0.7250         1.00
      0.7260         1.00
      0.7270         1.00
      0.7280         1.00
      0.7290         1.00
      0.7300         1.00
      0.7310         1.00
      0.7320         1.00
      0.7330         1.00
      0.7340         1.00
      0.7350         1.00
      0.7360         1.00
      0.7370         1.00
      0.7380         1.00
      0.7390         1.00
      0.7400         1.00
      0.7410         1.00
      0.7420         1.00
      0.7430         1.00
      0.7440         1.00
      0.7450         1.00
      0.7460         1.00
      0.7470         1.00
      0.7480         1.00
      0.7490         1.00
      0.7500         1.00
      0.7510         1.00
      0.7520         1.00
      0.7530         1.00
      0.7540         1.00
      0.7550         1.00
      0.7560         1.00
      0.7570         1.00
      0.7580         1.00
      0.7590         1.00
      0.7600         1.00
      0.7610         1.00
      0.7620         1.00
      0.7630         1.00
      0.7640         1.00
      0.7650         1.00
      0.7660         1.00
      0.7670         1.00
      0.7680         1.00
      0.7690         1.00
      0.7700         1.00
      0.7710         1.00
      0.7720         1.00
      0.7730         1.00
      0.7740         1.00
      0.7750         1.00
      0.7760         1.00
      0.7770         1.00
      0.7780         1.00
      0.7790         1.00
      0.7800         1.00
      0.7810         1.00
      0.7820         1.00
      0.7830         1.00
      0.7840         1.00
      0.7850         1.00
      0.7860         1.00
      0.7870         1.00
      0.7880         1.00
      0.7890         1.00
      0.7900         1.00
      0.7910         1.00
      0.7920         1.00
      0.7930         1.00
      0.7940         1.00
      0.7950         1.00
      0.7960         1.00
      0.7970         1.00
      0.7980         1.00
      0.7990         1.00
      0.8000         1.00
      0.8010         1.00
      0.8020         1.00
      0.8030         1.00
      0.8040         1.00
      0.8050         1.00
      0.8060         1.00
      0.8070         1.00
      0.8080         1.00
      0.8090         1.00
      0.8100         1.00
      0.8110         1.00
      0.8120         1.00
      0.8130         1.00
      0.8140         1.00
      0.8150         1.00
      0.8160         1.00
      0.8170         1.00
      0.8180         1.00
      0.8190         1.00
      0.8200         1.00
      0.8210         1.00
      0.8220         1.00
      0.8230         1.00
      0.8240         1.00
      0.8250         1.00
      0.8260         1.00
      0.8270         1.00
      0.8280         1.00
      0.8290         1.00
      0.8300         1.00
      0.8310         1.00
      0.8320         1.00
      0.8330         1.00
      0.8340         1.00
      0.8350         1.00
      0.8360         1.00
      0.8370         1.00
      0.8380         1.00
      0.8390         1.00
      0.8400         1.00
      0.8410         1.00
      0.8420         1.00
      0.8430         1.00
      0.8440         1.00
      0.8450         1.00
      0.8460         1.00
      0.8470         1.00
      0.8480         1.00
      0.8490         1.00
      0.8500         1.00
      0.8510         1.00
      0.8520         1.00
      0.8530         1.00
      0.8540         1.00
      0.8550         1.00
      0.8560         1.00
      0.8570         1.00
      0.8580         1.00
      0.8590         1.00
      0.8600         1.00
      0.8610         1.00
      0.8620         1.00
      0.8630         1.00
      0.8640         1.00
      0.8650         1.00
      0.8660         1.00
      0.8670         1.00
      0.8680         1.00
      0.8690         1.00
      0.8700         1.00
      0.8710         1.00
      0.8720         1.00
      0.8730         1.00
      0.8740         1.00
      0.8750         1.00
      0.8760         1.00
      0.8770         1.00
      0.8780         1.00
      0.8790         1.00
      0.8800         1.00
      0.8810         1.00
      0.8820         1.00
      0.8830         1.00
      0.8840         1.00
      0.8850         1.00
      0.8860         1.00
      0.8870         1.00
      0.8880         1.00
      0.8890         1.00
      0.8900         1.00
      0.8910         1.00
      0.8920         1.00
      0.8930         1.00
      0.8940         1.00
      0.8950         1.00
      0.8960         1.00
      0.8970         1.00
      0.8980         1.00
      0.8990         1.00
      0.9000         1.00
      0.9010         1.00
      0.9020         1.00
      0.9030         1.00
      0.9040         1.00
      0.9050         1.00
      0.9060         1.00
      0.9070         1.00
      0.9080         1.00
      0.9090         1.00
      0.9100         1.00
      0.9110         1.00
      0.9120         1.00
      0.9130         1.00
      0.9140         1.00
      0.9150         1.00
      0.9160         1.00
      0.9170         1.00
      0.9180         1.00
      0.9190         1.00
      0.9200         1.00
      0.9210         1.00
      0.9220         1.00
      0.9230         1.00
      0.9240         1.00
      0.9250         1.00
      0.9260         1.00
      0.9270         1.00
      0.9280         1.00
      0.9290         1.00
      0.9300         1.00
      0.9310         1.00
      0.9320         1.00
      0.9330         1.00
      0.9340         1.00
      0.9350         1.00
      0.9360         1.00
      0.9370         1.00
      0.9380         1.00
      0.9390         1.00
      0.9400         1.00
      0.9410         1.00
      0.9420         1.00
      0.9430         1.00
      0.9440         1.00
      0.9450         1.00
      0.9460         1.00
      0.9470         1.00
      0.9480         1.00
      0.9490         1.00
      0.9500         1.00
      0.9510         1.00
      0.9520         1.00
      0.9530         1.00
      0.9540         1.00
      0.9550         1.00
      0.9560         1.00
      0.9570         1.00
      0.9580         1.00
      0.9590         1.00
      0.9600         1.00
      0.9610         1.00
      0.9620         1.00
      0.9630         1.00
      0.9640         1.00
      0.9650         1.00
      0.9660         1.00
      0.9670         1.00
      0.9680         1.00
      0.9690         1.00
      0.9700         1.00
      0.9710         1.00
      0.9720         1.00
      0.9730         1.00
      0.9740         1.00
      0.9750         1.00
      0.9760         1.00
      0.9770         1.00
      0.9780         1.00
      0.9790         1.00
      0.9800         1.00
      0.9810         1.00
      0.9820         1.00
      0.9830         1.00
      0.9840         1.00
      0.9850         1.00
      0.9860         1.00
      0.9870         1.00
      0.9880         1.00
      0.9890         1.00
      0.9900         1.00
      0.9910         1.00
      0.9920         1.00
      0.9930         1.00
      0.9940         1.00
      0.9950         1.00
      0.9960         1.00
      0.9970         1.00
      0.9980         1.00
      0.9990         1.00
      1.0000         1.00
      1.0010         1.00
      1.0020         1.00
      1.0030         1.00
      1.0040         1.00
      1.0050         1.00
      1.0060         1.00
      1.0070         1.00
      1.0080         1.00
      1.0090         1.00
      1.0100         1.00
      1.0110         1.00
      1.0120         1.00
      1.0130         1.00
      1.0140         1.00
      1.0150         1.00
      1.0160         1.00
      1.0170         1.00
      1.0180         1.00
      1.0190         1.00
      1.0200         1.00
      1.0210         1.00
      1.0220         1.00
      1.0230         1.00
      1.0240         1.00
      1.0250         1.00
      1.0260         1.00
      1.0270         1.00
      1.0280         1.00
      1.0290         1.00
      1.0300         1.00
      1.0310         1.00
      1.0320         1.00
      1.0330         1.00
      1.0340         1.00
      1.0350         1.00
      1.0360         1.00
      1.0370         1.00
      1.0380         1.00
      1.0390         1.00
      1.0400         1.00
      1.0410         1.00
      1.0420         1.00
      1.0430         1.00
      1.0440         1.00
      1.0450         1.00
      1.0460         1.00
      1.0470         1.00
      1.0480         1.00
      1.0490         1.00
      1.0500         1.00
      1.0510         1.00
      1.0520         1.00
      1.0530         1.00
      1.0540         1.00
      1.0550         1.00
      1.0560         1.00
      1.0570         1.00
      1.0580         1.00
      1.0590         1.00
      1.0600         1.00
      1.0610         1.00
      1.0620         1.00
      1.0630         1.00
      1.0640         1.00
      1.0650         1.00
      1.0660         1.00
      1.0670         1.00
      1.0680         1.00
      1.0690         1.00
      1.0700         1.00
      1.0710         1.00
      1.0720         1.00
      1.0730         1.00
      1.0740         1.00
      1.0750         1.00
      1.0760         1.00
      1.0770         1.00
      1.0780         1.00
      1.0790         1.00
      1.0800         1.00
      1.0810         1.00
      1.0820         1.00
      1.0830         1.00
      1.0840         1.00
      1.0850         1.00
      1.0860         1.00
      1.0870         1.00
      1.0880         1.00
      1.0890         1.00
      1.0900         1.00
      1.0910         1.00
      1.0920         1.00
      1.0930         1.00
      1.0940         1.00
      1.0950         1.00
      1.0960         1.00
      1.0970         1.00
      1.0980         1.00
      1.0990         1.00
      1.1000         1.00
      1.1010         1.00
      1.1020         1.00
      1.1030         1.00
      1.1040         1.00
      1.1050         1.00
      1.1060         1.00
      1.1070         1.00
      1.1080         1.00
      1.1090         1.00
      1.1100         1.00
      1.1110         1.00
      1.1120         1.00
      1.1130         1.00
      1.1140         1.00
      1.1150         1.00
      1.1160         1.00
      1.1170         1.00
      1.1180         1.00
      1.1190         1.00
      1.1200         1.00
      1.1210         1.00
      1.1220         1.00
      1.1230         1.00
      1.1240         1.00
      1.1250         1.00
      1.1260         1.00
      1.1270         1.00
      1.1280         1.00
      1.1290         1.00
      1.1300         1.00
      1.1310         1.00
      1.1320         1.00
      1.1330         1.00
      1.1340         1.00
      1.1350         1.00
      1.1360         1.00
      1.1370         1.00
      1.1380         1.00
      1.1390         1.00
      1.1400         1.00
      1.1410         1.00
      1.1420         1.00
      1.1430         1.00
      1.1440         1.00
      1.1450         1.00
      1.1460         1.00
      1.1470         1.00
      1.1480         1.00
      1.1490         1.00
      1.1500         1.00
      1.1510         1.00
      1.1520         1.00
      1.1530         1.00
      1.1540         1.00
      1.1550         1.00
      1.1560         1.00
      1.1570         1.00
      1.1580         1.00
      1.1590         1.00
      1.1600         1.00
      1.1610         1.07
      1.1620         1.23
      1.1630         1.37
      1.1640         1.53
      1.1650         2.13
      1.1660         2.93
      1.1670         3.19
      1.1680         3.50
      1.1690         3.86
      1.1700         4.12
      1.1710         4.39
      1.1720         4.63
      1.1730         4.92
      1.1740         5.04
      1.1750         5.24
      1.1760         5.27
      1.1770         5.30
      1.1780         5.40
      1.1790         5.52
      1.1800         5.56
      1.1810         5.53
      1.1820         5.45
      1.1830         5.38
      1.1840         5.22
      1.1850         5.17
      1.1860         5.01
      1.1870         4.81
      1.1880         4.59
      1.1890         4.45
      1.1900         4.28
      1.1910         4.18
      1.1920         4.01
      1.1930         3.89
      1.1940         3.82
      1.1950         3.63
      1.1960         3.54
      1.1970         3.50
      1.1980         3.47
      1.1990         3.45
      1.2000         3.43
      1.2010         3.49
      1.2020         3.52
      1.2030         3.49
      1.2040         3.58
      1.2050         3.68
      1.2060         3.81
      1.2070         3.92
      1.2080         4.04
      1.2090         4.08
      1.2100         4.31
      1.2110         4.48
      1.2120         4.65
      1.2130         4.85
      1.2140         4.92
      1.2150         5.12
      1.2160         5.39
      1.2170         5.67
      1.2180         5.79
      1.2190         5.94
      1.2200         6.09
      1.2210         6.13
      1.2220         6.29
      1.2230         6.52
      1.2240         6.64
      1.2250         6.76
      1.2260         6.85
      1.2270         6.96
      1.2280         7.16
      1.2290         7.34
      1.2300         7.34
      1.2310         7.44
      1.2320         7.58
      1.2330         7.60
      1.2340         7.74
      1.2350         7.81
      1.2360         7.91
      1.2370         7.90
      1.2380         8.01
      1.2390         8.14
      1.2400         8.34
      1.2410         8.53
      1.2420         8.55
      1.2430         8.66
      1.2440         8.85
      1.2450         9.01
      1.2460         9.20
      1.2470         9.30
      1.2480         9.45
      1.2490         9.57
      1.2500         9.85
      1.2510        10.00
      1.2520        10.04
      1.2530        10.15
      1.2540        10.39
      1.2550        10.61
      1.2560        10.70
      1.2570        10.87
      1.2580        11.07
      1.2590        11.17
      1.2600        11.27
      1.2610        11.44
      1.2620        11.63
      1.2630        11.79
      1.2640        11.91
      1.2650        12.07
      1.2660        12.21
      1.2670        12.42
      1.2680        12.49
      1.2690        12.65
      1.2700        12.67
      1.2710        12.82
      1.2720        13.10
      1.2730        13.34
      1.2740        13.42
      1.2750        13.50
      1.2760        13.73
      1.2770        13.90
      1.2780        13.91
      1.2790        14.00
      1.2800        14.09
      1.2810        14.28
      1.2820        14.44
      1.2830        14.57
      1.2840        14.66
      1.2850        14.72
      1.2860        14.81
      1.2870        14.95
      1.2880        15.16
      1.2890        15.32
      1.2900        15.62
      1.2910        15.80
      1.2920        15.82
      1.2930        15.90
      1.2940        16.13
      1.2950        16.30
      1.2960        16.44
      1.2970        16.62
      1.2980        16.82
      1.2990        17.05
      1.3000        17.31
      1.3010        17.52
      1.3020        17.67
      1.3030        17.95
      1.3040        18.18
      1.3050        18.44
      1.3060        18.67
      1.3070        18.87
      1.3080        19.05
      1.3090        19.26
      1.3100        19.35
      1.3110        19.46
      1.3120        19.78
      1.3130        20.04
      1.3140        20.15
      1.3150        20.32
      1.3160        20.43
      1.3170        20.60
      1.3180        20.81
      1.3190        20.98
      1.3200        21.11
      1.3210        21.17
      1.3220        21.42
      1.3230        21.49
      1.3240        21.73
      1.3250        21.93
      1.3260        22.10
      1.3270        22.31
      1.3280        22.49
      1.3290        22.71
      1.3300        22.86
      1.3310        23.07
      1.3320        23.18
      1.3330        23.35
      1.3340        23.49
      1.3350        23.68
      1.3360        23.82
      1.3370        23.90
      1.3380        24.13
      1.3390        24.31
      1.3400        24.43
      1.3410        24.57
      1.3420        24.66
      1.3430        24.93
      1.3440        25.04
      1.3450        25.12
      1.3460        25.25
      1.3470        25.36
      1.3480        25.51
      1.3490        25.63
      1.3500        25.78
      1.3510        25.96
      1.3520        26.11
      1.3530        26.27
      1.3540        26.50
      1.3550        26.69
      1.3560        26.97
      1.3570        27.24
      1.3580        27.40
      1.3590        27.61
      1.3600        27.79
      1.3610        28.09
      1.3620        28.31
      1.3630        28.44
      1.3640        28.67
      1.3650        28.90
      1.3660        29.16
      1.3670        29.43
      1.3680        29.60
      1.3690        29.79
      1.3700        29.98
      1.3710        30.17
      1.3720        30.42
      1.3730        30.61
      1.3740        30.83
      1.3750        31.01
      1.3760        31.11
      1.3770        31.27
      1.3780        31.52
      1.3790        31.74
      1.3800        32.02
      1.3810        32.13
      1.3820        32.23
      1.3830        32.52
      1.3840        32.73
      1.3850        32.98
      1.3860        33.20
      1.3870        33.34
      1.3880        33.57
      1.3890        33.79
      1.3900        33.95
      1.3910        34.05
      1.3920        34.16
      1.3930        34.38
      1.3940        34.54
      1.3950        34.69
      1.3960        34.97
      1.3970        35.12
      1.3980        35.10
      1.3990        35.21
      1.4000        35.41
      1.4010        35.57
      1.4020        35.84
      1.4030        35.91
      1.4040        36.02
      1.4050        36.13
      1.4060        36.27
      1.4070        36.48
      1.4080        36.65
      1.4090        36.85
      1.4100        37.09
      1.4110        37.25
      1.4120        37.52
      1.4130        37.61
      1.4140        37.79
      1.4150        38.10
      1.4160        38.22
      1.4170        38.51
      1.4180        38.82
      1.4190        39.05
      1.4200        39.24
      1.4210        39.58
      1.4220        39.84
      1.4230        40.01
      1.4240        40.24
      1.4250        40.47
      1.4260        40.73
      1.4270        40.95
      1.4280        41.20
      1.4290        41.48
      1.4300        41.79
      1.4310        42.10
      1.4320        42.43
      1.4330        42.77
      1.4340        43.03
      1.4350        43.17
      1.4360        43.43
      1.4370        43.64
      1.4380        43.98
      1.4390        44.26
      1.4400        44.47
      1.4410        44.66
      1.4420        44.89
      1.4430        45.21
      1.4440        45.56
      1.4450        45.84
      1.4460        46.04
      1.4470        46.35
      1.4480        46.63
      1.4490        46.83
      1.4500        47.07
      1.4510        47.38
      1.4520        47.54
      1.4530        47.78
      1.4540        48.01
      1.4550        48.21
      1.4560        48.44
      1.4570        48.63
      1.4580        48.75
      1.4590        48.90
      1.4600        49.04
      1.4610        49.21
      1.4620        49.40
      1.4630        49.64
      1.4640        49.75
      1.4650        49.94
      1.4660        50.13
      1.4670        50.26
      1.4680        50.37
      1.4690        50.52
      1.4700        50.64
      1.4710        50.69
      1.4720        50.89
      1.4730        51.01
      1.4740        51.17
      1.4750        51.41
      1.4760        51.64
      1.4770        51.86
      1.4780        52.12
      1.4790        52.36
      1.4800        52.69
      1.4810        52.87
      1.4820        53.15
      1.4830        53.35
      1.4840        53.62
      1.4850        53.93
      1.4860        54.19
      1.4870        54.48
      1.4880        54.78
      1.4890        55.09
      1.4900        55.45
      1.4910        55.85
      1.4920        56.19
      1.4930        56.53
      1.4940        56.81
      1.4950        57.14
      1.4960        57.39
      1.4970        57.69
      1.4980        58.04
      1.4990        58.33
      1.5000        58.59
      1.5010        58.90
      1.5020        59.14
      1.5030        59.42
      1.5040        59.68
      1.5050        59.97
      1.5060        60.20
      1.5070        60.46
      1.5080        60.74
      1.5090        60.93
      1.5100        61.05
      1.5110        61.17
      1.5120        61.32
      1.5130        61.48
      1.5140        61.79
      1.5150        62.06
      1.5160        62.27
      1.5170        62.42
      1.5180        62.62
      1.5190        62.75
      1.5200        62.88
      1.5210        63.18
      1.5220        63.34
      1.5230        63.48
      1.5240        63.62
      1.5250        63.71
      1.5260        63.86
      1.5270        63.98
      1.5280        64.03
      1.5290        64.21
      1.5300        64.38
      1.5310        64.56
      1.5320        64.73
      1.5330        64.93
      1.5340        64.99
      1.5350        65.05
      1.5360        65.23
      1.5370        65.38
      1.5380        65.43
      1.5390        65.62
      1.5400        65.70
      1.5410        65.63
      1.5420        65.70
      1.5430        65.81
      1.5440        65.90
      1.5450        65.86
      1.5460        65.93
      1.5470        65.98
      1.5480        66.10
      1.5490        66.10
      1.5500        66.08
      1.5510        66.12
      1.5520        66.09
      1.5530        66.19
      1.5540        66.32
      1.5550        66.39
      1.5560        66.44
      1.5570        66.64
      1.5580        66.77
      1.5590        66.93
      1.5600        67.09
      1.5610        67.35
      1.5620        67.53
      1.5630        67.67
      1.5640        67.77
      1.5650        68.08
      1.5660        68.31
      1.5670        68.54
      1.5680        68.70
      1.5690        68.98
      1.5700        69.30
      1.5710        69.48
      1.5720        69.73
      1.5730        69.83
      1.5740        70.01
      1.5750        70.26
      1.5760        70.40
      1.5770        70.48
      1.5780        70.58
      1.5790        70.67
      1.5800        70.77
      1.5810        70.74
      1.5820        70.71
      1.5830        70.89
      1.5840        70.96
      1.5850        70.97
      1.5860        70.96
      1.5870        70.93
      1.5880        70.94
      1.5890        70.96
      1.5900        70.92
      1.5910        71.01
      1.5920        70.96
      1.5930        71.05
      1.5940        71.03
      1.5950        70.93
      1.5960        70.91
      1.5970        70.80
      1.5980        70.84
      1.5990        70.76
      1.6000        70.80
      1.6010        70.88
      1.6020        70.92
      1.6030        70.89
      1.6040        70.91
      1.6050        71.01
      1.6060        71.03
      1.6070        71.04
      1.6080        71.07
      1.6090        71.12
      1.6100        71.19
      1.6110        71.16
      1.6120        71.19
      1.6130        71.10
      1.6140        71.04
      1.6150        70.95
      1.6160        71.05
      1.6170        71.09
      1.6180        70.88
      1.6190        70.88
      1.6200        70.85
      1.6210        70.72
      1.6220        70.72
      1.6230        70.61
      1.6240        70.66
      1.6250        70.42
      1.6260        70.42
      1.6270        70.36
      1.6280        70.22
      1.6290        70.02
      1.6300        69.77
      1.6310        69.69
      1.6320        69.57
      1.6330        69.45
      1.6340        69.33
      1.6350        69.28
      1.6360        69.02
      1.6370        68.81
      1.6380        68.76
      1.6390        68.57
      1.6400        68.31
      1.6410        68.14
      1.6420        67.84
      1.6430        67.61
      1.6440        67.36
      1.6450        67.21
      1.6460        66.98
      1.6470        66.67
      1.6480        66.54
      1.6490        66.32
      1.6500        66.27
      1.6510        66.07
      1.6520        65.82
      1.6530        65.69
      1.6540        65.49
      1.6550        65.30
      1.6560        65.05
      1.6570        64.84
      1.6580        64.60
      1.6590        64.43
      1.6600        64.19
      1.6610        64.07
      1.6620        63.88
      1.6630        63.69
      1.6640        63.36
      1.6650        63.11
      1.6660        62.85
      1.6670        62.75
      1.6680        62.46
      1.6690        62.15
      1.6700        61.81
      1.6710        61.46
      1.6720        61.21
      1.6730        60.76
      1.6740        60.38
      1.6750        60.02
      1.6760        59.76
      1.6770        59.51
      1.6780        59.19
      1.6790        58.81
      1.6800        58.52
      1.6810        58.25
      1.6820        57.96
      1.6830        57.67
      1.6840        57.39
      1.6850        57.11
      1.6860        56.85
      1.6870        56.44
      1.6880        55.98
      1.6890        55.69
      1.6900        55.29
      1.6910        54.95
      1.6920        54.62
      1.6930        54.31
      1.6940        54.07
      1.6950        53.65
      1.6960        53.28
      1.6970        52.90
      1.6980        52.61
      1.6990        52.39
      1.7000        52.03
      1.7010        51.66
      1.7020        51.39
      1.7030        50.93
      1.7040        50.72
      1.7050        50.39
      1.7060        50.02
      1.7070        49.69
      1.7080        49.59
      1.7090        49.41
      1.7100        49.17
      1.7110        48.95
      1.7120        48.67
      1.7130        48.41
      1.7140        48.07
      1.7150        47.92
      1.7160        47.72
      1.7170        47.44
      1.7180        47.15
      1.7190        46.75
      1.7200        46.51
      1.7210        46.16
      1.7220        45.84
      1.7230        45.57
      1.7240        45.18
      1.7250        44.86
      1.7260        44.53
      1.7270        44.18
      1.7280        43.79
      1.7290        43.29
      1.7300        42.86
      1.7310        42.49
      1.7320        42.04
      1.7330        41.80
      1.7340        41.48
      1.7350        41.08
      1.7360        40.68
      1.7370        40.24
      1.7380        39.81
      1.7390        39.42
      1.7400        39.03
      1.7410        38.55
      1.7420        38.10
      1.7430        37.68
      1.7440        37.22
      1.7450        36.78
      1.7460        36.36
      1.7470        35.90
      1.7480        35.43
      1.7490        34.99
      1.7500        34.58
      1.7510        34.15
      1.7520        33.84
      1.7530        33.30
      1.7540        32.79
      1.7550        32.32
      1.7560        31.91
      1.7570        31.50
      1.7580        31.14
      1.7590        30.79
      1.7600        30.40
      1.7610        30.09
      1.7620        29.65
      1.7630        29.49
      1.7640        29.15
      1.7650        28.81
      1.7660        28.42
      1.7670        28.15
      1.7680        27.87
      1.7690        27.55
      1.7700        27.27
      1.7710        26.88
      1.7720        26.54
      1.7730        26.28
      1.7740        26.00
      1.7750        25.71
      1.7760        25.39
      1.7770        25.14
      1.7780        24.77
      1.7790        24.39
      1.7800        24.08
      1.7810        23.84
      1.7820        23.68
      1.7830        23.16
      1.7840        22.89
      1.7850        22.65
      1.7860        22.41
      1.7870        22.06
      1.7880        21.80
      1.7890        21.60
      1.7900        21.24
      1.7910        20.90
      1.7920        20.55
      1.7930        20.20
      1.7940        20.00
      1.7950        19.66
      1.7960        19.43
      1.7970        19.15
      1.7980        18.98
      1.7990        18.74
      1.8000        18.56
      1.8010        18.28
      1.8020        17.89
      1.8030        17.74
      1.8040        17.41
      1.8050        17.02
      1.8060        16.76
      1.8070        16.51
      1.8080        16.21
      1.8090        15.97
      1.8100        15.79
      1.8110        15.62
      1.8120        15.37
      1.8130        15.19
      1.8140        14.96
      1.8150        14.82
      1.8160        14.59
      1.8170        14.39
      1.8180        14.25
      1.8190        14.02
      1.8200        13.73
      1.8210        13.39
      1.8220        13.26
      1.8230        12.96
      1.8240        12.72
      1.8250        12.57
      1.8260        12.34
      1.8270        12.15
      1.8280        11.90
      1.8290        11.66
      1.8300        11.50
      1.8310        11.28
      1.8320        11.17
      1.8330        11.00
      1.8340        10.84
      1.8350        10.60
      1.8360        10.32
      1.8370        10.09
      1.8380         9.76
      1.8390         9.65
      1.8400         9.36
      1.8410         9.25
      1.8420         9.02
      1.8430         8.85
      1.8440         8.60
      1.8450         8.35
      1.8460         8.20
      1.8470         8.07
      1.8480         8.04
      1.8490         7.82
      1.8500         7.60
      1.8510         7.50
      1.8520         7.26
      1.8530         7.03
      1.8540         6.87
      1.8550         6.73
      1.8560         6.65
      1.8570         6.54
      1.8580         6.45
      1.8590         6.28
      1.8600         6.36
      1.8610         6.25
      1.8620         6.14
      1.8630         6.01
      1.8640         6.06
      1.8650         6.02
      1.8660         5.86
      1.8670         5.73
      1.8680         5.45
      1.8690         5.36
      1.8700         5.26
      1.8710         5.13
      1.8720         5.06
      1.8730         5.10
      1.8740         4.92
      1.8750         4.84
      1.8760         4.81
      1.8770         4.71
      1.8780         4.57
      1.8790         4.47
      1.8800         3.77
      1.8810         3.76
      1.8820         3.81
      1.8830         3.79
      1.8840         3.71
      1.8850         3.67
      1.8860         3.65
      1.8870         3.58
      1.8880         3.62
      1.8890         3.50
      1.8900         3.42
      1.8910         3.32
      1.8920         3.26
      1.8930         3.12
      1.8940         2.96
      1.8950         2.84
      1.8960         2.63
      1.8970         2.58
      1.8980         2.51
      1.8990         2.47
      1.9000         2.43
      1.9010         2.28
      1.9020         2.19
      1.9030         2.19
      1.9040         2.14
      1.9050         1.62
      1.9060         2.06
      1.9070         1.57
      1.9080         1.55
      1.9090         1.56
      1.9100         1.58
      1.9110         1.59
      1.9120         1.58
      1.9130         1.52
      1.9140         1.60
      1.9150         1.56
      1.9160         1.58
      1.9170         1.50
      1.9180         1.51
      1.9190         1.45
      1.9200         1.43
      1.9210         1.40
      1.9220         1.33
      1.9230         1.23
      1.9240         1.16
      1.9250         1.09
      1.9260         1.00
      1.9270         1.00
      1.9280         1.00
      1.9290         1.00
      1.9300         1.00
      1.9310         1.00
      1.9320         1.00
      1.9330         1.00
      1.9340         1.00
      1.9350         1.00
      1.9360         1.00
      1.9370         1.00
      1.9380         1.00
      1.9390         1.00
      1.9400         1.00
      1.9410         1.00
      1.9420         1.00
      1.9430         1.00
      1.9440         1.00
      1.9450         1.00
      1.9460         1.00
      1.9470         1.00
      1.9480         1.00
      1.9490         1.00
      1.9500         1.00
      1.9510         1.00
      1.9520         1.00
      1.9530         1.00
      1.9540         1.00
      1.9550         1.00
      1.9560         1.00
      1.9570         1.00
      1.9580         1.00
      1.9590         1.00
      1.9600         1.00
      1.9610         1.00
      1.9620         1.00
      1.9630         1.00
      1.9640         1.00
      1.9650         1.00
      1.9660         1.00
      1.9670         1.00
      1.9680         1.00
      1.9690         1.00
      1.9700         1.00
      1.9710         1.00
      1.9720         1.00
      1.9730         1.00
      1.9740         1.00
      1.9750         1.00
      1.9760         1.00
      1.9770         1.00
      1.9780         1.00
      1.9790         1.00
      1.9800         1.00
      1.9810         1.00
      1.9820         1.00
      1.9830         1.00
      1.9840         1.00
      1.9850         1.00
      1.9860         1.00
      1.9870         1.00
      1.9880         1.00
      1.9890         1.00
      1.9900         1.00
      1.9910         1.00
      1.9920         1.00
      1.9930         1.00
      1.9940         1.00
      1.9950         1.00
      1.9960         1.00
      1.9970         1.00
      1.9980         1.00
      1.9990         1.00
      2.0000         1.00
      2.0010         1.00
      2.0020         1.00
      2.0030         1.00
      2.0040         1.00
      2.0050         1.00
      2.0060         1.00
      2.0070         1.00
      2.0080         1.00
      2.0090         1.00
      2.0100         1.00
      2.0110         1.00
      2.0120         1.00
      2.0130         1.00
      2.0140         1.00
      2.0150         1.00
      2.0160         1.00
      2.0170         1.00
      2.0180         1.00
      2.0190         1.00
      2.0200         1.00
      2.0210         1.00
      2.0220         1.00
      2.0230         1.00
      2.0240         1.00
      2.0250         1.00
      2.0260         1.00
      2.0270         1.00
      2.0280         1.00
      2.0290         1.00
      2.0300         1.00
      2.0310         1.00
      2.0320         1.00
      2.0330         1.00
      2.0340         1.00
      2.0350         1.00
      2.0360         1.00
      2.0370         1.00
      2.0380         1.00
      2.0390         1.00
      2.0400         1.00
      2.0410         1.00
      2.0420         1.00
      2.0430         1.00
      2.0440         1.00
      2.0450         1.00
      2.0460         1.00
      2.0470         1.00
      2.0480         1.00
      2.0490         1.00
      2.0500         1.00
      2.0510         1.00
      2.0520         1.00
      2.0530         1.00
      2.0540         1.00
      2.0550         1.00
      2.0560         1.00
      2.0570         1.00
      2.0580         1.00
      2.0590         1.00
      2.0600         1.00
      2.0610         1.00
      2.0620         1.00
      2.0630         1.00
      2.0640         1.00
      2.0650         1.00
      2.0660         1.00
      2.0670         1.00
      2.0680         1.00
      2.0690         1.00
      2.0700         1.00
      2.0710         1.00
      2.0720         1.00
      2.0730         1.00
      2.0740         1.00
      2.0750         1.00
      2.0760         1.00
      2.0770         1.00
      2.0780         1.00
      2.0790         1.00
      2.0800         1.00
      2.0810         1.00
      2.0820         1.00
      2.0830         1.00
      2.0840         1.00
      2.0850         1.00
      2.0860         1.00
      2.0870         1.00
      2.0880         1.00
      2.0890         1.00
      2.0900         1.00
      2.0910         1.00
      2.0920         1.00
      2.0930         1.00
      2.0940         1.00
      2.0950         1.00
      2.0960         1.00
      2.0970         1.00
      2.0980         1.00
      2.0990         1.00
      2.1000         1.00
      2.1010         1.00
      2.1020         1.00
      2.1030         1.00
      2.1040         1.00
      2.1050         1.00
      2.1060         1.00
      2.1070         1.00
      2.1080         1.00
      2.1090         1.00
      2.1100         1.00
      2.1110         1.00
      2.1120         1.00
      2.1130         1.00
      2.1140         1.00
      2.1150         1.00
      2.1160         1.00
      2.1170         1.00
      2.1180         1.00
      2.1190         1.00
      2.1200         1.00
      2.1210         1.00
      2.1220         1.00
      2.1230         1.00
      2.1240         1.00
      2.1250         1.00
      2.1260         1.00
      2.1270         1.00
      2.1280         1.00
      2.1290         1.00
      2.1300         1.00
      2.1310         1.00
      2.1320         1.00
      2.1330         1.00
      2.1340         1.00
      2.1350         1.00
      2.1360         1.00
      2.1370         1.00
      2.1380         1.00
      2.1390         1.00
      2.1400         1.00
      2.1410         1.00
      2.1420         1.00
      2.1430         1.00
      2.1440         1.00
      2.1450         1.00
      2.1460         1.00
      2.1470         1.00
      2.1480         1.00
      2.1490         1.00
      2.1500         1.00
      2.1510         1.00
      2.1520         1.00
      2.1530         1.00
      2.1540         1.00
      2.1550         1.00
      2.1560         1.00
      2.1570         1.00
      2.1580         1.00
      2.1590         1.00
      2.1600         1.00
      2.1610         1.00
      2.1620         1.00
      2.1630         1.00
      2.1640         1.00
      2.1650         1.00
      2.1660         1.00
      2.1670         1.00
      2.1680         1.00
      2.1690         1.00
      2.1700         1.00
      2.1710         1.00
      2.1720         1.00
      2.1730         1.00
      2.1740         1.00
      2.1750         1.00
      2.1760         1.00
      2.1770         1.00
      2.1780         1.00
      2.1790         1.00
      2.1800         1.00
      2.1810         1.00
      2.1820         1.00
      2.1830         1.00
      2.1840         1.00
      2.1850         1.00
      2.1860         1.00
      2.1870         1.00
      2.1880         1.00
      2.1890         1.00
      2.1900         1.00
      2.1910         1.00
      2.1920         1.00
      2.1930         1.00
      2.1940         1.00
      2.1950         1.00
      2.1960         1.00
      2.1970         1.00
      2.1980         1.00
      2.1990         1.00
      2.2000         1.00
      2.2010         1.00
      2.2020         1.00
      2.2030         1.00
      2.2040         1.00
      2.2050         1.00
      2.2060         1.00
      2.2070         1.00
      2.2080         1.00
      2.2090         1.00
      2.2100         1.00
      2.2110         1.00
      2.2120         1.00
      2.2130         1.00
      2.2140         1.00
      2.2150         1.00
      2.2160         1.00
      2.2170         1.00
      2.2180         1.00
      2.2190         1.00
      2.2200         1.00
      2.2210         1.00
      2.2220         1.00
      2.2230         1.00
      2.2240         1.00
      2.2250         1.00
      2.2260         1.00
      2.2270         1.00
      2.2280         1.00
      2.2290         1.00
      2.2300         1.00
      2.2310         1.00
      2.2320         1.00
      2.2330         1.00
      2.2340         1.00
      2.2350         1.00
      2.2360         1.00
      2.2370         1.00
      2.2380         1.00
      2.2390         1.00
      2.2400         1.00
      2.2410         1.00
      2.2420         1.00
      2.2430         1.00
      2.2440         1.00
      2.2450         1.00
      2.2460         1.00
      2.2470         1.00
      2.2480         1.00
      2.2490         1.00
      2.2500         1.00
      2.2510         1.00
      2.2520         1.00
      2.2530         1.00
      2.2540         1.00
      2.2550         1.00
      2.2560         1.00
      2.2570         1.00
      2.2580         1.00
      2.2590         1.00
      2.2600         1.00
      2.2610         1.00
      2.2620         1.00
      2.2630         1.00
      2.2640         1.00
      2.2650         1.00
      2.2660         1.00
      2.2670         1.00
      2.2680         1.00
      2.2690         1.00
      2.2700         1.00
      2.2710         1.00
      2.2720         1.00
      2.2730         1.00
      2.2740         1.00
      2.2750         1.00
      2.2760         1.00
      2.2770         1.00
      2.2780         1.00
      2.2790         1.00
      2.2800         1.00
      2.2810         1.00
      2.2820         1.00
      2.2830         1.00
      2.2840         1.00
      2.2850         1.00
      2.2860         1.00
      2.2870         1.00
      2.2880         1.00
      2.2890         1.00
      2.2900         1.00
      2.2910         1.00
      2.2920         1.00
      2.2930         1.00
      2.2940         1.00
      2.2950         1.00
      2.2960         1.00
      2.2970         1.00
      2.2980         1.00
      2.2990         1.00
      2.3000         1.00
      2.3010         1.00
      2.3020         1.00
      2.3030         1.00
      2.3040         1.00
      2.3050         1.00
      2.3060         1.00
      2.3070         1.00
      2.3080         1.00
      2.3090         1.00
      2.3100         1.00
      2.3110         1.00
      2.3120         1.00
      2.3130         1.00
      2.3140         1.00
      2.3150         1.00
      2.3160         1.00
      2.3170         1.00
      2.3180         1.00
      2.3190         1.00
      2.3200         1.00
      2.3210         1.00
      2.3220         1.00
      2.3230         1.00
      2.3240         1.00
      2.3250         1.00
      2.3260         1.00
      2.3270         1.00
      2.3280         1.00
      2.3290         1.00
      2.3300         1.00
      2.3310         1.00
      2.3320         1.00
      2.3330         1.00
      2.3340         1.00
      2.3350         1.00
      2.3360         1.00
      2.3370         1.00
      2.3380         1.00
      2.3390         1.00
      2.3400         1.00
      2.3410         1.00
      2.3420         1.00
      2.3430         1.00
      2.3440         1.00
      2.3450         1.00
      2.3460         1.00
      2.3470         1.00
      2.3480         1.00
      2.3490         1.00
      2.3500         1.00
      2.3510         1.00
      2.3520         1.00
      2.3530         1.00
      2.3540         1.00
      2.3550         1.00
      2.3560         1.00
      2.3570         1.00
      2.3580         1.00
      2.3590         1.00
      2.3600         1.00
      2.3610         1.00
      2.3620         1.00
      2.3630         1.00
      2.3640         1.00
      2.3650         1.00
      2.3660         1.00
      2.3670         1.00
      2.3680         1.00
      2.3690         1.00
      2.3700         1.00
      2.3710         1.00
      2.3720         1.00
      2.3730         1.00
      2.3740         1.00
      2.3750         1.00
      2.3760         1.00
      2.3770         1.00
      2.3780         1.00
      2.3790         1.00
      2.3800         1.00
      2.3810         1.00
      2.3820         1.00
      2.3830         1.00
      2.3840         1.00
      2.3850         1.00
      2.3860         1.00
      2.3870         1.00
      2.3880         1.00
      2.3890         1.00
      2.3900         1.00
      2.3910         1.00
      2.3920         1.00
      2.3930         1.00
      2.3940         1.00
      2.3950         1.00
      2.3960         1.00
      2.3970         1.00
      2.3980         1.00
      2.3990         1.00
      2.4000         1.00
      2.4010         1.00
      2.4020         1.00
      2.4030         1.00
      2.4040         1.00
      2.4050         1.00
      2.4060         1.00
      2.4070         1.00
      2.4080         1.00
      2.4090         1.00
      2.4100         1.00
      2.4110         1.00
      2.4120         1.00
      2.4130         1.00
      2.4140         1.00
      2.4150         1.00
      2.4160         1.00
      2.4170         1.00
      2.4180         1.00
      2.4190         1.00
      2.4200         1.00
      2.4210         1.00
      2.4220         1.00
      2.4230         1.00
      2.4240         1.00
      2.4250         1.00
      2.4260         1.00
      2.4270         1.00
      2.4280         1.00
      2.4290         1.00
      2.4300         1.00
      2.4310         1.00
      2.4320         1.00
      2.4330         1.00
      2.4340         1.00
      2.4350         1.00
      2.4360         1.00
      2.4370         1.00
      2.4380         1.00
      2.4390         1.00
      2.4400         1.00
      2.4410         1.00
      2.4420         1.00
      2.4430         1.00
      2.4440         1.00
      2.4450         1.00
      2.4460         1.00
      2.4470         1.00
      2.4480         1.00
      2.4490         1.00
      2.4500         1.00
      2.4510         1.00
      2.4520         1.00
      2.4530         1.00
      2.4540         1.00
      2.4550         1.00
      2.4560         1.00
      2.4570         1.00
      2.4580         1.00
      2.4590         1.00
      2.4600         1.00
      2.4610         1.00
      2.4620         1.00
      2.4630         1.00
      2.4640         1.00
      2.4650         1.00
      2.4660         1.00
      2.4670         1.00
      2.4680         1.00
      2.4690         1.00
      2.4700         1.00
      2.4710         1.00
      2.4720         1.00
      2.4730         1.00
      2.4740         1.00
      2.4750         1.00
      2.4760         1.00
      2.4770         1.00
      2.4780         1.00
      2.4790         1.00
      2.4800         1.00
      2.4810         1.00
      2.4820         1.00
      2.4830         1.00
      2.4840         1.00
      2.4850         1.00
      2.4860         1.00
      2.4870         1.00
      2.4880         1.00
      2.4890         1.00
      2.4900         1.00
      2.4910         1.00
      2.4920         1.00
      2.4930         1.00
      2.4940         1.00
      2.4950         1.00
      2.4960         1.00
      2.4970         1.00
      2.4980         1.00
      2.4990         1.00
      2.5000         1.00
      2.5010         1.00
      2.5020         1.00
      2.5030         1.00
      2.5040         1.00
      2.5050         1.00
      2.5060         1.00
      2.5070         1.00
      2.5080         1.00
      2.5090         1.00
      2.5100         1.00
      2.5110         1.00
      2.5120         1.00
      2.5130         1.00
      2.5140         1.00
      2.5150         1.00
      2.5160         1.00
      2.5170         1.00
      2.5180         1.00
      2.5190         1.00
      2.5200         1.00
      2.5210         1.00
      2.5220         1.00
      2.5230         1.00
      2.5240         1.00
      2.5250         1.00
      2.5260         1.00
      2.5270         1.00
      2.5280         1.00
      2.5290         1.00
      2.5300         1.00
      2.5310         1.00
      2.5320         1.00
      2.5330         1.00
      2.5340         1.00
      2.5350         1.00
      2.5360         1.00
      2.5370         1.00
      2.5380         1.00
      2.5390         1.00
      2.5400         1.00
      2.5410         1.00
      2.5420         1.00
      2.5430         1.00
      2.5440         1.00
      2.5450         1.00
      2.5460         1.00
      2.5470         1.00
      2.5480         1.00
      2.5490         1.00
      2.5500         1.00
      2.5510         1.00
      2.5520         1.00
      2.5530         1.00
      2.5540         1.00
      2.5550         1.00
      2.5560         1.00
      2.5570         1.00
      2.5580         1.00
      2.5590         1.00
      2.5600         1.00
      2.5610         1.00
      2.5620         1.00
      2.5630         1.00
      2.5640         1.00
      2.5650         1.00
      2.5660         1.00
      2.5670         1.00
      2.5680         1.00
      2.5690         1.00
      2.5700         1.00
      2.5710         1.00
      2.5720         1.00
      2.5730         1.00
      2.5740         1.00
      2.5750         1.00
      2.5760         1.00
      2.5770         1.00
      2.5780         1.00
      2.5790         1.00
      2.5800         1.00
      2.5810         1.00
      2.5820         1.00
      2.5830         1.00
      2.5840         1.00
      2.5850         1.00
      2.5860         1.00
      2.5870         1.00
      2.5880         1.00
      2.5890         1.00
      2.5900         1.00
      2.5910         1.00
      2.5920         1.00
      2.5930         1.00
      2.5940         1.00
      2.5950         1.00
      2.5960         1.00
      2.5970         1.00
      2.5980         1.00
      2.5990         1.00
      2.6000         1.00
      2.6010         1.00
      2.6020         1.00
      2.6030         1.00
      2.6040         1.00
      2.6050         1.00
      2.6060         1.00
      2.6070         1.00
      2.6080         1.00
      2.6090         1.00
      2.6100         1.00
      2.6110         1.00
      2.6120         1.00
      2.6130         1.00
      2.6140         1.00
      2.6150         1.00
      2.6160         1.00
      2.6170         1.00
      2.6180         1.00
      2.6190         1.00
      2.6200         1.00
      2.6210         1.00
      2.6220         1.00
      2.6230         1.00
      2.6240         1.00
      2.6250         1.00
      2.6260         1.00
      2.6270         1.00
      2.6280         1.00
      2.6290         1.00
      2.6300         1.00
      2.6310         1.00
      2.6320         1.00
      2.6330         1.00
      2.6340         1.00
      2.6350         1.00
      2.6360         1.00
      2.6370         1.00
      2.6380         1.00
      2.6390         1.00
      2.6400         1.00
      2.6410         1.00
      2.6420         1.00
      2.6430         1.00
      2.6440         1.00
      2.6450         1.00
      2.6460         1.00
      2.6470         1.00
      2.6480         1.00
      2.6490         1.00
      2.6500         1.00
      2.6510         1.00
      2.6520         1.00
      2.6530         1.00
      2.6540         1.00
      2.6550         1.00
      2.6560         1.00
      2.6570         1.00
      2.6580         1.00
      2.6590         1.00
      2.6600         1.00
      2.6610         1.00
      2.6620         1.00
      2.6630         1.00
      2.6640         1.00
      2.6650         1.00
      2.6660         1.00
      2.6670         1.00
      2.6680         1.00
      2.6690         1.00
      2.6700         1.00
      2.6710         1.00
      2.6720         1.00
      2.6730         1.00
      2.6740         1.00
      2.6750         1.00
      2.6760         1.00
      2.6770         1.00
      2.6780         1.00
      2.6790         1.00
      2.6800         1.00
      2.6810         1.00
      2.6820         1.00
      2.6830         1.00
      2.6840         1.00
      2.6850         1.00
      2.6860         1.00
      2.6870         1.00
      2.6880         1.00
      2.6890         1.00
      2.6900         1.00
      2.6910         1.00
      2.6920         1.00
      2.6930         1.00
      2.6940         1.00
      2.6950         1.00
      2.6960         1.00
      2.6970         1.00
      2.6980         1.00
      2.6990         1.00
      2.7000         1.00
      2.7010         1.00
      2.7020         1.00
      2.7030         1.00
      2.7040         1.00
      2.7050         1.00
      2.7060         1.00
      2.7070         1.00
      2.7080         1.00
      2.7090         1.00
      2.7100         1.00
      2.7110         1.00
      2.7120         1.00
      2.7130         1.00
      2.7140         1.00
      2.7150         1.00
      2.7160         1.00
      2.7170         1.00
      2.7180         1.00
      2.7190         1.00
      2.7200         1.00
      2.7210         1.00
      2.7220         1.00
      2.7230         1.00
      2.7240         1.00
      2.7250         1.00
      2.7260         1.00
      2.7270         1.00
      2.7280         1.00
      2.7290         1.00
      2.7300         1.00
      2.7310         1.00
      2.7320         1.00
      2.7330         1.00
      2.7340         1.00
      2.7350         1.00
      2.7360         1.00
      2.7370         1.00
      2.7380         1.00
      2.7390         1.00
      2.7400         1.00
      2.7410         1.00
      2.7420         1.00
      2.7430         1.00
      2.7440         1.00
      2.7450         1.00
      2.7460         1.00
      2.7470         1.00
      2.7480         1.00
      2.7490         1.00
      2.7500         1.00
      2.7510         1.00
      2.7520         1.00
      2.7530         1.00
      2.7540         1.00
      2.7550         1.00
      2.7560         1.00
      2.7570         1.00
      2.7580         1.00
      2.7590         1.00
      2.7600         1.00
      2.7610         1.00
      2.7620         1.00
      2.7630         1.00
      2.7640         1.00
      2.7650         1.00
      2.7660         1.00
      2.7670         1.00
      2.7680         1.00
      2.7690         1.00
      2.7700         1.00
      2.7710         1.00
      2.7720         1.00
      2.7730         1.00
      2.7740         1.00
      2.7750         1.00
      2.7760         1.00
      2.7770         1.00
      2.7780         1.00
      2.7790         1.00
      2.7800         1.00
      2.7810         1.00
      2.7820         1.00
      2.7830         1.00
      2.7840         1.00
      2.7850         1.00
      2.7860         1.00
      2.7870         1.00
      2.7880         1.00
      2.7890         1.00
      2.7900         1.00
      2.7910         1.00
      2.7920         1.00
      2.7930         1.00
      2.7940         1.00
      2.7950         1.00
      2.7960         1.00
      2.7970         1.00
      2.7980         1.00
      2.7990         1.00
      2.8000         1.00
      2.8010         1.00
      2.8020         1.00
      2.8030         1.00
      2.8040         1.00
      2.8050         1.00
      2.8060         1.00
      2.8070         1.00
      2.8080         1.00
      2.8090         1.00
      2.8100         1.00
      2.8110         1.00
      2.8120         1.00
      2.8130         1.00
      2.8140         1.00
      2.8150         1.00
      2.8160         1.00
      2.8170         1.00
      2.8180         1.00
      2.8190         1.00
      2.8200         1.00
      2.8210         1.00
      2.8220         1.00
      2.8230         1.00
      2.8240         1.00
      2.8250         1.00
      2.8260         1.00
      2.8270         1.00
      2.8280         1.00
      2.8290         1.00
      2.8300         1.00
      2.8310         1.00
      2.8320         1.00
      2.8330         1.00
      2.8340         1.00
      2.8350         1.00
      2.8360         1.00
      2.8370         1.00
      2.8380         1.00
      2.8390         1.00
      2.8400         1.00
      2.8410         1.00
      2.8420         1.00
      2.8430         1.00
      2.8440         1.00
      2.8450         1.00
      2.8460         1.00
      2.8470         1.00
      2.8480         1.00
      2.8490         1.00
      2.8500         1.00
      2.8510         1.00
      2.8520         1.00
      2.8530         1.00
      2.8540         1.00
      2.8550         1.00
      2.8560         1.00
      2.8570         1.00
      2.8580         1.00
      2.8590         1.00
      2.8600         1.00
      2.8610         1.00
      2.8620         1.00
      2.8630         1.00
      2.8640         1.00
      2.8650         1.00
      2.8660         1.00
      2.8670         1.00
      2.8680         1.00
      2.8690         1.00
      2.8700         1.00
      2.8710         1.00
      2.8720         1.00
      2.8730         1.00
      2.8740         1.00
      2.8750         1.00
      2.8760         1.00
      2.8770         1.00
      2.8780         1.00
      2.8790         1.00
      2.8800         1.00
      2.8810         1.00
      2.8820         1.00
      2.8830         1.00
      2.8840         1.00
      2.8850         1.00
      2.8860         1.00
      2.8870         1.00
      2.8880         1.00
      2.8890         1.00
      2.8900         1.00
      2.8910         1.00
      2.8920         1.00
      2.8930         1.00
      2.8940         1.00
      2.8950         1.00
      2.8960         1.00
      2.8970         1.00
      2.8980         1.00
      2.8990         1.00
      2.9000         1.00
      2.9010         1.00
      2.9020         1.00
      2.9030         1.00
      2.9040         1.00
      2.9050         1.00
      2.9060         1.00
      2.9070         1.00
      2.9080         1.00
      2.9090         1.00
      2.9100         1.00
      2.9110         1.00
      2.9120         1.00
      2.9130         1.00
      2.9140         1.00
      2.9150         1.00
      2.9160         1.00
      2.9170         1.00
      2.9180         1.00
      2.9190         1.00
      2.9200         1.00
      2.9210         1.00
      2.9220         1.00
      2.9230         1.00
      2.9240         1.00
      2.9250         1.00
      2.9260         1.00
      2.9270         1.00
      2.9280         1.00
      2.9290         1.00
      2.9300         1.00
      2.9310         1.00
      2.9320         1.00
      2.9330         1.00
      2.9340         1.00
      2.9350         1.00
      2.9360         1.00
      2.9370         1.00
      2.9380         1.00
      2.9390         1.00
      2.9400         1.00
      2.9410         1.00
      2.9420         1.00
      2.9430         1.00
      2.9440         1.00
      2.9450         1.00
      2.9460         1.00
      2.9470         1.00
      2.9480         1.00
      2.9490         1.00
      2.9500         1.00
      2.9510         1.00
      2.9520         1.00
      2.9530         1.00
      2.9540         1.00
      2.9550         1.00
      2.9560         1.00
      2.9570         1.00
      2.9580         1.00
      2.9590         1.00
      2.9600         1.00
      2.9610         1.00
      2.9620         1.00
      2.9630         1.00
      2.9640         1.00
      2.9650         1.00
      2.9660         1.00
      2.9670         1.00
      2.9680         1.00
      2.9690         1.00
      2.9700         1.00
      2.9710         1.00
      2.9720         1.00
      2.9730         1.00
      2.9740         1.00
      2.9750         1.00
      2.9760         1.00
      2.9770         1.00
      2.9780         1.00
      2.9790         1.00
      2.9800         1.00
      2.9810         1.00
      2.9820         1.00
      2.9830         1.00
      2.9840         1.00
      2.9850         1.00
      2.9860         1.00
      2.9870         1.00
      2.9880         1.00
      2.9890         1.00
      2.9900         1.00
      2.9910         1.00
      2.9920         1.00
      2.9930         1.00
      2.9940         1.00
      2.9950         1.00
      2.9960         1.00
      2.9970         1.00
      2.9980         1.00
      2.9990         1.00
