        Time   Palpation Force
      0.0000         1.00
      0.0010         1.00
      0.0020         1.00
      0.0030         1.00
      0.0040         1.00
      0.0050         1.00
      0.0060         1.00
      0.0070         1.00
      0.0080         1.00
      0.0090         1.00
      0.0100         1.00
      0.0110         1.00
      0.0120         1.00
      0.0130         1.00
      0.0140         1.00
      0.0150         1.00
      0.0160         1.00
      0.0170         1.00
      0.0180         1.00
      0.0190         1.00
      0.0200         1.00
      0.0210         1.00
      0.0220         1.00
      0.0230         1.00
      0.0240         1.00
      0.0250         1.00
      0.0260         1.00
      0.0270         1.00
      0.0280         1.00
      0.0290         1.00
      0.0300         1.00
      0.0310         1.00
      0.0320         1.00
      0.0330         1.00
      0.0340         1.00
      0.0350         1.00
      0.0360         1.00
      0.0370         1.00
      0.0380         1.00
      0.0390         1.00
      0.0400         1.00
      0.0410         1.00
      0.0420         1.00
      0.0430         1.00
      0.0440         1.00
      0.0450         1.00
      0.0460         1.00
      0.0470         1.00
      0.0480         1.00
      0.0490         1.00
      0.0500         1.00
      0.0510         1.00
      0.0520         1.00
      0.0530         1.00
      0.0540         1.00
      0.0550         1.00
      0.0560         1.00
      0.0570         1.00
      0.0580         1.00
      0.0590         1.00
      0.0600         1.00
      0.0610         1.00
      0.0620         1.00
      0.0630         1.00
      0.0640         1.00
      0.0650         1.00
      0.0660         1.00
      0.0670         1.00
      0.0680         1.00
      0.0690         1.00
      0.0700         1.00
      0.0710         1.00
      0.0720         1.00
      0.0730         1.00
      0.0740         1.00
      0.0750         1.00
      0.0760         1.00
      0.0770         1.00
      0.0780         1.00
      0.0790         1.00
      0.0800         1.00
      0.0810         1.00
      0.0820         1.00
      0.0830         1.00
      0.0840         1.00
      0.0850         1.00
      0.0860         1.00
      0.0870         1.00
      0.0880         1.00
      0.0890         1.00
      0.0900         1.00
      0.0910         1.00
      0.0920         1.00
      0.0930         1.00
      0.0940         1.00
      0.0950         1.00
      0.0960         1.00
      0.0970         1.00
      0.0980         1.00
      0.0990         1.00
      0.1000         1.00
      0.1010         1.00
      0.1020         1.00
      0.1030         1.00
      0.1040         1.00
      0.1050         1.00
      0.1060         1.00
      0.1070         1.00
      0.1080         1.00
      0.1090         1.00
      0.1100         1.00
      0.1110         1.00
      0.1120         1.00
      0.1130         1.00
      0.1140         1.00
      0.1150         1.00
      0.1160         1.00
      0.1170         1.00
      0.1180         1.00
      0.1190         1.00
      0.1200         1.00
      0.1210         1.00
      0.1220         1.00
      0.1230         1.00
      0.1240         1.00
      0.1250         1.00
      0.1260         1.00
      0.1270         1.00
      0.1280         1.00
      0.1290         1.00
      0.1300         1.00
      0.1310         1.00
      0.1320         1.00
      0.1330         1.00
      0.1340         1.00
      0.1350         1.00
      0.1360         1.00
      0.1370         1.00
      0.1380         1.00
      0.1390         1.00
      0.1400         1.00
      0.1410         1.00
      0.1420         1.00
      0.1430         1.00
      0.1440         1.00
      0.1450         1.00
      0.1460         1.00
      0.1470         1.00
      0.1480         1.00
      0.1490         1.00
      0.1500         1.00
      0.1510         1.00
      0.1520         1.00
      0.1530         1.00
      0.1540         1.00
      0.1550         1.00
      0.1560         1.00
      0.1570         1.00
      0.1580         1.00
      0.1590         1.00
      0.1600         1.00
      0.1610         1.00
      0.1620         1.00
      0.1630         1.00
      0.1640         1.00
      0.1650         1.00
      0.1660         1.00
      0.1670         1.00
      0.1680         1.00
      0.1690         1.00
      0.1700         1.00
      0.1710         1.00
      0.1720         1.00
      0.1730         1.00
      0.1740         1.00
      0.1750         1.00
      0.1760         1.00
      0.1770         1.00
      0.1780         1.00
      0.1790         1.00
      0.1800         1.00
      0.1810         1.00
      0.1820         1.00
      0.1830         1.00
      0.1840         1.00
      0.1850         1.00
      0.1860         1.00
      0.1870         1.00
      0.1880         1.00
      0.1890         1.00
      0.1900         1.00
      0.1910         1.00
      0.1920         1.00
      0.1930         1.00
      0.1940         1.00
      0.1950         1.00
      0.1960         1.00
      0.1970         1.00
      0.1980         1.00
      0.1990         1.00
      0.2000         1.00
      0.2010         1.00
      0.2020         1.00
      0.2030         1.00
      0.2040         1.00
      0.2050         1.00
      0.2060         1.00
      0.2070         1.00
      0.2080         1.00
      0.2090         1.00
      0.2100         1.00
      0.2110         1.00
      0.2120         1.00
      0.2130         1.00
      0.2140         1.00
      0.2150         1.00
      0.2160         1.00
      0.2170         1.00
      0.2180         1.00
      0.2190         1.00
      0.2200         1.00
      0.2210         1.00
      0.2220         1.00
      0.2230         1.00
      0.2240         1.00
      0.2250         1.00
      0.2260         1.00
      0.2270         1.00
      0.2280         1.00
      0.2290         1.00
      0.2300         1.00
      0.2310         1.00
      0.2320         1.00
      0.2330         1.00
      0.2340         1.00
      0.2350         1.00
      0.2360         1.00
      0.2370         1.00
      0.2380         1.00
      0.2390         1.00
      0.2400         1.00
      0.2410         1.00
      0.2420         1.00
      0.2430         1.00
      0.2440         1.00
      0.2450         1.00
      0.2460         1.00
      0.2470         1.00
      0.2480         1.00
      0.2490         1.00
      0.2500         1.00
      0.2510         1.00
      0.2520         1.00
      0.2530         1.00
      0.2540         1.00
      0.2550         1.00
      0.2560         1.00
      0.2570         1.00
      0.2580         1.00
      0.2590         1.00
      0.2600         1.00
      0.2610         1.00
      0.2620         1.00
      0.2630         1.00
      0.2640         1.00
      0.2650         1.00
      0.2660         1.00
      0.2670         1.00
      0.2680         1.00
      0.2690         1.00
      0.2700         1.00
      0.2710         1.00
      0.2720         1.00
      0.2730         1.00
      0.2740         1.00
      0.2750         1.00
      0.2760         1.00
      0.2770         1.00
      0.2780         1.00
      0.2790         1.00
      0.2800         1.00
      0.2810         1.00
      0.2820         1.00
      0.2830         1.00
      0.2840         1.00
      0.2850         1.00
      0.2860         1.00
      0.2870         1.00
      0.2880         1.00
      0.2890         1.00
      0.2900         1.00
      0.2910         1.00
      0.2920         1.00
      0.2930         1.00
      0.2940         1.00
      0.2950         1.00
      0.2960         1.00
      0.2970         1.00
      0.2980         1.00
      0.2990         1.00
      0.3000         1.00
      0.3010         1.00
      0.3020         1.00
      0.3030         1.00
      0.3040         1.00
      0.3050         1.00
      0.3060         1.00
      0.3070         1.00
      0.3080         1.00
      0.3090         1.00
      0.3100         1.00
      0.3110         1.00
      0.3120         1.00
      0.3130         1.00
      0.3140         1.00
      0.3150         1.00
      0.3160         1.00
      0.3170         1.00
      0.3180         1.00
      0.3190         1.00
      0.3200         1.00
      0.3210         1.00
      0.3220         1.00
      0.3230         1.00
      0.3240         1.00
      0.3250         1.00
      0.3260         1.00
      0.3270         1.07
      0.3280         1.00
      0.3290         1.00
      0.3300         1.00
      0.3310         1.00
      0.3320         1.00
      0.3330         1.00
      0.3340         1.00
      0.3350         1.00
      0.3360         1.00
      0.3370         1.00
      0.3380         1.00
      0.3390         1.00
      0.3400         1.00
      0.3410         1.00
      0.3420         1.00
      0.3430         1.00
      0.3440         1.00
      0.3450         1.00
      0.3460         1.00
      0.3470         1.00
      0.3480         1.00
      0.3490         1.00
      0.3500         1.00
      0.3510         1.00
      0.3520         1.11
      0.3530         1.21
      0.3540         1.29
      0.3550         1.32
      0.3560         1.32
      0.3570         1.28
      0.3580         1.34
      0.3590         1.36
      0.3600         1.40
      0.3610         1.39
      0.3620         1.52
      0.3630         1.54
      0.3640         1.41
      0.3650         1.44
      0.3660         1.48
      0.3670         1.51
      0.3680         1.60
      0.3690         1.60
      0.3700         1.57
      0.3710         1.62
      0.3720         1.52
      0.3730         1.44
      0.3740         1.48
      0.3750         1.49
      0.3760         1.44
      0.3770         1.51
      0.3780         1.43
      0.3790         1.41
      0.3800         1.40
      0.3810         1.40
      0.3820         1.33
      0.3830         1.00
      0.3840         1.43
      0.3850         1.43
      0.3860         1.41
      0.3870         1.40
      0.3880         1.32
      0.3890         1.00
      0.3900         1.31
      0.3910         1.00
      0.3920         1.33
      0.3930         1.37
      0.3940         1.37
      0.3950         1.38
      0.3960         1.42
      0.3970         1.41
      0.3980         1.42
      0.3990         1.38
      0.4000         1.38
      0.4010         1.44
      0.4020         1.45
      0.4030         1.44
      0.4040         1.48
      0.4050         1.46
      0.4060         1.44
      0.4070         1.44
      0.4080         1.45
      0.4090         1.57
      0.4100         1.56
      0.4110         1.60
      0.4120         1.63
      0.4130         1.60
      0.4140         1.56
      0.4150         1.60
      0.4160         1.62
      0.4170         1.62
      0.4180         1.67
      0.4190         1.73
      0.4200         1.79
      0.4210         1.74
      0.4220         1.75
      0.4230         1.75
      0.4240         1.71
      0.4250         1.70
      0.4260         1.66
      0.4270         1.71
      0.4280         1.67
      0.4290         1.56
      0.4300         1.51
      0.4310         1.48
      0.4320         1.41
      0.4330         1.44
      0.4340         1.48
      0.4350         1.43
      0.4360         1.45
      0.4370         1.44
      0.4380         1.40
      0.4390         1.43
      0.4400         1.32
      0.4410         1.40
      0.4420         1.43
      0.4430         1.45
      0.4440         1.00
      0.4450         1.43
      0.4460         1.97
      0.4470         1.97
      0.4480         1.44
      0.4490         1.45
      0.4500         1.48
      0.4510         1.52
      0.4520         1.59
      0.4530         1.56
      0.4540         1.51
      0.4550         1.52
      0.4560         1.51
      0.4570         1.52
      0.4580         1.49
      0.4590         1.57
      0.4600         1.61
      0.4610         1.63
      0.4620         1.66
      0.4630         1.66
      0.4640         2.78
      0.4650         2.25
      0.4660         1.75
      0.4670         1.75
      0.4680         2.33
      0.4690         2.29
      0.4700         2.24
      0.4710         1.70
      0.4720         1.73
      0.4730         2.27
      0.4740         1.78
      0.4750         1.79
      0.4760         1.75
      0.4770         1.82
      0.4780         1.87
      0.4790         1.81
      0.4800         1.81
      0.4810         1.72
      0.4820         1.63
      0.4830         1.57
      0.4840         1.53
      0.4850         1.56
      0.4860         1.61
      0.4870         2.13
      0.4880         2.11
      0.4890         2.09
      0.4900         1.68
      0.4910         1.64
      0.4920         2.18
      0.4930         1.65
      0.4940         1.60
      0.4950         1.60
      0.4960         1.67
      0.4970         1.61
      0.4980         1.60
      0.4990         1.56
      0.5000         1.55
      0.5010         1.55
      0.5020         1.57
      0.5030         1.61
      0.5040         1.59
      0.5050         1.61
      0.5060         1.55
      0.5070         1.60
      0.5080         1.59
      0.5090         1.57
      0.5100         1.44
      0.5110         1.44
      0.5120         1.41
      0.5130         1.42
      0.5140         1.51
      0.5150         1.49
      0.5160         1.95
      0.5170         1.99
      0.5180         2.02
      0.5190         2.09
      0.5200         2.07
      0.5210         2.04
      0.5220         2.67
      0.5230         2.72
      0.5240         2.69
      0.5250         2.69
      0.5260         2.76
      0.5270         2.29
      0.5280         2.32
      0.5290         2.34
      0.5300         2.41
      0.5310         2.41
      0.5320         2.44
      0.5330         2.43
      0.5340         2.45
      0.5350         1.97
      0.5360         1.99
      0.5370         2.02
      0.5380         2.02
      0.5390         1.98
      0.5400         2.06
      0.5410         2.14
      0.5420         2.11
      0.5430         2.09
      0.5440         2.07
      0.5450         2.57
      0.5460         2.61
      0.5470         2.54
      0.5480         2.57
      0.5490         2.53
      0.5500         2.53
      0.5510         3.14
      0.5520         3.11
      0.5530         3.10
      0.5540         2.99
      0.5550         3.00
      0.5560         2.41
      0.5570         2.44
      0.5580         2.44
      0.5590         2.45
      0.5600         2.44
      0.5610         2.40
      0.5620         1.91
      0.5630         2.48
      0.5640         2.03
      0.5650         2.05
      0.5660         2.06
      0.5670         2.60
      0.5680         2.61
      0.5690         2.68
      0.5700         2.73
      0.5710         2.64
      0.5720         2.61
      0.5730         3.24
      0.5740         3.35
      0.5750         3.30
      0.5760         3.38
      0.5770         3.42
      0.5780         3.44
      0.5790         3.52
      0.5800         3.58
      0.5810         3.51
      0.5820         3.51
      0.5830         3.51
      0.5840         3.47
      0.5850         3.48
      0.5860         3.54
      0.5870         3.53
      0.5880         3.00
      0.5890         3.03
      0.5900         3.49
      0.5910         3.53
      0.5920         3.07
      0.5930         3.09
      0.5940         3.04
      0.5950         3.63
      0.5960         3.74
      0.5970         3.74
      0.5980         3.79
      0.5990         3.91
      0.6000         3.87
      0.6010         3.95
      0.6020         4.00
      0.6030         3.96
      0.6040         4.02
      0.6050         3.98
      0.6060         4.00
      0.6070         3.95
      0.6080         4.02
      0.6090         3.95
      0.6100         3.99
      0.6110         3.95
      0.6120         3.95
      0.6130         3.86
      0.6140         3.81
      0.6150         3.85
      0.6160         3.79
      0.6170         3.83
      0.6180         3.89
      0.6190         3.86
      0.6200         3.80
      0.6210         3.79
      0.6220         3.74
      0.6230         3.72
      0.6240         3.78
      0.6250         3.74
      0.6260         3.70
      0.6270         3.70
      0.6280         3.66
      0.6290         3.78
      0.6300         3.77
      0.6310         3.91
      0.6320         3.95
      0.6330         3.92
      0.6340         4.02
      0.6350         3.87
      0.6360         3.74
      0.6370         3.69
      0.6380         3.59
      0.6390         3.59
      0.6400         3.61
      0.6410         3.57
      0.6420         3.56
      0.6430         3.61
      0.6440         3.58
      0.6450         3.61
      0.6460         3.62
      0.6470         3.65
      0.6480         3.73
      0.6490         3.61
      0.6500         3.57
      0.6510         3.52
      0.6520         3.56
      0.6530         3.64
      0.6540         3.56
      0.6550         3.63
      0.6560         3.77
      0.6570         3.89
      0.6580         3.93
      0.6590         3.89
      0.6600         4.00
      0.6610         4.12
      0.6620         4.22
      0.6630         4.24
      0.6640         4.24
      0.6650         4.33
      0.6660         4.43
      0.6670         4.53
      0.6680         4.53
      0.6690         4.59
      0.6700         4.63
      0.6710         4.62
      0.6720         4.54
      0.6730         4.52
      0.6740         4.55
      0.6750         4.44
      0.6760         4.39
      0.6770         4.39
      0.6780         4.45
      0.6790         4.52
      0.6800         4.58
      0.6810         4.54
      0.6820         4.56
      0.6830         4.64
      0.6840         4.63
      0.6850         4.57
      0.6860         4.46
      0.6870         4.38
      0.6880         4.27
      0.6890         4.30
      0.6900         4.30
      0.6910         4.27
      0.6920         4.30
      0.6930         4.31
      0.6940         4.31
      0.6950         4.42
      0.6960         4.31
      0.6970         4.30
      0.6980         4.23
      0.6990         4.18
      0.7000         4.19
      0.7010         4.23
      0.7020         4.10
      0.7030         4.01
      0.7040         4.12
      0.7050         4.18
      0.7060         4.25
      0.7070         4.22
      0.7080         4.34
      0.7090         4.28
      0.7100         4.29
      0.7110         4.32
      0.7120         4.36
      0.7130         4.37
      0.7140         4.53
      0.7150         4.60
      0.7160         4.70
      0.7170         4.53
      0.7180         4.58
      0.7190         4.60
      0.7200         4.57
      0.7210         4.60
      0.7220         4.72
      0.7230         4.81
      0.7240         4.66
      0.7250         4.60
      0.7260         4.67
      0.7270         4.68
      0.7280         4.64
      0.7290         4.72
      0.7300         4.75
      0.7310         4.69
      0.7320         4.56
      0.7330         4.63
      0.7340         4.50
      0.7350         4.47
      0.7360         4.52
      0.7370         4.70
      0.7380         4.64
      0.7390         4.74
      0.7400         4.86
      0.7410         4.87
      0.7420         4.83
      0.7430         4.86
      0.7440         4.90
      0.7450         5.00
      0.7460         5.00
      0.7470         5.00
      0.7480         5.04
      0.7490         5.07
      0.7500         5.11
      0.7510         5.14
      0.7520         5.31
      0.7530         5.26
      0.7540         5.26
      0.7550         5.28
      0.7560         5.16
      0.7570         5.15
      0.7580         5.23
      0.7590         5.17
      0.7600         5.11
      0.7610         5.07
      0.7620         5.11
      0.7630         5.02
      0.7640         5.09
      0.7650         5.11
      0.7660         5.06
      0.7670         5.11
      0.7680         5.13
      0.7690         5.22
      0.7700         5.33
      0.7710         5.41
      0.7720         5.40
      0.7730         5.54
      0.7740         5.67
      0.7750         5.76
      0.7760         5.86
      0.7770         5.90
      0.7780         5.88
      0.7790         5.87
      0.7800         5.91
      0.7810         5.93
      0.7820         5.98
      0.7830         6.06
      0.7840         6.15
      0.7850         6.06
      0.7860         6.11
      0.7870         6.17
      0.7880         6.26
      0.7890         6.28
      0.7900         6.24
      0.7910         6.22
      0.7920         6.20
      0.7930         6.14
      0.7940         6.06
      0.7950         6.01
      0.7960         6.08
      0.7970         6.17
      0.7980         6.20
      0.7990         6.25
      0.8000         6.28
      0.8010         6.32
      0.8020         6.29
      0.8030         6.37
      0.8040         6.34
      0.8050         6.42
      0.8060         6.34
      0.8070         6.34
      0.8080         6.34
      0.8090         6.25
      0.8100         6.22
      0.8110         6.31
      0.8120         6.34
      0.8130         6.28
      0.8140         6.28
      0.8150         6.32
      0.8160         6.42
      0.8170         6.38
      0.8180         6.40
      0.8190         6.43
      0.8200         6.45
      0.8210         6.50
      0.8220         6.49
      0.8230         6.38
      0.8240         6.40
      0.8250         6.40
      0.8260         6.57
      0.8270         6.63
      0.8280         6.67
      0.8290         6.81
      0.8300         6.78
      0.8310         6.85
      0.8320         6.91
      0.8330         7.05
      0.8340         7.06
      0.8350         6.98
      0.8360         6.93
      0.8370         6.91
      0.8380         6.94
      0.8390         6.96
      0.8400         6.90
      0.8410         6.90
      0.8420         6.97
      0.8430         7.04
      0.8440         6.96
      0.8450         6.97
      0.8460         6.90
      0.8470         6.84
      0.8480         6.81
      0.8490         6.75
      0.8500         6.75
      0.8510         6.72
      0.8520         6.72
      0.8530         6.76
      0.8540         6.85
      0.8550         7.04
      0.8560         7.09
      0.8570         7.19
      0.8580         7.20
      0.8590         7.22
      0.8600         7.20
      0.8610         7.25
      0.8620         7.28
      0.8630         7.33
      0.8640         7.36
      0.8650         7.41
      0.8660         7.47
      0.8670         7.49
      0.8680         7.49
      0.8690         7.55
      0.8700         7.64
      0.8710         7.71
      0.8720         7.79
      0.8730         7.78
      0.8740         7.79
      0.8750         7.74
      0.8760         7.79
      0.8770         7.82
      0.8780         7.83
      0.8790         7.91
      0.8800         8.02
      0.8810         8.05
      0.8820         8.14
      0.8830         8.22
      0.8840         8.33
      0.8850         8.37
      0.8860         8.35
      0.8870         8.45
      0.8880         8.49
      0.8890         8.46
      0.8900         8.39
      0.8910         8.38
      0.8920         8.41
      0.8930         8.49
      0.8940         8.59
      0.8950         8.71
      0.8960         8.69
      0.8970         8.73
      0.8980         8.77
      0.8990         8.68
      0.9000         8.65
      0.9010         8.69
      0.9020         8.68
      0.9030         8.70
      0.9040         8.76
      0.9050         8.83
      0.9060         8.87
      0.9070         8.95
      0.9080         9.03
      0.9090         9.15
      0.9100         9.31
      0.9110         9.35
      0.9120         9.37
      0.9130         9.45
      0.9140         9.51
      0.9150         9.44
      0.9160         9.61
      0.9170         9.56
      0.9180         9.69
      0.9190         9.87
      0.9200        10.05
      0.9210        10.12
      0.9220        10.15
      0.9230        10.11
      0.9240        10.19
      0.9250        10.27
      0.9260        10.26
      0.9270        10.28
      0.9280        10.40
      0.9290        10.46
      0.9300        10.50
      0.9310        10.59
      0.9320        10.69
      0.9330        10.66
      0.9340        10.70
      0.9350        10.78
      0.9360        10.74
      0.9370        10.91
      0.9380        10.90
      0.9390        10.91
      0.9400        10.90
      0.9410        10.99
      0.9420        11.13
      0.9430        11.21
      0.9440        11.19
      0.9450        11.17
      0.9460        11.33
      0.9470        11.38
      0.9480        11.27
      0.9490        11.38
      0.9500        11.45
      0.9510        11.57
      0.9520        11.61
      0.9530        11.73
      0.9540        11.69
      0.9550        11.68
      0.9560        11.77
      0.9570        11.85
      0.9580        11.97
      0.9590        12.04
      0.9600        12.09
      0.9610        12.09
      0.9620        12.16
      0.9630        12.28
      0.9640        12.40
      0.9650        12.50
      0.9660        12.46
      0.9670        12.55
      0.9680        12.75
      0.9690        12.78
      0.9700        12.81
      0.9710        12.78
      0.9720        12.81
      0.9730        12.82
      0.9740        12.95
      0.9750        13.07
      0.9760        13.15
      0.9770        13.18
      0.9780        13.27
      0.9790        13.31
      0.9800        13.41
      0.9810        13.48
      0.9820        13.52
      0.9830        13.54
      0.9840        13.57
      0.9850        13.73
      0.9860        13.88
      0.9870        13.86
      0.9880        13.88
      0.9890        13.93
      0.9900        14.09
      0.9910        14.09
      0.9920        14.15
      0.9930        14.23
      0.9940        14.24
      0.9950        14.35
      0.9960        14.30
      0.9970        14.37
      0.9980        14.43
      0.9990        14.51
      1.0000        14.59
      1.0010        14.58
      1.0020        14.74
      1.0030        14.80
      1.0040        14.95
      1.0050        14.90
      1.0060        14.99
      1.0070        15.16
      1.0080        15.18
      1.0090        15.26
      1.0100        15.24
      1.0110        15.36
      1.0120        15.50
      1.0130        15.59
      1.0140        15.73
      1.0150        15.81
      1.0160        15.89
      1.0170        15.96
      1.0180        16.04
      1.0190        16.08
      1.0200        16.17
      1.0210        16.36
      1.0220        16.23
      1.0230        16.28
      1.0240        16.31
      1.0250        16.34
      1.0260        16.46
      1.0270        16.40
      1.0280        16.54
      1.0290        16.54
      1.0300        16.67
      1.0310        16.79
      1.0320        16.90
      1.0330        16.88
      1.0340        16.84
      1.0350        16.94
      1.0360        17.04
      1.0370        17.10
      1.0380        17.02
      1.0390        17.22
      1.0400        17.31
      1.0410        17.37
      1.0420        17.50
      1.0430        17.54
      1.0440        17.57
      1.0450        17.66
      1.0460        17.74
      1.0470        17.88
      1.0480        17.96
      1.0490        18.02
      1.0500        18.02
      1.0510        18.00
      1.0520        17.96
      1.0530        18.04
      1.0540        18.16
      1.0550        18.22
      1.0560        18.26
      1.0570        18.27
      1.0580        18.33
      1.0590        18.34
      1.0600        18.30
      1.0610        18.43
      1.0620        18.51
      1.0630        18.60
      1.0640        18.61
      1.0650        18.60
      1.0660        18.61
      1.0670        18.66
      1.0680        18.65
      1.0690        18.67
      1.0700        18.68
      1.0710        18.76
      1.0720        18.84
      1.0730        18.84
      1.0740        18.94
      1.0750        18.95
      1.0760        19.05
      1.0770        19.06
      1.0780        19.20
      1.0790        19.10
      1.0800        19.10
      1.0810        18.98
      1.0820        18.97
      1.0830        19.01
      1.0840        19.16
      1.0850        19.25
      1.0860        19.28
      1.0870        19.35
      1.0880        19.42
      1.0890        19.51
      1.0900        19.63
      1.0910        19.72
      1.0920        19.71
      1.0930        19.88
      1.0940        19.89
      1.0950        19.86
      1.0960        19.90
      1.0970        19.93
      1.0980        19.98
      1.0990        20.05
      1.1000        20.15
      1.1010        20.22
      1.1020        20.34
      1.1030        20.41
      1.1040        20.44
      1.1050        20.48
      1.1060        20.61
      1.1070        20.59
      1.1080        20.67
      1.1090        20.78
      1.1100        20.86
      1.1110        20.83
      1.1120        21.00
      1.1130        20.99
      1.1140        21.16
      1.1150        21.30
      1.1160        21.36
      1.1170        21.54
      1.1180        21.56
      1.1190        21.72
      1.1200        21.90
      1.1210        22.00
      1.1220        22.08
      1.1230        22.08
      1.1240        22.15
      1.1250        22.24
      1.1260        22.24
      1.1270        22.30
      1.1280        22.43
      1.1290        22.46
      1.1300        22.49
      1.1310        22.61
      1.1320        22.57
      1.1330        22.61
      1.1340        22.62
      1.1350        22.68
      1.1360        22.68
      1.1370        22.68
      1.1380        22.87
      1.1390        22.88
      1.1400        22.81
      1.1410        22.81
      1.1420        22.85
      1.1430        23.01
      1.1440        22.98
      1.1450        23.09
      1.1460        23.14
      1.1470        23.26
      1.1480        23.21
      1.1490        23.26
      1.1500        23.30
      1.1510        23.37
      1.1520        23.50
      1.1530        23.62
      1.1540        23.65
      1.1550        23.76
      1.1560        24.00
      1.1570        24.09
      1.1580        24.08
      1.1590        24.20
      1.1600        24.28
      1.1610        24.44
      1.1620        24.55
      1.1630        24.74
      1.1640        24.95
      1.1650        25.01
      1.1660        25.06
      1.1670        25.13
      1.1680        25.17
      1.1690        25.25
      1.1700        25.37
      1.1710        25.54
      1.1720        25.62
      1.1730        25.68
      1.1740        25.69
      1.1750        25.69
      1.1760        25.70
      1.1770        25.77
      1.1780        25.82
      1.1790        25.98
      1.1800        26.14
      1.1810        26.29
      1.1820        26.30
      1.1830        26.33
      1.1840        26.37
      1.1850        26.55
      1.1860        26.67
      1.1870        26.78
      1.1880        26.94
      1.1890        27.03
      1.1900        27.10
      1.1910        27.17
      1.1920        27.23
      1.1930        27.33
      1.1940        27.53
      1.1950        27.65
      1.1960        27.68
      1.1970        27.82
      1.1980        27.86
      1.1990        27.92
      1.2000        27.89
      1.2010        27.95
      1.2020        28.10
      1.2030        28.17
      1.2040        28.25
      1.2050        28.33
      1.2060        28.33
      1.2070        28.44
      1.2080        28.52
      1.2090        28.56
      1.2100        28.67
      1.2110        28.61
      1.2120        28.72
      1.2130        28.81
      1.2140        28.79
      1.2150        28.88
      1.2160        28.95
      1.2170        29.03
      1.2180        29.19
      1.2190        29.17
      1.2200        29.23
      1.2210        29.22
      1.2220        29.27
      1.2230        29.29
      1.2240        29.35
      1.2250        29.29
      1.2260        29.40
      1.2270        29.39
      1.2280        29.46
      1.2290        29.61
      1.2300        29.63
      1.2310        29.78
      1.2320        29.78
      1.2330        29.87
      1.2340        29.93
      1.2350        30.05
      1.2360        30.17
      1.2370        30.17
      1.2380        30.26
      1.2390        30.34
      1.2400        30.49
      1.2410        30.64
      1.2420        30.67
      1.2430        30.69
      1.2440        30.81
      1.2450        30.92
      1.2460        30.99
      1.2470        31.19
      1.2480        31.37
      1.2490        31.44
      1.2500        31.52
      1.2510        31.58
      1.2520        31.72
      1.2530        31.81
      1.2540        32.05
      1.2550        32.09
      1.2560        32.17
      1.2570        32.30
      1.2580        32.28
      1.2590        32.40
      1.2600        32.48
      1.2610        32.65
      1.2620        32.77
      1.2630        33.03
      1.2640        33.19
      1.2650        33.37
      1.2660        33.58
      1.2670        33.62
      1.2680        33.74
      1.2690        33.87
      1.2700        33.99
      1.2710        34.17
      1.2720        34.34
      1.2730        34.49
      1.2740        34.59
      1.2750        34.72
      1.2760        34.95
      1.2770        35.04
      1.2780        35.25
      1.2790        35.43
      1.2800        35.62
      1.2810        35.65
      1.2820        35.79
      1.2830        35.92
      1.2840        35.97
      1.2850        36.05
      1.2860        36.21
      1.2870        36.37
      1.2880        36.48
      1.2890        36.66
      1.2900        36.80
      1.2910        36.92
      1.2920        36.97
      1.2930        37.07
      1.2940        37.22
      1.2950        37.39
      1.2960        37.49
      1.2970        37.62
      1.2980        37.80
      1.2990        37.87
      1.3000        38.00
      1.3010        38.16
      1.3020        38.32
      1.3030        38.46
      1.3040        38.58
      1.3050        38.81
      1.3060        38.86
      1.3070        38.90
      1.3080        39.01
      1.3090        39.05
      1.3100        39.23
      1.3110        39.33
      1.3120        39.53
      1.3130        39.67
      1.3140        39.87
      1.3150        39.96
      1.3160        40.10
      1.3170        40.31
      1.3180        40.47
      1.3190        40.66
      1.3200        40.85
      1.3210        40.97
      1.3220        41.11
      1.3230        41.17
      1.3240        41.35
      1.3250        41.46
      1.3260        41.65
      1.3270        41.73
      1.3280        41.89
      1.3290        42.07
      1.3300        42.13
      1.3310        42.21
      1.3320        42.31
      1.3330        42.39
      1.3340        42.35
      1.3350        42.47
      1.3360        42.59
      1.3370        42.68
      1.3380        42.72
      1.3390        42.89
      1.3400        42.99
      1.3410        43.19
      1.3420        43.31
      1.3430        43.47
      1.3440        43.63
      1.3450        43.75
      1.3460        43.85
      1.3470        44.08
      1.3480        44.17
      1.3490        44.38
      1.3500        44.59
      1.3510        44.87
      1.3520        45.02
      1.3530        45.16
      1.3540        45.40
      1.3550        45.61
      1.3560        45.75
      1.3570        45.93
      1.3580        46.22
      1.3590        46.28
      1.3600        46.34
      1.3610        46.41
      1.3620        46.60
      1.3630        46.71
      1.3640        46.78
      1.3650        46.93
      1.3660        47.13
      1.3670        47.32
      1.3680        47.45
      1.3690        47.53
      1.3700        47.69
      1.3710        47.77
      1.3720        47.93
      1.3730        48.11
      1.3740        48.28
      1.3750        48.35
      1.3760        48.50
      1.3770        48.64
      1.3780        48.67
      1.3790        48.84
      1.3800        49.00
      1.3810        49.14
      1.3820        49.19
      1.3830        49.43
      1.3840        49.54
      1.3850        49.49
      1.3860        49.46
      1.3870        49.45
      1.3880        49.50
      1.3890        49.54
      1.3900        49.55
      1.3910        49.53
      1.3920        49.52
      1.3930        49.60
      1.3940        49.51
      1.3950        49.45
      1.3960        49.29
      1.3970        49.17
      1.3980        49.13
      1.3990        49.13
      1.4000        49.09
      1.4010        48.93
      1.4020        48.85
      1.4030        48.72
      1.4040        48.61
      1.4050        48.74
      1.4060        48.69
      1.4070        48.77
      1.4080        48.71
      1.4090        48.66
      1.4100        48.63
      1.4110        48.70
      1.4120        48.66
      1.4130        48.63
      1.4140        48.70
      1.4150        48.81
      1.4160        48.98
      1.4170        49.08
      1.4180        49.16
      1.4190        49.21
      1.4200        49.32
      1.4210        49.48
      1.4220        49.68
      1.4230        49.76
      1.4240        49.94
      1.4250        50.07
      1.4260        50.26
      1.4270        50.37
      1.4280        50.57
      1.4290        50.80
      1.4300        51.08
      1.4310        51.27
      1.4320        51.44
      1.4330        51.56
      1.4340        51.72
      1.4350        51.91
      1.4360        52.14
      1.4370        52.45
      1.4380        52.68
      1.4390        52.76
      1.4400        52.94
      1.4410        53.19
      1.4420        53.37
      1.4430        53.61
      1.4440        53.78
      1.4450        53.92
      1.4460        54.06
      1.4470        54.13
      1.4480        54.24
      1.4490        54.31
      1.4500        54.37
      1.4510        54.50
      1.4520        54.62
      1.4530        54.74
      1.4540        54.84
      1.4550        54.85
      1.4560        54.75
      1.4570        54.73
      1.4580        54.75
      1.4590        54.86
      1.4600        54.91
      1.4610        54.99
      1.4620        54.99
      1.4630        54.94
      1.4640        54.95
      1.4650        54.92
      1.4660        55.02
      1.4670        55.10
      1.4680        55.03
      1.4690        55.00
      1.4700        54.90
      1.4710        54.82
      1.4720        54.75
      1.4730        54.71
      1.4740        54.62
      1.4750        54.67
      1.4760        54.70
      1.4770        54.75
      1.4780        54.74
      1.4790        54.85
      1.4800        54.80
      1.4810        54.70
      1.4820        54.72
      1.4830        54.85
      1.4840        54.99
      1.4850        55.12
      1.4860        55.24
      1.4870        55.36
      1.4880        55.64
      1.4890        55.86
      1.4900        56.13
      1.4910        56.37
      1.4920        56.66
      1.4930        56.89
      1.4940        57.15
      1.4950        57.50
      1.4960        57.78
      1.4970        57.96
      1.4980        58.25
      1.4990        58.37
      1.5000        58.63
      1.5010        58.85
      1.5020        59.08
      1.5030        59.18
      1.5040        59.32
      1.5050        59.44
      1.5060        59.50
      1.5070        59.66
      1.5080        59.73
      1.5090        59.77
      1.5100        59.74
      1.5110        59.69
      1.5120        59.74
      1.5130        59.81
      1.5140        59.84
      1.5150        59.71
      1.5160        59.73
      1.5170        59.71
      1.5180        59.70
      1.5190        59.84
      1.5200        59.81
      1.5210        59.78
      1.5220        59.70
      1.5230        59.72
      1.5240        59.66
      1.5250        59.66
      1.5260        59.72
      1.5270        59.64
      1.5280        59.57
      1.5290        59.53
      1.5300        59.60
      1.5310        59.60
      1.5320        59.57
      1.5330        59.51
      1.5340        59.48
      1.5350        59.51
      1.5360        59.44
      1.5370        59.39
      1.5380        59.38
      1.5390        59.32
      1.5400        59.32
      1.5410        59.32
      1.5420        59.28
      1.5430        59.27
      1.5440        59.29
      1.5450        59.29
      1.5460        59.25
      1.5470        59.25
      1.5480        59.32
      1.5490        59.39
      1.5500        59.43
      1.5510        59.56
      1.5520        59.64
      1.5530        59.79
      1.5540        59.88
      1.5550        59.97
      1.5560        60.07
      1.5570        60.16
      1.5580        60.16
      1.5590        60.14
      1.5600        60.24
      1.5610        60.27
      1.5620        60.35
      1.5630        60.43
      1.5640        60.50
      1.5650        60.51
      1.5660        60.60
      1.5670        60.65
      1.5680        60.68
      1.5690        60.70
      1.5700        60.68
      1.5710        60.60
      1.5720        60.50
      1.5730        60.48
      1.5740        60.45
      1.5750        60.48
      1.5760        60.49
      1.5770        60.41
      1.5780        60.41
      1.5790        60.40
      1.5800        60.37
      1.5810        60.32
      1.5820        60.34
      1.5830        60.37
      1.5840        60.27
      1.5850        60.21
      1.5860        60.09
      1.5870        60.00
      1.5880        59.89
      1.5890        59.80
      1.5900        59.76
      1.5910        59.64
      1.5920        59.68
      1.5930        59.59
      1.5940        59.56
      1.5950        59.28
      1.5960        59.15
      1.5970        59.16
      1.5980        59.04
      1.5990        58.95
      1.6000        58.81
      1.6010        58.85
      1.6020        58.86
      1.6030        58.74
      1.6040        58.69
      1.6050        58.68
      1.6060        58.68
      1.6070        58.71
      1.6080        58.76
      1.6090        58.88
      1.6100        58.87
      1.6110        59.03
      1.6120        59.02
      1.6130        59.03
      1.6140        59.03
      1.6150        59.12
      1.6160        59.19
      1.6170        59.16
      1.6180        59.08
      1.6190        59.11
      1.6200        59.07
      1.6210        59.06
      1.6220        58.95
      1.6230        58.89
      1.6240        58.88
      1.6250        58.76
      1.6260        58.64
      1.6270        58.57
      1.6280        58.44
      1.6290        58.27
      1.6300        58.15
      1.6310        57.92
      1.6320        57.78
      1.6330        57.69
      1.6340        57.52
      1.6350        57.42
      1.6360        57.29
      1.6370        57.22
      1.6380        57.30
      1.6390        57.22
      1.6400        57.24
      1.6410        57.19
      1.6420        57.17
      1.6430        57.09
      1.6440        57.02
      1.6450        56.99
      1.6460        57.03
      1.6470        56.93
      1.6480        56.86
      1.6490        56.75
      1.6500        56.70
      1.6510        56.65
      1.6520        56.53
      1.6530        56.43
      1.6540        56.33
      1.6550        56.19
      1.6560        56.08
      1.6570        55.83
      1.6580        55.56
      1.6590        55.39
      1.6600        55.15
      1.6610        54.87
      1.6620        54.57
      1.6630        54.45
      1.6640        54.18
      1.6650        53.95
      1.6660        53.67
      1.6670        53.39
      1.6680        53.12
      1.6690        52.97
      1.6700        52.69
      1.6710        52.50
      1.6720        52.26
      1.6730        51.92
      1.6740        51.66
      1.6750        51.39
      1.6760        51.09
      1.6770        50.93
      1.6780        50.73
      1.6790        50.49
      1.6800        50.21
      1.6810        50.02
      1.6820        49.74
      1.6830        49.46
      1.6840        49.31
      1.6850        49.06
      1.6860        48.83
      1.6870        48.63
      1.6880        48.43
      1.6890        48.11
      1.6900        47.86
      1.6910        47.55
      1.6920        47.15
      1.6930        46.89
      1.6940        46.67
      1.6950        46.39
      1.6960        46.13
      1.6970        45.77
      1.6980        45.42
      1.6990        45.05
      1.7000        44.69
      1.7010        44.27
      1.7020        43.94
      1.7030        43.58
      1.7040        43.21
      1.7050        42.88
      1.7060        42.41
      1.7070        41.98
      1.7080        41.61
      1.7090        41.25
      1.7100        40.96
      1.7110        40.65
      1.7120        40.43
      1.7130        40.18
      1.7140        39.87
      1.7150        39.53
      1.7160        39.18
      1.7170        38.91
      1.7180        38.65
      1.7190        38.31
      1.7200        38.06
      1.7210        37.84
      1.7220        37.61
      1.7230        37.37
      1.7240        37.03
      1.7250        36.74
      1.7260        36.56
      1.7270        36.33
      1.7280        35.99
      1.7290        35.65
      1.7300        35.29
      1.7310        34.90
      1.7320        34.52
      1.7330        34.13
      1.7340        33.69
      1.7350        33.43
      1.7360        33.07
      1.7370        32.68
      1.7380        32.32
      1.7390        32.01
      1.7400        31.72
      1.7410        31.45
      1.7420        31.07
      1.7430        30.64
      1.7440        30.33
      1.7450        30.00
      1.7460        29.66
      1.7470        29.38
      1.7480        29.13
      1.7490        28.93
      1.7500        28.64
      1.7510        28.47
      1.7520        28.29
      1.7530        28.02
      1.7540        27.83
      1.7550        27.59
      1.7560        27.30
      1.7570        27.03
      1.7580        26.81
      1.7590        26.55
      1.7600        26.32
      1.7610        25.87
      1.7620        25.64
      1.7630        25.43
      1.7640        25.13
      1.7650        24.89
      1.7660        24.61
      1.7670        24.37
      1.7680        24.05
      1.7690        23.74
      1.7700        23.48
      1.7710        23.14
      1.7720        22.83
      1.7730        22.51
      1.7740        22.16
      1.7750        21.81
      1.7760        21.50
      1.7770        21.26
      1.7780        20.94
      1.7790        20.65
      1.7800        20.28
      1.7810        20.11
      1.7820        19.80
      1.7830        19.47
      1.7840        19.25
      1.7850        18.88
      1.7860        18.62
      1.7870        18.26
      1.7880        18.02
      1.7890        17.74
      1.7900        17.43
      1.7910        17.11
      1.7920        16.87
      1.7930        16.57
      1.7940        16.36
      1.7950        16.07
      1.7960        15.84
      1.7970        15.62
      1.7980        15.36
      1.7990        15.13
      1.8000        14.86
      1.8010        14.45
      1.8020        14.18
      1.8030        14.02
      1.8040        13.65
      1.8050        13.49
      1.8060        13.20
      1.8070        12.97
      1.8080        12.73
      1.8090        12.48
      1.8100        12.30
      1.8110        12.17
      1.8120        11.90
      1.8130        11.78
      1.8140        11.55
      1.8150        11.46
      1.8160        11.27
      1.8170        11.04
      1.8180        10.91
      1.8190        10.59
      1.8200        10.38
      1.8210        10.35
      1.8220        10.16
      1.8230         9.96
      1.8240         9.79
      1.8250         9.59
      1.8260         9.44
      1.8270         9.31
      1.8280         9.13
      1.8290         8.99
      1.8300         8.76
      1.8310         8.58
      1.8320         8.41
      1.8330         8.21
      1.8340         8.09
      1.8350         7.91
      1.8360         7.76
      1.8370         7.62
      1.8380         7.40
      1.8390         7.44
      1.8400         7.36
      1.8410         7.14
      1.8420         7.07
      1.8430         6.93
      1.8440         6.83
      1.8450         6.73
      1.8460         6.62
      1.8470         6.45
      1.8480         6.34
      1.8490         6.21
      1.8500         6.13
      1.8510         6.01
      1.8520         5.89
      1.8530         5.80
      1.8540         5.64
      1.8550         5.49
      1.8560         5.40
      1.8570         5.33
      1.8580         5.21
      1.8590         5.02
      1.8600         4.88
      1.8610         4.81
      1.8620         4.74
      1.8630         4.57
      1.8640         4.49
      1.8650         4.41
      1.8660         4.30
      1.8670         4.28
      1.8680         4.23
      1.8690         4.12
      1.8700         4.02
      1.8710         3.88
      1.8720         3.88
      1.8730         3.85
      1.8740         3.81
      1.8750         3.61
      1.8760         3.44
      1.8770         3.25
      1.8780         3.18
      1.8790         3.14
      1.8800         3.15
      1.8810         3.04
      1.8820         2.86
      1.8830         2.85
      1.8840         2.68
      1.8850         2.58
      1.8860         2.03
      1.8870         2.45
      1.8880         1.85
      1.8890         1.84
      1.8900         1.00
      1.8910         1.24
      1.8920         1.19
      1.8930         1.00
      1.8940         1.15
      1.8950         1.17
      1.8960         1.22
      1.8970         1.00
      1.8980         1.19
      1.8990         1.72
      1.9000         1.21
      1.9010         1.17
      1.9020         1.16
      1.9030         1.13
      1.9040         1.09
      1.9050         1.08
      1.9060         1.00
      1.9070         1.00
      1.9080         1.00
      1.9090         1.00
      1.9100         1.00
      1.9110         1.00
      1.9120         1.00
      1.9130         1.00
      1.9140         1.00
      1.9150         1.00
      1.9160         1.00
      1.9170         1.00
      1.9180         1.00
      1.9190         1.00
      1.9200         1.00
      1.9210         1.00
      1.9220         1.00
      1.9230         1.00
      1.9240         1.00
      1.9250         1.00
      1.9260         1.00
      1.9270         1.00
      1.9280         1.00
      1.9290         1.00
      1.9300         1.00
      1.9310         1.00
      1.9320         1.00
      1.9330         1.00
      1.9340         1.00
      1.9350         1.00
      1.9360         1.00
      1.9370         1.00
      1.9380         1.00
      1.9390         1.00
      1.9400         1.00
      1.9410         1.00
      1.9420         1.00
      1.9430         1.00
      1.9440         1.00
      1.9450         1.00
      1.9460         1.00
      1.9470         1.00
      1.9480         1.00
      1.9490         1.00
      1.9500         1.00
      1.9510         1.00
      1.9520         1.00
      1.9530         1.00
      1.9540         1.00
      1.9550         1.00
      1.9560         1.00
      1.9570         1.00
      1.9580         1.00
      1.9590         1.00
      1.9600         1.00
      1.9610         1.00
      1.9620         1.00
      1.9630         1.00
      1.9640         1.00
      1.9650         1.00
      1.9660         1.00
      1.9670         1.00
      1.9680         1.00
      1.9690         1.00
      1.9700         1.00
      1.9710         1.00
      1.9720         1.00
      1.9730         1.00
      1.9740         1.00
      1.9750         1.00
      1.9760         1.00
      1.9770         1.00
      1.9780         1.00
      1.9790         1.00
      1.9800         1.00
      1.9810         1.00
      1.9820         1.00
      1.9830         1.00
      1.9840         1.00
      1.9850         1.00
      1.9860         1.00
      1.9870         1.00
      1.9880         1.00
      1.9890         1.00
      1.9900         1.00
      1.9910         1.00
      1.9920         1.00
      1.9930         1.00
      1.9940         1.00
      1.9950         1.00
      1.9960         1.00
      1.9970         1.00
      1.9980         1.00
      1.9990         1.00
      2.0000         1.00
      2.0010         1.00
      2.0020         1.00
      2.0030         1.00
      2.0040         1.00
      2.0050         1.00
      2.0060         1.00
      2.0070         1.00
      2.0080         1.00
      2.0090         1.00
      2.0100         1.00
      2.0110         1.00
      2.0120         1.00
      2.0130         1.00
      2.0140         1.00
      2.0150         1.00
      2.0160         1.00
      2.0170         1.00
      2.0180         1.00
      2.0190         1.00
      2.0200         1.00
      2.0210         1.00
      2.0220         1.00
      2.0230         1.00
      2.0240         1.00
      2.0250         1.00
      2.0260         1.00
      2.0270         1.00
      2.0280         1.00
      2.0290         1.00
      2.0300         1.00
      2.0310         1.00
      2.0320         1.00
      2.0330         1.00
      2.0340         1.00
      2.0350         1.00
      2.0360         1.00
      2.0370         1.00
      2.0380         1.00
      2.0390         1.00
      2.0400         1.00
      2.0410         1.00
      2.0420         1.00
      2.0430         1.00
      2.0440         1.00
      2.0450         1.00
      2.0460         1.00
      2.0470         1.00
      2.0480         1.00
      2.0490         1.00
      2.0500         1.00
      2.0510         1.00
      2.0520         1.00
      2.0530         1.00
      2.0540         1.00
      2.0550         1.00
      2.0560         1.00
      2.0570         1.00
      2.0580         1.00
      2.0590         1.00
      2.0600         1.00
      2.0610         1.00
      2.0620         1.00
      2.0630         1.00
      2.0640         1.00
      2.0650         1.00
      2.0660         1.00
      2.0670         1.00
      2.0680         1.00
      2.0690         1.00
      2.0700         1.00
      2.0710         1.00
      2.0720         1.00
      2.0730         1.00
      2.0740         1.00
      2.0750         1.00
      2.0760         1.00
      2.0770         1.00
      2.0780         1.00
      2.0790         1.00
      2.0800         1.00
      2.0810         1.00
      2.0820         1.00
      2.0830         1.00
      2.0840         1.00
      2.0850         1.00
      2.0860         1.00
      2.0870         1.00
      2.0880         1.00
      2.0890         1.00
      2.0900         1.00
      2.0910         1.00
      2.0920         1.00
      2.0930         1.00
      2.0940         1.00
      2.0950         1.00
      2.0960         1.00
      2.0970         1.00
      2.0980         1.00
      2.0990         1.00
      2.1000         1.00
      2.1010         1.00
      2.1020         1.00
      2.1030         1.00
      2.1040         1.00
      2.1050         1.00
      2.1060         1.00
      2.1070         1.00
      2.1080         1.00
      2.1090         1.00
      2.1100         1.00
      2.1110         1.00
      2.1120         1.00
      2.1130         1.00
      2.1140         1.00
      2.1150         1.00
      2.1160         1.00
      2.1170         1.00
      2.1180         1.00
      2.1190         1.00
      2.1200         1.00
      2.1210         1.00
      2.1220         1.00
      2.1230         1.00
      2.1240         1.00
      2.1250         1.00
      2.1260         1.00
      2.1270         1.00
      2.1280         1.00
      2.1290         1.00
      2.1300         1.00
      2.1310         1.00
      2.1320         1.00
      2.1330         1.00
      2.1340         1.00
      2.1350         1.00
      2.1360         1.00
      2.1370         1.00
      2.1380         1.00
      2.1390         1.00
      2.1400         1.00
      2.1410         1.00
      2.1420         1.00
      2.1430         1.00
      2.1440         1.00
      2.1450         1.00
      2.1460         1.00
      2.1470         1.00
      2.1480         1.00
      2.1490         1.00
      2.1500         1.00
      2.1510         1.00
      2.1520         1.00
      2.1530         1.00
      2.1540         1.00
      2.1550         1.00
      2.1560         1.00
      2.1570         1.00
      2.1580         1.00
      2.1590         1.00
      2.1600         1.00
      2.1610         1.00
      2.1620         1.00
      2.1630         1.00
      2.1640         1.00
      2.1650         1.00
      2.1660         1.00
      2.1670         1.00
      2.1680         1.00
      2.1690         1.00
      2.1700         1.00
      2.1710         1.00
      2.1720         1.00
      2.1730         1.00
      2.1740         1.00
      2.1750         1.00
      2.1760         1.00
      2.1770         1.00
      2.1780         1.00
      2.1790         1.00
      2.1800         1.00
      2.1810         1.00
      2.1820         1.00
      2.1830         1.00
      2.1840         1.00
      2.1850         1.00
      2.1860         1.00
      2.1870         1.00
      2.1880         1.00
      2.1890         1.00
      2.1900         1.00
      2.1910         1.00
      2.1920         1.00
      2.1930         1.00
      2.1940         1.00
      2.1950         1.00
      2.1960         1.00
      2.1970         1.00
      2.1980         1.00
      2.1990         1.00
      2.2000         1.00
      2.2010         1.00
      2.2020         1.00
      2.2030         1.00
      2.2040         1.00
      2.2050         1.00
      2.2060         1.00
      2.2070         1.00
      2.2080         1.00
      2.2090         1.00
      2.2100         1.00
      2.2110         1.00
      2.2120         1.00
      2.2130         1.00
      2.2140         1.00
      2.2150         1.00
      2.2160         1.00
      2.2170         1.00
      2.2180         1.00
      2.2190         1.00
      2.2200         1.00
      2.2210         1.00
      2.2220         1.00
      2.2230         1.00
      2.2240         1.00
      2.2250         1.00
      2.2260         1.00
      2.2270         1.00
      2.2280         1.00
      2.2290         1.00
      2.2300         1.00
      2.2310         1.00
      2.2320         1.00
      2.2330         1.00
      2.2340         1.00
      2.2350         1.00
      2.2360         1.00
      2.2370         1.00
      2.2380         1.00
      2.2390         1.00
      2.2400         1.00
      2.2410         1.00
      2.2420         1.00
      2.2430         1.00
      2.2440         1.00
      2.2450         1.00
      2.2460         1.00
      2.2470         1.00
      2.2480         1.00
      2.2490         1.00
      2.2500         1.00
      2.2510         1.00
      2.2520         1.00
      2.2530         1.00
      2.2540         1.00
      2.2550         1.00
      2.2560         1.00
      2.2570         1.00
      2.2580         1.00
      2.2590         1.00
      2.2600         1.00
      2.2610         1.00
      2.2620         1.00
      2.2630         1.00
      2.2640         1.00
      2.2650         1.00
      2.2660         1.00
      2.2670         1.00
      2.2680         1.00
      2.2690         1.00
      2.2700         1.00
      2.2710         1.00
      2.2720         1.00
      2.2730         1.00
      2.2740         1.00
      2.2750         1.00
      2.2760         1.00
      2.2770         1.00
      2.2780         1.00
      2.2790         1.00
      2.2800         1.00
      2.2810         1.00
      2.2820         1.00
      2.2830         1.00
      2.2840         1.00
      2.2850         1.00
      2.2860         1.00
      2.2870         1.00
      2.2880         1.00
      2.2890         1.00
      2.2900         1.00
      2.2910         1.00
      2.2920         1.00
      2.2930         1.00
      2.2940         1.00
      2.2950         1.00
      2.2960         1.00
      2.2970         1.00
      2.2980         1.00
      2.2990         1.00
      2.3000         1.00
      2.3010         1.00
      2.3020         1.00
      2.3030         1.00
      2.3040         1.00
      2.3050         1.00
      2.3060         1.00
      2.3070         1.00
      2.3080         1.00
      2.3090         1.00
      2.3100         1.00
      2.3110         1.00
      2.3120         1.00
      2.3130         1.00
      2.3140         1.00
      2.3150         1.00
      2.3160         1.00
      2.3170         1.00
      2.3180         1.00
      2.3190         1.00
      2.3200         1.00
      2.3210         1.00
      2.3220         1.00
      2.3230         1.00
      2.3240         1.00
      2.3250         1.00
      2.3260         1.00
      2.3270         1.00
      2.3280         1.00
      2.3290         1.00
      2.3300         1.00
      2.3310         1.00
      2.3320         1.00
      2.3330         1.00
      2.3340         1.00
      2.3350         1.00
      2.3360         1.00
      2.3370         1.00
      2.3380         1.00
      2.3390         1.00
      2.3400         1.00
      2.3410         1.00
      2.3420         1.00
      2.3430         1.00
      2.3440         1.00
      2.3450         1.00
      2.3460         1.00
      2.3470         1.00
      2.3480         1.00
      2.3490         1.00
      2.3500         1.00
      2.3510         1.00
      2.3520         1.00
      2.3530         1.00
      2.3540         1.00
      2.3550         1.00
      2.3560         1.00
      2.3570         1.00
      2.3580         1.00
      2.3590         1.00
      2.3600         1.00
      2.3610         1.00
      2.3620         1.00
      2.3630         1.00
      2.3640         1.00
      2.3650         1.00
      2.3660         1.00
      2.3670         1.00
      2.3680         1.00
      2.3690         1.00
      2.3700         1.00
      2.3710         1.00
      2.3720         1.00
      2.3730         1.00
      2.3740         1.00
      2.3750         1.00
      2.3760         1.00
      2.3770         1.00
      2.3780         1.00
      2.3790         1.00
      2.3800         1.00
      2.3810         1.00
      2.3820         1.00
      2.3830         1.00
      2.3840         1.00
      2.3850         1.00
      2.3860         1.00
      2.3870         1.00
      2.3880         1.00
      2.3890         1.00
      2.3900         1.00
      2.3910         1.00
      2.3920         1.00
      2.3930         1.00
      2.3940         1.00
      2.3950         1.00
      2.3960         1.00
      2.3970         1.00
      2.3980         1.00
      2.3990         1.00
      2.4000         1.00
      2.4010         1.00
      2.4020         1.00
      2.4030         1.00
      2.4040         1.00
      2.4050         1.00
      2.4060         1.00
      2.4070         1.00
      2.4080         1.00
      2.4090         1.00
      2.4100         1.00
      2.4110         1.00
      2.4120         1.00
      2.4130         1.00
      2.4140         1.00
      2.4150         1.00
      2.4160         1.00
      2.4170         1.00
      2.4180         1.00
      2.4190         1.00
      2.4200         1.00
      2.4210         1.00
      2.4220         1.00
      2.4230         1.00
      2.4240         1.00
      2.4250         1.00
      2.4260         1.00
      2.4270         1.00
      2.4280         1.00
      2.4290         1.00
      2.4300         1.00
      2.4310         1.00
      2.4320         1.00
      2.4330         1.00
      2.4340         1.00
      2.4350         1.00
      2.4360         1.00
      2.4370         1.00
      2.4380         1.00
      2.4390         1.00
      2.4400         1.00
      2.4410         1.00
      2.4420         1.00
      2.4430         1.00
      2.4440         1.00
      2.4450         1.00
      2.4460         1.00
      2.4470         1.00
      2.4480         1.00
      2.4490         1.00
      2.4500         1.00
      2.4510         1.00
      2.4520         1.00
      2.4530         1.00
      2.4540         1.00
      2.4550         1.00
      2.4560         1.00
      2.4570         1.00
      2.4580         1.00
      2.4590         1.00
      2.4600         1.00
      2.4610         1.00
      2.4620         1.00
      2.4630         1.00
      2.4640         1.00
      2.4650         1.00
      2.4660         1.00
      2.4670         1.00
      2.4680         1.00
      2.4690         1.00
      2.4700         1.00
      2.4710         1.00
      2.4720         1.00
      2.4730         1.00
      2.4740         1.00
      2.4750         1.00
      2.4760         1.00
      2.4770         1.00
      2.4780         1.00
      2.4790         1.00
      2.4800         1.00
      2.4810         1.00
      2.4820         1.00
      2.4830         1.00
      2.4840         1.00
      2.4850         1.00
      2.4860         1.00
      2.4870         1.00
      2.4880         1.00
      2.4890         1.00
      2.4900         1.00
      2.4910         1.00
      2.4920         1.00
      2.4930         1.00
      2.4940         1.00
      2.4950         1.00
      2.4960         1.00
      2.4970         1.00
      2.4980         1.00
      2.4990         1.00
      2.5000         1.00
      2.5010         1.00
      2.5020         1.00
      2.5030         1.00
      2.5040         1.00
      2.5050         1.00
      2.5060         1.00
      2.5070         1.00
      2.5080         1.00
      2.5090         1.00
      2.5100         1.00
      2.5110         1.00
      2.5120         1.00
      2.5130         1.00
      2.5140         1.00
      2.5150         1.00
      2.5160         1.00
      2.5170         1.00
      2.5180         1.00
      2.5190         1.00
      2.5200         1.00
      2.5210         1.00
      2.5220         1.00
      2.5230         1.00
      2.5240         1.00
      2.5250         1.00
      2.5260         1.00
      2.5270         1.00
      2.5280         1.00
      2.5290         1.00
      2.5300         1.00
      2.5310         1.00
      2.5320         1.00
      2.5330         1.00
      2.5340         1.00
      2.5350         1.00
      2.5360         1.00
      2.5370         1.00
      2.5380         1.00
      2.5390         1.00
      2.5400         1.00
      2.5410         1.00
      2.5420         1.00
      2.5430         1.00
      2.5440         1.00
      2.5450         1.00
      2.5460         1.00
      2.5470         1.00
      2.5480         1.00
      2.5490         1.00
      2.5500         1.00
      2.5510         1.00
      2.5520         1.00
      2.5530         1.00
      2.5540         1.00
      2.5550         1.00
      2.5560         1.00
      2.5570         1.00
      2.5580         1.00
      2.5590         1.00
      2.5600         1.00
      2.5610         1.00
      2.5620         1.00
      2.5630         1.00
      2.5640         1.00
      2.5650         1.00
      2.5660         1.00
      2.5670         1.00
      2.5680         1.00
      2.5690         1.00
      2.5700         1.00
      2.5710         1.00
      2.5720         1.00
      2.5730         1.00
      2.5740         1.00
      2.5750         1.00
      2.5760         1.00
      2.5770         1.00
      2.5780         1.00
      2.5790         1.00
      2.5800         1.00
      2.5810         1.00
      2.5820         1.00
      2.5830         1.00
      2.5840         1.00
      2.5850         1.00
      2.5860         1.00
      2.5870         1.00
      2.5880         1.00
      2.5890         1.00
      2.5900         1.00
      2.5910         1.00
      2.5920         1.00
      2.5930         1.00
      2.5940         1.00
      2.5950         1.00
      2.5960         1.00
      2.5970         1.00
      2.5980         1.00
      2.5990         1.00
      2.6000         1.00
      2.6010         1.00
      2.6020         1.00
      2.6030         1.00
      2.6040         1.00
      2.6050         1.00
      2.6060         1.00
      2.6070         1.00
      2.6080         1.00
      2.6090         1.00
      2.6100         1.00
      2.6110         1.00
      2.6120         1.00
      2.6130         1.00
      2.6140         1.00
      2.6150         1.00
      2.6160         1.00
      2.6170         1.00
      2.6180         1.00
      2.6190         1.00
      2.6200         1.00
      2.6210         1.00
      2.6220         1.00
      2.6230         1.00
      2.6240         1.00
      2.6250         1.00
      2.6260         1.00
      2.6270         1.00
      2.6280         1.00
      2.6290         1.00
      2.6300         1.00
      2.6310         1.00
      2.6320         1.00
      2.6330         1.00
      2.6340         1.00
      2.6350         1.00
      2.6360         1.00
      2.6370         1.00
      2.6380         1.00
      2.6390         1.00
      2.6400         1.00
      2.6410         1.00
      2.6420         1.00
      2.6430         1.00
      2.6440         1.00
      2.6450         1.00
      2.6460         1.00
      2.6470         1.00
      2.6480         1.00
      2.6490         1.00
      2.6500         1.00
      2.6510         1.00
      2.6520         1.00
      2.6530         1.00
      2.6540         1.00
      2.6550         1.00
      2.6560         1.00
      2.6570         1.00
      2.6580         1.00
      2.6590         1.00
      2.6600         1.00
      2.6610         1.00
      2.6620         1.00
      2.6630         1.00
      2.6640         1.00
      2.6650         1.00
      2.6660         1.00
      2.6670         1.00
      2.6680         1.00
      2.6690         1.00
      2.6700         1.00
      2.6710         1.00
      2.6720         1.00
      2.6730         1.00
      2.6740         1.00
      2.6750         1.00
      2.6760         1.00
      2.6770         1.00
      2.6780         1.00
      2.6790         1.00
      2.6800         1.00
      2.6810         1.00
      2.6820         1.00
      2.6830         1.00
      2.6840         1.00
      2.6850         1.00
      2.6860         1.00
      2.6870         1.00
      2.6880         1.00
      2.6890         1.00
      2.6900         1.00
      2.6910         1.00
      2.6920         1.00
      2.6930         1.00
      2.6940         1.00
      2.6950         1.00
      2.6960         1.00
      2.6970         1.00
      2.6980         1.00
      2.6990         1.00
      2.7000         1.00
      2.7010         1.00
      2.7020         1.00
      2.7030         1.00
      2.7040         1.00
      2.7050         1.00
      2.7060         1.00
      2.7070         1.00
      2.7080         1.00
      2.7090         1.00
      2.7100         1.00
      2.7110         1.00
      2.7120         1.00
      2.7130         1.00
      2.7140         1.00
      2.7150         1.00
      2.7160         1.00
      2.7170         1.00
      2.7180         1.00
      2.7190         1.00
      2.7200         1.00
      2.7210         1.00
      2.7220         1.00
      2.7230         1.00
      2.7240         1.00
      2.7250         1.00
      2.7260         1.00
      2.7270         1.00
      2.7280         1.00
      2.7290         1.00
      2.7300         1.00
      2.7310         1.00
      2.7320         1.00
      2.7330         1.00
      2.7340         1.00
      2.7350         1.00
      2.7360         1.00
      2.7370         1.00
      2.7380         1.00
      2.7390         1.00
      2.7400         1.00
      2.7410         1.00
      2.7420         1.00
      2.7430         1.00
      2.7440         1.00
      2.7450         1.00
      2.7460         1.00
      2.7470         1.00
      2.7480         1.00
      2.7490         1.00
      2.7500         1.00
      2.7510         1.00
      2.7520         1.00
      2.7530         1.00
      2.7540         1.00
      2.7550         1.00
      2.7560         1.00
      2.7570         1.00
      2.7580         1.00
      2.7590         1.00
      2.7600         1.00
      2.7610         1.00
      2.7620         1.00
      2.7630         1.00
      2.7640         1.00
      2.7650         1.00
      2.7660         1.00
      2.7670         1.00
      2.7680         1.00
      2.7690         1.00
      2.7700         1.00
      2.7710         1.00
      2.7720         1.00
      2.7730         1.00
      2.7740         1.00
      2.7750         1.00
      2.7760         1.00
      2.7770         1.00
      2.7780         1.00
      2.7790         1.00
      2.7800         1.00
      2.7810         1.00
      2.7820         1.00
      2.7830         1.00
      2.7840         1.00
      2.7850         1.00
      2.7860         1.00
      2.7870         1.00
      2.7880         1.00
      2.7890         1.00
      2.7900         1.00
      2.7910         1.00
      2.7920         1.00
      2.7930         1.00
      2.7940         1.00
      2.7950         1.00
      2.7960         1.00
      2.7970         1.00
      2.7980         1.00
      2.7990         1.00
      2.8000         1.00
      2.8010         1.00
      2.8020         1.00
      2.8030         1.00
      2.8040         1.00
      2.8050         1.00
      2.8060         1.00
      2.8070         1.00
      2.8080         1.00
      2.8090         1.00
      2.8100         1.00
      2.8110         1.00
      2.8120         1.00
      2.8130         1.00
      2.8140         1.00
      2.8150         1.00
      2.8160         1.00
      2.8170         1.00
      2.8180         1.00
      2.8190         1.00
      2.8200         1.00
      2.8210         1.00
      2.8220         1.00
      2.8230         1.00
      2.8240         1.00
      2.8250         1.00
      2.8260         1.00
      2.8270         1.00
      2.8280         1.00
      2.8290         1.00
      2.8300         1.00
      2.8310         1.00
      2.8320         1.00
      2.8330         1.00
      2.8340         1.00
      2.8350         1.00
      2.8360         1.00
      2.8370         1.00
      2.8380         1.00
      2.8390         1.00
      2.8400         1.00
      2.8410         1.00
      2.8420         1.00
      2.8430         1.00
      2.8440         1.00
      2.8450         1.00
      2.8460         1.00
      2.8470         1.00
      2.8480         1.00
      2.8490         1.00
      2.8500         1.00
      2.8510         1.00
      2.8520         1.00
      2.8530         1.00
      2.8540         1.00
      2.8550         1.00
      2.8560         1.00
      2.8570         1.00
      2.8580         1.00
      2.8590         1.00
      2.8600         1.00
      2.8610         1.00
      2.8620         1.00
      2.8630         1.00
      2.8640         1.00
      2.8650         1.00
      2.8660         1.00
      2.8670         1.00
      2.8680         1.00
      2.8690         1.00
      2.8700         1.00
      2.8710         1.00
      2.8720         1.00
      2.8730         1.00
      2.8740         1.00
      2.8750         1.00
      2.8760         1.00
      2.8770         1.00
      2.8780         1.00
      2.8790         1.00
      2.8800         1.00
      2.8810         1.00
      2.8820         1.00
      2.8830         1.00
      2.8840         1.00
      2.8850         1.00
      2.8860         1.00
      2.8870         1.00
      2.8880         1.00
      2.8890         1.00
      2.8900         1.00
      2.8910         1.00
      2.8920         1.00
      2.8930         1.00
      2.8940         1.00
      2.8950         1.00
      2.8960         1.00
      2.8970         1.00
      2.8980         1.00
      2.8990         1.00
      2.9000         1.00
      2.9010         1.00
      2.9020         1.00
      2.9030         1.00
      2.9040         1.00
      2.9050         1.00
      2.9060         1.00
      2.9070         1.00
      2.9080         1.00
      2.9090         1.00
      2.9100         1.00
      2.9110         1.00
      2.9120         1.00
      2.9130         1.00
      2.9140         1.00
      2.9150         1.00
      2.9160         1.00
      2.9170         1.00
      2.9180         1.00
      2.9190         1.00
      2.9200         1.00
      2.9210         1.00
      2.9220         1.00
      2.9230         1.00
      2.9240         1.00
      2.9250         1.00
      2.9260         1.00
      2.9270         1.00
      2.9280         1.00
      2.9290         1.00
      2.9300         1.00
      2.9310         1.00
      2.9320         1.00
      2.9330         1.00
      2.9340         1.00
      2.9350         1.00
      2.9360         1.00
      2.9370         1.00
      2.9380         1.00
      2.9390         1.00
      2.9400         1.00
      2.9410         1.00
      2.9420         1.00
      2.9430         1.00
      2.9440         1.00
      2.9450         1.00
      2.9460         1.00
      2.9470         1.00
      2.9480         1.00
      2.9490         1.00
      2.9500         1.00
      2.9510         1.00
      2.9520         1.00
      2.9530         1.00
      2.9540         1.00
      2.9550         1.00
      2.9560         1.00
      2.9570         1.00
      2.9580         1.00
      2.9590         1.00
      2.9600         1.00
      2.9610         1.00
      2.9620         1.00
      2.9630         1.00
      2.9640         1.00
      2.9650         1.00
      2.9660         1.00
      2.9670         1.00
      2.9680         1.00
      2.9690         1.00
      2.9700         1.00
      2.9710         1.00
      2.9720         1.00
      2.9730         1.00
      2.9740         1.00
      2.9750         1.00
      2.9760         1.00
      2.9770         1.00
      2.9780         1.00
      2.9790         1.00
      2.9800         1.00
      2.9810         1.00
      2.9820         1.00
      2.9830         1.00
      2.9840         1.00
      2.9850         1.00
      2.9860         1.00
      2.9870         1.00
      2.9880         1.00
      2.9890         1.00
      2.9900         1.00
      2.9910         1.00
      2.9920         1.00
      2.9930         1.00
      2.9940         1.00
      2.9950         1.00
      2.9960         1.00
      2.9970         1.00
      2.9980         1.00
      2.9990         1.00
