        Time   Palpation Force
      0.0000         1.00
      0.0010         1.00
      0.0020         1.00
      0.0030         1.00
      0.0040         1.00
      0.0050         1.00
      0.0060         1.00
      0.0070         1.00
      0.0080         1.00
      0.0090         1.00
      0.0100         1.00
      0.0110         1.00
      0.0120         1.00
      0.0130         1.00
      0.0140         1.00
      0.0150         1.00
      0.0160         1.00
      0.0170         1.00
      0.0180         1.00
      0.0190         1.00
      0.0200         1.00
      0.0210         1.00
      0.0220         1.00
      0.0230         1.00
      0.0240         1.00
      0.0250         1.00
      0.0260         1.00
      0.0270         1.00
      0.0280         1.00
      0.0290         1.00
      0.0300         1.00
      0.0310         1.00
      0.0320         1.00
      0.0330         1.00
      0.0340         1.00
      0.0350         1.00
      0.0360         1.00
      0.0370         1.00
      0.0380         1.00
      0.0390         1.00
      0.0400         1.00
      0.0410         1.00
      0.0420         1.00
      0.0430         1.00
      0.0440         1.00
      0.0450         1.00
      0.0460         1.00
      0.0470         1.00
      0.0480         1.00
      0.0490         1.00
      0.0500         1.00
      0.0510         1.00
      0.0520         1.00
      0.0530         1.00
      0.0540         1.00
      0.0550         1.00
      0.0560         1.00
      0.0570         1.00
      0.0580         1.00
      0.0590         1.00
      0.0600         1.00
      0.0610         1.00
      0.0620         1.00
      0.0630         1.00
      0.0640         1.00
      0.0650         1.00
      0.0660         1.00
      0.0670         1.00
      0.0680         1.00
      0.0690         1.00
      0.0700         1.00
      0.0710         1.00
      0.0720         1.00
      0.0730         1.00
      0.0740         1.00
      0.0750         1.00
      0.0760         1.00
      0.0770         1.00
      0.0780         1.00
      0.0790         1.00
      0.0800         1.00
      0.0810         1.00
      0.0820         1.00
      0.0830         1.00
      0.0840         1.00
      0.0850         1.00
      0.0860         1.00
      0.0870         1.00
      0.0880         1.00
      0.0890         1.00
      0.0900         1.00
      0.0910         1.00
      0.0920         1.00
      0.0930         1.00
      0.0940         1.00
      0.0950         1.00
      0.0960         1.00
      0.0970         1.00
      0.0980         1.00
      0.0990         1.00
      0.1000         1.00
      0.1010         1.00
      0.1020         1.00
      0.1030         1.00
      0.1040         1.00
      0.1050         1.00
      0.1060         1.00
      0.1070         1.00
      0.1080         1.00
      0.1090         1.00
      0.1100         1.00
      0.1110         1.00
      0.1120         1.00
      0.1130         1.00
      0.1140         1.00
      0.1150         1.00
      0.1160         1.00
      0.1170         1.00
      0.1180         1.00
      0.1190         1.00
      0.1200         1.00
      0.1210         1.00
      0.1220         1.00
      0.1230         1.00
      0.1240         1.00
      0.1250         1.00
      0.1260         1.00
      0.1270         1.00
      0.1280         1.00
      0.1290         1.00
      0.1300         1.00
      0.1310         1.00
      0.1320         1.00
      0.1330         1.00
      0.1340         1.00
      0.1350         1.00
      0.1360         1.00
      0.1370         1.00
      0.1380         1.00
      0.1390         1.00
      0.1400         1.00
      0.1410         1.00
      0.1420         1.00
      0.1430         1.00
      0.1440         1.00
      0.1450         1.00
      0.1460         1.00
      0.1470         1.00
      0.1480         1.00
      0.1490         1.00
      0.1500         1.00
      0.1510         1.00
      0.1520         1.00
      0.1530         1.00
      0.1540         1.00
      0.1550         1.00
      0.1560         1.00
      0.1570         1.00
      0.1580         1.00
      0.1590         1.00
      0.1600         1.00
      0.1610         1.00
      0.1620         1.00
      0.1630         1.00
      0.1640         1.00
      0.1650         1.00
      0.1660         1.00
      0.1670         1.00
      0.1680         1.00
      0.1690         1.00
      0.1700         1.00
      0.1710         1.00
      0.1720         1.00
      0.1730         1.00
      0.1740         1.00
      0.1750         1.00
      0.1760         1.00
      0.1770         1.00
      0.1780         1.00
      0.1790         1.00
      0.1800         1.00
      0.1810         1.00
      0.1820         1.00
      0.1830         1.00
      0.1840         1.00
      0.1850         1.00
      0.1860         1.00
      0.1870         1.00
      0.1880         1.00
      0.1890         1.00
      0.1900         1.00
      0.1910         1.00
      0.1920         1.00
      0.1930         1.00
      0.1940         1.00
      0.1950         1.00
      0.1960         1.00
      0.1970         1.00
      0.1980         1.00
      0.1990         1.00
      0.2000         1.00
      0.2010         1.00
      0.2020         1.00
      0.2030         1.00
      0.2040         1.00
      0.2050         1.00
      0.2060         1.00
      0.2070         1.00
      0.2080         1.00
      0.2090         1.00
      0.2100         1.00
      0.2110         1.00
      0.2120         1.00
      0.2130         1.00
      0.2140         1.00
      0.2150         1.00
      0.2160         1.00
      0.2170         1.00
      0.2180         1.00
      0.2190         1.00
      0.2200         1.00
      0.2210         1.00
      0.2220         1.00
      0.2230         1.00
      0.2240         1.00
      0.2250         1.00
      0.2260         1.00
      0.2270         1.00
      0.2280         1.00
      0.2290         1.00
      0.2300         1.00
      0.2310         1.00
      0.2320         1.00
      0.2330         1.00
      0.2340         1.00
      0.2350         1.00
      0.2360         1.00
      0.2370         1.00
      0.2380         1.00
      0.2390         1.00
      0.2400         1.00
      0.2410         1.00
      0.2420         1.00
      0.2430         1.00
      0.2440         1.00
      0.2450         1.00
      0.2460         1.00
      0.2470         1.00
      0.2480         1.00
      0.2490         1.00
      0.2500         1.00
      0.2510         1.00
      0.2520         1.00
      0.2530         1.00
      0.2540         1.00
      0.2550         1.00
      0.2560         1.00
      0.2570         1.00
      0.2580         1.00
      0.2590         1.00
      0.2600         1.00
      0.2610         1.00
      0.2620         1.00
      0.2630         1.00
      0.2640         1.00
      0.2650         1.00
      0.2660         1.00
      0.2670         1.00
      0.2680         1.00
      0.2690         1.00
      0.2700         1.00
      0.2710         1.00
      0.2720         1.00
      0.2730         1.00
      0.2740         1.00
      0.2750         1.00
      0.2760         1.00
      0.2770         1.00
      0.2780         1.00
      0.2790         1.00
      0.2800         1.00
      0.2810         1.00
      0.2820         1.00
      0.2830         1.00
      0.2840         1.00
      0.2850         1.00
      0.2860         1.00
      0.2870         1.00
      0.2880         1.00
      0.2890         1.00
      0.2900         1.00
      0.2910         1.00
      0.2920         1.00
      0.2930         1.00
      0.2940         1.00
      0.2950         1.00
      0.2960         1.00
      0.2970         1.00
      0.2980         1.00
      0.2990         1.00
      0.3000         1.00
      0.3010         1.00
      0.3020         1.00
      0.3030         1.00
      0.3040         1.00
      0.3050         1.00
      0.3060         1.00
      0.3070         1.00
      0.3080         1.00
      0.3090         1.00
      0.3100         1.00
      0.3110         1.00
      0.3120         1.00
      0.3130         1.00
      0.3140         1.00
      0.3150         1.00
      0.3160         1.00
      0.3170         1.00
      0.3180         1.00
      0.3190         1.00
      0.3200         1.00
      0.3210         1.00
      0.3220         1.00
      0.3230         1.00
      0.3240         1.00
      0.3250         1.00
      0.3260         1.00
      0.3270         1.00
      0.3280         1.00
      0.3290         1.00
      0.3300         1.00
      0.3310         1.00
      0.3320         1.00
      0.3330         1.00
      0.3340         1.00
      0.3350         1.00
      0.3360         1.00
      0.3370         1.00
      0.3380         1.00
      0.3390         1.00
      0.3400         1.00
      0.3410         1.00
      0.3420         1.00
      0.3430         1.00
      0.3440         1.00
      0.3450         1.00
      0.3460         1.00
      0.3470         1.00
      0.3480         1.00
      0.3490         1.00
      0.3500         1.00
      0.3510         1.00
      0.3520         1.00
      0.3530         1.00
      0.3540         1.00
      0.3550         1.00
      0.3560         1.00
      0.3570         1.00
      0.3580         1.00
      0.3590         1.00
      0.3600         1.00
      0.3610         1.00
      0.3620         1.00
      0.3630         1.00
      0.3640         1.00
      0.3650         1.00
      0.3660         1.00
      0.3670         1.00
      0.3680         1.00
      0.3690         1.00
      0.3700         1.00
      0.3710         1.00
      0.3720         1.00
      0.3730         1.00
      0.3740         1.00
      0.3750         1.00
      0.3760         1.00
      0.3770         1.00
      0.3780         1.00
      0.3790         1.00
      0.3800         1.00
      0.3810         1.00
      0.3820         1.00
      0.3830         1.00
      0.3840         1.00
      0.3850         1.00
      0.3860         1.00
      0.3870         1.00
      0.3880         1.00
      0.3890         1.00
      0.3900         1.00
      0.3910         1.00
      0.3920         1.00
      0.3930         1.00
      0.3940         1.00
      0.3950         1.00
      0.3960         1.00
      0.3970         1.00
      0.3980         1.00
      0.3990         1.00
      0.4000         1.00
      0.4010         1.00
      0.4020         1.00
      0.4030         1.00
      0.4040         1.00
      0.4050         1.00
      0.4060         1.00
      0.4070         1.00
      0.4080         1.00
      0.4090         1.00
      0.4100         1.00
      0.4110         1.00
      0.4120         1.00
      0.4130         1.00
      0.4140         1.00
      0.4150         1.00
      0.4160         1.00
      0.4170         1.00
      0.4180         1.00
      0.4190         1.00
      0.4200         1.00
      0.4210         1.00
      0.4220         1.00
      0.4230         1.00
      0.4240         1.00
      0.4250         1.00
      0.4260         1.00
      0.4270         1.00
      0.4280         1.00
      0.4290         1.00
      0.4300         1.00
      0.4310         1.00
      0.4320         1.00
      0.4330         1.00
      0.4340         1.00
      0.4350         1.00
      0.4360         1.00
      0.4370         1.00
      0.4380         1.00
      0.4390         1.00
      0.4400         1.00
      0.4410         1.00
      0.4420         1.00
      0.4430         1.00
      0.4440         1.00
      0.4450         1.00
      0.4460         1.00
      0.4470         1.00
      0.4480         1.00
      0.4490         1.00
      0.4500         1.00
      0.4510         1.00
      0.4520         1.00
      0.4530         1.00
      0.4540         1.00
      0.4550         1.00
      0.4560         1.00
      0.4570         1.00
      0.4580         1.00
      0.4590         1.00
      0.4600         1.00
      0.4610         1.00
      0.4620         1.00
      0.4630         1.00
      0.4640         1.00
      0.4650         1.00
      0.4660         1.00
      0.4670         1.00
      0.4680         1.00
      0.4690         1.00
      0.4700         1.00
      0.4710         1.00
      0.4720         1.00
      0.4730         1.00
      0.4740         1.00
      0.4750         1.00
      0.4760         1.00
      0.4770         1.00
      0.4780         1.00
      0.4790         1.00
      0.4800         1.00
      0.4810         1.00
      0.4820         1.00
      0.4830         1.00
      0.4840         1.00
      0.4850         1.00
      0.4860         1.00
      0.4870         1.00
      0.4880         1.00
      0.4890         1.00
      0.4900         1.00
      0.4910         1.00
      0.4920         1.00
      0.4930         1.00
      0.4940         1.00
      0.4950         1.00
      0.4960         1.00
      0.4970         1.00
      0.4980         1.00
      0.4990         1.00
      0.5000         1.00
      0.5010         1.00
      0.5020         1.00
      0.5030         1.00
      0.5040         1.00
      0.5050         1.00
      0.5060         1.00
      0.5070         1.00
      0.5080         1.00
      0.5090         1.00
      0.5100         1.00
      0.5110         1.00
      0.5120         1.00
      0.5130         1.00
      0.5140         1.00
      0.5150         1.00
      0.5160         1.00
      0.5170         1.00
      0.5180         1.00
      0.5190         1.00
      0.5200         1.00
      0.5210         1.00
      0.5220         1.00
      0.5230         1.00
      0.5240         1.00
      0.5250         1.00
      0.5260         1.00
      0.5270         1.00
      0.5280         1.00
      0.5290         1.00
      0.5300         1.00
      0.5310         1.00
      0.5320         1.00
      0.5330         1.00
      0.5340         1.00
      0.5350         1.00
      0.5360         1.00
      0.5370         1.00
      0.5380         1.00
      0.5390         1.00
      0.5400         1.00
      0.5410         1.00
      0.5420         1.00
      0.5430         1.00
      0.5440         1.00
      0.5450         1.00
      0.5460         1.00
      0.5470         1.00
      0.5480         1.00
      0.5490         1.00
      0.5500         1.00
      0.5510         1.00
      0.5520         1.00
      0.5530         1.00
      0.5540         1.00
      0.5550         1.00
      0.5560         1.00
      0.5570         1.00
      0.5580         1.00
      0.5590         1.00
      0.5600         1.00
      0.5610         1.00
      0.5620         1.00
      0.5630         1.00
      0.5640         1.00
      0.5650         1.00
      0.5660         1.00
      0.5670         1.00
      0.5680         1.00
      0.5690         1.00
      0.5700         1.00
      0.5710         1.00
      0.5720         1.00
      0.5730         1.00
      0.5740         1.00
      0.5750         1.00
      0.5760         1.00
      0.5770         1.00
      0.5780         1.00
      0.5790         1.00
      0.5800         1.00
      0.5810         1.00
      0.5820         1.00
      0.5830         1.00
      0.5840         1.00
      0.5850         1.00
      0.5860         1.00
      0.5870         1.00
      0.5880         1.00
      0.5890         1.00
      0.5900         1.00
      0.5910         1.00
      0.5920         1.00
      0.5930         1.00
      0.5940         1.00
      0.5950         1.00
      0.5960         1.00
      0.5970         1.00
      0.5980         1.00
      0.5990         1.00
      0.6000         1.00
      0.6010         1.00
      0.6020         1.00
      0.6030         1.00
      0.6040         1.00
      0.6050         1.00
      0.6060         1.00
      0.6070         1.00
      0.6080         1.00
      0.6090         1.00
      0.6100         1.00
      0.6110         1.00
      0.6120         1.00
      0.6130         1.00
      0.6140         1.00
      0.6150         1.00
      0.6160         1.00
      0.6170         1.00
      0.6180         1.00
      0.6190         1.00
      0.6200         1.00
      0.6210         1.00
      0.6220         1.00
      0.6230         1.00
      0.6240         1.00
      0.6250         1.00
      0.6260         1.00
      0.6270         1.00
      0.6280         1.00
      0.6290         1.00
      0.6300         1.00
      0.6310         1.00
      0.6320         1.00
      0.6330         1.00
      0.6340         1.00
      0.6350         1.00
      0.6360         1.00
      0.6370         1.00
      0.6380         1.00
      0.6390         1.00
      0.6400         1.00
      0.6410         1.00
      0.6420         1.00
      0.6430         1.00
      0.6440         1.00
      0.6450         1.00
      0.6460         1.00
      0.6470         1.00
      0.6480         1.00
      0.6490         1.00
      0.6500         1.00
      0.6510         1.00
      0.6520         1.00
      0.6530         1.00
      0.6540         1.00
      0.6550         1.00
      0.6560         1.00
      0.6570         1.00
      0.6580         1.00
      0.6590         1.00
      0.6600         1.00
      0.6610         1.00
      0.6620         1.00
      0.6630         1.00
      0.6640         1.00
      0.6650         1.00
      0.6660         1.00
      0.6670         1.00
      0.6680         1.00
      0.6690         1.00
      0.6700         1.00
      0.6710         1.00
      0.6720         1.00
      0.6730         1.00
      0.6740         1.00
      0.6750         1.00
      0.6760         1.00
      0.6770         1.00
      0.6780         1.00
      0.6790         1.00
      0.6800         1.00
      0.6810         1.00
      0.6820         1.00
      0.6830         1.00
      0.6840         1.00
      0.6850         1.00
      0.6860         1.00
      0.6870         1.00
      0.6880         1.00
      0.6890         1.00
      0.6900         1.00
      0.6910         1.00
      0.6920         1.00
      0.6930         1.00
      0.6940         1.00
      0.6950         1.00
      0.6960         1.00
      0.6970         1.00
      0.6980         1.00
      0.6990         1.00
      0.7000         1.00
      0.7010         1.00
      0.7020         1.00
      0.7030         1.00
      0.7040         1.00
      0.7050         1.00
      0.7060         1.00
      0.7070         1.00
      0.7080         1.00
      0.7090         1.00
      0.7100         1.00
      0.7110         1.00
      0.7120         1.00
      0.7130         1.00
      0.7140         1.00
      0.7150         1.00
      0.7160         1.00
      0.7170         1.00
      0.7180         1.00
      0.7190         1.00
      0.7200         1.00
      0.7210         1.00
      0.7220         1.00
      0.7230         1.00
      0.7240         1.00
      0.7250         1.00
      0.7260         1.00
      0.7270         1.00
      0.7280         1.00
      0.7290         1.00
      0.7300         1.00
      0.7310         1.00
      0.7320         1.00
      0.7330         1.00
      0.7340         1.00
      0.7350         1.00
      0.7360         1.00
      0.7370         1.00
      0.7380         1.00
      0.7390         1.00
      0.7400         1.00
      0.7410         1.00
      0.7420         1.00
      0.7430         1.00
      0.7440         1.00
      0.7450         1.00
      0.7460         1.00
      0.7470         1.00
      0.7480         1.00
      0.7490         1.00
      0.7500         1.00
      0.7510         1.00
      0.7520         1.00
      0.7530         1.00
      0.7540         1.00
      0.7550         1.00
      0.7560         1.00
      0.7570         1.00
      0.7580         1.00
      0.7590         1.00
      0.7600         1.00
      0.7610         1.00
      0.7620         1.00
      0.7630         1.00
      0.7640         1.00
      0.7650         1.00
      0.7660         1.00
      0.7670         1.00
      0.7680         1.00
      0.7690         1.00
      0.7700         1.00
      0.7710         1.00
      0.7720         1.00
      0.7730         1.00
      0.7740         1.00
      0.7750         1.00
      0.7760         1.00
      0.7770         1.00
      0.7780         1.00
      0.7790         1.00
      0.7800         1.00
      0.7810         1.00
      0.7820         1.00
      0.7830         1.00
      0.7840         1.00
      0.7850         1.00
      0.7860         1.00
      0.7870         1.00
      0.7880         1.00
      0.7890         1.00
      0.7900         1.00
      0.7910         1.00
      0.7920         1.00
      0.7930         1.00
      0.7940         1.00
      0.7950         1.00
      0.7960         1.00
      0.7970         1.00
      0.7980         1.00
      0.7990         1.00
      0.8000         1.00
      0.8010         1.00
      0.8020         1.00
      0.8030         1.00
      0.8040         1.00
      0.8050         1.00
      0.8060         1.00
      0.8070         1.00
      0.8080         1.00
      0.8090         1.00
      0.8100         1.00
      0.8110         1.00
      0.8120         1.00
      0.8130         1.00
      0.8140         1.00
      0.8150         1.00
      0.8160         1.00
      0.8170         1.00
      0.8180         1.00
      0.8190         1.00
      0.8200         1.00
      0.8210         1.00
      0.8220         1.00
      0.8230         1.00
      0.8240         1.00
      0.8250         1.00
      0.8260         1.00
      0.8270         1.00
      0.8280         1.00
      0.8290         1.00
      0.8300         1.00
      0.8310         1.00
      0.8320         1.00
      0.8330         1.00
      0.8340         1.00
      0.8350         1.00
      0.8360         1.00
      0.8370         1.00
      0.8380         1.00
      0.8390         1.00
      0.8400         1.00
      0.8410         1.00
      0.8420         1.00
      0.8430         1.00
      0.8440         1.00
      0.8450         1.00
      0.8460         1.00
      0.8470         1.00
      0.8480         1.00
      0.8490         1.00
      0.8500         1.00
      0.8510         1.00
      0.8520         1.00
      0.8530         1.00
      0.8540         1.00
      0.8550         1.00
      0.8560         1.00
      0.8570         1.00
      0.8580         1.00
      0.8590         1.00
      0.8600         1.00
      0.8610         1.00
      0.8620         1.00
      0.8630         1.00
      0.8640         1.00
      0.8650         1.00
      0.8660         1.00
      0.8670         1.00
      0.8680         1.00
      0.8690         1.00
      0.8700         1.00
      0.8710         1.00
      0.8720         1.00
      0.8730         1.00
      0.8740         1.00
      0.8750         1.00
      0.8760         1.00
      0.8770         1.00
      0.8780         1.00
      0.8790         1.00
      0.8800         1.00
      0.8810         1.00
      0.8820         1.00
      0.8830         1.00
      0.8840         1.00
      0.8850         1.00
      0.8860         1.00
      0.8870         1.00
      0.8880         1.00
      0.8890         1.00
      0.8900         1.00
      0.8910         1.00
      0.8920         1.00
      0.8930         1.00
      0.8940         1.00
      0.8950         1.00
      0.8960         1.00
      0.8970         1.00
      0.8980         1.00
      0.8990         1.00
      0.9000         1.00
      0.9010         1.00
      0.9020         1.00
      0.9030         1.00
      0.9040         1.00
      0.9050         1.00
      0.9060         1.00
      0.9070         1.00
      0.9080         1.00
      0.9090         1.00
      0.9100         1.00
      0.9110         1.00
      0.9120         1.00
      0.9130         1.00
      0.9140         1.00
      0.9150         1.00
      0.9160         1.00
      0.9170         1.00
      0.9180         1.00
      0.9190         1.00
      0.9200         1.00
      0.9210         1.00
      0.9220         1.00
      0.9230         1.00
      0.9240         1.00
      0.9250         1.00
      0.9260         1.00
      0.9270         1.00
      0.9280         1.00
      0.9290         1.00
      0.9300         1.00
      0.9310         1.00
      0.9320         1.00
      0.9330         1.00
      0.9340         1.00
      0.9350         1.00
      0.9360         1.00
      0.9370         1.00
      0.9380         1.00
      0.9390         1.00
      0.9400         1.00
      0.9410         1.00
      0.9420         1.00
      0.9430         1.00
      0.9440         1.00
      0.9450         1.00
      0.9460         1.00
      0.9470         1.00
      0.9480         1.00
      0.9490         1.00
      0.9500         1.00
      0.9510         1.00
      0.9520         1.00
      0.9530         1.00
      0.9540         1.00
      0.9550         1.00
      0.9560         1.00
      0.9570         1.00
      0.9580         1.00
      0.9590         1.00
      0.9600         1.00
      0.9610         1.00
      0.9620         1.00
      0.9630         1.00
      0.9640         1.00
      0.9650         1.00
      0.9660         1.00
      0.9670         1.00
      0.9680         1.00
      0.9690         1.00
      0.9700         1.00
      0.9710         1.00
      0.9720         1.00
      0.9730         1.00
      0.9740         1.00
      0.9750         1.00
      0.9760         1.00
      0.9770         1.00
      0.9780         1.00
      0.9790         1.00
      0.9800         1.00
      0.9810         1.00
      0.9820         1.00
      0.9830         1.00
      0.9840         1.00
      0.9850         1.00
      0.9860         1.00
      0.9870         1.00
      0.9880         1.00
      0.9890         1.00
      0.9900         1.00
      0.9910         1.00
      0.9920         1.00
      0.9930         1.00
      0.9940         1.00
      0.9950         1.00
      0.9960         1.00
      0.9970         1.00
      0.9980         1.00
      0.9990         1.00
      1.0000         1.00
      1.0010         1.00
      1.0020         1.00
      1.0030         1.00
      1.0040         1.00
      1.0050         1.00
      1.0060         1.00
      1.0070         1.00
      1.0080         1.00
      1.0090         1.00
      1.0100         1.00
      1.0110         1.00
      1.0120         1.00
      1.0130         1.00
      1.0140         1.00
      1.0150         1.00
      1.0160         1.00
      1.0170         1.00
      1.0180         1.00
      1.0190         1.00
      1.0200         1.00
      1.0210         1.00
      1.0220         1.00
      1.0230         1.00
      1.0240         1.00
      1.0250         1.00
      1.0260         1.00
      1.0270         1.00
      1.0280         1.00
      1.0290         1.00
      1.0300         1.00
      1.0310         1.00
      1.0320         1.00
      1.0330         1.00
      1.0340         1.00
      1.0350         1.00
      1.0360         1.00
      1.0370         1.00
      1.0380         1.00
      1.0390         1.00
      1.0400         1.00
      1.0410         1.00
      1.0420         1.00
      1.0430         1.00
      1.0440         1.00
      1.0450         1.00
      1.0460         1.00
      1.0470         1.00
      1.0480         1.00
      1.0490         1.00
      1.0500         1.00
      1.0510         1.00
      1.0520         1.00
      1.0530         1.00
      1.0540         1.00
      1.0550         1.00
      1.0560         1.00
      1.0570         1.00
      1.0580         1.00
      1.0590         1.00
      1.0600         1.00
      1.0610         1.00
      1.0620         1.00
      1.0630         1.00
      1.0640         1.00
      1.0650         1.00
      1.0660         1.00
      1.0670         1.00
      1.0680         1.00
      1.0690         1.00
      1.0700         1.00
      1.0710         1.00
      1.0720         1.00
      1.0730         1.00
      1.0740         1.00
      1.0750         1.00
      1.0760         1.00
      1.0770         1.00
      1.0780         1.00
      1.0790         1.00
      1.0800         1.00
      1.0810         1.00
      1.0820         1.00
      1.0830         1.00
      1.0840         1.00
      1.0850         1.00
      1.0860         1.00
      1.0870         1.00
      1.0880         1.00
      1.0890         1.00
      1.0900         1.00
      1.0910         1.00
      1.0920         1.00
      1.0930         1.00
      1.0940         1.00
      1.0950         1.00
      1.0960         1.00
      1.0970         1.00
      1.0980         1.00
      1.0990         1.00
      1.1000         1.00
      1.1010         1.00
      1.1020         1.00
      1.1030         1.00
      1.1040         1.00
      1.1050         1.00
      1.1060         1.00
      1.1070         1.00
      1.1080         1.00
      1.1090         1.00
      1.1100         1.00
      1.1110         1.00
      1.1120         1.00
      1.1130         1.00
      1.1140         1.00
      1.1150         1.00
      1.1160         1.00
      1.1170         1.00
      1.1180         1.00
      1.1190         1.00
      1.1200         1.00
      1.1210         1.00
      1.1220         1.00
      1.1230         1.00
      1.1240         1.00
      1.1250         1.00
      1.1260         1.00
      1.1270         1.00
      1.1280         1.00
      1.1290         1.00
      1.1300         1.00
      1.1310         1.00
      1.1320         1.00
      1.1330         1.00
      1.1340         1.00
      1.1350         1.00
      1.1360         1.00
      1.1370         1.00
      1.1380         1.00
      1.1390         1.00
      1.1400         1.00
      1.1410         1.00
      1.1420         1.00
      1.1430         1.00
      1.1440         1.00
      1.1450         1.00
      1.1460         1.00
      1.1470         1.00
      1.1480         1.00
      1.1490         1.00
      1.1500         1.00
      1.1510         1.00
      1.1520         1.00
      1.1530         1.00
      1.1540         1.00
      1.1550         1.00
      1.1560         1.00
      1.1570         1.00
      1.1580         1.00
      1.1590         1.00
      1.1600         1.00
      1.1610         1.00
      1.1620         1.00
      1.1630         1.00
      1.1640         1.00
      1.1650         1.00
      1.1660         1.00
      1.1670         1.00
      1.1680         1.00
      1.1690         1.00
      1.1700         1.00
      1.1710         1.00
      1.1720         1.00
      1.1730         1.00
      1.1740         1.00
      1.1750         1.00
      1.1760         1.00
      1.1770         1.00
      1.1780         1.00
      1.1790         1.00
      1.1800         1.00
      1.1810         1.00
      1.1820         1.00
      1.1830         1.00
      1.1840         1.00
      1.1850         1.00
      1.1860         1.22
      1.1870         1.35
      1.1880         1.38
      1.1890         1.45
      1.1900         1.51
      1.1910         1.57
      1.1920         1.72
      1.1930         1.77
      1.1940         1.83
      1.1950         1.87
      1.1960         1.88
      1.1970         1.91
      1.1980         2.03
      1.1990         2.12
      1.2000         2.26
      1.2010         2.36
      1.2020         2.95
      1.2030         3.06
      1.2040         3.14
      1.2050         3.30
      1.2060         4.02
      1.2070         4.14
      1.2080         4.37
      1.2090         4.55
      1.2100         4.73
      1.2110         4.97
      1.2120         5.17
      1.2130         5.46
      1.2140         5.86
      1.2150         6.23
      1.2160         6.60
      1.2170         6.92
      1.2180         7.11
      1.2190         7.42
      1.2200         7.63
      1.2210         7.91
      1.2220         8.11
      1.2230         8.29
      1.2240         8.43
      1.2250         8.61
      1.2260         8.69
      1.2270         8.82
      1.2280         9.00
      1.2290         9.17
      1.2300         9.33
      1.2310         9.51
      1.2320         9.63
      1.2330         9.72
      1.2340         9.71
      1.2350         9.68
      1.2360         9.72
      1.2370         9.80
      1.2380         9.88
      1.2390         9.96
      1.2400        10.05
      1.2410        10.13
      1.2420        10.23
      1.2430        10.41
      1.2440        10.63
      1.2450        10.78
      1.2460        11.03
      1.2470        11.12
      1.2480        11.29
      1.2490        11.46
      1.2500        11.68
      1.2510        11.67
      1.2520        11.93
      1.2530        12.11
      1.2540        12.28
      1.2550        12.47
      1.2560        12.63
      1.2570        12.87
      1.2580        13.14
      1.2590        13.37
      1.2600        13.65
      1.2610        13.92
      1.2620        14.16
      1.2630        14.38
      1.2640        14.62
      1.2650        14.73
      1.2660        14.95
      1.2670        15.27
      1.2680        15.38
      1.2690        15.47
      1.2700        15.59
      1.2710        15.83
      1.2720        15.98
      1.2730        16.18
      1.2740        16.34
      1.2750        16.62
      1.2760        16.85
      1.2770        17.10
      1.2780        17.29
      1.2790        17.44
      1.2800        17.61
      1.2810        17.79
      1.2820        18.04
      1.2830        18.27
      1.2840        18.41
      1.2850        18.66
      1.2860        18.77
      1.2870        18.94
      1.2880        19.27
      1.2890        19.62
      1.2900        19.91
      1.2910        20.21
      1.2920        20.48
      1.2930        20.78
      1.2940        21.20
      1.2950        21.39
      1.2960        21.72
      1.2970        22.03
      1.2980        22.28
      1.2990        22.55
      1.3000        22.90
      1.3010        23.22
      1.3020        23.53
      1.3030        23.85
      1.3040        24.18
      1.3050        24.56
      1.3060        24.92
      1.3070        25.30
      1.3080        25.60
      1.3090        25.91
      1.3100        26.21
      1.3110        26.53
      1.3120        26.88
      1.3130        27.19
      1.3140        27.45
      1.3150        27.82
      1.3160        28.17
      1.3170        28.47
      1.3180        28.83
      1.3190        29.17
      1.3200        29.40
      1.3210        29.74
      1.3220        30.05
      1.3230        30.38
      1.3240        30.68
      1.3250        31.02
      1.3260        31.46
      1.3270        31.77
      1.3280        32.17
      1.3290        32.52
      1.3300        32.80
      1.3310        33.15
      1.3320        33.46
      1.3330        33.77
      1.3340        34.07
      1.3350        34.46
      1.3360        34.63
      1.3370        35.00
      1.3380        35.37
      1.3390        35.72
      1.3400        36.08
      1.3410        36.40
      1.3420        36.70
      1.3430        36.93
      1.3440        37.20
      1.3450        37.46
      1.3460        37.61
      1.3470        37.84
      1.3480        38.03
      1.3490        38.28
      1.3500        38.63
      1.3510        38.83
      1.3520        39.03
      1.3530        39.22
      1.3540        39.48
      1.3550        39.59
      1.3560        39.91
      1.3570        40.13
      1.3580        40.40
      1.3590        40.64
      1.3600        40.87
      1.3610        41.05
      1.3620        41.32
      1.3630        41.56
      1.3640        41.89
      1.3650        42.10
      1.3660        42.29
      1.3670        42.49
      1.3680        42.65
      1.3690        42.91
      1.3700        43.17
      1.3710        43.39
      1.3720        43.69
      1.3730        43.93
      1.3740        44.15
      1.3750        44.51
      1.3760        44.70
      1.3770        44.98
      1.3780        45.07
      1.3790        45.37
      1.3800        45.68
      1.3810        45.88
      1.3820        46.04
      1.3830        46.29
      1.3840        46.39
      1.3850        46.65
      1.3860        46.89
      1.3870        47.16
      1.3880        47.47
      1.3890        47.56
      1.3900        47.64
      1.3910        47.92
      1.3920        48.07
      1.3930        48.35
      1.3940        48.61
      1.3950        48.82
      1.3960        49.07
      1.3970        49.18
      1.3980        49.46
      1.3990        49.56
      1.4000        49.65
      1.4010        49.81
      1.4020        49.98
      1.4030        50.08
      1.4040        50.35
      1.4050        50.41
      1.4060        50.62
      1.4070        50.80
      1.4080        50.93
      1.4090        51.22
      1.4100        51.48
      1.4110        51.65
      1.4120        51.76
      1.4130        51.92
      1.4140        52.09
      1.4150        52.25
      1.4160        52.41
      1.4170        52.64
      1.4180        52.88
      1.4190        53.13
      1.4200        53.31
      1.4210        53.67
      1.4220        54.03
      1.4230        54.34
      1.4240        54.59
      1.4250        54.90
      1.4260        55.13
      1.4270        55.36
      1.4280        55.60
      1.4290        55.81
      1.4300        56.04
      1.4310        56.25
      1.4320        56.51
      1.4330        56.75
      1.4340        56.99
      1.4350        57.22
      1.4360        57.55
      1.4370        57.76
      1.4380        57.92
      1.4390        58.16
      1.4400        58.46
      1.4410        58.62
      1.4420        58.71
      1.4430        59.07
      1.4440        59.25
      1.4450        59.45
      1.4460        59.68
      1.4470        59.95
      1.4480        60.20
      1.4490        60.44
      1.4500        60.69
      1.4510        60.81
      1.4520        61.04
      1.4530        61.27
      1.4540        61.49
      1.4550        61.64
      1.4560        61.71
      1.4570        61.96
      1.4580        62.16
      1.4590        62.35
      1.4600        62.50
      1.4610        62.71
      1.4620        62.99
      1.4630        63.02
      1.4640        63.29
      1.4650        63.53
      1.4660        63.71
      1.4670        63.93
      1.4680        64.20
      1.4690        64.36
      1.4700        64.56
      1.4710        65.00
      1.4720        65.34
      1.4730        65.48
      1.4740        65.72
      1.4750        66.01
      1.4760        66.36
      1.4770        66.57
      1.4780        66.88
      1.4790        67.18
      1.4800        67.46
      1.4810        67.77
      1.4820        68.09
      1.4830        68.50
      1.4840        68.79
      1.4850        69.11
      1.4860        69.49
      1.4870        69.71
      1.4880        69.95
      1.4890        70.26
      1.4900        70.58
      1.4910        70.84
      1.4920        71.01
      1.4930        71.43
      1.4940        71.72
      1.4950        72.06
      1.4960        72.48
      1.4970        72.85
      1.4980        73.26
      1.4990        73.53
      1.5000        74.02
      1.5010        74.26
      1.5020        74.61
      1.5030        74.96
      1.5040        75.33
      1.5050        75.71
      1.5060        76.12
      1.5070        76.57
      1.5080        77.05
      1.5090        77.41
      1.5100        77.82
      1.5110        78.23
      1.5120        78.66
      1.5130        79.02
      1.5140        79.37
      1.5150        79.73
      1.5160        79.97
      1.5170        80.32
      1.5180        80.59
      1.5190        80.99
      1.5200        81.31
      1.5210        81.71
      1.5220        82.02
      1.5230        82.34
      1.5240        82.66
      1.5250        82.95
      1.5260        83.23
      1.5270        83.55
      1.5280        83.83
      1.5290        84.31
      1.5300        84.65
      1.5310        85.02
      1.5320        85.42
      1.5330        85.82
      1.5340        86.30
      1.5350        86.73
      1.5360        87.12
      1.5370        87.52
      1.5380        87.87
      1.5390        88.35
      1.5400        88.76
      1.5410        89.23
      1.5420        89.63
      1.5430        90.14
      1.5440        90.60
      1.5450        91.09
      1.5460        91.52
      1.5470        92.04
      1.5480        92.54
      1.5490        93.07
      1.5500        93.54
      1.5510        94.09
      1.5520        94.72
      1.5530        95.29
      1.5540        95.69
      1.5550        96.28
      1.5560        96.83
      1.5570        97.47
      1.5580        98.10
      1.5590        98.62
      1.5600        99.10
      1.5610        99.73
      1.5620       100.30
      1.5630       100.81
      1.5640       101.36
      1.5650       101.96
      1.5660       102.59
      1.5670       103.07
      1.5680       103.59
      1.5690       104.16
      1.5700       104.83
      1.5710       105.37
      1.5720       105.86
      1.5730       106.38
      1.5740       107.01
      1.5750       107.46
      1.5760       108.11
      1.5770       108.64
      1.5780       109.15
      1.5790       109.59
      1.5800       110.20
      1.5810       110.56
      1.5820       111.16
      1.5830       111.63
      1.5840       112.07
      1.5850       112.56
      1.5860       112.93
      1.5870       113.48
      1.5880       113.92
      1.5890       114.23
      1.5900       114.56
      1.5910       114.84
      1.5920       115.26
      1.5930       115.73
      1.5940       116.12
      1.5950       116.52
      1.5960       116.83
      1.5970       117.16
      1.5980       117.50
      1.5990       117.92
      1.6000       118.23
      1.6010       118.66
      1.6020       118.99
      1.6030       119.33
      1.6040       119.71
      1.6050       120.04
      1.6060       120.38
      1.6070       120.66
      1.6080       120.97
      1.6090       121.42
      1.6100       121.81
      1.6110       122.24
      1.6120       122.53
      1.6130       122.84
      1.6140       123.27
      1.6150       123.67
      1.6160       124.10
      1.6170       124.52
      1.6180       124.99
      1.6190       125.39
      1.6200       125.91
      1.6210       126.34
      1.6220       126.73
      1.6230       127.30
      1.6240       127.83
      1.6250       128.32
      1.6260       128.95
      1.6270       129.50
      1.6280       130.14
      1.6290       130.61
      1.6300       131.12
      1.6310       131.58
      1.6320       132.16
      1.6330       132.69
      1.6340       133.11
      1.6350       133.73
      1.6360       134.26
      1.6370       134.68
      1.6380       135.23
      1.6390       135.83
      1.6400       136.32
      1.6410       136.87
      1.6420       137.36
      1.6430       137.81
      1.6440       138.19
      1.6450       138.68
      1.6460       139.07
      1.6470       139.56
      1.6480       140.01
      1.6490       140.46
      1.6500       140.88
      1.6510       141.28
      1.6520       141.60
      1.6530       141.89
      1.6540       142.32
      1.6550       142.55
      1.6560       142.79
      1.6570       143.04
      1.6580       143.22
      1.6590       143.39
      1.6600       143.58
      1.6610       143.71
      1.6620       143.92
      1.6630       144.10
      1.6640       144.29
      1.6650       144.45
      1.6660       144.58
      1.6670       144.55
      1.6680       144.56
      1.6690       144.62
      1.6700       144.68
      1.6710       144.69
      1.6720       144.87
      1.6730       145.00
      1.6740       145.02
      1.6750       145.06
      1.6760       145.17
      1.6770       145.42
      1.6780       145.54
      1.6790       145.65
      1.6800       145.76
      1.6810       145.97
      1.6820       146.15
      1.6830       146.21
      1.6840       146.42
      1.6850       146.52
      1.6860       146.64
      1.6870       146.77
      1.6880       147.00
      1.6890       147.18
      1.6900       147.44
      1.6910       147.87
      1.6920       148.13
      1.6930       148.41
      1.6940       148.74
      1.6950       149.12
      1.6960       149.39
      1.6970       149.74
      1.6980       150.05
      1.6990       150.38
      1.7000       150.68
      1.7010       150.95
      1.7020       151.19
      1.7030       151.60
      1.7040       151.87
      1.7050       152.28
      1.7060       152.65
      1.7070       153.01
      1.7080       153.28
      1.7090       153.59
      1.7100       153.92
      1.7110       154.07
      1.7120       154.15
      1.7130       154.28
      1.7140       154.40
      1.7150       154.48
      1.7160       154.63
      1.7170       154.62
      1.7180       154.72
      1.7190       154.79
      1.7200       154.86
      1.7210       154.92
      1.7220       155.06
      1.7230       155.07
      1.7240       154.96
      1.7250       154.82
      1.7260       154.82
      1.7270       154.83
      1.7280       154.85
      1.7290       154.78
      1.7300       154.59
      1.7310       154.51
      1.7320       154.47
      1.7330       154.37
      1.7340       154.27
      1.7350       154.21
      1.7360       154.05
      1.7370       154.01
      1.7380       153.92
      1.7390       153.82
      1.7400       153.80
      1.7410       153.69
      1.7420       153.46
      1.7430       153.29
      1.7440       153.21
      1.7450       153.14
      1.7460       153.13
      1.7470       153.06
      1.7480       152.89
      1.7490       152.84
      1.7500       152.85
      1.7510       152.97
      1.7520       153.01
      1.7530       153.11
      1.7540       153.24
      1.7550       153.28
      1.7560       153.36
      1.7570       153.39
      1.7580       153.51
      1.7590       153.63
      1.7600       153.71
      1.7610       153.85
      1.7620       154.05
      1.7630       154.28
      1.7640       154.57
      1.7650       154.74
      1.7660       154.93
      1.7670       155.11
      1.7680       155.36
      1.7690       155.60
      1.7700       155.73
      1.7710       155.86
      1.7720       155.99
      1.7730       156.10
      1.7740       156.15
      1.7750       156.33
      1.7760       156.58
      1.7770       156.74
      1.7780       156.87
      1.7790       156.97
      1.7800       156.99
      1.7810       157.17
      1.7820       157.27
      1.7830       157.33
      1.7840       157.43
      1.7850       157.52
      1.7860       157.57
      1.7870       157.73
      1.7880       157.94
      1.7890       158.13
      1.7900       158.34
      1.7910       158.46
      1.7920       158.66
      1.7930       158.86
      1.7940       159.18
      1.7950       159.23
      1.7960       159.39
      1.7970       159.61
      1.7980       159.79
      1.7990       159.97
      1.8000       160.37
      1.8010       160.50
      1.8020       160.82
      1.8030       161.06
      1.8040       161.25
      1.8050       161.59
      1.8060       161.69
      1.8070       161.87
      1.8080       161.99
      1.8090       162.14
      1.8100       162.39
      1.8110       162.65
      1.8120       162.93
      1.8130       163.10
      1.8140       163.20
      1.8150       163.57
      1.8160       163.74
      1.8170       163.96
      1.8180       164.17
      1.8190       164.49
      1.8200       164.57
      1.8210       164.81
      1.8220       164.88
      1.8230       165.08
      1.8240       165.36
      1.8250       165.50
      1.8260       165.72
      1.8270       165.87
      1.8280       166.06
      1.8290       166.14
      1.8300       166.19
      1.8310       166.27
      1.8320       166.30
      1.8330       166.45
      1.8340       166.51
      1.8350       166.55
      1.8360       166.70
      1.8370       166.81
      1.8380       166.91
      1.8390       166.86
      1.8400       167.01
      1.8410       167.07
      1.8420       167.26
      1.8430       167.46
      1.8440       167.58
      1.8450       167.67
      1.8460       167.94
      1.8470       168.24
      1.8480       168.44
      1.8490       168.65
      1.8500       168.85
      1.8510       169.13
      1.8520       169.44
      1.8530       169.69
      1.8540       170.01
      1.8550       170.19
      1.8560       170.39
      1.8570       170.64
      1.8580       170.86
      1.8590       171.17
      1.8600       171.34
      1.8610       171.57
      1.8620       171.68
      1.8630       171.81
      1.8640       171.92
      1.8650       172.04
      1.8660       172.21
      1.8670       172.31
      1.8680       172.35
      1.8690       172.44
      1.8700       172.60
      1.8710       172.56
      1.8720       172.67
      1.8730       172.76
      1.8740       172.82
      1.8750       172.96
      1.8760       173.06
      1.8770       173.07
      1.8780       173.25
      1.8790       173.37
      1.8800       173.54
      1.8810       173.60
      1.8820       173.76
      1.8830       173.74
      1.8840       173.75
      1.8850       173.92
      1.8860       173.93
      1.8870       173.97
      1.8880       174.04
      1.8890       174.24
      1.8900       174.31
      1.8910       174.52
      1.8920       174.64
      1.8930       174.78
      1.8940       174.87
      1.8950       174.94
      1.8960       174.98
      1.8970       174.94
      1.8980       175.03
      1.8990       174.97
      1.9000       175.04
      1.9010       175.08
      1.9020       175.17
      1.9030       175.35
      1.9040       175.49
      1.9050       175.51
      1.9060       175.56
      1.9070       175.64
      1.9080       175.75
      1.9090       175.75
      1.9100       175.77
      1.9110       175.71
      1.9120       175.63
      1.9130       175.68
      1.9140       175.71
      1.9150       175.75
      1.9160       175.77
      1.9170       175.91
      1.9180       175.90
      1.9190       175.86
      1.9200       175.77
      1.9210       175.81
      1.9220       175.85
      1.9230       175.85
      1.9240       175.79
      1.9250       175.81
      1.9260       175.73
      1.9270       175.69
      1.9280       175.73
      1.9290       175.74
      1.9300       175.76
      1.9310       175.75
      1.9320       175.73
      1.9330       175.76
      1.9340       175.76
      1.9350       175.74
      1.9360       175.77
      1.9370       175.77
      1.9380       175.56
      1.9390       175.66
      1.9400       175.69
      1.9410       175.64
      1.9420       175.60
      1.9430       175.67
      1.9440       175.63
      1.9450       175.61
      1.9460       175.66
      1.9470       175.66
      1.9480       175.55
      1.9490       175.45
      1.9500       175.39
      1.9510       175.41
      1.9520       175.41
      1.9530       175.21
      1.9540       175.25
      1.9550       175.31
      1.9560       175.27
      1.9570       175.26
      1.9580       175.40
      1.9590       175.39
      1.9600       175.40
      1.9610       175.43
      1.9620       175.38
      1.9630       175.22
      1.9640       175.34
      1.9650       175.33
      1.9660       175.38
      1.9670       175.38
      1.9680       175.48
      1.9690       175.57
      1.9700       175.63
      1.9710       175.61
      1.9720       175.61
      1.9730       175.62
      1.9740       175.50
      1.9750       175.45
      1.9760       175.45
      1.9770       175.43
      1.9780       175.33
      1.9790       175.26
      1.9800       175.27
      1.9810       175.25
      1.9820       175.14
      1.9830       175.12
      1.9840       174.98
      1.9850       174.81
      1.9860       174.73
      1.9870       174.65
      1.9880       174.49
      1.9890       174.34
      1.9900       174.19
      1.9910       174.19
      1.9920       174.08
      1.9930       173.97
      1.9940       173.92
      1.9950       173.85
      1.9960       173.68
      1.9970       173.47
      1.9980       173.27
      1.9990       173.16
      2.0000       172.88
      2.0010       172.66
      2.0020       172.54
      2.0030       172.42
      2.0040       172.16
      2.0050       172.14
      2.0060       171.94
      2.0070       171.72
      2.0080       171.56
      2.0090       171.36
      2.0100       171.04
      2.0110       170.73
      2.0120       170.44
      2.0130       170.13
      2.0140       169.89
      2.0150       169.49
      2.0160       169.22
      2.0170       169.06
      2.0180       168.78
      2.0190       168.44
      2.0200       168.11
      2.0210       167.79
      2.0220       167.48
      2.0230       167.06
      2.0240       166.77
      2.0250       166.32
      2.0260       165.84
      2.0270       165.53
      2.0280       165.10
      2.0290       164.82
      2.0300       164.61
      2.0310       164.26
      2.0320       163.94
      2.0330       163.65
      2.0340       163.24
      2.0350       162.94
      2.0360       162.59
      2.0370       162.20
      2.0380       161.93
      2.0390       161.61
      2.0400       161.36
      2.0410       161.07
      2.0420       160.74
      2.0430       160.47
      2.0440       160.26
      2.0450       160.03
      2.0460       159.87
      2.0470       159.58
      2.0480       159.29
      2.0490       158.80
      2.0500       158.39
      2.0510       158.05
      2.0520       157.66
      2.0530       157.26
      2.0540       156.79
      2.0550       156.36
      2.0560       155.87
      2.0570       155.47
      2.0580       155.04
      2.0590       154.57
      2.0600       154.03
      2.0610       153.40
      2.0620       152.85
      2.0630       152.33
      2.0640       151.63
      2.0650       150.99
      2.0660       150.27
      2.0670       149.62
      2.0680       149.00
      2.0690       148.41
      2.0700       147.77
      2.0710       146.96
      2.0720       146.32
      2.0730       145.68
      2.0740       144.98
      2.0750       144.30
      2.0760       143.57
      2.0770       142.76
      2.0780       141.84
      2.0790       141.05
      2.0800       140.18
      2.0810       139.34
      2.0820       138.44
      2.0830       137.45
      2.0840       136.66
      2.0850       135.80
      2.0860       134.90
      2.0870       133.86
      2.0880       132.87
      2.0890       131.89
      2.0900       130.83
      2.0910       129.85
      2.0920       128.84
      2.0930       127.75
      2.0940       126.83
      2.0950       125.69
      2.0960       124.62
      2.0970       123.57
      2.0980       122.59
      2.0990       121.57
      2.1000       120.65
      2.1010       119.73
      2.1020       118.82
      2.1030       117.88
      2.1040       116.91
      2.1050       115.83
      2.1060       114.79
      2.1070       113.88
      2.1080       112.86
      2.1090       111.92
      2.1100       110.97
      2.1110       110.11
      2.1120       109.12
      2.1130       108.33
      2.1140       107.39
      2.1150       106.51
      2.1160       105.72
      2.1170       104.90
      2.1180       104.04
      2.1190       103.14
      2.1200       102.33
      2.1210       101.58
      2.1220       100.80
      2.1230       100.05
      2.1240        99.12
      2.1250        98.37
      2.1260        97.70
      2.1270        96.96
      2.1280        96.37
      2.1290        95.76
      2.1300        95.20
      2.1310        94.57
      2.1320        94.05
      2.1330        93.32
      2.1340        92.71
      2.1350        92.18
      2.1360        91.70
      2.1370        91.15
      2.1380        90.65
      2.1390        90.23
      2.1400        89.64
      2.1410        89.08
      2.1420        88.52
      2.1430        87.95
      2.1440        87.52
      2.1450        87.01
      2.1460        86.46
      2.1470        85.89
      2.1480        85.27
      2.1490        84.68
      2.1500        83.96
      2.1510        83.30
      2.1520        82.50
      2.1530        81.94
      2.1540        81.27
      2.1550        80.68
      2.1560        79.97
      2.1570        79.22
      2.1580        78.47
      2.1590        77.75
      2.1600        77.10
      2.1610        76.35
      2.1620        75.54
      2.1630        74.76
      2.1640        74.10
      2.1650        73.57
      2.1660        72.94
      2.1670        72.32
      2.1680        71.72
      2.1690        71.09
      2.1700        70.61
      2.1710        70.01
      2.1720        69.58
      2.1730        68.94
      2.1740        68.34
      2.1750        67.75
      2.1760        67.15
      2.1770        66.67
      2.1780        66.19
      2.1790        65.54
      2.1800        65.00
      2.1810        64.39
      2.1820        63.95
      2.1830        63.48
      2.1840        62.91
      2.1850        62.20
      2.1860        61.64
      2.1870        60.99
      2.1880        60.44
      2.1890        59.84
      2.1900        59.25
      2.1910        58.78
      2.1920        58.23
      2.1930        57.76
      2.1940        57.31
      2.1950        56.69
      2.1960        56.18
      2.1970        55.73
      2.1980        55.24
      2.1990        54.82
      2.2000        54.31
      2.2010        53.95
      2.2020        53.48
      2.2030        53.04
      2.2040        52.70
      2.2050        52.45
      2.2060        52.06
      2.2070        51.67
      2.2080        51.33
      2.2090        50.94
      2.2100        50.54
      2.2110        50.20
      2.2120        49.85
      2.2130        49.45
      2.2140        49.02
      2.2150        48.70
      2.2160        48.31
      2.2170        47.86
      2.2180        47.46
      2.2190        47.13
      2.2200        46.80
      2.2210        46.49
      2.2220        46.19
      2.2230        45.79
      2.2240        45.37
      2.2250        44.88
      2.2260        44.38
      2.2270        44.04
      2.2280        43.63
      2.2290        43.20
      2.2300        42.85
      2.2310        42.34
      2.2320        41.79
      2.2330        41.41
      2.2340        41.03
      2.2350        40.63
      2.2360        40.23
      2.2370        39.88
      2.2380        39.58
      2.2390        39.28
      2.2400        39.02
      2.2410        38.52
      2.2420        38.19
      2.2430        37.93
      2.2440        37.56
      2.2450        37.23
      2.2460        37.01
      2.2470        36.75
      2.2480        36.41
      2.2490        36.14
      2.2500        35.93
      2.2510        35.78
      2.2520        35.62
      2.2530        35.42
      2.2540        35.12
      2.2550        34.94
      2.2560        34.75
      2.2570        34.46
      2.2580        34.11
      2.2590        33.80
      2.2600        33.44
      2.2610        33.14
      2.2620        32.73
      2.2630        32.28
      2.2640        31.98
      2.2650        31.66
      2.2660        31.37
      2.2670        30.95
      2.2680        30.57
      2.2690        30.27
      2.2700        29.87
      2.2710        29.47
      2.2720        29.18
      2.2730        28.78
      2.2740        28.52
      2.2750        28.25
      2.2760        27.93
      2.2770        27.67
      2.2780        27.32
      2.2790        26.92
      2.2800        26.56
      2.2810        26.34
      2.2820        25.99
      2.2830        25.77
      2.2840        25.46
      2.2850        25.20
      2.2860        24.90
      2.2870        24.74
      2.2880        24.50
      2.2890        24.19
      2.2900        23.97
      2.2910        23.60
      2.2920        23.25
      2.2930        22.91
      2.2940        22.63
      2.2950        22.24
      2.2960        21.89
      2.2970        21.56
      2.2980        21.28
      2.2990        20.96
      2.3000        20.73
      2.3010        20.47
      2.3020        20.23
      2.3030        19.98
      2.3040        19.74
      2.3050        19.43
      2.3060        19.16
      2.3070        18.85
      2.3080        18.56
      2.3090        18.30
      2.3100        17.86
      2.3110        17.58
      2.3120        17.26
      2.3130        17.07
      2.3140        16.70
      2.3150        16.34
      2.3160        16.11
      2.3170        15.82
      2.3180        15.51
      2.3190        15.19
      2.3200        14.89
      2.3210        14.63
      2.3220        14.34
      2.3230        14.01
      2.3240        13.61
      2.3250        13.26
      2.3260        12.92
      2.3270        12.65
      2.3280        12.30
      2.3290        11.87
      2.3300        11.57
      2.3310        11.35
      2.3320        11.15
      2.3330        10.76
      2.3340        10.59
      2.3350        10.48
      2.3360        10.19
      2.3370         9.86
      2.3380         9.68
      2.3390         9.42
      2.3400         9.15
      2.3410         8.71
      2.3420         8.63
      2.3430         8.48
      2.3440         8.27
      2.3450         8.12
      2.3460         7.91
      2.3470         7.58
      2.3480         7.39
      2.3490         7.34
      2.3500         7.31
      2.3510         7.07
      2.3520         6.87
      2.3530         6.79
      2.3540         6.55
      2.3550         5.77
      2.3560         5.71
      2.3570         5.58
      2.3580         5.53
      2.3590         5.38
      2.3600         5.27
      2.3610         5.29
      2.3620         5.07
      2.3630         5.03
      2.3640         4.94
      2.3650         4.79
      2.3660         4.78
      2.3670         4.78
      2.3680         4.77
      2.3690         4.67
      2.3700         4.57
      2.3710         4.58
      2.3720         4.54
      2.3730         4.44
      2.3740         4.45
      2.3750         4.40
      2.3760         4.28
      2.3770         4.21
      2.3780         4.12
      2.3790         4.13
      2.3800         4.08
      2.3810         3.95
      2.3820         3.92
      2.3830         3.85
      2.3840         3.77
      2.3850         3.75
      2.3860         3.70
      2.3870         3.65
      2.3880         3.53
      2.3890         3.55
      2.3900         3.52
      2.3910         2.96
      2.3920         2.99
      2.3930         2.96
      2.3940         3.00
      2.3950         3.02
      2.3960         3.04
      2.3970         3.04
      2.3980         3.11
      2.3990         3.12
      2.4000         3.06
      2.4010         3.11
      2.4020         3.12
      2.4030         3.14
      2.4040         3.20
      2.4050         3.18
      2.4060         3.08
      2.4070         3.03
      2.4080         2.98
      2.4090         2.86
      2.4100         2.78
      2.4110         2.73
      2.4120         2.65
      2.4130         2.63
      2.4140         2.54
      2.4150         2.59
      2.4160         2.54
      2.4170         2.57
      2.4180         2.46
      2.4190         2.45
      2.4200         2.54
      2.4210         2.53
      2.4220         2.50
      2.4230         2.44
      2.4240         2.41
      2.4250         2.41
      2.4260         2.33
      2.4270         2.32
      2.4280         2.36
      2.4290         2.40
      2.4300         2.38
      2.4310         2.38
      2.4320         2.37
      2.4330         2.38
      2.4340         2.33
      2.4350         2.17
      2.4360         2.16
      2.4370         2.13
      2.4380         2.14
      2.4390         2.09
      2.4400         1.96
      2.4410         1.89
      2.4420         1.83
      2.4430         1.81
      2.4440         1.76
      2.4450         1.72
      2.4460         1.79
      2.4470         1.73
      2.4480         1.73
      2.4490         1.71
      2.4500         1.71
      2.4510         1.64
      2.4520         1.60
      2.4530         1.53
      2.4540         1.56
      2.4550         1.59
      2.4560         1.48
      2.4570         1.44
      2.4580         1.43
      2.4590         1.36
      2.4600         1.37
      2.4610         1.37
      2.4620         1.39
      2.4630         1.00
      2.4640         1.00
      2.4650         1.00
      2.4660         1.00
      2.4670         1.00
      2.4680         1.00
      2.4690         1.00
      2.4700         1.00
      2.4710         1.00
      2.4720         1.00
      2.4730         1.00
      2.4740         1.00
      2.4750         1.00
      2.4760         1.00
      2.4770         1.00
      2.4780         1.00
      2.4790         1.00
      2.4800         1.00
      2.4810         1.00
      2.4820         1.00
      2.4830         1.00
      2.4840         1.00
      2.4850         1.00
      2.4860         1.00
      2.4870         1.00
      2.4880         1.00
      2.4890         1.00
      2.4900         1.00
      2.4910         1.00
      2.4920         1.00
      2.4930         1.00
      2.4940         1.00
      2.4950         1.00
      2.4960         1.00
      2.4970         1.00
      2.4980         1.00
      2.4990         1.00
      2.5000         1.00
      2.5010         1.00
      2.5020         1.00
      2.5030         1.00
      2.5040         1.00
      2.5050         1.00
      2.5060         1.00
      2.5070         1.00
      2.5080         1.00
      2.5090         1.00
      2.5100         1.00
      2.5110         1.00
      2.5120         1.00
      2.5130         1.00
      2.5140         1.00
      2.5150         1.00
      2.5160         1.00
      2.5170         1.00
      2.5180         1.00
      2.5190         1.00
      2.5200         1.00
      2.5210         1.00
      2.5220         1.00
      2.5230         1.00
      2.5240         1.00
      2.5250         1.00
      2.5260         1.00
      2.5270         1.00
      2.5280         1.00
      2.5290         1.00
      2.5300         1.00
      2.5310         1.00
      2.5320         1.00
      2.5330         1.00
      2.5340         1.00
      2.5350         1.00
      2.5360         1.00
      2.5370         1.00
      2.5380         1.00
      2.5390         1.00
      2.5400         1.00
      2.5410         1.00
      2.5420         1.00
      2.5430         1.00
      2.5440         1.00
      2.5450         1.00
      2.5460         1.00
      2.5470         1.00
      2.5480         1.00
      2.5490         1.00
      2.5500         1.00
      2.5510         1.00
      2.5520         1.00
      2.5530         1.00
      2.5540         1.00
      2.5550         1.00
      2.5560         1.00
      2.5570         1.00
      2.5580         1.00
      2.5590         1.00
      2.5600         1.00
      2.5610         1.00
      2.5620         1.00
      2.5630         1.00
      2.5640         1.00
      2.5650         1.00
      2.5660         1.00
      2.5670         1.00
      2.5680         1.00
      2.5690         1.00
      2.5700         1.00
      2.5710         1.00
      2.5720         1.00
      2.5730         1.00
      2.5740         1.00
      2.5750         1.00
      2.5760         1.00
      2.5770         1.00
      2.5780         1.00
      2.5790         1.00
      2.5800         1.00
      2.5810         1.00
      2.5820         1.00
      2.5830         1.00
      2.5840         1.00
      2.5850         1.00
      2.5860         1.00
      2.5870         1.00
      2.5880         1.00
      2.5890         1.00
      2.5900         1.00
      2.5910         1.00
      2.5920         1.00
      2.5930         1.00
      2.5940         1.00
      2.5950         1.00
      2.5960         1.00
      2.5970         1.00
      2.5980         1.00
      2.5990         1.00
      2.6000         1.00
      2.6010         1.00
      2.6020         1.00
      2.6030         1.00
      2.6040         1.00
      2.6050         1.00
      2.6060         1.00
      2.6070         1.00
      2.6080         1.00
      2.6090         1.00
      2.6100         1.00
      2.6110         1.00
      2.6120         1.00
      2.6130         1.00
      2.6140         1.00
      2.6150         1.00
      2.6160         1.00
      2.6170         1.00
      2.6180         1.00
      2.6190         1.00
      2.6200         1.00
      2.6210         1.00
      2.6220         1.00
      2.6230         1.00
      2.6240         1.00
      2.6250         1.00
      2.6260         1.00
      2.6270         1.00
      2.6280         1.00
      2.6290         1.00
      2.6300         1.00
      2.6310         1.00
      2.6320         1.00
      2.6330         1.00
      2.6340         1.00
      2.6350         1.00
      2.6360         1.00
      2.6370         1.00
      2.6380         1.00
      2.6390         1.00
      2.6400         1.00
      2.6410         1.00
      2.6420         1.00
      2.6430         1.00
      2.6440         1.00
      2.6450         1.00
      2.6460         1.00
      2.6470         1.00
      2.6480         1.00
      2.6490         1.00
      2.6500         1.00
      2.6510         1.00
      2.6520         1.00
      2.6530         1.00
      2.6540         1.00
      2.6550         1.00
      2.6560         1.00
      2.6570         1.00
      2.6580         1.00
      2.6590         1.00
      2.6600         1.00
      2.6610         1.00
      2.6620         1.00
      2.6630         1.00
      2.6640         1.00
      2.6650         1.00
      2.6660         1.00
      2.6670         1.00
      2.6680         1.00
      2.6690         1.00
      2.6700         1.00
      2.6710         1.00
      2.6720         1.00
      2.6730         1.00
      2.6740         1.00
      2.6750         1.00
      2.6760         1.00
      2.6770         1.00
      2.6780         1.00
      2.6790         1.00
      2.6800         1.00
      2.6810         1.00
      2.6820         1.00
      2.6830         1.00
      2.6840         1.00
      2.6850         1.00
      2.6860         1.00
      2.6870         1.00
      2.6880         1.00
      2.6890         1.00
      2.6900         1.00
      2.6910         1.00
      2.6920         1.00
      2.6930         1.00
      2.6940         1.00
      2.6950         1.00
      2.6960         1.00
      2.6970         1.00
      2.6980         1.00
      2.6990         1.00
      2.7000         1.00
      2.7010         1.00
      2.7020         1.00
      2.7030         1.00
      2.7040         1.00
      2.7050         1.00
      2.7060         1.00
      2.7070         1.00
      2.7080         1.00
      2.7090         1.00
      2.7100         1.00
      2.7110         1.00
      2.7120         1.00
      2.7130         1.00
      2.7140         1.00
      2.7150         1.00
      2.7160         1.00
      2.7170         1.00
      2.7180         1.00
      2.7190         1.00
      2.7200         1.00
      2.7210         1.00
      2.7220         1.00
      2.7230         1.00
      2.7240         1.00
      2.7250         1.00
      2.7260         1.00
      2.7270         1.00
      2.7280         1.00
      2.7290         1.00
      2.7300         1.00
      2.7310         1.00
      2.7320         1.00
      2.7330         1.00
      2.7340         1.00
      2.7350         1.00
      2.7360         1.00
      2.7370         1.00
      2.7380         1.00
      2.7390         1.00
      2.7400         1.00
      2.7410         1.00
      2.7420         1.00
      2.7430         1.00
      2.7440         1.00
      2.7450         1.00
      2.7460         1.00
      2.7470         1.00
      2.7480         1.00
      2.7490         1.00
      2.7500         1.00
      2.7510         1.00
      2.7520         1.00
      2.7530         1.00
      2.7540         1.00
      2.7550         1.00
      2.7560         1.00
      2.7570         1.00
      2.7580         1.00
      2.7590         1.00
      2.7600         1.00
      2.7610         1.00
      2.7620         1.00
      2.7630         1.00
      2.7640         1.00
      2.7650         1.00
      2.7660         1.00
      2.7670         1.00
      2.7680         1.00
      2.7690         1.00
      2.7700         1.00
      2.7710         1.00
      2.7720         1.00
      2.7730         1.00
      2.7740         1.00
      2.7750         1.00
      2.7760         1.00
      2.7770         1.00
      2.7780         1.00
      2.7790         1.00
      2.7800         1.00
      2.7810         1.00
      2.7820         1.00
      2.7830         1.00
      2.7840         1.00
      2.7850         1.00
      2.7860         1.00
      2.7870         1.00
      2.7880         1.00
      2.7890         1.00
      2.7900         1.00
      2.7910         1.00
      2.7920         1.00
      2.7930         1.00
      2.7940         1.00
      2.7950         1.00
      2.7960         1.00
      2.7970         1.00
      2.7980         1.00
      2.7990         1.00
      2.8000         1.00
      2.8010         1.00
      2.8020         1.00
      2.8030         1.00
      2.8040         1.00
      2.8050         1.00
      2.8060         1.00
      2.8070         1.00
      2.8080         1.00
      2.8090         1.00
      2.8100         1.00
      2.8110         1.00
      2.8120         1.00
      2.8130         1.00
      2.8140         1.00
      2.8150         1.00
      2.8160         1.00
      2.8170         1.00
      2.8180         1.00
      2.8190         1.00
      2.8200         1.00
      2.8210         1.00
      2.8220         1.00
      2.8230         1.00
      2.8240         1.00
      2.8250         1.00
      2.8260         1.00
      2.8270         1.00
      2.8280         1.00
      2.8290         1.00
      2.8300         1.00
      2.8310         1.00
      2.8320         1.00
      2.8330         1.00
      2.8340         1.00
      2.8350         1.00
      2.8360         1.00
      2.8370         1.00
      2.8380         1.00
      2.8390         1.00
      2.8400         1.00
      2.8410         1.00
      2.8420         1.00
      2.8430         1.00
      2.8440         1.00
      2.8450         1.00
      2.8460         1.00
      2.8470         1.00
      2.8480         1.00
      2.8490         1.00
      2.8500         1.00
      2.8510         1.00
      2.8520         1.00
      2.8530         1.00
      2.8540         1.00
      2.8550         1.00
      2.8560         1.00
      2.8570         1.00
      2.8580         1.00
      2.8590         1.00
      2.8600         1.00
      2.8610         1.00
      2.8620         1.00
      2.8630         1.00
      2.8640         1.00
      2.8650         1.00
      2.8660         1.00
      2.8670         1.00
      2.8680         1.00
      2.8690         1.00
      2.8700         1.00
      2.8710         1.00
      2.8720         1.00
      2.8730         1.00
      2.8740         1.00
      2.8750         1.00
      2.8760         1.00
      2.8770         1.00
      2.8780         1.00
      2.8790         1.00
      2.8800         1.00
      2.8810         1.00
      2.8820         1.00
      2.8830         1.00
      2.8840         1.00
      2.8850         1.00
      2.8860         1.00
      2.8870         1.00
      2.8880         1.00
      2.8890         1.00
      2.8900         1.00
      2.8910         1.00
      2.8920         1.00
      2.8930         1.00
      2.8940         1.00
      2.8950         1.00
      2.8960         1.00
      2.8970         1.00
      2.8980         1.00
      2.8990         1.00
      2.9000         1.00
      2.9010         1.00
      2.9020         1.00
      2.9030         1.00
      2.9040         1.00
      2.9050         1.00
      2.9060         1.00
      2.9070         1.00
      2.9080         1.00
      2.9090         1.00
      2.9100         1.00
      2.9110         1.00
      2.9120         1.00
      2.9130         1.00
      2.9140         1.00
      2.9150         1.00
      2.9160         1.00
      2.9170         1.00
      2.9180         1.00
      2.9190         1.00
      2.9200         1.00
      2.9210         1.00
      2.9220         1.00
      2.9230         1.00
      2.9240         1.00
      2.9250         1.00
      2.9260         1.00
      2.9270         1.00
      2.9280         1.00
      2.9290         1.00
      2.9300         1.00
      2.9310         1.00
      2.9320         1.00
      2.9330         1.00
      2.9340         1.00
      2.9350         1.00
      2.9360         1.00
      2.9370         1.00
      2.9380         1.00
      2.9390         1.00
      2.9400         1.00
      2.9410         1.00
      2.9420         1.00
      2.9430         1.00
      2.9440         1.00
      2.9450         1.00
      2.9460         1.00
      2.9470         1.00
      2.9480         1.00
      2.9490         1.00
      2.9500         1.00
      2.9510         1.00
      2.9520         1.00
      2.9530         1.00
      2.9540         1.00
      2.9550         1.00
      2.9560         1.00
      2.9570         1.00
      2.9580         1.00
      2.9590         1.00
      2.9600         1.00
      2.9610         1.00
      2.9620         1.00
      2.9630         1.00
      2.9640         1.00
      2.9650         1.00
      2.9660         1.00
      2.9670         1.00
      2.9680         1.00
      2.9690         1.00
      2.9700         1.00
      2.9710         1.00
      2.9720         1.00
      2.9730         1.00
      2.9740         1.00
      2.9750         1.00
      2.9760         1.00
      2.9770         1.00
      2.9780         1.00
      2.9790         1.00
      2.9800         1.00
      2.9810         1.00
      2.9820         1.00
      2.9830         1.00
      2.9840         1.00
      2.9850         1.00
      2.9860         1.00
      2.9870         1.00
      2.9880         1.00
      2.9890         1.00
      2.9900         1.00
      2.9910         1.00
      2.9920         1.00
      2.9930         1.00
      2.9940         1.00
      2.9950         1.00
      2.9960         1.00
      2.9970         1.00
      2.9980         1.00
      2.9990         1.00
