        Time   Palpation Force
      0.0000         1.00
      0.0010         1.00
      0.0020         1.00
      0.0030         1.00
      0.0040         1.00
      0.0050         1.00
      0.0060         1.00
      0.0070         1.00
      0.0080         1.00
      0.0090         1.00
      0.0100         1.00
      0.0110         1.00
      0.0120         1.00
      0.0130         1.00
      0.0140         1.00
      0.0150         1.00
      0.0160         1.00
      0.0170         1.00
      0.0180         1.00
      0.0190         1.00
      0.0200         1.00
      0.0210         1.00
      0.0220         1.00
      0.0230         1.00
      0.0240         1.00
      0.0250         1.00
      0.0260         1.00
      0.0270         1.00
      0.0280         1.00
      0.0290         1.00
      0.0300         1.00
      0.0310         1.00
      0.0320         1.00
      0.0330         1.00
      0.0340         1.00
      0.0350         1.00
      0.0360         1.00
      0.0370         1.00
      0.0380         1.00
      0.0390         1.00
      0.0400         1.00
      0.0410         1.00
      0.0420         1.00
      0.0430         1.00
      0.0440         1.00
      0.0450         1.00
      0.0460         1.00
      0.0470         1.00
      0.0480         1.00
      0.0490         1.00
      0.0500         1.00
      0.0510         1.00
      0.0520         1.00
      0.0530         1.00
      0.0540         1.00
      0.0550         1.00
      0.0560         1.00
      0.0570         1.00
      0.0580         1.00
      0.0590         1.00
      0.0600         1.00
      0.0610         1.00
      0.0620         1.00
      0.0630         1.00
      0.0640         1.00
      0.0650         1.00
      0.0660         1.00
      0.0670         1.00
      0.0680         1.00
      0.0690         1.00
      0.0700         1.00
      0.0710         1.00
      0.0720         1.00
      0.0730         1.00
      0.0740         1.00
      0.0750         1.00
      0.0760         1.00
      0.0770         1.00
      0.0780         1.00
      0.0790         1.00
      0.0800         1.00
      0.0810         1.00
      0.0820         1.00
      0.0830         1.00
      0.0840         1.00
      0.0850         1.00
      0.0860         1.00
      0.0870         1.00
      0.0880         1.00
      0.0890         1.00
      0.0900         1.00
      0.0910         1.00
      0.0920         1.00
      0.0930         1.00
      0.0940         1.00
      0.0950         1.00
      0.0960         1.00
      0.0970         1.00
      0.0980         1.00
      0.0990         1.00
      0.1000         1.00
      0.1010         1.00
      0.1020         1.00
      0.1030         1.00
      0.1040         1.00
      0.1050         1.00
      0.1060         1.00
      0.1070         1.00
      0.1080         1.00
      0.1090         1.00
      0.1100         1.00
      0.1110         1.00
      0.1120         1.00
      0.1130         1.00
      0.1140         1.00
      0.1150         1.00
      0.1160         1.00
      0.1170         1.00
      0.1180         1.00
      0.1190         1.00
      0.1200         1.00
      0.1210         1.00
      0.1220         1.00
      0.1230         1.00
      0.1240         1.00
      0.1250         1.00
      0.1260         1.00
      0.1270         1.00
      0.1280         1.00
      0.1290         1.00
      0.1300         1.00
      0.1310         1.00
      0.1320         1.00
      0.1330         1.00
      0.1340         1.00
      0.1350         1.00
      0.1360         1.00
      0.1370         1.00
      0.1380         1.00
      0.1390         1.00
      0.1400         1.00
      0.1410         1.00
      0.1420         1.00
      0.1430         1.00
      0.1440         1.00
      0.1450         1.00
      0.1460         1.00
      0.1470         1.00
      0.1480         1.00
      0.1490         1.00
      0.1500         1.00
      0.1510         1.00
      0.1520         1.00
      0.1530         1.00
      0.1540         1.00
      0.1550         1.00
      0.1560         1.00
      0.1570         1.00
      0.1580         1.00
      0.1590         1.00
      0.1600         1.00
      0.1610         1.00
      0.1620         1.00
      0.1630         1.00
      0.1640         1.00
      0.1650         1.00
      0.1660         1.00
      0.1670         1.00
      0.1680         1.00
      0.1690         1.00
      0.1700         1.00
      0.1710         1.00
      0.1720         1.00
      0.1730         1.00
      0.1740         1.00
      0.1750         1.00
      0.1760         1.00
      0.1770         1.00
      0.1780         1.00
      0.1790         1.00
      0.1800         1.00
      0.1810         1.00
      0.1820         1.00
      0.1830         1.00
      0.1840         1.00
      0.1850         1.00
      0.1860         1.00
      0.1870         1.00
      0.1880         1.00
      0.1890         1.00
      0.1900         1.00
      0.1910         1.00
      0.1920         1.00
      0.1930         1.00
      0.1940         1.00
      0.1950         1.00
      0.1960         1.00
      0.1970         1.00
      0.1980         1.00
      0.1990         1.00
      0.2000         1.00
      0.2010         1.00
      0.2020         1.00
      0.2030         1.00
      0.2040         1.00
      0.2050         1.00
      0.2060         1.00
      0.2070         1.00
      0.2080         1.00
      0.2090         1.00
      0.2100         1.00
      0.2110         1.00
      0.2120         1.00
      0.2130         1.00
      0.2140         1.00
      0.2150         1.00
      0.2160         1.00
      0.2170         1.00
      0.2180         1.00
      0.2190         1.00
      0.2200         1.00
      0.2210         1.00
      0.2220         1.00
      0.2230         1.00
      0.2240         1.00
      0.2250         1.00
      0.2260         1.00
      0.2270         1.00
      0.2280         1.00
      0.2290         1.00
      0.2300         1.00
      0.2310         1.00
      0.2320         1.00
      0.2330         1.00
      0.2340         1.00
      0.2350         1.00
      0.2360         1.00
      0.2370         1.00
      0.2380         1.00
      0.2390         1.00
      0.2400         1.00
      0.2410         1.00
      0.2420         1.00
      0.2430         1.00
      0.2440         1.00
      0.2450         1.00
      0.2460         1.00
      0.2470         1.00
      0.2480         1.00
      0.2490         1.00
      0.2500         1.00
      0.2510         1.00
      0.2520         1.00
      0.2530         1.00
      0.2540         1.00
      0.2550         1.00
      0.2560         1.00
      0.2570         1.00
      0.2580         1.00
      0.2590         1.00
      0.2600         1.00
      0.2610         1.00
      0.2620         1.00
      0.2630         1.00
      0.2640         1.00
      0.2650         1.00
      0.2660         1.00
      0.2670         1.00
      0.2680         1.00
      0.2690         1.00
      0.2700         1.00
      0.2710         1.00
      0.2720         1.00
      0.2730         1.00
      0.2740         1.00
      0.2750         1.00
      0.2760         1.00
      0.2770         1.00
      0.2780         1.00
      0.2790         1.00
      0.2800         1.00
      0.2810         1.00
      0.2820         1.00
      0.2830         1.00
      0.2840         1.00
      0.2850         1.00
      0.2860         1.00
      0.2870         1.00
      0.2880         1.00
      0.2890         1.00
      0.2900         1.00
      0.2910         1.00
      0.2920         1.00
      0.2930         1.00
      0.2940         1.00
      0.2950         1.00
      0.2960         1.00
      0.2970         1.00
      0.2980         1.00
      0.2990         1.00
      0.3000         1.00
      0.3010         1.00
      0.3020         1.00
      0.3030         1.00
      0.3040         1.00
      0.3050         1.00
      0.3060         1.00
      0.3070         1.00
      0.3080         1.00
      0.3090         1.00
      0.3100         1.00
      0.3110         1.00
      0.3120         1.00
      0.3130         1.00
      0.3140         1.00
      0.3150         1.00
      0.3160         1.00
      0.3170         1.00
      0.3180         1.00
      0.3190         1.00
      0.3200         1.00
      0.3210         1.00
      0.3220         1.00
      0.3230         1.00
      0.3240         1.00
      0.3250         1.00
      0.3260         1.00
      0.3270         1.00
      0.3280         1.00
      0.3290         1.00
      0.3300         1.00
      0.3310         1.00
      0.3320         1.00
      0.3330         1.00
      0.3340         1.00
      0.3350         1.00
      0.3360         1.00
      0.3370         1.00
      0.3380         1.00
      0.3390         1.00
      0.3400         1.00
      0.3410         1.00
      0.3420         1.00
      0.3430         1.00
      0.3440         1.00
      0.3450         1.00
      0.3460         1.00
      0.3470         1.00
      0.3480         1.00
      0.3490         1.00
      0.3500         1.00
      0.3510         1.00
      0.3520         1.00
      0.3530         1.00
      0.3540         1.00
      0.3550         1.00
      0.3560         1.00
      0.3570         1.00
      0.3580         1.00
      0.3590         1.00
      0.3600         1.00
      0.3610         1.00
      0.3620         1.00
      0.3630         1.00
      0.3640         1.00
      0.3650         1.00
      0.3660         1.00
      0.3670         1.00
      0.3680         1.00
      0.3690         1.00
      0.3700         1.00
      0.3710         1.00
      0.3720         1.00
      0.3730         1.00
      0.3740         1.00
      0.3750         1.00
      0.3760         1.00
      0.3770         1.00
      0.3780         1.00
      0.3790         1.00
      0.3800         1.00
      0.3810         1.00
      0.3820         1.00
      0.3830         1.00
      0.3840         1.00
      0.3850         1.00
      0.3860         1.00
      0.3870         1.00
      0.3880         1.00
      0.3890         1.00
      0.3900         1.00
      0.3910         1.00
      0.3920         1.00
      0.3930         1.00
      0.3940         1.00
      0.3950         1.00
      0.3960         1.00
      0.3970         1.00
      0.3980         1.00
      0.3990         1.00
      0.4000         1.00
      0.4010         1.00
      0.4020         1.00
      0.4030         1.00
      0.4040         1.00
      0.4050         1.00
      0.4060         1.00
      0.4070         1.00
      0.4080         1.00
      0.4090         1.00
      0.4100         1.00
      0.4110         1.00
      0.4120         1.00
      0.4130         1.00
      0.4140         1.00
      0.4150         1.00
      0.4160         1.00
      0.4170         1.00
      0.4180         1.00
      0.4190         1.00
      0.4200         1.00
      0.4210         1.00
      0.4220         1.00
      0.4230         1.00
      0.4240         1.00
      0.4250         1.00
      0.4260         1.00
      0.4270         1.00
      0.4280         1.00
      0.4290         1.00
      0.4300         1.00
      0.4310         1.00
      0.4320         1.00
      0.4330         1.00
      0.4340         1.00
      0.4350         1.00
      0.4360         1.00
      0.4370         1.00
      0.4380         1.00
      0.4390         1.00
      0.4400         1.00
      0.4410         1.00
      0.4420         1.00
      0.4430         1.00
      0.4440         1.00
      0.4450         1.00
      0.4460         1.00
      0.4470         1.00
      0.4480         1.00
      0.4490         1.00
      0.4500         1.00
      0.4510         1.00
      0.4520         1.00
      0.4530         1.00
      0.4540         1.00
      0.4550         1.00
      0.4560         1.00
      0.4570         1.00
      0.4580         1.00
      0.4590         1.00
      0.4600         1.00
      0.4610         1.00
      0.4620         1.00
      0.4630         1.00
      0.4640         1.00
      0.4650         1.00
      0.4660         1.00
      0.4670         1.00
      0.4680         1.00
      0.4690         1.00
      0.4700         1.00
      0.4710         1.00
      0.4720         1.00
      0.4730         1.00
      0.4740         1.00
      0.4750         1.00
      0.4760         1.00
      0.4770         1.00
      0.4780         1.00
      0.4790         1.00
      0.4800         1.00
      0.4810         1.00
      0.4820         1.00
      0.4830         1.00
      0.4840         1.00
      0.4850         1.00
      0.4860         1.00
      0.4870         1.00
      0.4880         1.00
      0.4890         1.00
      0.4900         1.00
      0.4910         1.00
      0.4920         1.00
      0.4930         1.00
      0.4940         1.00
      0.4950         1.00
      0.4960         1.00
      0.4970         1.00
      0.4980         1.00
      0.4990         1.00
      0.5000         1.00
      0.5010         1.00
      0.5020         1.00
      0.5030         1.00
      0.5040         1.00
      0.5050         1.00
      0.5060         1.00
      0.5070         1.00
      0.5080         1.00
      0.5090         1.00
      0.5100         1.00
      0.5110         1.00
      0.5120         1.00
      0.5130         1.00
      0.5140         1.00
      0.5150         1.00
      0.5160         1.00
      0.5170         1.00
      0.5180         1.00
      0.5190         1.00
      0.5200         1.00
      0.5210         1.00
      0.5220         1.00
      0.5230         1.00
      0.5240         1.00
      0.5250         1.00
      0.5260         1.00
      0.5270         1.00
      0.5280         1.00
      0.5290         1.00
      0.5300         1.00
      0.5310         1.00
      0.5320         1.00
      0.5330         1.00
      0.5340         1.00
      0.5350         1.00
      0.5360         1.00
      0.5370         1.00
      0.5380         1.00
      0.5390         1.00
      0.5400         1.00
      0.5410         1.00
      0.5420         1.00
      0.5430         1.00
      0.5440         1.00
      0.5450         1.00
      0.5460         1.00
      0.5470         1.00
      0.5480         1.00
      0.5490         1.00
      0.5500         1.00
      0.5510         1.00
      0.5520         1.00
      0.5530         1.00
      0.5540         1.00
      0.5550         1.00
      0.5560         1.00
      0.5570         1.00
      0.5580         1.00
      0.5590         1.00
      0.5600         1.00
      0.5610         1.00
      0.5620         1.00
      0.5630         1.00
      0.5640         1.00
      0.5650         1.00
      0.5660         1.00
      0.5670         1.00
      0.5680         1.00
      0.5690         1.00
      0.5700         1.00
      0.5710         1.00
      0.5720         1.00
      0.5730         1.00
      0.5740         1.00
      0.5750         1.00
      0.5760         1.00
      0.5770         1.00
      0.5780         1.00
      0.5790         1.00
      0.5800         1.00
      0.5810         1.00
      0.5820         1.00
      0.5830         1.00
      0.5840         1.00
      0.5850         1.00
      0.5860         1.00
      0.5870         1.00
      0.5880         1.00
      0.5890         1.00
      0.5900         1.00
      0.5910         1.00
      0.5920         1.00
      0.5930         1.00
      0.5940         1.00
      0.5950         1.00
      0.5960         1.00
      0.5970         1.00
      0.5980         1.00
      0.5990         1.00
      0.6000         1.00
      0.6010         1.00
      0.6020         1.00
      0.6030         1.00
      0.6040         1.00
      0.6050         1.00
      0.6060         1.00
      0.6070         1.00
      0.6080         1.00
      0.6090         1.00
      0.6100         1.00
      0.6110         1.00
      0.6120         1.00
      0.6130         1.00
      0.6140         1.00
      0.6150         1.00
      0.6160         1.00
      0.6170         1.00
      0.6180         1.00
      0.6190         1.00
      0.6200         1.00
      0.6210         1.00
      0.6220         1.00
      0.6230         1.00
      0.6240         1.00
      0.6250         1.00
      0.6260         1.00
      0.6270         1.00
      0.6280         1.00
      0.6290         1.00
      0.6300         1.00
      0.6310         1.00
      0.6320         1.00
      0.6330         1.00
      0.6340         1.00
      0.6350         1.00
      0.6360         1.00
      0.6370         1.00
      0.6380         1.00
      0.6390         1.00
      0.6400         1.00
      0.6410         1.00
      0.6420         1.00
      0.6430         1.00
      0.6440         1.00
      0.6450         1.00
      0.6460         1.00
      0.6470         1.00
      0.6480         1.00
      0.6490         1.00
      0.6500         1.00
      0.6510         1.00
      0.6520         1.00
      0.6530         1.00
      0.6540         1.00
      0.6550         1.00
      0.6560         1.00
      0.6570         1.00
      0.6580         1.00
      0.6590         1.00
      0.6600         1.00
      0.6610         1.00
      0.6620         1.00
      0.6630         1.00
      0.6640         1.00
      0.6650         1.00
      0.6660         1.00
      0.6670         1.00
      0.6680         1.00
      0.6690         1.00
      0.6700         1.00
      0.6710         1.00
      0.6720         1.00
      0.6730         1.00
      0.6740         1.00
      0.6750         1.00
      0.6760         1.00
      0.6770         1.00
      0.6780         1.00
      0.6790         1.00
      0.6800         1.00
      0.6810         1.00
      0.6820         1.00
      0.6830         1.00
      0.6840         1.00
      0.6850         1.00
      0.6860         1.00
      0.6870         1.00
      0.6880         1.00
      0.6890         1.00
      0.6900         1.00
      0.6910         1.00
      0.6920         1.00
      0.6930         1.00
      0.6940         1.00
      0.6950         1.00
      0.6960         1.00
      0.6970         1.00
      0.6980         1.00
      0.6990         1.00
      0.7000         1.00
      0.7010         1.00
      0.7020         1.00
      0.7030         1.00
      0.7040         1.00
      0.7050         1.00
      0.7060         1.00
      0.7070         1.00
      0.7080         1.00
      0.7090         1.00
      0.7100         1.00
      0.7110         1.00
      0.7120         1.00
      0.7130         1.00
      0.7140         1.00
      0.7150         1.00
      0.7160         1.00
      0.7170         1.00
      0.7180         1.00
      0.7190         1.00
      0.7200         1.00
      0.7210         1.00
      0.7220         1.00
      0.7230         1.00
      0.7240         1.00
      0.7250         1.00
      0.7260         1.00
      0.7270         1.00
      0.7280         1.00
      0.7290         1.00
      0.7300         1.00
      0.7310         1.00
      0.7320         1.00
      0.7330         1.00
      0.7340         1.00
      0.7350         1.00
      0.7360         1.00
      0.7370         1.00
      0.7380         1.00
      0.7390         1.00
      0.7400         1.00
      0.7410         1.00
      0.7420         1.00
      0.7430         1.00
      0.7440         1.00
      0.7450         1.00
      0.7460         1.00
      0.7470         1.00
      0.7480         1.00
      0.7490         1.00
      0.7500         1.00
      0.7510         1.00
      0.7520         1.00
      0.7530         1.00
      0.7540         1.00
      0.7550         1.00
      0.7560         1.00
      0.7570         1.00
      0.7580         1.00
      0.7590         1.00
      0.7600         1.00
      0.7610         1.00
      0.7620         1.00
      0.7630         1.00
      0.7640         1.00
      0.7650         1.00
      0.7660         1.00
      0.7670         1.00
      0.7680         1.00
      0.7690         1.00
      0.7700         1.00
      0.7710         1.00
      0.7720         1.00
      0.7730         1.00
      0.7740         1.00
      0.7750         1.00
      0.7760         1.00
      0.7770         1.00
      0.7780         1.00
      0.7790         1.00
      0.7800         1.00
      0.7810         1.00
      0.7820         1.00
      0.7830         1.00
      0.7840         1.00
      0.7850         1.00
      0.7860         1.00
      0.7870         1.00
      0.7880         1.00
      0.7890         1.00
      0.7900         1.00
      0.7910         1.00
      0.7920         1.00
      0.7930         1.00
      0.7940         1.00
      0.7950         1.00
      0.7960         1.00
      0.7970         1.00
      0.7980         1.00
      0.7990         1.00
      0.8000         1.00
      0.8010         1.00
      0.8020         1.00
      0.8030         1.00
      0.8040         1.00
      0.8050         1.00
      0.8060         1.00
      0.8070         1.00
      0.8080         1.00
      0.8090         1.00
      0.8100         1.00
      0.8110         1.00
      0.8120         1.00
      0.8130         1.00
      0.8140         1.00
      0.8150         1.00
      0.8160         1.00
      0.8170         1.00
      0.8180         1.00
      0.8190         1.00
      0.8200         1.00
      0.8210         1.00
      0.8220         1.00
      0.8230         1.00
      0.8240         1.00
      0.8250         1.00
      0.8260         1.00
      0.8270         1.00
      0.8280         1.00
      0.8290         1.00
      0.8300         1.00
      0.8310         1.00
      0.8320         1.00
      0.8330         1.00
      0.8340         1.00
      0.8350         1.00
      0.8360         1.00
      0.8370         1.00
      0.8380         1.00
      0.8390         1.00
      0.8400         1.00
      0.8410         1.00
      0.8420         1.00
      0.8430         1.00
      0.8440         1.00
      0.8450         1.00
      0.8460         1.00
      0.8470         1.00
      0.8480         1.00
      0.8490         1.00
      0.8500         1.00
      0.8510         1.00
      0.8520         1.00
      0.8530         1.00
      0.8540         1.00
      0.8550         1.00
      0.8560         1.00
      0.8570         1.00
      0.8580         1.00
      0.8590         1.00
      0.8600         1.00
      0.8610         1.00
      0.8620         1.00
      0.8630         1.00
      0.8640         1.00
      0.8650         1.00
      0.8660         1.00
      0.8670         1.00
      0.8680         1.00
      0.8690         1.00
      0.8700         1.00
      0.8710         1.00
      0.8720         1.00
      0.8730         1.00
      0.8740         1.00
      0.8750         1.00
      0.8760         1.00
      0.8770         1.00
      0.8780         1.00
      0.8790         1.00
      0.8800         1.00
      0.8810         1.00
      0.8820         1.00
      0.8830         1.00
      0.8840         1.00
      0.8850         1.00
      0.8860         1.00
      0.8870         1.00
      0.8880         1.00
      0.8890         1.00
      0.8900         1.00
      0.8910         1.00
      0.8920         1.00
      0.8930         1.00
      0.8940         1.00
      0.8950         1.00
      0.8960         1.00
      0.8970         1.00
      0.8980         1.00
      0.8990         1.00
      0.9000         1.00
      0.9010         1.00
      0.9020         1.00
      0.9030         1.00
      0.9040         1.00
      0.9050         1.00
      0.9060         1.00
      0.9070         1.00
      0.9080         1.00
      0.9090         1.00
      0.9100         1.00
      0.9110         1.00
      0.9120         1.00
      0.9130         1.00
      0.9140         1.00
      0.9150         1.00
      0.9160         1.00
      0.9170         1.00
      0.9180         1.00
      0.9190         1.00
      0.9200         1.00
      0.9210         1.00
      0.9220         1.00
      0.9230         1.00
      0.9240         1.00
      0.9250         1.00
      0.9260         1.00
      0.9270         1.00
      0.9280         1.00
      0.9290         1.00
      0.9300         1.00
      0.9310         1.00
      0.9320         1.00
      0.9330         1.00
      0.9340         1.00
      0.9350         1.00
      0.9360         1.00
      0.9370         1.00
      0.9380         1.00
      0.9390         1.00
      0.9400         1.00
      0.9410         1.00
      0.9420         1.00
      0.9430         1.00
      0.9440         1.00
      0.9450         1.00
      0.9460         1.00
      0.9470         1.00
      0.9480         1.00
      0.9490         1.00
      0.9500         1.00
      0.9510         1.00
      0.9520         1.00
      0.9530         1.00
      0.9540         1.00
      0.9550         1.00
      0.9560         1.00
      0.9570         1.00
      0.9580         1.00
      0.9590         1.00
      0.9600         1.00
      0.9610         1.00
      0.9620         1.00
      0.9630         1.00
      0.9640         1.00
      0.9650         1.00
      0.9660         1.00
      0.9670         1.00
      0.9680         1.00
      0.9690         1.00
      0.9700         1.00
      0.9710         1.00
      0.9720         1.00
      0.9730         1.00
      0.9740         1.00
      0.9750         1.00
      0.9760         1.00
      0.9770         1.00
      0.9780         1.00
      0.9790         1.00
      0.9800         1.00
      0.9810         1.00
      0.9820         1.00
      0.9830         1.00
      0.9840         1.00
      0.9850         1.00
      0.9860         1.00
      0.9870         1.00
      0.9880         1.00
      0.9890         1.00
      0.9900         1.00
      0.9910         1.00
      0.9920         1.00
      0.9930         1.00
      0.9940         1.00
      0.9950         1.00
      0.9960         1.00
      0.9970         1.00
      0.9980         1.00
      0.9990         1.00
      1.0000         1.00
      1.0010         1.00
      1.0020         1.00
      1.0030         1.00
      1.0040         1.00
      1.0050         1.00
      1.0060         1.00
      1.0070         1.00
      1.0080         1.00
      1.0090         1.00
      1.0100         1.00
      1.0110         1.00
      1.0120         1.00
      1.0130         1.00
      1.0140         1.00
      1.0150         1.00
      1.0160         1.00
      1.0170         1.00
      1.0180         1.00
      1.0190         1.00
      1.0200         1.00
      1.0210         1.00
      1.0220         1.00
      1.0230         1.00
      1.0240         1.00
      1.0250         1.00
      1.0260         1.00
      1.0270         1.00
      1.0280         1.00
      1.0290         1.00
      1.0300         1.00
      1.0310         1.00
      1.0320         1.00
      1.0330         1.00
      1.0340         1.00
      1.0350         1.00
      1.0360         1.00
      1.0370         1.00
      1.0380         1.00
      1.0390         1.00
      1.0400         1.00
      1.0410         1.00
      1.0420         1.00
      1.0430         1.00
      1.0440         1.00
      1.0450         1.00
      1.0460         1.00
      1.0470         1.00
      1.0480         1.00
      1.0490         1.00
      1.0500         1.00
      1.0510         1.00
      1.0520         1.00
      1.0530         1.00
      1.0540         1.00
      1.0550         1.00
      1.0560         1.00
      1.0570         1.00
      1.0580         1.00
      1.0590         1.00
      1.0600         1.00
      1.0610         1.00
      1.0620         1.00
      1.0630         1.00
      1.0640         1.00
      1.0650         1.00
      1.0660         1.00
      1.0670         1.00
      1.0680         1.00
      1.0690         1.00
      1.0700         1.00
      1.0710         1.00
      1.0720         1.00
      1.0730         1.00
      1.0740         1.00
      1.0750         1.00
      1.0760         1.00
      1.0770         1.00
      1.0780         1.00
      1.0790         1.00
      1.0800         1.00
      1.0810         1.00
      1.0820         1.00
      1.0830         1.00
      1.0840         1.00
      1.0850         1.00
      1.0860         1.00
      1.0870         1.00
      1.0880         1.00
      1.0890         1.00
      1.0900         1.00
      1.0910         1.00
      1.0920         1.00
      1.0930         1.00
      1.0940         1.00
      1.0950         1.00
      1.0960         1.00
      1.0970         1.00
      1.0980         1.00
      1.0990         1.00
      1.1000         1.00
      1.1010         1.00
      1.1020         1.00
      1.1030         1.00
      1.1040         1.00
      1.1050         1.00
      1.1060         1.00
      1.1070         1.00
      1.1080         1.00
      1.1090         1.00
      1.1100         1.00
      1.1110         1.00
      1.1120         1.00
      1.1130         1.00
      1.1140         1.00
      1.1150         1.00
      1.1160         1.00
      1.1170         1.00
      1.1180         1.00
      1.1190         1.00
      1.1200         1.00
      1.1210         1.00
      1.1220         1.00
      1.1230         1.00
      1.1240         1.00
      1.1250         1.00
      1.1260         1.00
      1.1270         1.00
      1.1280         1.00
      1.1290         1.00
      1.1300         1.00
      1.1310         1.00
      1.1320         1.00
      1.1330         1.00
      1.1340         1.00
      1.1350         1.00
      1.1360         1.00
      1.1370         1.00
      1.1380         1.00
      1.1390         1.00
      1.1400         1.00
      1.1410         1.00
      1.1420         1.00
      1.1430         1.00
      1.1440         1.00
      1.1450         1.00
      1.1460         1.00
      1.1470         1.00
      1.1480         1.00
      1.1490         1.00
      1.1500         1.00
      1.1510         1.00
      1.1520         1.00
      1.1530         1.00
      1.1540         1.00
      1.1550         1.00
      1.1560         1.00
      1.1570         1.00
      1.1580         1.00
      1.1590         1.00
      1.1600         1.00
      1.1610         1.00
      1.1620         1.00
      1.1630         1.00
      1.1640         1.00
      1.1650         1.00
      1.1660         1.00
      1.1670         1.00
      1.1680         1.00
      1.1690         1.00
      1.1700         1.00
      1.1710         1.00
      1.1720         1.00
      1.1730         1.00
      1.1740         1.00
      1.1750         1.00
      1.1760         1.00
      1.1770         1.00
      1.1780         1.00
      1.1790         1.00
      1.1800         1.00
      1.1810         1.00
      1.1820         1.00
      1.1830         1.00
      1.1840         1.00
      1.1850         1.11
      1.1860         1.21
      1.1870         1.21
      1.1880         1.27
      1.1890         1.84
      1.1900         1.91
      1.1910         2.05
      1.1920         2.09
      1.1930         2.22
      1.1940         2.32
      1.1950         2.41
      1.1960         2.44
      1.1970         2.49
      1.1980         2.59
      1.1990         2.62
      1.2000         2.67
      1.2010         2.62
      1.2020         3.09
      1.2030         3.30
      1.2040         3.32
      1.2050         3.38
      1.2060         3.46
      1.2070         3.66
      1.2080         3.84
      1.2090         3.88
      1.2100         3.97
      1.2110         3.96
      1.2120         4.05
      1.2130         4.24
      1.2140         4.47
      1.2150         4.45
      1.2160         4.62
      1.2170         4.76
      1.2180         4.76
      1.2190         4.86
      1.2200         4.85
      1.2210         4.89
      1.2220         4.97
      1.2230         4.97
      1.2240         5.09
      1.2250         5.18
      1.2260         5.27
      1.2270         5.11
      1.2280         5.12
      1.2290         5.15
      1.2300         5.20
      1.2310         5.24
      1.2320         5.30
      1.2330         5.20
      1.2340         5.06
      1.2350         5.08
      1.2360         5.18
      1.2370         5.19
      1.2380         5.33
      1.2390         5.53
      1.2400         5.69
      1.2410         5.76
      1.2420         5.81
      1.2430         5.95
      1.2440         5.95
      1.2450         6.09
      1.2460         6.17
      1.2470         6.47
      1.2480         6.60
      1.2490         6.75
      1.2500         6.88
      1.2510         7.08
      1.2520         7.07
      1.2530         7.25
      1.2540         7.45
      1.2550         7.65
      1.2560         7.69
      1.2570         7.78
      1.2580         7.92
      1.2590         7.88
      1.2600         7.94
      1.2610         8.08
      1.2620         8.23
      1.2630         8.33
      1.2640         8.53
      1.2650         8.53
      1.2660         8.60
      1.2670         8.71
      1.2680         8.86
      1.2690         8.97
      1.2700         9.06
      1.2710         9.20
      1.2720         9.42
      1.2730         9.54
      1.2740         9.77
      1.2750         9.90
      1.2760        10.11
      1.2770        10.26
      1.2780        10.41
      1.2790        10.64
      1.2800        10.82
      1.2810        11.03
      1.2820        11.04
      1.2830        11.17
      1.2840        11.25
      1.2850        11.46
      1.2860        11.64
      1.2870        11.66
      1.2880        11.68
      1.2890        11.76
      1.2900        11.82
      1.2910        11.82
      1.2920        11.96
      1.2930        11.93
      1.2940        11.86
      1.2950        11.84
      1.2960        11.82
      1.2970        11.94
      1.2980        11.97
      1.2990        11.96
      1.3000        11.96
      1.3010        11.94
      1.3020        12.13
      1.3030        12.14
      1.3040        12.18
      1.3050        12.20
      1.3060        12.24
      1.3070        12.41
      1.3080        12.56
      1.3090        12.63
      1.3100        12.80
      1.3110        12.93
      1.3120        13.01
      1.3130        13.23
      1.3140        13.32
      1.3150        13.44
      1.3160        13.52
      1.3170        13.54
      1.3180        13.67
      1.3190        13.83
      1.3200        14.02
      1.3210        14.15
      1.3220        14.30
      1.3230        14.49
      1.3240        14.62
      1.3250        14.76
      1.3260        14.84
      1.3270        14.93
      1.3280        14.98
      1.3290        15.10
      1.3300        15.14
      1.3310        15.26
      1.3320        15.44
      1.3330        15.47
      1.3340        15.59
      1.3350        15.72
      1.3360        15.89
      1.3370        16.09
      1.3380        16.24
      1.3390        16.24
      1.3400        16.22
      1.3410        16.32
      1.3420        16.43
      1.3430        16.39
      1.3440        16.43
      1.3450        16.54
      1.3460        16.52
      1.3470        16.47
      1.3480        16.54
      1.3490        16.62
      1.3500        16.67
      1.3510        16.68
      1.3520        16.67
      1.3530        16.74
      1.3540        16.80
      1.3550        16.82
      1.3560        16.79
      1.3570        16.80
      1.3580        16.69
      1.3590        16.72
      1.3600        16.81
      1.3610        16.80
      1.3620        16.85
      1.3630        16.96
      1.3640        17.00
      1.3650        16.96
      1.3660        17.19
      1.3670        17.34
      1.3680        17.39
      1.3690        17.44
      1.3700        17.51
      1.3710        17.69
      1.3720        17.73
      1.3730        17.74
      1.3740        17.77
      1.3750        17.79
      1.3760        17.87
      1.3770        17.91
      1.3780        18.03
      1.3790        18.12
      1.3800        18.30
      1.3810        18.39
      1.3820        18.43
      1.3830        18.50
      1.3840        18.58
      1.3850        18.73
      1.3860        18.79
      1.3870        18.98
      1.3880        18.99
      1.3890        19.03
      1.3900        19.14
      1.3910        19.10
      1.3920        19.25
      1.3930        19.40
      1.3940        19.46
      1.3950        19.57
      1.3960        19.64
      1.3970        19.69
      1.3980        19.80
      1.3990        19.86
      1.4000        19.85
      1.4010        19.93
      1.4020        19.88
      1.4030        19.93
      1.4040        20.03
      1.4050        19.92
      1.4060        19.84
      1.4070        19.71
      1.4080        19.84
      1.4090        19.89
      1.4100        19.93
      1.4110        20.00
      1.4120        20.04
      1.4130        20.08
      1.4140        20.13
      1.4150        20.25
      1.4160        20.43
      1.4170        20.57
      1.4180        20.61
      1.4190        20.68
      1.4200        20.76
      1.4210        20.76
      1.4220        20.89
      1.4230        20.88
      1.4240        20.92
      1.4250        21.08
      1.4260        21.16
      1.4270        21.30
      1.4280        21.27
      1.4290        21.26
      1.4300        21.25
      1.4310        21.24
      1.4320        21.32
      1.4330        21.43
      1.4340        21.40
      1.4350        21.32
      1.4360        21.20
      1.4370        21.05
      1.4380        21.04
      1.4390        21.14
      1.4400        21.03
      1.4410        21.12
      1.4420        21.12
      1.4430        21.21
      1.4440        21.34
      1.4450        21.40
      1.4460        21.53
      1.4470        21.49
      1.4480        21.61
      1.4490        21.79
      1.4500        21.89
      1.4510        22.04
      1.4520        22.10
      1.4530        22.07
      1.4540        22.21
      1.4550        22.37
      1.4560        22.51
      1.4570        22.65
      1.4580        22.72
      1.4590        22.74
      1.4600        22.78
      1.4610        22.76
      1.4620        22.84
      1.4630        22.95
      1.4640        22.95
      1.4650        23.02
      1.4660        23.03
      1.4670        23.16
      1.4680        23.16
      1.4690        23.15
      1.4700        23.15
      1.4710        23.15
      1.4720        23.12
      1.4730        23.18
      1.4740        23.13
      1.4750        23.07
      1.4760        23.16
      1.4770        23.22
      1.4780        23.25
      1.4790        23.32
      1.4800        23.37
      1.4810        23.52
      1.4820        23.61
      1.4830        23.52
      1.4840        23.54
      1.4850        23.52
      1.4860        23.45
      1.4870        23.47
      1.4880        23.49
      1.4890        23.48
      1.4900        23.54
      1.4910        23.60
      1.4920        23.63
      1.4930        23.63
      1.4940        23.76
      1.4950        23.83
      1.4960        23.73
      1.4970        23.78
      1.4980        23.76
      1.4990        23.72
      1.5000        23.83
      1.5010        23.73
      1.5020        23.69
      1.5030        23.77
      1.5040        23.74
      1.5050        23.86
      1.5060        23.90
      1.5070        23.94
      1.5080        23.96
      1.5090        24.09
      1.5100        24.07
      1.5110        24.00
      1.5120        23.99
      1.5130        24.04
      1.5140        23.99
      1.5150        24.03
      1.5160        24.01
      1.5170        24.04
      1.5180        24.10
      1.5190        24.00
      1.5200        24.03
      1.5210        24.13
      1.5220        24.13
      1.5230        24.18
      1.5240        24.30
      1.5250        24.25
      1.5260        24.26
      1.5270        24.28
      1.5280        24.34
      1.5290        24.29
      1.5300        24.36
      1.5310        24.49
      1.5320        24.54
      1.5330        24.57
      1.5340        24.70
      1.5350        24.73
      1.5360        24.89
      1.5370        24.92
      1.5380        24.99
      1.5390        25.21
      1.5400        25.23
      1.5410        25.20
      1.5420        25.29
      1.5430        25.33
      1.5440        25.31
      1.5450        25.35
      1.5460        25.43
      1.5470        25.48
      1.5480        25.48
      1.5490        25.54
      1.5500        25.58
      1.5510        25.58
      1.5520        25.58
      1.5530        25.58
      1.5540        25.56
      1.5550        25.67
      1.5560        25.64
      1.5570        25.66
      1.5580        25.64
      1.5590        25.62
      1.5600        25.70
      1.5610        25.75
      1.5620        25.71
      1.5630        25.67
      1.5640        25.68
      1.5650        25.77
      1.5660        25.83
      1.5670        25.79
      1.5680        25.84
      1.5690        25.84
      1.5700        25.91
      1.5710        25.91
      1.5720        25.89
      1.5730        25.89
      1.5740        25.90
      1.5750        25.84
      1.5760        25.78
      1.5770        25.76
      1.5780        25.80
      1.5790        25.80
      1.5800        25.75
      1.5810        25.86
      1.5820        25.97
      1.5830        25.97
      1.5840        26.05
      1.5850        25.96
      1.5860        25.99
      1.5870        26.11
      1.5880        26.16
      1.5890        26.30
      1.5900        26.22
      1.5910        26.27
      1.5920        26.46
      1.5930        26.63
      1.5940        26.72
      1.5950        26.94
      1.5960        27.15
      1.5970        27.31
      1.5980        27.54
      1.5990        27.70
      1.6000        27.97
      1.6010        28.14
      1.6020        28.32
      1.6030        28.65
      1.6040        28.85
      1.6050        29.30
      1.6060        29.58
      1.6070        29.76
      1.6080        30.01
      1.6090        30.24
      1.6100        30.56
      1.6110        30.79
      1.6120        30.92
      1.6130        31.00
      1.6140        31.17
      1.6150        31.31
      1.6160        31.43
      1.6170        31.52
      1.6180        31.47
      1.6190        31.50
      1.6200        31.44
      1.6210        31.41
      1.6220        31.42
      1.6230        31.41
      1.6240        31.40
      1.6250        31.24
      1.6260        31.10
      1.6270        31.09
      1.6280        31.06
      1.6290        30.91
      1.6300        30.81
      1.6310        30.62
      1.6320        30.59
      1.6330        30.51
      1.6340        30.45
      1.6350        30.34
      1.6360        30.34
      1.6370        30.33
      1.6380        30.41
      1.6390        30.49
      1.6400        30.65
      1.6410        30.64
      1.6420        30.72
      1.6430        30.72
      1.6440        30.74
      1.6450        30.89
      1.6460        31.06
      1.6470        31.20
      1.6480        31.28
      1.6490        31.46
      1.6500        31.75
      1.6510        32.20
      1.6520        32.51
      1.6530        32.87
      1.6540        33.14
      1.6550        33.41
      1.6560        33.73
      1.6570        34.08
      1.6580        34.45
      1.6590        34.75
      1.6600        34.94
      1.6610        35.31
      1.6620        35.62
      1.6630        35.88
      1.6640        36.20
      1.6650        36.43
      1.6660        36.80
      1.6670        37.04
      1.6680        37.42
      1.6690        37.74
      1.6700        38.00
      1.6710        38.18
      1.6720        38.46
      1.6730        38.68
      1.6740        39.03
      1.6750        39.31
      1.6760        39.63
      1.6770        39.91
      1.6780        40.26
      1.6790        40.64
      1.6800        41.13
      1.6810        41.53
      1.6820        41.84
      1.6830        42.28
      1.6840        42.67
      1.6850        43.18
      1.6860        43.53
      1.6870        43.93
      1.6880        44.23
      1.6890        44.60
      1.6900        45.03
      1.6910        45.42
      1.6920        45.75
      1.6930        46.15
      1.6940        46.55
      1.6950        46.94
      1.6960        47.24
      1.6970        47.60
      1.6980        47.91
      1.6990        48.29
      1.7000        48.57
      1.7010        48.91
      1.7020        49.32
      1.7030        49.61
      1.7040        50.02
      1.7050        50.22
      1.7060        50.47
      1.7070        50.79
      1.7080        51.18
      1.7090        51.51
      1.7100        51.76
      1.7110        51.97
      1.7120        52.29
      1.7130        52.67
      1.7140        52.97
      1.7150        53.32
      1.7160        53.58
      1.7170        53.87
      1.7180        54.20
      1.7190        54.49
      1.7200        54.75
      1.7210        55.13
      1.7220        55.41
      1.7230        55.80
      1.7240        56.05
      1.7250        56.30
      1.7260        56.64
      1.7270        57.07
      1.7280        57.40
      1.7290        57.78
      1.7300        58.20
      1.7310        58.67
      1.7320        58.98
      1.7330        59.35
      1.7340        59.66
      1.7350        60.01
      1.7360        60.47
      1.7370        60.97
      1.7380        61.38
      1.7390        61.73
      1.7400        62.20
      1.7410        62.49
      1.7420        62.85
      1.7430        63.25
      1.7440        63.66
      1.7450        64.18
      1.7460        64.67
      1.7470        65.10
      1.7480        65.53
      1.7490        65.92
      1.7500        66.35
      1.7510        66.77
      1.7520        67.29
      1.7530        67.70
      1.7540        68.23
      1.7550        68.70
      1.7560        69.13
      1.7570        69.47
      1.7580        69.83
      1.7590        70.30
      1.7600        70.80
      1.7610        71.32
      1.7620        71.80
      1.7630        72.29
      1.7640        72.82
      1.7650        73.24
      1.7660        73.67
      1.7670        74.00
      1.7680        74.41
      1.7690        74.89
      1.7700        75.23
      1.7710        75.65
      1.7720        76.08
      1.7730        76.43
      1.7740        76.77
      1.7750        77.04
      1.7760        77.47
      1.7770        77.80
      1.7780        78.14
      1.7790        78.37
      1.7800        78.54
      1.7810        78.76
      1.7820        79.16
      1.7830        79.31
      1.7840        79.54
      1.7850        79.72
      1.7860        79.88
      1.7870        80.11
      1.7880        80.34
      1.7890        80.49
      1.7900        80.81
      1.7910        81.06
      1.7920        81.28
      1.7930        81.61
      1.7940        81.86
      1.7950        82.20
      1.7960        82.39
      1.7970        82.65
      1.7980        82.97
      1.7990        83.34
      1.8000        83.66
      1.8010        84.06
      1.8020        84.21
      1.8030        84.60
      1.8040        84.92
      1.8050        85.35
      1.8060        85.81
      1.8070        86.28
      1.8080        86.59
      1.8090        86.99
      1.8100        87.42
      1.8110        87.81
      1.8120        88.18
      1.8130        88.57
      1.8140        88.96
      1.8150        89.49
      1.8160        89.92
      1.8170        90.46
      1.8180        90.84
      1.8190        91.38
      1.8200        91.97
      1.8210        92.42
      1.8220        92.97
      1.8230        93.55
      1.8240        94.00
      1.8250        94.48
      1.8260        94.97
      1.8270        95.43
      1.8280        96.06
      1.8290        96.58
      1.8300        96.97
      1.8310        97.41
      1.8320        97.89
      1.8330        98.40
      1.8340        98.95
      1.8350        99.38
      1.8360        99.89
      1.8370       100.34
      1.8380       100.88
      1.8390       101.32
      1.8400       101.71
      1.8410       102.22
      1.8420       102.79
      1.8430       103.34
      1.8440       103.82
      1.8450       104.42
      1.8460       104.96
      1.8470       105.47
      1.8480       105.97
      1.8490       106.62
      1.8500       107.21
      1.8510       107.77
      1.8520       108.34
      1.8530       108.86
      1.8540       109.38
      1.8550       109.96
      1.8560       110.61
      1.8570       111.20
      1.8580       111.80
      1.8590       112.39
      1.8600       113.03
      1.8610       113.69
      1.8620       114.24
      1.8630       114.78
      1.8640       115.49
      1.8650       116.12
      1.8660       116.74
      1.8670       117.39
      1.8680       118.05
      1.8690       118.66
      1.8700       119.35
      1.8710       120.12
      1.8720       120.90
      1.8730       121.66
      1.8740       122.33
      1.8750       123.02
      1.8760       123.65
      1.8770       124.40
      1.8780       125.09
      1.8790       125.80
      1.8800       126.51
      1.8810       127.18
      1.8820       127.85
      1.8830       128.53
      1.8840       129.25
      1.8850       129.87
      1.8860       130.53
      1.8870       131.24
      1.8880       131.94
      1.8890       132.55
      1.8900       133.13
      1.8910       133.72
      1.8920       134.21
      1.8930       134.79
      1.8940       135.47
      1.8950       135.97
      1.8960       136.56
      1.8970       137.11
      1.8980       137.67
      1.8990       138.26
      1.9000       138.79
      1.9010       139.29
      1.9020       139.74
      1.9030       140.32
      1.9040       140.84
      1.9050       141.31
      1.9060       141.82
      1.9070       142.34
      1.9080       142.78
      1.9090       143.27
      1.9100       143.80
      1.9110       144.22
      1.9120       144.71
      1.9130       145.18
      1.9140       145.60
      1.9150       146.12
      1.9160       146.68
      1.9170       147.18
      1.9180       147.65
      1.9190       148.05
      1.9200       148.51
      1.9210       149.02
      1.9220       149.58
      1.9230       150.04
      1.9240       150.46
      1.9250       151.09
      1.9260       151.62
      1.9270       152.06
      1.9280       152.56
      1.9290       153.10
      1.9300       153.62
      1.9310       154.29
      1.9320       154.86
      1.9330       155.37
      1.9340       156.01
      1.9350       156.56
      1.9360       156.96
      1.9370       157.52
      1.9380       158.01
      1.9390       158.51
      1.9400       158.97
      1.9410       159.49
      1.9420       159.93
      1.9430       160.31
      1.9440       160.73
      1.9450       160.99
      1.9460       161.27
      1.9470       161.74
      1.9480       162.02
      1.9490       162.36
      1.9500       162.77
      1.9510       162.95
      1.9520       163.17
      1.9530       163.46
      1.9540       163.55
      1.9550       163.75
      1.9560       163.95
      1.9570       164.06
      1.9580       164.31
      1.9590       164.47
      1.9600       164.56
      1.9610       164.58
      1.9620       164.70
      1.9630       164.75
      1.9640       164.82
      1.9650       164.86
      1.9660       164.92
      1.9670       164.84
      1.9680       164.95
      1.9690       164.97
      1.9700       165.00
      1.9710       165.04
      1.9720       165.08
      1.9730       165.12
      1.9740       165.14
      1.9750       165.23
      1.9760       165.28
      1.9770       165.24
      1.9780       165.12
      1.9790       165.23
      1.9800       165.35
      1.9810       165.40
      1.9820       165.46
      1.9830       165.50
      1.9840       165.50
      1.9850       165.67
      1.9860       165.86
      1.9870       166.01
      1.9880       166.20
      1.9890       166.26
      1.9900       166.19
      1.9910       166.19
      1.9920       166.27
      1.9930       166.34
      1.9940       166.54
      1.9950       166.62
      1.9960       166.77
      1.9970       166.97
      1.9980       167.17
      1.9990       167.17
      2.0000       167.32
      2.0010       167.43
      2.0020       167.55
      2.0030       167.80
      2.0040       167.93
      2.0050       167.94
      2.0060       167.90
      2.0070       167.89
      2.0080       167.72
      2.0090       167.68
      2.0100       167.72
      2.0110       167.76
      2.0120       167.71
      2.0130       167.49
      2.0140       167.32
      2.0150       167.16
      2.0160       167.07
      2.0170       166.85
      2.0180       166.70
      2.0190       166.53
      2.0200       166.32
      2.0210       166.01
      2.0220       165.66
      2.0230       165.35
      2.0240       165.10
      2.0250       164.88
      2.0260       164.64
      2.0270       164.40
      2.0280       164.26
      2.0290       164.08
      2.0300       163.83
      2.0310       163.59
      2.0320       163.43
      2.0330       163.35
      2.0340       163.19
      2.0350       162.99
      2.0360       162.64
      2.0370       162.46
      2.0380       162.23
      2.0390       162.05
      2.0400       161.79
      2.0410       161.72
      2.0420       161.61
      2.0430       161.46
      2.0440       161.35
      2.0450       161.15
      2.0460       161.01
      2.0470       160.90
      2.0480       160.65
      2.0490       160.42
      2.0500       160.24
      2.0510       160.17
      2.0520       159.97
      2.0530       159.78
      2.0540       159.53
      2.0550       159.32
      2.0560       159.21
      2.0570       159.03
      2.0580       158.96
      2.0590       158.76
      2.0600       158.63
      2.0610       158.40
      2.0620       158.16
      2.0630       157.99
      2.0640       157.74
      2.0650       157.55
      2.0660       157.31
      2.0670       157.02
      2.0680       156.82
      2.0690       156.67
      2.0700       156.47
      2.0710       156.12
      2.0720       155.71
      2.0730       155.29
      2.0740       154.97
      2.0750       154.61
      2.0760       154.22
      2.0770       153.71
      2.0780       153.14
      2.0790       152.68
      2.0800       152.12
      2.0810       151.52
      2.0820       151.01
      2.0830       150.31
      2.0840       149.71
      2.0850       149.16
      2.0860       148.54
      2.0870       147.99
      2.0880       147.44
      2.0890       146.69
      2.0900       145.77
      2.0910       145.02
      2.0920       144.34
      2.0930       143.68
      2.0940       142.90
      2.0950       142.13
      2.0960       141.40
      2.0970       140.68
      2.0980       139.93
      2.0990       139.11
      2.1000       138.32
      2.1010       137.61
      2.1020       136.83
      2.1030       136.12
      2.1040       135.33
      2.1050       134.42
      2.1060       133.53
      2.1070       132.66
      2.1080       131.73
      2.1090       130.87
      2.1100       130.15
      2.1110       129.29
      2.1120       128.50
      2.1130       127.61
      2.1140       126.80
      2.1150       125.91
      2.1160       124.94
      2.1170       123.99
      2.1180       123.03
      2.1190       122.00
      2.1200       121.11
      2.1210       120.17
      2.1220       119.27
      2.1230       118.32
      2.1240       117.42
      2.1250       116.44
      2.1260       115.48
      2.1270       114.49
      2.1280       113.55
      2.1290       112.62
      2.1300       111.75
      2.1310       110.89
      2.1320       109.97
      2.1330       109.12
      2.1340       108.22
      2.1350       107.34
      2.1360       106.59
      2.1370       105.86
      2.1380       105.10
      2.1390       104.45
      2.1400       103.66
      2.1410       102.81
      2.1420       101.97
      2.1430       101.23
      2.1440       100.44
      2.1450        99.77
      2.1460        99.06
      2.1470        98.32
      2.1480        97.57
      2.1490        96.79
      2.1500        96.00
      2.1510        95.17
      2.1520        94.35
      2.1530        93.48
      2.1540        92.64
      2.1550        91.87
      2.1560        90.87
      2.1570        89.88
      2.1580        88.97
      2.1590        88.08
      2.1600        87.18
      2.1610        86.28
      2.1620        85.45
      2.1630        84.48
      2.1640        83.54
      2.1650        82.47
      2.1660        81.62
      2.1670        80.63
      2.1680        79.72
      2.1690        78.88
      2.1700        77.97
      2.1710        77.10
      2.1720        76.21
      2.1730        75.38
      2.1740        74.54
      2.1750        73.72
      2.1760        73.04
      2.1770        72.31
      2.1780        71.48
      2.1790        70.58
      2.1800        69.82
      2.1810        69.09
      2.1820        68.37
      2.1830        67.58
      2.1840        66.82
      2.1850        66.25
      2.1860        65.47
      2.1870        64.82
      2.1880        64.05
      2.1890        63.20
      2.1900        62.56
      2.1910        61.82
      2.1920        61.00
      2.1930        60.14
      2.1940        59.41
      2.1950        58.64
      2.1960        57.82
      2.1970        57.03
      2.1980        56.34
      2.1990        55.75
      2.2000        55.03
      2.2010        54.19
      2.2020        53.38
      2.2030        52.60
      2.2040        51.74
      2.2050        50.91
      2.2060        50.12
      2.2070        49.28
      2.2080        48.52
      2.2090        47.72
      2.2100        46.89
      2.2110        46.15
      2.2120        45.47
      2.2130        44.85
      2.2140        44.06
      2.2150        43.36
      2.2160        42.71
      2.2170        41.98
      2.2180        41.33
      2.2190        40.51
      2.2200        39.86
      2.2210        39.33
      2.2220        38.70
      2.2230        38.21
      2.2240        37.66
      2.2250        37.10
      2.2260        36.44
      2.2270        35.88
      2.2280        35.42
      2.2290        34.90
      2.2300        34.42
      2.2310        33.83
      2.2320        33.33
      2.2330        32.77
      2.2340        32.33
      2.2350        31.82
      2.2360        31.32
      2.2370        30.80
      2.2380        30.29
      2.2390        29.89
      2.2400        29.34
      2.2410        28.73
      2.2420        28.18
      2.2430        27.59
      2.2440        27.07
      2.2450        26.61
      2.2460        26.18
      2.2470        25.71
      2.2480        25.14
      2.2490        24.68
      2.2500        24.12
      2.2510        23.59
      2.2520        23.11
      2.2530        22.60
      2.2540        22.13
      2.2550        21.69
      2.2560        21.14
      2.2570        20.70
      2.2580        20.26
      2.2590        19.80
      2.2600        19.33
      2.2610        18.92
      2.2620        18.50
      2.2630        18.02
      2.2640        17.60
      2.2650        17.09
      2.2660        16.63
      2.2670        16.11
      2.2680        15.64
      2.2690        15.22
      2.2700        14.79
      2.2710        14.53
      2.2720        14.14
      2.2730        13.76
      2.2740        13.28
      2.2750        12.84
      2.2760        12.42
      2.2770        12.15
      2.2780        11.71
      2.2790        11.24
      2.2800        10.99
      2.2810        10.70
      2.2820        10.33
      2.2830         9.95
      2.2840         9.59
      2.2850         9.18
      2.2860         8.89
      2.2870         8.61
      2.2880         8.45
      2.2890         8.14
      2.2900         7.88
      2.2910         7.45
      2.2920         7.07
      2.2930         6.83
      2.2940         6.63
      2.2950         6.37
      2.2960         6.15
      2.2970         5.29
      2.2980         5.14
      2.2990         5.06
      2.3000         4.43
      2.3010         4.30
      2.3020         4.20
      2.3030         4.16
      2.3040         4.19
      2.3050         4.12
      2.3060         4.00
      2.3070         3.90
      2.3080         3.79
      2.3090         3.78
      2.3100         3.73
      2.3110         3.77
      2.3120         3.73
      2.3130         3.77
      2.3140         3.73
      2.3150         3.71
      2.3160         3.69
      2.3170         3.69
      2.3180         3.67
      2.3190         3.57
      2.3200         3.51
      2.3210         3.46
      2.3220         3.46
      2.3230         3.45
      2.3240         2.83
      2.3250         2.78
      2.3260         3.29
      2.3270         3.29
      2.3280         3.21
      2.3290         3.18
      2.3300         3.19
      2.3310         2.61
      2.3320         2.61
      2.3330         2.62
      2.3340         2.51
      2.3350         2.51
      2.3360         2.47
      2.3370         2.50
      2.3380         2.34
      2.3390         2.30
      2.3400         2.22
      2.3410         2.26
      2.3420         2.24
      2.3430         2.30
      2.3440         2.30
      2.3450         2.35
      2.3460         1.82
      2.3470         1.81
      2.3480         1.86
      2.3490         1.78
      2.3500         1.72
      2.3510         1.64
      2.3520         1.54
      2.3530         1.49
      2.3540         1.46
      2.3550         1.42
      2.3560         1.42
      2.3570         1.37
      2.3580         1.43
      2.3590         1.59
      2.3600         1.65
      2.3610         2.17
      2.3620         2.29
      2.3630         2.41
      2.3640         2.46
      2.3650         2.47
      2.3660         2.53
      2.3670         2.61
      2.3680         3.17
      2.3690         3.13
      2.3700         3.19
      2.3710         3.26
      2.3720         3.30
      2.3730         3.30
      2.3740         3.31
      2.3750         3.39
      2.3760         3.41
      2.3770         3.37
      2.3780         3.29
      2.3790         3.25
      2.3800         3.06
      2.3810         3.05
      2.3820         2.99
      2.3830         2.86
      2.3840         2.80
      2.3850         2.69
      2.3860         2.57
      2.3870         2.50
      2.3880         2.46
      2.3890         2.52
      2.3900         2.44
      2.3910         2.37
      2.3920         2.33
      2.3930         2.27
      2.3940         2.25
      2.3950         2.25
      2.3960         2.17
      2.3970         2.17
      2.3980         2.17
      2.3990         2.16
      2.4000         2.30
      2.4010         2.29
      2.4020         2.25
      2.4030         2.21
      2.4040         2.13
      2.4050         2.10
      2.4060         2.08
      2.4070         2.03
      2.4080         1.91
      2.4090         1.87
      2.4100         1.80
      2.4110         1.76
      2.4120         1.68
      2.4130         1.68
      2.4140         1.55
      2.4150         1.44
      2.4160         1.40
      2.4170         1.32
      2.4180         1.27
      2.4190         1.00
      2.4200         1.00
      2.4210         1.00
      2.4220         1.00
      2.4230         1.00
      2.4240         1.00
      2.4250         1.00
      2.4260         1.00
      2.4270         1.00
      2.4280         1.00
      2.4290         1.00
      2.4300         1.00
      2.4310         1.00
      2.4320         1.00
      2.4330         1.00
      2.4340         1.00
      2.4350         1.00
      2.4360         1.00
      2.4370         1.00
      2.4380         1.00
      2.4390         1.00
      2.4400         1.00
      2.4410         1.00
      2.4420         1.00
      2.4430         1.00
      2.4440         1.00
      2.4450         1.00
      2.4460         1.00
      2.4470         1.00
      2.4480         1.00
      2.4490         1.00
      2.4500         1.00
      2.4510         1.00
      2.4520         1.00
      2.4530         1.00
      2.4540         1.00
      2.4550         1.00
      2.4560         1.00
      2.4570         1.00
      2.4580         1.00
      2.4590         1.00
      2.4600         1.00
      2.4610         1.00
      2.4620         1.00
      2.4630         1.00
      2.4640         1.00
      2.4650         1.00
      2.4660         1.00
      2.4670         1.00
      2.4680         1.00
      2.4690         1.00
      2.4700         1.00
      2.4710         1.00
      2.4720         1.00
      2.4730         1.00
      2.4740         1.00
      2.4750         1.00
      2.4760         1.00
      2.4770         1.00
      2.4780         1.00
      2.4790         1.00
      2.4800         1.00
      2.4810         1.00
      2.4820         1.00
      2.4830         1.00
      2.4840         1.00
      2.4850         1.00
      2.4860         1.00
      2.4870         1.00
      2.4880         1.00
      2.4890         1.00
      2.4900         1.00
      2.4910         1.00
      2.4920         1.00
      2.4930         1.00
      2.4940         1.00
      2.4950         1.00
      2.4960         1.00
      2.4970         1.00
      2.4980         1.00
      2.4990         1.00
      2.5000         1.00
      2.5010         1.00
      2.5020         1.00
      2.5030         1.00
      2.5040         1.00
      2.5050         1.00
      2.5060         1.00
      2.5070         1.00
      2.5080         1.00
      2.5090         1.00
      2.5100         1.00
      2.5110         1.00
      2.5120         1.00
      2.5130         1.00
      2.5140         1.00
      2.5150         1.00
      2.5160         1.00
      2.5170         1.00
      2.5180         1.00
      2.5190         1.00
      2.5200         1.00
      2.5210         1.00
      2.5220         1.00
      2.5230         1.00
      2.5240         1.00
      2.5250         1.00
      2.5260         1.00
      2.5270         1.00
      2.5280         1.00
      2.5290         1.00
      2.5300         1.00
      2.5310         1.00
      2.5320         1.00
      2.5330         1.00
      2.5340         1.00
      2.5350         1.00
      2.5360         1.00
      2.5370         1.00
      2.5380         1.00
      2.5390         1.00
      2.5400         1.00
      2.5410         1.00
      2.5420         1.00
      2.5430         1.00
      2.5440         1.00
      2.5450         1.00
      2.5460         1.00
      2.5470         1.00
      2.5480         1.00
      2.5490         1.00
      2.5500         1.00
      2.5510         1.00
      2.5520         1.00
      2.5530         1.00
      2.5540         1.00
      2.5550         1.00
      2.5560         1.00
      2.5570         1.00
      2.5580         1.00
      2.5590         1.00
      2.5600         1.00
      2.5610         1.00
      2.5620         1.00
      2.5630         1.00
      2.5640         1.00
      2.5650         1.00
      2.5660         1.00
      2.5670         1.00
      2.5680         1.00
      2.5690         1.00
      2.5700         1.00
      2.5710         1.00
      2.5720         1.00
      2.5730         1.00
      2.5740         1.00
      2.5750         1.00
      2.5760         1.00
      2.5770         1.00
      2.5780         1.00
      2.5790         1.00
      2.5800         1.00
      2.5810         1.00
      2.5820         1.00
      2.5830         1.00
      2.5840         1.00
      2.5850         1.00
      2.5860         1.00
      2.5870         1.00
      2.5880         1.00
      2.5890         1.00
      2.5900         1.00
      2.5910         1.00
      2.5920         1.00
      2.5930         1.00
      2.5940         1.00
      2.5950         1.00
      2.5960         1.00
      2.5970         1.00
      2.5980         1.00
      2.5990         1.00
      2.6000         1.00
      2.6010         1.00
      2.6020         1.00
      2.6030         1.00
      2.6040         1.00
      2.6050         1.00
      2.6060         1.00
      2.6070         1.00
      2.6080         1.00
      2.6090         1.00
      2.6100         1.00
      2.6110         1.00
      2.6120         1.00
      2.6130         1.00
      2.6140         1.00
      2.6150         1.00
      2.6160         1.00
      2.6170         1.00
      2.6180         1.00
      2.6190         1.00
      2.6200         1.00
      2.6210         1.00
      2.6220         1.00
      2.6230         1.00
      2.6240         1.00
      2.6250         1.00
      2.6260         1.00
      2.6270         1.00
      2.6280         1.00
      2.6290         1.00
      2.6300         1.00
      2.6310         1.00
      2.6320         1.00
      2.6330         1.00
      2.6340         1.00
      2.6350         1.00
      2.6360         1.00
      2.6370         1.00
      2.6380         1.00
      2.6390         1.00
      2.6400         1.00
      2.6410         1.00
      2.6420         1.00
      2.6430         1.00
      2.6440         1.00
      2.6450         1.00
      2.6460         1.00
      2.6470         1.00
      2.6480         1.00
      2.6490         1.00
      2.6500         1.00
      2.6510         1.00
      2.6520         1.00
      2.6530         1.00
      2.6540         1.00
      2.6550         1.00
      2.6560         1.00
      2.6570         1.00
      2.6580         1.00
      2.6590         1.00
      2.6600         1.00
      2.6610         1.00
      2.6620         1.00
      2.6630         1.00
      2.6640         1.00
      2.6650         1.00
      2.6660         1.00
      2.6670         1.00
      2.6680         1.00
      2.6690         1.00
      2.6700         1.00
      2.6710         1.00
      2.6720         1.00
      2.6730         1.00
      2.6740         1.00
      2.6750         1.00
      2.6760         1.00
      2.6770         1.00
      2.6780         1.00
      2.6790         1.00
      2.6800         1.00
      2.6810         1.00
      2.6820         1.00
      2.6830         1.00
      2.6840         1.00
      2.6850         1.00
      2.6860         1.00
      2.6870         1.00
      2.6880         1.00
      2.6890         1.00
      2.6900         1.00
      2.6910         1.00
      2.6920         1.00
      2.6930         1.00
      2.6940         1.00
      2.6950         1.00
      2.6960         1.00
      2.6970         1.00
      2.6980         1.00
      2.6990         1.00
      2.7000         1.00
      2.7010         1.00
      2.7020         1.00
      2.7030         1.00
      2.7040         1.00
      2.7050         1.00
      2.7060         1.00
      2.7070         1.00
      2.7080         1.00
      2.7090         1.00
      2.7100         1.00
      2.7110         1.00
      2.7120         1.00
      2.7130         1.00
      2.7140         1.00
      2.7150         1.00
      2.7160         1.00
      2.7170         1.00
      2.7180         1.00
      2.7190         1.00
      2.7200         1.00
      2.7210         1.00
      2.7220         1.00
      2.7230         1.00
      2.7240         1.00
      2.7250         1.00
      2.7260         1.00
      2.7270         1.00
      2.7280         1.00
      2.7290         1.00
      2.7300         1.00
      2.7310         1.00
      2.7320         1.00
      2.7330         1.00
      2.7340         1.00
      2.7350         1.00
      2.7360         1.00
      2.7370         1.00
      2.7380         1.00
      2.7390         1.00
      2.7400         1.00
      2.7410         1.00
      2.7420         1.00
      2.7430         1.00
      2.7440         1.00
      2.7450         1.00
      2.7460         1.00
      2.7470         1.00
      2.7480         1.00
      2.7490         1.00
      2.7500         1.00
      2.7510         1.00
      2.7520         1.00
      2.7530         1.00
      2.7540         1.00
      2.7550         1.00
      2.7560         1.00
      2.7570         1.00
      2.7580         1.00
      2.7590         1.00
      2.7600         1.00
      2.7610         1.00
      2.7620         1.00
      2.7630         1.00
      2.7640         1.00
      2.7650         1.00
      2.7660         1.00
      2.7670         1.00
      2.7680         1.00
      2.7690         1.00
      2.7700         1.00
      2.7710         1.00
      2.7720         1.00
      2.7730         1.00
      2.7740         1.00
      2.7750         1.00
      2.7760         1.00
      2.7770         1.00
      2.7780         1.00
      2.7790         1.00
      2.7800         1.00
      2.7810         1.00
      2.7820         1.00
      2.7830         1.00
      2.7840         1.00
      2.7850         1.00
      2.7860         1.00
      2.7870         1.00
      2.7880         1.00
      2.7890         1.00
      2.7900         1.00
      2.7910         1.00
      2.7920         1.00
      2.7930         1.00
      2.7940         1.00
      2.7950         1.00
      2.7960         1.00
      2.7970         1.00
      2.7980         1.00
      2.7990         1.00
      2.8000         1.00
      2.8010         1.00
      2.8020         1.00
      2.8030         1.00
      2.8040         1.00
      2.8050         1.00
      2.8060         1.00
      2.8070         1.00
      2.8080         1.00
      2.8090         1.00
      2.8100         1.00
      2.8110         1.00
      2.8120         1.00
      2.8130         1.00
      2.8140         1.00
      2.8150         1.00
      2.8160         1.00
      2.8170         1.00
      2.8180         1.00
      2.8190         1.00
      2.8200         1.00
      2.8210         1.00
      2.8220         1.00
      2.8230         1.00
      2.8240         1.00
      2.8250         1.00
      2.8260         1.00
      2.8270         1.00
      2.8280         1.00
      2.8290         1.00
      2.8300         1.00
      2.8310         1.00
      2.8320         1.00
      2.8330         1.00
      2.8340         1.00
      2.8350         1.00
      2.8360         1.00
      2.8370         1.00
      2.8380         1.00
      2.8390         1.00
      2.8400         1.00
      2.8410         1.00
      2.8420         1.00
      2.8430         1.00
      2.8440         1.00
      2.8450         1.00
      2.8460         1.00
      2.8470         1.00
      2.8480         1.00
      2.8490         1.00
      2.8500         1.00
      2.8510         1.00
      2.8520         1.00
      2.8530         1.00
      2.8540         1.00
      2.8550         1.00
      2.8560         1.00
      2.8570         1.00
      2.8580         1.00
      2.8590         1.00
      2.8600         1.00
      2.8610         1.00
      2.8620         1.00
      2.8630         1.00
      2.8640         1.00
      2.8650         1.00
      2.8660         1.00
      2.8670         1.00
      2.8680         1.00
      2.8690         1.00
      2.8700         1.00
      2.8710         1.00
      2.8720         1.00
      2.8730         1.00
      2.8740         1.00
      2.8750         1.00
      2.8760         1.00
      2.8770         1.00
      2.8780         1.00
      2.8790         1.00
      2.8800         1.00
      2.8810         1.00
      2.8820         1.00
      2.8830         1.00
      2.8840         1.00
      2.8850         1.00
      2.8860         1.00
      2.8870         1.00
      2.8880         1.00
      2.8890         1.00
      2.8900         1.00
      2.8910         1.00
      2.8920         1.00
      2.8930         1.00
      2.8940         1.00
      2.8950         1.00
      2.8960         1.00
      2.8970         1.00
      2.8980         1.00
      2.8990         1.00
      2.9000         1.00
      2.9010         1.00
      2.9020         1.00
      2.9030         1.00
      2.9040         1.00
      2.9050         1.00
      2.9060         1.00
      2.9070         1.00
      2.9080         1.00
      2.9090         1.00
      2.9100         1.00
      2.9110         1.00
      2.9120         1.00
      2.9130         1.00
      2.9140         1.00
      2.9150         1.00
      2.9160         1.00
      2.9170         1.00
      2.9180         1.00
      2.9190         1.00
      2.9200         1.00
      2.9210         1.00
      2.9220         1.00
      2.9230         1.00
      2.9240         1.00
      2.9250         1.00
      2.9260         1.00
      2.9270         1.00
      2.9280         1.00
      2.9290         1.00
      2.9300         1.00
      2.9310         1.00
      2.9320         1.00
      2.9330         1.00
      2.9340         1.00
      2.9350         1.00
      2.9360         1.00
      2.9370         1.00
      2.9380         1.00
      2.9390         1.00
      2.9400         1.00
      2.9410         1.00
      2.9420         1.00
      2.9430         1.00
      2.9440         1.00
      2.9450         1.00
      2.9460         1.00
      2.9470         1.00
      2.9480         1.00
      2.9490         1.00
      2.9500         1.00
      2.9510         1.00
      2.9520         1.00
      2.9530         1.00
      2.9540         1.00
      2.9550         1.00
      2.9560         1.00
      2.9570         1.00
      2.9580         1.00
      2.9590         1.00
      2.9600         1.00
      2.9610         1.00
      2.9620         1.00
      2.9630         1.00
      2.9640         1.00
      2.9650         1.00
      2.9660         1.00
      2.9670         1.00
      2.9680         1.00
      2.9690         1.00
      2.9700         1.00
      2.9710         1.00
      2.9720         1.00
      2.9730         1.00
      2.9740         1.00
      2.9750         1.00
      2.9760         1.00
      2.9770         1.00
      2.9780         1.00
      2.9790         1.00
      2.9800         1.00
      2.9810         1.00
      2.9820         1.00
      2.9830         1.00
      2.9840         1.00
      2.9850         1.00
      2.9860         1.00
      2.9870         1.00
      2.9880         1.00
      2.9890         1.00
      2.9900         1.00
      2.9910         1.00
      2.9920         1.00
      2.9930         1.00
      2.9940         1.00
      2.9950         1.00
      2.9960         1.00
      2.9970         1.00
      2.9980         1.00
      2.9990         1.00
