        Time   Palpation Force
      0.0000         1.00
      0.0010         1.00
      0.0020         1.00
      0.0030         1.00
      0.0040         1.00
      0.0050         1.00
      0.0060         1.00
      0.0070         1.00
      0.0080         1.00
      0.0090         1.00
      0.0100         1.00
      0.0110         1.00
      0.0120         1.07
      0.0130         1.71
      0.0140         1.82
      0.0150         1.93
      0.0160         2.03
      0.0170         2.21
      0.0180         2.35
      0.0190         2.45
      0.0200         2.51
      0.0210         2.60
      0.0220         2.61
      0.0230         2.62
      0.0240         2.66
      0.0250         2.66
      0.0260         2.70
      0.0270         2.72
      0.0280         2.72
      0.0290         2.70
      0.0300         2.53
      0.0310         2.47
      0.0320         2.47
      0.0330         2.49
      0.0340         2.51
      0.0350         2.51
      0.0360         2.53
      0.0370         2.43
      0.0380         2.41
      0.0390         2.47
      0.0400         2.45
      0.0410         2.43
      0.0420         2.45
      0.0430         2.45
      0.0440         2.42
      0.0450         2.39
      0.0460         2.34
      0.0470         2.34
      0.0480         2.41
      0.0490         2.48
      0.0500         2.62
      0.0510         2.72
      0.0520         2.76
      0.0530         2.64
      0.0540         2.61
      0.0550         2.68
      0.0560         2.68
      0.0570         2.73
      0.0580         2.70
      0.0590         2.72
      0.0600         2.69
      0.0610         2.73
      0.0620         2.11
      0.0630         2.62
      0.0640         2.66
      0.0650         2.65
      0.0660         2.65
      0.0670         2.58
      0.0680         2.51
      0.0690         2.47
      0.0700         2.45
      0.0710         2.32
      0.0720         2.24
      0.0730         2.36
      0.0740         2.40
      0.0750         2.36
      0.0760         2.36
      0.0770         2.37
      0.0780         2.35
      0.0790         2.33
      0.0800         2.41
      0.0810         2.34
      0.0820         2.39
      0.0830         2.43
      0.0840         2.38
      0.0850         2.41
      0.0860         2.45
      0.0870         2.55
      0.0880         2.57
      0.0890         2.53
      0.0900         2.51
      0.0910         2.55
      0.0920         2.63
      0.0930         2.55
      0.0940         2.49
      0.0950         2.49
      0.0960         2.55
      0.0970         2.61
      0.0980         2.73
      0.0990         2.71
      0.1000         2.65
      0.1010         2.66
      0.1020         2.65
      0.1030         2.57
      0.1040         2.58
      0.1050         2.51
      0.1060         2.49
      0.1070         2.49
      0.1080         2.50
      0.1090         2.57
      0.1100         2.60
      0.1110         2.62
      0.1120         2.57
      0.1130         2.62
      0.1140         2.65
      0.1150         2.65
      0.1160         2.64
      0.1170         2.55
      0.1180         2.50
      0.1190         2.50
      0.1200         2.47
      0.1210         2.50
      0.1220         2.49
      0.1230         2.49
      0.1240         2.50
      0.1250         2.58
      0.1260         2.57
      0.1270         2.50
      0.1280         2.53
      0.1290         2.50
      0.1300         2.58
      0.1310         2.59
      0.1320         2.62
      0.1330         2.61
      0.1340         2.61
      0.1350         2.58
      0.1360         2.56
      0.1370         2.60
      0.1380         2.58
      0.1390         2.56
      0.1400         2.58
      0.1410         2.61
      0.1420         2.65
      0.1430         2.66
      0.1440         2.61
      0.1450         2.56
      0.1460         2.61
      0.1470         2.64
      0.1480         2.62
      0.1490         2.64
      0.1500         2.53
      0.1510         2.46
      0.1520         1.95
      0.1530         1.99
      0.1540         2.57
      0.1550         2.06
      0.1560         2.57
      0.1570         2.61
      0.1580         2.11
      0.1590         2.68
      0.1600         2.72
      0.1610         2.73
      0.1620         2.72
      0.1630         2.81
      0.1640         2.91
      0.1650         2.88
      0.1660         2.91
      0.1670         2.94
      0.1680         2.98
      0.1690         2.94
      0.1700         2.92
      0.1710         3.02
      0.1720         3.03
      0.1730         3.03
      0.1740         2.97
      0.1750         2.92
      0.1760         2.92
      0.1770         2.85
      0.1780         2.81
      0.1790         2.84
      0.1800         2.84
      0.1810         2.77
      0.1820         2.80
      0.1830         2.72
      0.1840         2.66
      0.1850         2.72
      0.1860         2.70
      0.1870         2.66
      0.1880         2.65
      0.1890         2.72
      0.1900         2.77
      0.1910         2.74
      0.1920         2.77
      0.1930         2.78
      0.1940         2.80
      0.1950         2.84
      0.1960         2.87
      0.1970         2.88
      0.1980         2.91
      0.1990         2.87
      0.2000         2.88
      0.2010         2.88
      0.2020         2.88
      0.2030         2.84
      0.2040         2.88
      0.2050         2.87
      0.2060         2.80
      0.2070         2.81
      0.2080         2.76
      0.2090         2.65
      0.2100         2.57
      0.2110         2.57
      0.2120         2.50
      0.2130         2.50
      0.2140         2.53
      0.2150         2.56
      0.2160         2.57
      0.2170         2.57
      0.2180         2.61
      0.2190         2.61
      0.2200         2.57
      0.2210         2.64
      0.2220         2.60
      0.2230         2.64
      0.2240         2.54
      0.2250         2.54
      0.2260         2.54
      0.2270         2.56
      0.2280         2.56
      0.2290         2.65
      0.2300         2.73
      0.2310         2.68
      0.2320         2.66
      0.2330         2.57
      0.2340         2.57
      0.2350         2.58
      0.2360         2.53
      0.2370         2.50
      0.2380         2.41
      0.2390         2.38
      0.2400         2.36
      0.2410         2.32
      0.2420         2.34
      0.2430         2.36
      0.2440         2.46
      0.2450         2.50
      0.2460         2.51
      0.2470         2.55
      0.2480         2.54
      0.2490         2.51
      0.2500         2.46
      0.2510         2.50
      0.2520         2.50
      0.2530         2.50
      0.2540         2.54
      0.2550         2.47
      0.2560         2.45
      0.2570         2.51
      0.2580         2.57
      0.2590         2.55
      0.2600         2.54
      0.2610         2.51
      0.2620         2.55
      0.2630         2.50
      0.2640         2.47
      0.2650         2.42
      0.2660         2.37
      0.2670         2.27
      0.2680         2.31
      0.2690         2.36
      0.2700         2.45
      0.2710         2.45
      0.2720         2.45
      0.2730         2.54
      0.2740         2.53
      0.2750         2.58
      0.2760         2.63
      0.2770         2.66
      0.2780         2.65
      0.2790         2.65
      0.2800         2.73
      0.2810         2.77
      0.2820         2.80
      0.2830         2.88
      0.2840         2.85
      0.2850         2.87
      0.2860         2.95
      0.2870         3.00
      0.2880         3.06
      0.2890         3.04
      0.2900         3.02
      0.2910         3.06
      0.2920         3.12
      0.2930         3.03
      0.2940         2.42
      0.2950         2.96
      0.2960         2.91
      0.2970         2.80
      0.2980         2.82
      0.2990         2.86
      0.3000         2.80
      0.3010         2.77
      0.3020         2.72
      0.3030         2.72
      0.3040         2.76
      0.3050         2.84
      0.3060         2.81
      0.3070         2.80
      0.3080         2.72
      0.3090         2.73
      0.3100         2.68
      0.3110         2.57
      0.3120         2.56
      0.3130         2.62
      0.3140         2.65
      0.3150         2.66
      0.3160         2.79
      0.3170         2.87
      0.3180         2.82
      0.3190         2.84
      0.3200         2.85
      0.3210         2.85
      0.3220         2.80
      0.3230         2.70
      0.3240         2.69
      0.3250         2.62
      0.3260         2.62
      0.3270         2.61
      0.3280         2.62
      0.3290         2.55
      0.3300         2.62
      0.3310         2.75
      0.3320         2.71
      0.3330         2.71
      0.3340         2.73
      0.3350         2.71
      0.3360         2.70
      0.3370         2.63
      0.3380         2.70
      0.3390         2.76
      0.3400         2.80
      0.3410         2.82
      0.3420         2.82
      0.3430         2.89
      0.3440         2.89
      0.3450         2.92
      0.3460         2.95
      0.3470         2.95
      0.3480         2.92
      0.3490         2.89
      0.3500         2.80
      0.3510         2.73
      0.3520         2.66
      0.3530         2.65
      0.3540         2.59
      0.3550         2.54
      0.3560         2.42
      0.3570         2.45
      0.3580         2.39
      0.3590         2.34
      0.3600         2.32
      0.3610         2.35
      0.3620         2.43
      0.3630         2.41
      0.3640         2.41
      0.3650         2.34
      0.3660         2.35
      0.3670         2.37
      0.3680         2.35
      0.3690         2.39
      0.3700         2.46
      0.3710         2.54
      0.3720         2.61
      0.3730         2.67
      0.3740         2.76
      0.3750         2.81
      0.3760         2.80
      0.3770         2.80
      0.3780         2.84
      0.3790         2.80
      0.3800         2.80
      0.3810         2.76
      0.3820         2.70
      0.3830         2.70
      0.3840         2.70
      0.3850         2.73
      0.3860         2.69
      0.3870         2.77
      0.3880         2.80
      0.3890         2.77
      0.3900         2.81
      0.3910         2.67
      0.3920         2.70
      0.3930         2.70
      0.3940         2.63
      0.3950         2.58
      0.3960         2.70
      0.3970         2.70
      0.3980         2.68
      0.3990         2.73
      0.4000         2.72
      0.4010         2.73
      0.4020         2.77
      0.4030         2.78
      0.4040         2.77
      0.4050         2.78
      0.4060         2.80
      0.4070         2.76
      0.4080         2.72
      0.4090         2.76
      0.4100         2.66
      0.4110         2.76
      0.4120         2.76
      0.4130         2.72
      0.4140         2.70
      0.4150         2.74
      0.4160         2.69
      0.4170         2.67
      0.4180         2.65
      0.4190         2.66
      0.4200         2.67
      0.4210         2.66
      0.4220         2.62
      0.4230         2.65
      0.4240         2.66
      0.4250         2.59
      0.4260         2.59
      0.4270         2.61
      0.4280         2.68
      0.4290         2.70
      0.4300         2.80
      0.4310         2.77
      0.4320         2.76
      0.4330         2.70
      0.4340         2.73
      0.4350         2.69
      0.4360         2.62
      0.4370         2.68
      0.4380         2.68
      0.4390         2.66
      0.4400         2.65
      0.4410         2.64
      0.4420         2.64
      0.4430         2.69
      0.4440         2.66
      0.4450         2.76
      0.4460         2.76
      0.4470         2.68
      0.4480         2.62
      0.4490         2.57
      0.4500         2.50
      0.4510         2.48
      0.4520         1.93
      0.4530         2.49
      0.4540         2.50
      0.4550         2.61
      0.4560         2.69
      0.4570         2.69
      0.4580         2.71
      0.4590         2.66
      0.4600         2.71
      0.4610         2.68
      0.4620         2.76
      0.4630         2.74
      0.4640         2.77
      0.4650         2.77
      0.4660         2.72
      0.4670         2.76
      0.4680         2.81
      0.4690         2.84
      0.4700         2.85
      0.4710         2.86
      0.4720         2.93
      0.4730         2.88
      0.4740         2.91
      0.4750         2.81
      0.4760         2.82
      0.4770         2.80
      0.4780         2.78
      0.4790         2.81
      0.4800         2.80
      0.4810         2.81
      0.4820         2.76
      0.4830         2.69
      0.4840         2.66
      0.4850         2.65
      0.4860         2.70
      0.4870         2.69
      0.4880         2.70
      0.4890         2.73
      0.4900         2.70
      0.4910         2.75
      0.4920         2.73
      0.4930         2.76
      0.4940         2.69
      0.4950         2.73
      0.4960         2.72
      0.4970         2.72
      0.4980         2.72
      0.4990         2.76
      0.5000         2.68
      0.5010         2.62
      0.5020         2.58
      0.5030         2.57
      0.5040         2.56
      0.5050         2.50
      0.5060         2.49
      0.5070         2.57
      0.5080         2.53
      0.5090         2.53
      0.5100         2.55
      0.5110         2.55
      0.5120         2.61
      0.5130         2.61
      0.5140         2.60
      0.5150         2.50
      0.5160         2.49
      0.5170         2.46
      0.5180         2.49
      0.5190         2.45
      0.5200         2.46
      0.5210         2.53
      0.5220         2.53
      0.5230         2.54
      0.5240         2.60
      0.5250         2.61
      0.5260         2.61
      0.5270         2.56
      0.5280         2.56
      0.5290         2.53
      0.5300         2.45
      0.5310         2.42
      0.5320         2.34
      0.5330         2.33
      0.5340         2.42
      0.5350         2.56
      0.5360         2.58
      0.5370         2.61
      0.5380         2.60
      0.5390         2.62
      0.5400         2.66
      0.5410         2.68
      0.5420         2.76
      0.5430         2.78
      0.5440         2.77
      0.5450         2.80
      0.5460         2.82
      0.5470         2.81
      0.5480         2.78
      0.5490         2.76
      0.5500         2.80
      0.5510         2.78
      0.5520         2.80
      0.5530         2.84
      0.5540         2.84
      0.5550         2.82
      0.5560         2.80
      0.5570         2.78
      0.5580         2.74
      0.5590         2.69
      0.5600         2.69
      0.5610         2.70
      0.5620         2.63
      0.5630         2.65
      0.5640         2.63
      0.5650         2.67
      0.5660         2.66
      0.5670         2.65
      0.5680         2.70
      0.5690         2.70
      0.5700         2.78
      0.5710         2.85
      0.5720         2.92
      0.5730         2.90
      0.5740         2.88
      0.5750         2.88
      0.5760         2.88
      0.5770         2.87
      0.5780         2.86
      0.5790         2.91
      0.5800         2.88
      0.5810         2.87
      0.5820         2.87
      0.5830         2.80
      0.5840         2.80
      0.5850         2.73
      0.5860         2.70
      0.5870         2.70
      0.5880         2.69
      0.5890         2.72
      0.5900         2.66
      0.5910         2.65
      0.5920         2.63
      0.5930         2.62
      0.5940         2.61
      0.5950         2.63
      0.5960         2.66
      0.5970         2.70
      0.5980         2.74
      0.5990         2.74
      0.6000         2.78
      0.6010         2.77
      0.6020         2.80
      0.6030         2.84
      0.6040         2.86
      0.6050         2.89
      0.6060         2.91
      0.6070         2.95
      0.6080         3.00
      0.6090         3.00
      0.6100         3.00
      0.6110         2.96
      0.6120         2.89
      0.6130         2.89
      0.6140         2.92
      0.6150         2.89
      0.6160         2.89
      0.6170         2.86
      0.6180         2.86
      0.6190         2.90
      0.6200         2.89
      0.6210         2.97
      0.6220         3.00
      0.6230         2.99
      0.6240         2.97
      0.6250         3.01
      0.6260         3.05
      0.6270         3.03
      0.6280         2.99
      0.6290         3.03
      0.6300         3.12
      0.6310         3.19
      0.6320         3.23
      0.6330         3.29
      0.6340         3.33
      0.6350         3.33
      0.6360         3.33
      0.6370         3.33
      0.6380         3.34
      0.6390         3.30
      0.6400         3.31
      0.6410         3.22
      0.6420         3.22
      0.6430         3.25
      0.6440         3.26
      0.6450         3.26
      0.6460         3.22
      0.6470         3.27
      0.6480         3.23
      0.6490         3.19
      0.6500         3.18
      0.6510         3.15
      0.6520         3.19
      0.6530         3.26
      0.6540         3.29
      0.6550         3.27
      0.6560         3.34
      0.6570         3.37
      0.6580         3.46
      0.6590         3.55
      0.6600         3.63
      0.6610         3.72
      0.6620         3.78
      0.6630         3.86
      0.6640         4.02
      0.6650         4.02
      0.6660         4.10
      0.6670         4.13
      0.6680         4.28
      0.6690         4.40
      0.6700         4.43
      0.6710         4.45
      0.6720         4.52
      0.6730         4.49
      0.6740         4.45
      0.6750         4.53
      0.6760         4.57
      0.6770         4.74
      0.6780         4.74
      0.6790         4.75
      0.6800         5.40
      0.6810         5.40
      0.6820         5.53
      0.6830         5.60
      0.6840         5.56
      0.6850         5.68
      0.6860         5.81
      0.6870         5.87
      0.6880         5.92
      0.6890         5.93
      0.6900         6.08
      0.6910         6.22
      0.6920         5.74
      0.6930         5.82
      0.6940         5.97
      0.6950         6.15
      0.6960         6.13
      0.6970         6.12
      0.6980         6.22
      0.6990         6.26
      0.7000         6.31
      0.7010         6.36
      0.7020         6.89
      0.7030         6.91
      0.7040         7.05
      0.7050         7.09
      0.7060         7.21
      0.7070         7.27
      0.7080         7.40
      0.7090         7.45
      0.7100         7.52
      0.7110         7.61
      0.7120         7.76
      0.7130         7.88
      0.7140         7.95
      0.7150         7.91
      0.7160         8.11
      0.7170         8.22
      0.7180         8.24
      0.7190         8.28
      0.7200         8.26
      0.7210         8.32
      0.7220         8.41
      0.7230         8.54
      0.7240         8.63
      0.7250         8.74
      0.7260         8.85
      0.7270         8.96
      0.7280         8.90
      0.7290         9.01
      0.7300         9.02
      0.7310         9.08
      0.7320         9.21
      0.7330         9.86
      0.7340         9.95
      0.7350        10.12
      0.7360        10.26
      0.7370        10.40
      0.7380        10.50
      0.7390        10.74
      0.7400        10.83
      0.7410        10.98
      0.7420        11.07
      0.7430        11.21
      0.7440        11.22
      0.7450        11.34
      0.7460        11.30
      0.7470        11.38
      0.7480        11.56
      0.7490        11.69
      0.7500        11.84
      0.7510        11.97
      0.7520        12.01
      0.7530        11.91
      0.7540        12.01
      0.7550        12.10
      0.7560        12.23
      0.7570        12.19
      0.7580        12.21
      0.7590        12.30
      0.7600        12.44
      0.7610        12.55
      0.7620        12.66
      0.7630        12.82
      0.7640        12.98
      0.7650        13.02
      0.7660        13.15
      0.7670        13.28
      0.7680        13.44
      0.7690        13.54
      0.7700        13.62
      0.7710        13.69
      0.7720        13.85
      0.7730        14.06
      0.7740        14.12
      0.7750        14.16
      0.7760        14.23
      0.7770        14.44
      0.7780        14.64
      0.7790        14.73
      0.7800        14.89
      0.7810        14.93
      0.7820        15.08
      0.7830        15.15
      0.7840        15.19
      0.7850        15.38
      0.7860        15.48
      0.7870        15.57
      0.7880        15.58
      0.7890        15.70
      0.7900        15.84
      0.7910        16.09
      0.7920        16.17
      0.7930        16.33
      0.7940        16.40
      0.7950        16.62
      0.7960        16.79
      0.7970        16.91
      0.7980        17.07
      0.7990        17.24
      0.8000        17.38
      0.8010        17.59
      0.8020        17.61
      0.8030        17.78
      0.8040        17.99
      0.8050        18.14
      0.8060        18.33
      0.8070        18.52
      0.8080        18.65
      0.8090        18.72
      0.8100        18.80
      0.8110        18.75
      0.8120        18.91
      0.8130        19.00
      0.8140        19.26
      0.8150        19.37
      0.8160        19.52
      0.8170        19.67
      0.8180        19.75
      0.8190        19.85
      0.8200        19.89
      0.8210        19.97
      0.8220        20.17
      0.8230        20.33
      0.8240        20.42
      0.8250        20.52
      0.8260        20.77
      0.8270        20.91
      0.8280        21.04
      0.8290        21.25
      0.8300        21.47
      0.8310        21.64
      0.8320        21.75
      0.8330        21.92
      0.8340        21.94
      0.8350        21.98
      0.8360        21.99
      0.8370        22.06
      0.8380        22.18
      0.8390        22.24
      0.8400        22.41
      0.8410        22.56
      0.8420        22.63
      0.8430        22.64
      0.8440        22.71
      0.8450        22.82
      0.8460        22.74
      0.8470        22.82
      0.8480        22.98
      0.8490        23.05
      0.8500        23.08
      0.8510        23.28
      0.8520        23.36
      0.8530        23.50
      0.8540        23.68
      0.8550        23.81
      0.8560        23.90
      0.8570        23.91
      0.8580        23.97
      0.8590        24.06
      0.8600        24.09
      0.8610        24.21
      0.8620        24.22
      0.8630        24.35
      0.8640        24.39
      0.8650        24.46
      0.8660        24.50
      0.8670        24.57
      0.8680        24.68
      0.8690        24.68
      0.8700        24.77
      0.8710        24.75
      0.8720        24.81
      0.8730        24.76
      0.8740        24.76
      0.8750        24.87
      0.8760        24.96
      0.8770        25.12
      0.8780        25.23
      0.8790        25.30
      0.8800        25.38
      0.8810        25.49
      0.8820        25.65
      0.8830        25.77
      0.8840        25.86
      0.8850        25.89
      0.8860        26.04
      0.8870        26.12
      0.8880        26.22
      0.8890        26.31
      0.8900        26.34
      0.8910        26.43
      0.8920        26.50
      0.8930        26.57
      0.8940        26.69
      0.8950        26.72
      0.8960        26.86
      0.8970        26.93
      0.8980        26.97
      0.8990        27.01
      0.9000        27.02
      0.9010        26.97
      0.9020        27.13
      0.9030        27.18
      0.9040        27.35
      0.9050        27.55
      0.9060        27.62
      0.9070        27.67
      0.9080        27.78
      0.9090        27.89
      0.9100        27.92
      0.9110        28.04
      0.9120        28.16
      0.9130        28.27
      0.9140        28.35
      0.9150        28.44
      0.9160        28.58
      0.9170        28.65
      0.9180        28.74
      0.9190        28.96
      0.9200        29.08
      0.9210        29.19
      0.9220        29.11
      0.9230        29.15
      0.9240        29.11
      0.9250        29.09
      0.9260        29.09
      0.9270        29.27
      0.9280        29.21
      0.9290        29.24
      0.9300        29.42
      0.9310        29.44
      0.9320        29.44
      0.9330        29.45
      0.9340        29.41
      0.9350        29.50
      0.9360        29.46
      0.9370        29.53
      0.9380        29.58
      0.9390        29.55
      0.9400        29.62
      0.9410        29.76
      0.9420        29.81
      0.9430        29.90
      0.9440        30.06
      0.9450        30.07
      0.9460        30.09
      0.9470        29.97
      0.9480        30.05
      0.9490        30.09
      0.9500        30.00
      0.9510        30.06
      0.9520        30.01
      0.9530        30.04
      0.9540        30.11
      0.9550        29.97
      0.9560        29.97
      0.9570        29.89
      0.9580        29.84
      0.9590        29.73
      0.9600        29.64
      0.9610        29.53
      0.9620        29.55
      0.9630        29.51
      0.9640        29.47
      0.9650        29.53
      0.9660        29.60
      0.9670        29.64
      0.9680        29.57
      0.9690        29.54
      0.9700        29.59
      0.9710        29.57
      0.9720        29.73
      0.9730        29.78
      0.9740        29.78
      0.9750        29.89
      0.9760        29.83
      0.9770        29.93
      0.9780        29.95
      0.9790        30.02
      0.9800        30.13
      0.9810        30.05
      0.9820        30.06
      0.9830        30.10
      0.9840        30.10
      0.9850        30.12
      0.9860        30.17
      0.9870        30.15
      0.9880        30.21
      0.9890        30.27
      0.9900        30.31
      0.9910        30.25
      0.9920        30.13
      0.9930        30.10
      0.9940        30.20
      0.9950        30.16
      0.9960        30.17
      0.9970        30.13
      0.9980        30.13
      0.9990        30.17
      1.0000        30.14
      1.0010        30.24
      1.0020        30.25
      1.0030        30.22
      1.0040        30.36
      1.0050        30.33
      1.0060        30.31
      1.0070        30.41
      1.0080        30.45
      1.0090        30.50
      1.0100        30.46
      1.0110        30.49
      1.0120        30.60
      1.0130        30.64
      1.0140        30.61
      1.0150        30.60
      1.0160        30.60
      1.0170        30.53
      1.0180        30.52
      1.0190        30.50
      1.0200        30.57
      1.0210        30.62
      1.0220        30.77
      1.0230        30.86
      1.0240        30.71
      1.0250        30.70
      1.0260        30.76
      1.0270        30.75
      1.0280        30.71
      1.0290        30.70
      1.0300        30.78
      1.0310        30.77
      1.0320        30.70
      1.0330        30.73
      1.0340        30.74
      1.0350        30.77
      1.0360        30.78
      1.0370        30.89
      1.0380        30.89
      1.0390        30.84
      1.0400        30.65
      1.0410        30.60
      1.0420        30.44
      1.0430        30.33
      1.0440        30.41
      1.0450        30.47
      1.0460        30.41
      1.0470        30.40
      1.0480        30.40
      1.0490        30.38
      1.0500        30.33
      1.0510        30.32
      1.0520        30.42
      1.0530        30.33
      1.0540        30.25
      1.0550        30.25
      1.0560        30.29
      1.0570        30.24
      1.0580        30.29
      1.0590        30.38
      1.0600        30.45
      1.0610        30.45
      1.0620        30.57
      1.0630        30.53
      1.0640        30.46
      1.0650        30.49
      1.0660        30.45
      1.0670        30.33
      1.0680        30.41
      1.0690        30.39
      1.0700        30.43
      1.0710        30.48
      1.0720        30.35
      1.0730        30.35
      1.0740        30.47
      1.0750        30.51
      1.0760        30.51
      1.0770        30.58
      1.0780        30.51
      1.0790        30.46
      1.0800        30.51
      1.0810        30.46
      1.0820        30.43
      1.0830        30.59
      1.0840        30.60
      1.0850        30.56
      1.0860        30.60
      1.0870        30.71
      1.0880        30.62
      1.0890        30.64
      1.0900        30.56
      1.0910        30.54
      1.0920        30.54
      1.0930        30.57
      1.0940        30.47
      1.0950        30.49
      1.0960        30.49
      1.0970        30.42
      1.0980        30.35
      1.0990        30.29
      1.1000        30.26
      1.1010        30.32
      1.1020        30.28
      1.1030        30.14
      1.1040        30.09
      1.1050        30.14
      1.1060        30.18
      1.1070        30.14
      1.1080        30.12
      1.1090        30.12
      1.1100        30.05
      1.1110        30.09
      1.1120        30.16
      1.1130        30.17
      1.1140        30.17
      1.1150        30.11
      1.1160        30.10
      1.1170        30.08
      1.1180        30.18
      1.1190        30.40
      1.1200        30.35
      1.1210        30.42
      1.1220        30.47
      1.1230        30.53
      1.1240        30.53
      1.1250        30.50
      1.1260        30.39
      1.1270        30.35
      1.1280        30.31
      1.1290        30.29
      1.1300        30.36
      1.1310        30.17
      1.1320        30.16
      1.1330        30.19
      1.1340        30.17
      1.1350        30.21
      1.1360        30.17
      1.1370        30.16
      1.1380        30.07
      1.1390        29.92
      1.1400        30.04
      1.1410        30.05
      1.1420        29.90
      1.1430        29.85
      1.1440        29.90
      1.1450        29.81
      1.1460        29.79
      1.1470        29.89
      1.1480        30.01
      1.1490        30.01
      1.1500        30.05
      1.1510        30.11
      1.1520        30.06
      1.1530        30.03
      1.1540        29.99
      1.1550        29.98
      1.1560        29.95
      1.1570        29.90
      1.1580        30.02
      1.1590        29.95
      1.1600        29.81
      1.1610        29.77
      1.1620        29.79
      1.1630        29.68
      1.1640        29.58
      1.1650        29.55
      1.1660        29.51
      1.1670        29.39
      1.1680        29.24
      1.1690        29.17
      1.1700        29.16
      1.1710        29.16
      1.1720        29.15
      1.1730        29.10
      1.1740        29.13
      1.1750        29.06
      1.1760        29.10
      1.1770        29.13
      1.1780        29.03
      1.1790        29.06
      1.1800        29.09
      1.1810        28.92
      1.1820        28.84
      1.1830        28.87
      1.1840        28.82
      1.1850        28.75
      1.1860        28.63
      1.1870        28.61
      1.1880        28.54
      1.1890        28.48
      1.1900        28.35
      1.1910        28.23
      1.1920        28.17
      1.1930        28.07
      1.1940        27.96
      1.1950        27.92
      1.1960        27.86
      1.1970        27.83
      1.1980        27.76
      1.1990        27.65
      1.2000        27.49
      1.2010        27.41
      1.2020        27.39
      1.2030        27.34
      1.2040        27.31
      1.2050        27.40
      1.2060        27.42
      1.2070        27.40
      1.2080        27.35
      1.2090        27.32
      1.2100        27.31
      1.2110        27.32
      1.2120        27.20
      1.2130        27.13
      1.2140        27.12
      1.2150        26.97
      1.2160        26.81
      1.2170        26.72
      1.2180        26.60
      1.2190        26.54
      1.2200        26.61
      1.2210        26.64
      1.2220        26.57
      1.2230        26.49
      1.2240        26.43
      1.2250        26.25
      1.2260        26.26
      1.2270        26.13
      1.2280        26.10
      1.2290        26.05
      1.2300        25.98
      1.2310        25.88
      1.2320        25.88
      1.2330        25.85
      1.2340        25.76
      1.2350        25.79
      1.2360        25.81
      1.2370        25.74
      1.2380        25.73
      1.2390        25.73
      1.2400        25.56
      1.2410        25.44
      1.2420        25.50
      1.2430        25.41
      1.2440        25.44
      1.2450        25.40
      1.2460        25.36
      1.2470        25.22
      1.2480        25.16
      1.2490        25.14
      1.2500        25.05
      1.2510        25.07
      1.2520        24.96
      1.2530        24.92
      1.2540        24.94
      1.2550        24.88
      1.2560        24.88
      1.2570        24.87
      1.2580        24.91
      1.2590        24.83
      1.2600        24.87
      1.2610        24.86
      1.2620        24.72
      1.2630        24.75
      1.2640        24.66
      1.2650        24.62
      1.2660        24.61
      1.2670        24.66
      1.2680        24.65
      1.2690        24.60
      1.2700        24.70
      1.2710        24.65
      1.2720        24.72
      1.2730        24.61
      1.2740        24.49
      1.2750        24.45
      1.2760        24.34
      1.2770        24.27
      1.2780        24.17
      1.2790        24.15
      1.2800        24.18
      1.2810        24.21
      1.2820        24.18
      1.2830        24.17
      1.2840        24.15
      1.2850        24.27
      1.2860        24.19
      1.2870        24.18
      1.2880        24.08
      1.2890        23.99
      1.2900        23.81
      1.2910        23.88
      1.2920        23.84
      1.2930        23.88
      1.2940        23.86
      1.2950        23.83
      1.2960        23.74
      1.2970        23.75
      1.2980        23.75
      1.2990        23.68
      1.3000        23.62
      1.3010        23.50
      1.3020        23.41
      1.3030        23.30
      1.3040        23.17
      1.3050        22.98
      1.3060        22.95
      1.3070        23.05
      1.3080        23.10
      1.3090        23.09
      1.3100        23.13
      1.3110        23.05
      1.3120        23.03
      1.3130        23.03
      1.3140        22.97
      1.3150        23.03
      1.3160        23.09
      1.3170        22.98
      1.3180        22.99
      1.3190        23.02
      1.3200        23.06
      1.3210        23.09
      1.3220        23.10
      1.3230        23.07
      1.3240        23.17
      1.3250        23.18
      1.3260        23.19
      1.3270        23.07
      1.3280        23.04
      1.3290        23.05
      1.3300        22.95
      1.3310        22.92
      1.3320        22.89
      1.3330        22.84
      1.3340        22.85
      1.3350        22.72
      1.3360        22.65
      1.3370        22.71
      1.3380        22.53
      1.3390        22.51
      1.3400        22.37
      1.3410        22.37
      1.3420        22.36
      1.3430        22.40
      1.3440        22.26
      1.3450        22.10
      1.3460        22.06
      1.3470        21.95
      1.3480        21.96
      1.3490        21.98
      1.3500        21.96
      1.3510        21.92
      1.3520        21.99
      1.3530        21.99
      1.3540        21.97
      1.3550        22.03
      1.3560        22.07
      1.3570        21.96
      1.3580        22.04
      1.3590        22.01
      1.3600        21.88
      1.3610        21.82
      1.3620        21.86
      1.3630        21.81
      1.3640        21.77
      1.3650        21.81
      1.3660        21.72
      1.3670        21.73
      1.3680        21.61
      1.3690        21.45
      1.3700        21.41
      1.3710        21.36
      1.3720        21.21
      1.3730        21.09
      1.3740        21.10
      1.3750        21.02
      1.3760        20.96
      1.3770        20.87
      1.3780        20.92
      1.3790        20.85
      1.3800        20.92
      1.3810        20.87
      1.3820        20.69
      1.3830        20.70
      1.3840        20.76
      1.3850        20.74
      1.3860        20.67
      1.3870        20.62
      1.3880        20.55
      1.3890        20.55
      1.3900        20.53
      1.3910        20.52
      1.3920        20.43
      1.3930        20.36
      1.3940        20.23
      1.3950        20.17
      1.3960        20.14
      1.3970        20.14
      1.3980        19.91
      1.3990        19.84
      1.4000        19.71
      1.4010        19.60
      1.4020        19.48
      1.4030        19.29
      1.4040        19.13
      1.4050        19.09
      1.4060        19.06
      1.4070        19.01
      1.4080        18.95
      1.4090        18.83
      1.4100        18.72
      1.4110        18.56
      1.4120        18.55
      1.4130        18.50
      1.4140        18.44
      1.4150        18.27
      1.4160        18.09
      1.4170        17.99
      1.4180        17.90
      1.4190        17.75
      1.4200        17.64
      1.4210        17.50
      1.4220        17.43
      1.4230        17.31
      1.4240        17.16
      1.4250        17.00
      1.4260        16.85
      1.4270        16.16
      1.4280        16.05
      1.4290        15.92
      1.4300        15.88
      1.4310        15.78
      1.4320        15.64
      1.4330        15.62
      1.4340        15.39
      1.4350        15.28
      1.4360        15.20
      1.4370        15.09
      1.4380        14.95
      1.4390        14.80
      1.4400        14.70
      1.4410        14.64
      1.4420        14.56
      1.4430        14.47
      1.4440        14.34
      1.4450        14.20
      1.4460        14.12
      1.4470        14.54
      1.4480        14.46
      1.4490        14.38
      1.4500        14.24
      1.4510        13.54
      1.4520        13.46
      1.4530        13.23
      1.4540        13.69
      1.4550        13.03
      1.4560        12.95
      1.4570        13.37
      1.4580        12.75
      1.4590        12.69
      1.4600        12.73
      1.4610        12.66
      1.4620        12.57
      1.4630        12.50
      1.4640        12.42
      1.4650        12.40
      1.4660        12.27
      1.4670        12.14
      1.4680        12.03
      1.4690        11.94
      1.4700        11.80
      1.4710        11.79
      1.4720        11.63
      1.4730        11.60
      1.4740        11.57
      1.4750        11.48
      1.4760        11.36
      1.4770        11.27
      1.4780        11.19
      1.4790        11.15
      1.4800        10.96
      1.4810        10.80
      1.4820        10.74
      1.4830        10.76
      1.4840        10.76
      1.4850        10.64
      1.4860        10.54
      1.4870        10.58
      1.4880        10.55
      1.4890        10.47
      1.4900        10.34
      1.4910        10.16
      1.4920        10.12
      1.4930        10.01
      1.4940         9.93
      1.4950         9.96
      1.4960         9.90
      1.4970         9.85
      1.4980         9.83
      1.4990         9.65
      1.5000         9.63
      1.5010         9.59
      1.5020         9.55
      1.5030         9.31
      1.5040         9.12
      1.5050         9.02
      1.5060         8.92
      1.5070         8.73
      1.5080         8.69
      1.5090         8.60
      1.5100         8.61
      1.5110         8.66
      1.5120         8.61
      1.5130         8.53
      1.5140         7.96
      1.5150         7.86
      1.5160         7.75
      1.5170         8.15
      1.5180         8.04
      1.5190         7.51
      1.5200         7.42
      1.5210         7.88
      1.5220         7.79
      1.5230         7.79
      1.5240         7.74
      1.5250         7.71
      1.5260         7.68
      1.5270         7.69
      1.5280         7.55
      1.5290         7.61
      1.5300         7.52
      1.5310         7.44
      1.5320         7.37
      1.5330         7.33
      1.5340         7.29
      1.5350         7.16
      1.5360         6.66
      1.5370         6.60
      1.5380         6.55
      1.5390         6.56
      1.5400         6.52
      1.5410         6.44
      1.5420         6.36
      1.5430         6.31
      1.5440         6.32
      1.5450         6.27
      1.5460         6.24
      1.5470         6.16
      1.5480         6.03
      1.5490         5.93
      1.5500         5.89
      1.5510         5.83
      1.5520         5.71
      1.5530         5.59
      1.5540         5.52
      1.5550         5.44
      1.5560         5.36
      1.5570         5.29
      1.5580         5.28
      1.5590         5.21
      1.5600         5.13
      1.5610         5.07
      1.5620         5.01
      1.5630         4.97
      1.5640         4.82
      1.5650         4.83
      1.5660         4.79
      1.5670         4.72
      1.5680         4.76
      1.5690         4.70
      1.5700         4.68
      1.5710         4.64
      1.5720         4.65
      1.5730         4.65
      1.5740         4.61
      1.5750         4.55
      1.5760         4.48
      1.5770         4.48
      1.5780         4.40
      1.5790         4.36
      1.5800         4.36
      1.5810         4.29
      1.5820         4.27
      1.5830         4.31
      1.5840         4.37
      1.5850         4.33
      1.5860         4.27
      1.5870         4.25
      1.5880         4.18
      1.5890         4.19
      1.5900         4.17
      1.5910         4.07
      1.5920         4.13
      1.5930         4.02
      1.5940         4.02
      1.5950         3.99
      1.5960         3.96
      1.5970         3.91
      1.5980         3.87
      1.5990         3.91
      1.6000         3.80
      1.6010         3.79
      1.6020         3.80
      1.6030         3.77
      1.6040         3.69
      1.6050         3.61
      1.6060         3.57
      1.6070         3.57
      1.6080         3.54
      1.6090         3.52
      1.6100         3.43
      1.6110         3.52
      1.6120         3.37
      1.6130         3.41
      1.6140         3.42
      1.6150         3.46
      1.6160         3.51
      1.6170         3.53
      1.6180         3.56
      1.6190         3.53
      1.6200         3.62
      1.6210         3.68
      1.6220         3.61
      1.6230         3.54
      1.6240         3.56
      1.6250         3.57
      1.6260         3.60
      1.6270         3.64
      1.6280         3.62
      1.6290         3.57
      1.6300         3.58
      1.6310         3.58
      1.6320         3.62
      1.6330         3.61
      1.6340         3.57
      1.6350         3.53
      1.6360         3.49
      1.6370         3.45
      1.6380         3.46
      1.6390         3.47
      1.6400         3.38
      1.6410         3.32
      1.6420         3.27
      1.6430         3.27
      1.6440         2.72
      1.6450         3.16
      1.6460         3.15
      1.6470         3.05
      1.6480         3.14
      1.6490         3.24
      1.6500         3.26
      1.6510         3.19
      1.6520         3.14
      1.6530         3.10
      1.6540         3.10
      1.6550         3.14
      1.6560         3.16
      1.6570         3.16
      1.6580         3.16
      1.6590         3.10
      1.6600         3.15
      1.6610         3.15
      1.6620         3.19
      1.6630         3.16
      1.6640         3.21
      1.6650         3.23
      1.6660         3.19
      1.6670         3.19
      1.6680         3.11
      1.6690         3.03
      1.6700         2.99
      1.6710         2.97
      1.6720         3.03
      1.6730         3.04
      1.6740         3.07
      1.6750         3.06
      1.6760         3.07
      1.6770         3.04
      1.6780         2.99
      1.6790         3.02
      1.6800         3.03
      1.6810         3.03
      1.6820         3.03
      1.6830         3.03
      1.6840         3.07
      1.6850         3.10
      1.6860         3.14
      1.6870         3.15
      1.6880         3.15
      1.6890         3.11
      1.6900         3.10
      1.6910         3.12
      1.6920         3.14
      1.6930         3.19
      1.6940         3.09
      1.6950         3.07
      1.6960         2.99
      1.6970         3.00
      1.6980         3.05
      1.6990         3.01
      1.7000         2.96
      1.7010         2.89
      1.7020         2.93
      1.7030         2.94
      1.7040         2.92
      1.7050         2.96
      1.7060         2.93
      1.7070         3.03
      1.7080         3.07
      1.7090         3.12
      1.7100         3.14
      1.7110         3.15
      1.7120         3.07
      1.7130         3.06
      1.7140         3.08
      1.7150         3.10
      1.7160         3.16
      1.7170         3.16
      1.7180         3.08
      1.7190         3.12
      1.7200         3.20
      1.7210         3.26
      1.7220         3.20
      1.7230         3.14
      1.7240         3.11
      1.7250         2.96
      1.7260         2.99
      1.7270         2.92
      1.7280         2.80
      1.7290         2.77
      1.7300         2.77
      1.7310         2.77
      1.7320         2.82
      1.7330         2.78
      1.7340         2.81
      1.7350         2.86
      1.7360         2.84
      1.7370         2.85
      1.7380         2.90
      1.7390         2.89
      1.7400         2.87
      1.7410         2.82
      1.7420         2.84
      1.7430         2.93
      1.7440         2.93
      1.7450         3.01
      1.7460         2.97
      1.7470         2.97
      1.7480         3.05
      1.7490         3.16
      1.7500         3.15
      1.7510         3.10
      1.7520         3.11
      1.7530         3.08
      1.7540         3.12
      1.7550         2.97
      1.7560         2.93
      1.7570         2.95
      1.7580         2.92
      1.7590         2.96
      1.7600         2.91
      1.7610         2.99
      1.7620         3.05
      1.7630         3.00
      1.7640         3.03
      1.7650         3.03
      1.7660         3.08
      1.7670         3.05
      1.7680         3.07
      1.7690         2.96
      1.7700         3.03
      1.7710         3.10
      1.7720         3.10
      1.7730         3.15
      1.7740         3.05
      1.7750         3.15
      1.7760         3.20
      1.7770         3.20
      1.7780         3.26
      1.7790         3.19
      1.7800         3.24
      1.7810         3.23
      1.7820         3.15
      1.7830         3.16
      1.7840         3.11
      1.7850         3.11
      1.7860         3.11
      1.7870         3.08
      1.7880         3.09
      1.7890         3.08
      1.7900         3.01
      1.7910         2.97
      1.7920         2.99
      1.7930         2.90
      1.7940         2.92
      1.7950         2.93
      1.7960         2.92
      1.7970         2.91
      1.7980         2.84
      1.7990         2.89
      1.8000         2.89
      1.8010         2.85
      1.8020         2.93
      1.8030         2.95
      1.8040         3.03
      1.8050         3.02
      1.8060         3.00
      1.8070         3.04
      1.8080         3.02
      1.8090         3.06
      1.8100         3.04
      1.8110         3.01
      1.8120         3.08
      1.8130         3.12
      1.8140         3.11
      1.8150         3.11
      1.8160         3.09
      1.8170         3.11
      1.8180         3.17
      1.8190         3.16
      1.8200         3.07
      1.8210         3.09
      1.8220         3.01
      1.8230         3.07
      1.8240         3.01
      1.8250         2.99
      1.8260         3.00
      1.8270         2.97
      1.8280         2.92
      1.8290         2.92
      1.8300         2.97
      1.8310         3.02
      1.8320         2.88
      1.8330         2.98
      1.8340         3.03
      1.8350         2.53
      1.8360         3.08
      1.8370         3.07
      1.8380         3.03
      1.8390         3.00
      1.8400         3.14
      1.8410         3.16
      1.8420         3.22
      1.8430         2.68
      1.8440         2.67
      1.8450         3.26
      1.8460         3.24
      1.8470         2.68
      1.8480         2.81
      1.8490         3.26
      1.8500         3.23
      1.8510         3.19
      1.8520         3.24
      1.8530         3.19
      1.8540         3.15
      1.8550         3.12
      1.8560         3.15
      1.8570         3.14
      1.8580         3.18
      1.8590         3.16
      1.8600         3.07
      1.8610         3.06
      1.8620         3.08
      1.8630         3.16
      1.8640         3.16
      1.8650         3.16
      1.8660         3.16
      1.8670         3.24
      1.8680         3.14
      1.8690         3.16
      1.8700         3.15
      1.8710         3.16
      1.8720         3.14
      1.8730         3.15
      1.8740         3.12
      1.8750         3.08
      1.8760         2.99
      1.8770         3.01
      1.8780         2.97
      1.8790         3.00
      1.8800         3.05
      1.8810         3.04
      1.8820         2.99
      1.8830         2.86
      1.8840         2.91
      1.8850         2.91
      1.8860         2.93
      1.8870         2.88
      1.8880         2.91
      1.8890         2.91
      1.8900         2.95
      1.8910         2.97
      1.8920         2.96
      1.8930         2.95
      1.8940         2.96
      1.8950         2.95
      1.8960         3.00
      1.8970         3.01
      1.8980         3.03
      1.8990         2.99
      1.9000         3.00
      1.9010         3.01
      1.9020         2.99
      1.9030         2.97
      1.9040         2.93
      1.9050         3.01
      1.9060         2.95
      1.9070         2.90
      1.9080         2.91
      1.9090         2.88
      1.9100         2.92
      1.9110         2.95
      1.9120         3.03
      1.9130         3.00
      1.9140         3.03
      1.9150         3.06
      1.9160         3.00
      1.9170         2.96
      1.9180         2.99
      1.9190         3.06
      1.9200         3.00
      1.9210         3.02
      1.9220         2.99
      1.9230         3.02
      1.9240         3.03
      1.9250         2.92
      1.9260         2.94
      1.9270         3.03
      1.9280         3.03
      1.9290         3.12
      1.9300         3.08
      1.9310         3.07
      1.9320         3.01
      1.9330         2.96
      1.9340         2.95
      1.9350         2.91
      1.9360         2.97
      1.9370         3.01
      1.9380         2.99
      1.9390         2.95
      1.9400         2.92
      1.9410         2.89
      1.9420         2.93
      1.9430         2.95
      1.9440         2.95
      1.9450         2.96
      1.9460         3.00
      1.9470         2.95
      1.9480         2.96
      1.9490         2.99
      1.9500         3.04
      1.9510         3.05
      1.9520         3.01
      1.9530         3.12
      1.9540         3.16
      1.9550         3.18
      1.9560         3.18
      1.9570         3.16
      1.9580         3.16
      1.9590         3.23
      1.9600         3.27
      1.9610         3.33
      1.9620         3.30
      1.9630         3.26
      1.9640         3.24
      1.9650         3.30
      1.9660         3.26
      1.9670         3.31
      1.9680         3.34
      1.9690         3.30
      1.9700         3.23
      1.9710         3.19
      1.9720         3.25
      1.9730         3.19
      1.9740         3.16
      1.9750         3.19
      1.9760         3.18
      1.9770         2.66
      1.9780         3.17
      1.9790         2.51
      1.9800         2.55
      1.9810         2.39
      1.9820         2.43
      1.9830         2.37
      1.9840         2.40
      1.9850         2.37
      1.9860         2.35
      1.9870         2.30
      1.9880         2.20
      1.9890         2.14
      1.9900         2.14
      1.9910         2.25
      1.9920         2.24
      1.9930         2.21
      1.9940         2.24
      1.9950         2.30
      1.9960         2.34
      1.9970         2.44
      1.9980         2.52
      1.9990         2.60
      2.0000         2.59
      2.0010         3.15
      2.0020         3.15
      2.0030         3.16
      2.0040         3.15
      2.0050         3.08
      2.0060         3.15
      2.0070         2.71
      2.0080         3.27
      2.0090         3.26
      2.0100         3.25
      2.0110         3.19
      2.0120         3.19
      2.0130         3.21
      2.0140         3.12
      2.0150         3.10
      2.0160         3.02
      2.0170         2.95
      2.0180         2.81
      2.0190         2.91
      2.0200         2.87
      2.0210         2.96
      2.0220         2.95
      2.0230         2.95
      2.0240         2.96
      2.0250         3.00
      2.0260         2.96
      2.0270         2.99
      2.0280         2.96
      2.0290         3.03
      2.0300         2.37
      2.0310         2.44
      2.0320         3.00
      2.0330         2.51
      2.0340         2.55
      2.0350         3.13
      2.0360         3.18
      2.0370         2.63
      2.0380         2.66
      2.0390         2.62
      2.0400         2.67
      2.0410         2.63
      2.0420         2.55
      2.0430         2.59
      2.0440         2.63
      2.0450         2.59
      2.0460         2.53
      2.0470         2.51
      2.0480         3.07
      2.0490         2.48
      2.0500         3.04
      2.0510         2.53
      2.0520         2.50
      2.0530         2.57
      2.0540         2.55
      2.0550         2.60
      2.0560         3.14
      2.0570         3.18
      2.0580         3.14
      2.0590         3.14
      2.0600         3.16
      2.0610         3.21
      2.0620         3.23
      2.0630         3.25
      2.0640         3.26
      2.0650         3.25
      2.0660         3.27
      2.0670         3.21
      2.0680         3.18
      2.0690         3.21
      2.0700         3.25
      2.0710         3.26
      2.0720         3.19
      2.0730         3.19
      2.0740         3.18
      2.0750         3.18
      2.0760         3.11
      2.0770         3.07
      2.0780         3.03
      2.0790         3.04
      2.0800         2.97
      2.0810         2.93
      2.0820         2.99
      2.0830         2.99
      2.0840         2.96
      2.0850         2.44
      2.0860         3.00
      2.0870         3.00
      2.0880         2.99
      2.0890         2.95
      2.0900         2.88
      2.0910         2.85
      2.0920         2.81
      2.0930         2.77
      2.0940         2.73
      2.0950         2.67
      2.0960         2.68
      2.0970         2.72
      2.0980         2.77
      2.0990         2.75
      2.1000         2.79
      2.1010         2.80
      2.1020         2.75
      2.1030         2.71
      2.1040         2.66
      2.1050         2.72
      2.1060         2.74
      2.1070         2.76
      2.1080         2.68
      2.1090         2.74
      2.1100         2.83
      2.1110         2.79
      2.1120         2.80
      2.1130         2.83
      2.1140         2.89
      2.1150         2.93
      2.1160         3.00
      2.1170         3.00
      2.1180         3.00
      2.1190         2.99
      2.1200         3.03
      2.1210         3.03
      2.1220         3.04
      2.1230         3.06
      2.1240         3.06
      2.1250         3.00
      2.1260         2.99
      2.1270         3.00
      2.1280         3.07
      2.1290         3.07
      2.1300         3.05
      2.1310         3.04
      2.1320         3.03
      2.1330         2.97
      2.1340         2.97
      2.1350         2.96
      2.1360         2.98
      2.1370         2.45
      2.1380         2.96
      2.1390         3.00
      2.1400         2.97
      2.1410         2.93
      2.1420         2.93
      2.1430         2.98
      2.1440         3.07
      2.1450         3.08
      2.1460         3.04
      2.1470         3.01
      2.1480         3.07
      2.1490         3.01
      2.1500         2.99
      2.1510         3.04
      2.1520         3.05
      2.1530         3.07
      2.1540         3.07
      2.1550         3.07
      2.1560         2.96
      2.1570         2.96
      2.1580         2.95
      2.1590         2.94
      2.1600         2.96
      2.1610         3.00
      2.1620         2.99
      2.1630         2.89
      2.1640         2.30
      2.1650         2.25
      2.1660         2.24
      2.1670         2.24
      2.1680         2.73
      2.1690         2.70
      2.1700         2.18
      2.1710         2.15
      2.1720         2.69
      2.1730         2.72
      2.1740         2.73
      2.1750         2.75
      2.1760         2.83
      2.1770         2.87
      2.1780         2.92
      2.1790         2.91
      2.1800         2.94
      2.1810         2.85
      2.1820         2.87
      2.1830         2.94
      2.1840         2.88
      2.1850         2.92
      2.1860         2.96
      2.1870         3.00
      2.1880         3.06
      2.1890         3.11
      2.1900         3.18
      2.1910         3.16
      2.1920         3.19
      2.1930         3.15
      2.1940         3.15
      2.1950         3.08
      2.1960         3.04
      2.1970         2.96
      2.1980         2.88
      2.1990         2.93
      2.2000         2.85
      2.2010         2.92
      2.2020         2.99
      2.2030         2.96
      2.2040         3.01
      2.2050         3.01
      2.2060         3.10
      2.2070         2.53
      2.2080         2.99
      2.2090         3.01
      2.2100         2.91
      2.2110         2.92
      2.2120         2.87
      2.2130         2.89
      2.2140         2.81
      2.2150         2.87
      2.2160         2.38
      2.2170         2.96
      2.2180         2.97
      2.2190         2.92
      2.2200         2.91
      2.2210         2.84
      2.2220         2.80
      2.2230         2.77
      2.2240         2.73
      2.2250         2.70
      2.2260         2.70
      2.2270         2.74
      2.2280         2.76
      2.2290         2.73
      2.2300         2.82
      2.2310         2.88
      2.2320         2.89
      2.2330         2.89
      2.2340         2.92
      2.2350         2.84
      2.2360         2.74
      2.2370         2.66
      2.2380         2.73
      2.2390         2.77
      2.2400         2.81
      2.2410         2.89
      2.2420         2.87
      2.2430         2.87
      2.2440         2.84
      2.2450         2.85
      2.2460         2.82
      2.2470         2.87
      2.2480         2.78
      2.2490         2.74
      2.2500         2.69
      2.2510         2.63
      2.2520         2.70
      2.2530         2.66
      2.2540         2.69
      2.2550         2.77
      2.2560         2.80
      2.2570         2.85
      2.2580         2.81
      2.2590         2.78
      2.2600         2.76
      2.2610         2.77
      2.2620         2.78
      2.2630         2.85
      2.2640         2.96
      2.2650         2.96
      2.2660         2.96
      2.2670         2.89
      2.2680         2.95
      2.2690         3.00
      2.2700         3.02
      2.2710         3.02
      2.2720         2.96
      2.2730         2.98
      2.2740         2.89
      2.2750         2.87
      2.2760         2.87
      2.2770         2.83
      2.2780         2.78
      2.2790         2.81
      2.2800         2.80
      2.2810         2.76
      2.2820         2.73
      2.2830         2.73
      2.2840         2.62
      2.2850         2.55
      2.2860         2.58
      2.2870         2.72
      2.2880         2.69
      2.2890         2.70
      2.2900         2.70
      2.2910         2.70
      2.2920         2.72
      2.2930         2.76
      2.2940         2.87
      2.2950         2.83
      2.2960         2.92
      2.2970         2.95
      2.2980         3.00
      2.2990         3.02
      2.3000         3.04
      2.3010         3.03
      2.3020         3.04
      2.3030         3.00
      2.3040         3.00
      2.3050         3.06
      2.3060         3.00
      2.3070         2.91
      2.3080         3.00
      2.3090         3.00
      2.3100         3.01
      2.3110         2.99
      2.3120         2.97
      2.3130         2.93
      2.3140         2.93
      2.3150         2.96
      2.3160         2.89
      2.3170         2.85
      2.3180         2.86
      2.3190         2.81
      2.3200         2.78
      2.3210         2.84
      2.3220         2.88
      2.3230         2.91
      2.3240         2.97
      2.3250         3.03
      2.3260         3.15
      2.3270         3.16
      2.3280         3.14
      2.3290         3.12
      2.3300         3.18
      2.3310         3.23
      2.3320         3.20
      2.3330         3.22
      2.3340         3.20
      2.3350         3.22
      2.3360         2.70
      2.3370         2.79
      2.3380         2.74
      2.3390         2.76
      2.3400         2.72
      2.3410         2.71
      2.3420         2.72
      2.3430         3.24
      2.3440         2.67
      2.3450         3.14
      2.3460         3.01
      2.3470         3.01
      2.3480         3.01
      2.3490         3.00
      2.3500         2.95
      2.3510         2.92
      2.3520         2.95
      2.3530         2.97
      2.3540         2.96
      2.3550         2.99
      2.3560         3.00
      2.3570         3.00
      2.3580         2.99
      2.3590         2.99
      2.3600         3.04
      2.3610         3.06
      2.3620         2.99
      2.3630         2.96
      2.3640         2.98
      2.3650         2.99
      2.3660         3.00
      2.3670         2.97
      2.3680         2.93
      2.3690         2.93
      2.3700         2.93
      2.3710         2.99
      2.3720         3.00
      2.3730         2.95
      2.3740         2.97
      2.3750         3.03
      2.3760         2.99
      2.3770         3.09
      2.3780         3.15
      2.3790         3.12
      2.3800         3.15
      2.3810         3.18
      2.3820         3.29
      2.3830         3.30
      2.3840         3.29
      2.3850         3.30
      2.3860         3.35
      2.3870         3.37
      2.3880         3.37
      2.3890         3.39
      2.3900         3.39
      2.3910         3.33
      2.3920         3.29
      2.3930         3.29
      2.3940         3.23
      2.3950         3.17
      2.3960         3.23
      2.3970         3.06
      2.3980         2.99
      2.3990         3.06
      2.4000         3.03
      2.4010         2.96
      2.4020         2.89
      2.4030         2.91
      2.4040         2.92
      2.4050         2.89
      2.4060         2.85
      2.4070         2.87
      2.4080         2.88
      2.4090         2.87
      2.4100         2.83
      2.4110         2.88
      2.4120         2.96
      2.4130         3.02
      2.4140         3.03
      2.4150         3.04
      2.4160         3.02
      2.4170         3.08
      2.4180         3.10
      2.4190         3.08
      2.4200         3.03
      2.4210         3.06
      2.4220         2.49
      2.4230         2.45
      2.4240         2.52
      2.4250         3.07
      2.4260         3.11
      2.4270         3.14
      2.4280         3.11
      2.4290         3.07
      2.4300         3.08
      2.4310         3.04
      2.4320         2.97
      2.4330         2.96
      2.4340         2.99
      2.4350         2.96
      2.4360         2.90
      2.4370         2.88
      2.4380         2.92
      2.4390         2.90
      2.4400         2.96
      2.4410         2.96
      2.4420         3.01
      2.4430         3.12
      2.4440         3.18
      2.4450         3.13
      2.4460         3.09
      2.4470         3.05
      2.4480         3.07
      2.4490         3.11
      2.4500         3.16
      2.4510         3.16
      2.4520         3.19
      2.4530         3.18
      2.4540         3.11
      2.4550         3.10
      2.4560         3.11
      2.4570         3.01
      2.4580         2.92
      2.4590         2.91
      2.4600         2.92
      2.4610         2.45
      2.4620         2.99
      2.4630         2.97
      2.4640         2.37
      2.4650         2.49
      2.4660         3.03
      2.4670         2.99
      2.4680         3.03
      2.4690         3.04
      2.4700         3.02
      2.4710         3.07
      2.4720         3.04
      2.4730         3.03
      2.4740         3.10
      2.4750         3.06
      2.4760         3.08
      2.4770         3.18
      2.4780         3.26
      2.4790         3.23
      2.4800         3.22
      2.4810         3.16
      2.4820         3.14
      2.4830         3.06
      2.4840         2.99
      2.4850         2.89
      2.4860         2.87
      2.4870         2.91
      2.4880         2.83
      2.4890         2.84
      2.4900         2.80
      2.4910         2.78
      2.4920         2.19
      2.4930         2.21
      2.4940         2.14
      2.4950         2.17
      2.4960         2.19
      2.4970         2.74
      2.4980         2.76
      2.4990         2.80
      2.5000         2.81
      2.5010         2.76
      2.5020         2.76
      2.5030         2.81
      2.5040         2.83
      2.5050         2.87
      2.5060         2.84
      2.5070         2.78
      2.5080         2.81
      2.5090         2.77
      2.5100         2.73
      2.5110         2.74
      2.5120         2.82
      2.5130         2.81
      2.5140         2.84
      2.5150         2.82
      2.5160         2.80
      2.5170         2.84
      2.5180         2.76
      2.5190         2.72
      2.5200         2.66
      2.5210         2.72
      2.5220         2.73
      2.5230         2.80
      2.5240         2.81
      2.5250         2.81
      2.5260         2.83
      2.5270         2.88
      2.5280         2.89
      2.5290         2.89
      2.5300         2.96
      2.5310         2.99
      2.5320         2.98
      2.5330         3.00
      2.5340         3.07
      2.5350         3.11
      2.5360         3.10
      2.5370         3.02
      2.5380         3.06
      2.5390         3.08
      2.5400         3.06
      2.5410         3.02
      2.5420         3.04
      2.5430         2.92
      2.5440         2.91
      2.5450         2.81
      2.5460         2.73
      2.5470         2.70
      2.5480         2.70
      2.5490         2.70
      2.5500         2.70
      2.5510         2.61
      2.5520         2.61
      2.5530         2.65
      2.5540         2.60
      2.5550         2.57
      2.5560         2.54
      2.5570         2.56
      2.5580         2.58
      2.5590         2.61
      2.5600         2.65
      2.5610         2.67
      2.5620         2.64
      2.5630         2.61
      2.5640         2.57
      2.5650         2.65
      2.5660         2.69
      2.5670         2.76
      2.5680         2.75
      2.5690         2.75
      2.5700         2.80
      2.5710         2.80
      2.5720         2.87
      2.5730         2.77
      2.5740         2.76
      2.5750         2.76
      2.5760         2.70
      2.5770         2.76
      2.5780         2.80
      2.5790         2.77
      2.5800         2.78
      2.5810         2.80
      2.5820         2.83
      2.5830         2.97
      2.5840         3.06
      2.5850         3.06
      2.5860         3.07
      2.5870         3.02
      2.5880         3.10
      2.5890         3.18
      2.5900         3.15
      2.5910         3.22
      2.5920         3.17
      2.5930         3.27
      2.5940         3.34
      2.5950         3.29
      2.5960         3.37
      2.5970         3.34
      2.5980         3.26
      2.5990         3.26
      2.6000         3.27
      2.6010         3.30
      2.6020         3.26
      2.6030         3.15
      2.6040         3.15
      2.6050         3.14
      2.6060         3.23
      2.6070         3.19
      2.6080         3.11
      2.6090         3.03
      2.6100         3.03
      2.6110         2.93
      2.6120         2.95
      2.6130         2.91
      2.6140         2.87
      2.6150         2.92
      2.6160         2.95
      2.6170         2.95
      2.6180         3.00
      2.6190         3.02
      2.6200         2.99
      2.6210         2.99
      2.6220         3.00
      2.6230         3.07
      2.6240         3.06
      2.6250         3.06
      2.6260         2.99
      2.6270         3.04
      2.6280         3.07
      2.6290         3.10
      2.6300         3.06
      2.6310         3.11
      2.6320         3.10
      2.6330         3.10
      2.6340         3.14
      2.6350         3.07
      2.6360         3.07
      2.6370         3.11
      2.6380         3.07
      2.6390         3.10
      2.6400         3.12
      2.6410         3.15
      2.6420         3.14
      2.6430         3.14
      2.6440         3.12
      2.6450         3.14
      2.6460         3.18
      2.6470         3.23
      2.6480         3.37
      2.6490         3.41
      2.6500         3.44
      2.6510         3.50
      2.6520         3.56
      2.6530         3.52
      2.6540         3.49
      2.6550         3.59
      2.6560         3.65
      2.6570         3.60
      2.6580         3.63
      2.6590         3.61
      2.6600         3.60
      2.6610         3.58
      2.6620         3.56
      2.6630         3.53
      2.6640         3.54
      2.6650         3.49
      2.6660         2.86
      2.6670         2.73
      2.6680         2.64
      2.6690         2.64
      2.6700         2.63
      2.6710         3.11
      2.6720         3.07
      2.6730         2.54
      2.6740         2.48
      2.6750         2.48
      2.6760         2.89
      2.6770         2.87
      2.6780         2.83
      2.6790         2.74
      2.6800         2.69
      2.6810         2.68
      2.6820         2.65
      2.6830         2.61
      2.6840         2.61
      2.6850         2.65
      2.6860         2.65
      2.6870         2.64
      2.6880         2.62
      2.6890         2.57
      2.6900         2.56
      2.6910         2.52
      2.6920         2.52
      2.6930         2.54
      2.6940         2.49
      2.6950         2.49
      2.6960         2.51
      2.6970         2.57
      2.6980         2.58
      2.6990         2.61
      2.7000         2.66
      2.7010         2.65
      2.7020         2.72
      2.7030         2.74
      2.7040         2.68
      2.7050         2.66
      2.7060         2.68
      2.7070         2.69
      2.7080         2.79
      2.7090         2.72
      2.7100         2.77
      2.7110         2.81
      2.7120         2.75
      2.7130         2.75
      2.7140         2.83
      2.7150         2.85
      2.7160         2.84
      2.7170         2.72
      2.7180         2.75
      2.7190         2.75
      2.7200         2.73
      2.7210         2.73
      2.7220         2.65
      2.7230         2.65
      2.7240         2.68
      2.7250         2.68
      2.7260         2.70
      2.7270         2.76
      2.7280         2.70
      2.7290         2.78
      2.7300         2.76
      2.7310         2.73
      2.7320         2.82
      2.7330         2.82
      2.7340         2.81
      2.7350         2.84
      2.7360         2.87
      2.7370         2.97
      2.7380         2.93
      2.7390         2.96
      2.7400         2.95
      2.7410         2.93
      2.7420         3.03
      2.7430         3.01
      2.7440         3.08
      2.7450         3.12
      2.7460         3.08
      2.7470         3.01
      2.7480         2.48
      2.7490         3.01
      2.7500         2.46
      2.7510         2.52
      2.7520         2.45
      2.7530         2.42
      2.7540         2.42
      2.7550         2.91
      2.7560         2.41
      2.7570         2.92
      2.7580         2.99
      2.7590         2.99
      2.7600         2.97
      2.7610         3.00
      2.7620         2.95
      2.7630         3.07
      2.7640         3.04
      2.7650         2.96
      2.7660         2.96
      2.7670         2.98
      2.7680         2.98
      2.7690         2.94
      2.7700         2.94
      2.7710         2.99
      2.7720         3.06
      2.7730         3.06
      2.7740         3.04
      2.7750         3.02
      2.7760         2.97
      2.7770         2.97
      2.7780         2.96
      2.7790         2.91
      2.7800         2.96
      2.7810         2.37
      2.7820         2.46
      2.7830         2.30
      2.7840         2.34
      2.7850         2.40
      2.7860         2.96
      2.7870         2.96
      2.7880         3.01
      2.7890         3.04
      2.7900         3.00
      2.7910         2.95
      2.7920         2.92
      2.7930         2.91
      2.7940         2.86
      2.7950         2.89
      2.7960         2.93
      2.7970         3.04
      2.7980         2.96
      2.7990         3.01
      2.8000         3.00
      2.8010         3.03
      2.8020         3.00
      2.8030         2.99
      2.8040         3.03
      2.8050         3.05
      2.8060         3.01
      2.8070         3.01
      2.8080         2.97
      2.8090         2.96
      2.8100         3.00
      2.8110         3.00
      2.8120         2.98
      2.8130         3.05
      2.8140         3.09
      2.8150         3.16
      2.8160         3.05
      2.8170         2.98
      2.8180         3.04
      2.8190         3.09
      2.8200         3.16
      2.8210         3.18
      2.8220         3.15
      2.8230         3.20
      2.8240         3.10
      2.8250         3.10
      2.8260         3.12
      2.8270         3.11
      2.8280         3.08
      2.8290         3.04
      2.8300         3.04
      2.8310         3.05
      2.8320         3.07
      2.8330         3.00
      2.8340         2.99
      2.8350         2.93
      2.8360         2.95
      2.8370         2.89
      2.8380         2.82
      2.8390         2.78
      2.8400         2.74
      2.8410         2.74
      2.8420         2.77
      2.8430         2.77
      2.8440         2.81
      2.8450         2.74
      2.8460         2.73
      2.8470         2.74
      2.8480         2.76
      2.8490         2.80
      2.8500         2.81
      2.8510         2.84
      2.8520         2.84
      2.8530         2.85
      2.8540         2.89
      2.8550         2.85
      2.8560         2.89
      2.8570         2.96
      2.8580         2.97
      2.8590         2.97
      2.8600         2.92
      2.8610         2.92
      2.8620         2.91
      2.8630         2.87
      2.8640         2.87
      2.8650         2.81
      2.8660         2.78
      2.8670         2.74
      2.8680         2.73
      2.8690         2.72
      2.8700         2.68
      2.8710         2.68
      2.8720         2.68
      2.8730         2.72
      2.8740         2.70
      2.8750         2.70
      2.8760         2.70
      2.8770         2.68
      2.8780         2.70
      2.8790         2.69
      2.8800         2.70
      2.8810         2.75
      2.8820         2.79
      2.8830         2.81
      2.8840         2.81
      2.8850         2.88
      2.8860         2.91
      2.8870         2.96
      2.8880         2.98
      2.8890         2.96
      2.8900         3.00
      2.8910         2.99
      2.8920         2.98
      2.8930         2.95
      2.8940         2.92
      2.8950         2.97
      2.8960         2.96
      2.8970         2.93
      2.8980         2.99
      2.8990         2.96
      2.9000         2.95
      2.9010         2.91
      2.9020         2.84
      2.9030         2.83
      2.9040         2.88
      2.9050         2.89
      2.9060         2.91
      2.9070         2.87
      2.9080         2.89
      2.9090         2.93
      2.9100         2.89
      2.9110         2.91
      2.9120         2.96
      2.9130         2.98
      2.9140         3.00
      2.9150         2.96
      2.9160         3.00
      2.9170         3.00
      2.9180         2.98
      2.9190         2.99
      2.9200         2.96
      2.9210         2.96
      2.9220         2.95
      2.9230         2.93
      2.9240         2.92
      2.9250         2.91
      2.9260         2.91
      2.9270         2.95
      2.9280         2.96
      2.9290         2.97
      2.9300         3.03
      2.9310         2.99
      2.9320         2.92
      2.9330         2.88
      2.9340         2.91
      2.9350         2.97
      2.9360         2.93
      2.9370         2.95
      2.9380         2.93
      2.9390         2.99
      2.9400         3.04
      2.9410         3.07
      2.9420         3.10
      2.9430         3.14
      2.9440         3.12
      2.9450         3.16
      2.9460         3.13
      2.9470         3.07
      2.9480         3.08
      2.9490         3.03
      2.9500         3.00
      2.9510         2.95
      2.9520         2.89
      2.9530         2.89
      2.9540         2.85
      2.9550         2.84
      2.9560         2.82
      2.9570         2.76
      2.9580         2.80
      2.9590         2.81
      2.9600         2.86
      2.9610         2.82
      2.9620         2.77
      2.9630         2.81
      2.9640         2.81
      2.9650         2.76
      2.9660         2.81
      2.9670         2.92
      2.9680         2.89
      2.9690         2.88
      2.9700         2.88
      2.9710         2.94
      2.9720         3.00
      2.9730         3.04
      2.9740         3.04
      2.9750         3.04
      2.9760         3.05
      2.9770         3.11
      2.9780         3.04
      2.9790         2.46
      2.9800         2.37
      2.9810         2.35
      2.9820         2.92
      2.9830         2.84
      2.9840         2.80
      2.9850         2.77
      2.9860         2.80
      2.9870         2.75
      2.9880         2.73
      2.9890         2.76
      2.9900         2.80
      2.9910         2.77
      2.9920         2.86
      2.9930         2.86
      2.9940         2.92
      2.9950         2.90
      2.9960         2.93
      2.9970         2.92
      2.9980         2.93
      2.9990         2.91
