        Time   Palpation Force
      0.0000         1.00
      0.0010         1.00
      0.0020         1.00
      0.0030         1.00
      0.0040         1.00
      0.0050         1.00
      0.0060         1.02
      0.0070         1.12
      0.0080         1.27
      0.0090         2.00
      0.0100         2.19
      0.0110         3.01
      0.0120         3.29
      0.0130         3.52
      0.0140         3.72
      0.0150         3.95
      0.0160         4.29
      0.0170         4.58
      0.0180         4.82
      0.0190         5.07
      0.0200         5.11
      0.0210         5.10
      0.0220         5.09
      0.0230         5.09
      0.0240         5.12
      0.0250         5.08
      0.0260         5.17
      0.0270         5.21
      0.0280         5.20
      0.0290         5.15
      0.0300         5.16
      0.0310         5.08
      0.0320         5.07
      0.0330         5.18
      0.0340         5.22
      0.0350         5.26
      0.0360         4.66
      0.0370         5.08
      0.0380         5.05
      0.0390         5.13
      0.0400         5.12
      0.0410         5.16
      0.0420         5.16
      0.0430         5.23
      0.0440         5.31
      0.0450         5.32
      0.0460         5.28
      0.0470         5.27
      0.0480         5.26
      0.0490         5.26
      0.0500         5.32
      0.0510         5.31
      0.0520         5.29
      0.0530         5.17
      0.0540         5.19
      0.0550         5.13
      0.0560         5.16
      0.0570         5.24
      0.0580         5.23
      0.0590         5.26
      0.0600         5.27
      0.0610         5.22
      0.0620         5.22
      0.0630         5.26
      0.0640         5.18
      0.0650         5.21
      0.0660         5.22
      0.0670         5.22
      0.0680         5.27
      0.0690         5.37
      0.0700         5.28
      0.0710         5.24
      0.0720         5.32
      0.0730         5.37
      0.0740         5.38
      0.0750         5.42
      0.0760         5.50
      0.0770         5.49
      0.0780         5.60
      0.0790         5.59
      0.0800         5.56
      0.0810         5.59
      0.0820         5.62
      0.0830         5.59
      0.0840         5.62
      0.0850         5.64
      0.0860         5.60
      0.0870         5.67
      0.0880         5.74
      0.0890         5.71
      0.0900         5.81
      0.0910         5.90
      0.0920         5.90
      0.0930         5.97
      0.0940         5.94
      0.0950         6.01
      0.0960         5.86
      0.0970         5.87
      0.0980         5.87
      0.0990         5.87
      0.1000         5.88
      0.1010         5.92
      0.1020         5.96
      0.1030         6.03
      0.1040         6.04
      0.1050         6.16
      0.1060         6.23
      0.1070         6.27
      0.1080         6.19
      0.1090         6.11
      0.1100         6.12
      0.1110         6.15
      0.1120         6.14
      0.1130         6.14
      0.1140         6.11
      0.1150         6.09
      0.1160         6.22
      0.1170         6.22
      0.1180         6.18
      0.1190         6.17
      0.1200         6.15
      0.1210         6.16
      0.1220         6.11
      0.1230         6.04
      0.1240         6.09
      0.1250         6.03
      0.1260         6.03
      0.1270         5.96
      0.1280         6.05
      0.1290         6.07
      0.1300         6.03
      0.1310         6.03
      0.1320         6.01
      0.1330         6.02
      0.1340         6.09
      0.1350         6.06
      0.1360         6.11
      0.1370         6.18
      0.1380         6.25
      0.1390         6.25
      0.1400         6.33
      0.1410         6.36
      0.1420         6.36
      0.1430         6.36
      0.1440         6.29
      0.1450         6.33
      0.1460         6.35
      0.1470         6.43
      0.1480         6.33
      0.1490         6.37
      0.1500         6.40
      0.1510         6.42
      0.1520         6.43
      0.1530         6.36
      0.1540         6.36
      0.1550         6.40
      0.1560         6.31
      0.1570         6.20
      0.1580         6.27
      0.1590         6.22
      0.1600         6.17
      0.1610         6.16
      0.1620         6.19
      0.1630         6.19
      0.1640         6.21
      0.1650         6.13
      0.1660         6.02
      0.1670         5.96
      0.1680         5.97
      0.1690         6.08
      0.1700         6.08
      0.1710         6.09
      0.1720         6.13
      0.1730         6.22
      0.1740         6.21
      0.1750         6.23
      0.1760         6.29
      0.1770         6.35
      0.1780         6.33
      0.1790         6.36
      0.1800         6.36
      0.1810         6.36
      0.1820         6.34
      0.1830         6.39
      0.1840         6.38
      0.1850         6.47
      0.1860         6.62
      0.1870         6.60
      0.1880         6.67
      0.1890         6.56
      0.1900         6.56
      0.1910         6.45
      0.1920         6.41
      0.1930         6.30
      0.1940         6.37
      0.1950         6.41
      0.1960         6.38
      0.1970         6.35
      0.1980         6.21
      0.1990         6.19
      0.2000         6.25
      0.2010         6.25
      0.2020         6.25
      0.2030         6.22
      0.2040         6.22
      0.2050         6.13
      0.2060         6.01
      0.2070         5.96
      0.2080         5.88
      0.2090         5.87
      0.2100         5.83
      0.2110         5.93
      0.2120         5.95
      0.2130         6.04
      0.2140         6.09
      0.2150         6.03
      0.2160         6.00
      0.2170         6.03
      0.2180         6.07
      0.2190         6.08
      0.2200         6.08
      0.2210         6.10
      0.2220         6.09
      0.2230         6.17
      0.2240         6.23
      0.2250         6.27
      0.2260         6.37
      0.2270         6.42
      0.2280         6.41
      0.2290         6.49
      0.2300         6.57
      0.2310         6.47
      0.2320         6.41
      0.2330         6.32
      0.2340         6.29
      0.2350         6.32
      0.2360         6.28
      0.2370         6.23
      0.2380         6.25
      0.2390         6.29
      0.2400         6.22
      0.2410         6.22
      0.2420         6.21
      0.2430         6.10
      0.2440         6.04
      0.2450         6.06
      0.2460         6.04
      0.2470         6.07
      0.2480         6.14
      0.2490         6.14
      0.2500         6.15
      0.2510         6.28
      0.2520         6.41
      0.2530         6.45
      0.2540         6.46
      0.2550         6.35
      0.2560         6.39
      0.2570         6.37
      0.2580         6.42
      0.2590         6.35
      0.2600         6.40
      0.2610         6.40
      0.2620         6.44
      0.2630         6.43
      0.2640         6.43
      0.2650         6.39
      0.2660         6.36
      0.2670         6.36
      0.2680         6.35
      0.2690         6.31
      0.2700         6.24
      0.2710         6.16
      0.2720         6.57
      0.2730         6.57
      0.2740         6.00
      0.2750         6.14
      0.2760         6.71
      0.2770         6.32
      0.2780         6.76
      0.2790         6.82
      0.2800         6.84
      0.2810         6.78
      0.2820         6.93
      0.2830         7.01
      0.2840         7.02
      0.2850         7.04
      0.2860         7.00
      0.2870         7.00
      0.2880         6.49
      0.2890         6.48
      0.2900         6.53
      0.2910         6.52
      0.2920         6.54
      0.2930         6.61
      0.2940         6.64
      0.2950         6.57
      0.2960         6.55
      0.2970         6.43
      0.2980         6.50
      0.2990         6.42
      0.3000         6.44
      0.3010         6.47
      0.3020         6.47
      0.3030         6.41
      0.3040         6.41
      0.3050         6.48
      0.3060         6.52
      0.3070         6.52
      0.3080         6.49
      0.3090         6.47
      0.3100         6.58
      0.3110         6.66
      0.3120         6.69
      0.3130         6.72
      0.3140         6.73
      0.3150         6.84
      0.3160         6.86
      0.3170         6.93
      0.3180         6.92
      0.3190         6.96
      0.3200         6.92
      0.3210         6.88
      0.3220         6.84
      0.3230         6.86
      0.3240         6.99
      0.3250         7.05
      0.3260         7.07
      0.3270         7.14
      0.3280         7.17
      0.3290         7.26
      0.3300         7.22
      0.3310         7.23
      0.3320         7.33
      0.3330         7.29
      0.3340         7.27
      0.3350         7.27
      0.3360         7.29
      0.3370         7.31
      0.3380         7.40
      0.3390         7.38
      0.3400         7.39
      0.3410         7.40
      0.3420         7.40
      0.3430         7.40
      0.3440         7.32
      0.3450         7.36
      0.3460         7.39
      0.3470         7.28
      0.3480         7.32
      0.3490         7.26
      0.3500         7.18
      0.3510         7.22
      0.3520         7.69
      0.3530         7.69
      0.3540         7.21
      0.3550         7.68
      0.3560         7.68
      0.3570         7.69
      0.3580         7.66
      0.3590         7.85
      0.3600         7.92
      0.3610         8.06
      0.3620         8.14
      0.3630         8.17
      0.3640         8.18
      0.3650         8.17
      0.3660         8.18
      0.3670         8.36
      0.3680         8.33
      0.3690         8.37
      0.3700         8.45
      0.3710         8.47
      0.3720         8.51
      0.3730         8.52
      0.3740         8.70
      0.3750         8.79
      0.3760         8.92
      0.3770         8.86
      0.3780         8.99
      0.3790         9.07
      0.3800         9.07
      0.3810         9.10
      0.3820         9.04
      0.3830         9.17
      0.3840         9.26
      0.3850         9.38
      0.3860         9.44
      0.3870         9.45
      0.3880         9.58
      0.3890         9.62
      0.3900         9.65
      0.3910         9.77
      0.3920         9.88
      0.3930         9.96
      0.3940        10.01
      0.3950        10.05
      0.3960        10.06
      0.3970        10.22
      0.3980        10.22
      0.3990        10.24
      0.4000        10.34
      0.4010         9.80
      0.4020         9.96
      0.4030        10.02
      0.4040        10.56
      0.4050         9.97
      0.4060        10.57
      0.4070        10.64
      0.4080        10.65
      0.4090        10.78
      0.4100        10.90
      0.4110        10.97
      0.4120        10.99
      0.4130        11.20
      0.4140        11.22
      0.4150        11.27
      0.4160        11.43
      0.4170        11.55
      0.4180        11.61
      0.4190        11.65
      0.4200        11.72
      0.4210        11.91
      0.4220        11.95
      0.4230        11.99
      0.4240        12.09
      0.4250        12.25
      0.4260        12.36
      0.4270        12.57
      0.4280        12.76
      0.4290        12.97
      0.4300        13.07
      0.4310        13.15
      0.4320        13.30
      0.4330        13.39
      0.4340        13.45
      0.4350        13.58
      0.4360        13.58
      0.4370        13.68
      0.4380        13.85
      0.4390        14.04
      0.4400        14.18
      0.4410        14.29
      0.4420        14.39
      0.4430        14.58
      0.4440        14.74
      0.4450        14.93
      0.4460        15.05
      0.4470        15.12
      0.4480        15.27
      0.4490        15.40
      0.4500        15.57
      0.4510        15.79
      0.4520        15.98
      0.4530        16.06
      0.4540        16.25
      0.4550        16.50
      0.4560        16.86
      0.4570        17.04
      0.4580        17.20
      0.4590        17.33
      0.4600        17.52
      0.4610        17.68
      0.4620        17.87
      0.4630        18.03
      0.4640        18.18
      0.4650        18.30
      0.4660        18.49
      0.4670        18.64
      0.4680        18.78
      0.4690        18.95
      0.4700        19.16
      0.4710        19.32
      0.4720        19.51
      0.4730        19.74
      0.4740        19.90
      0.4750        20.06
      0.4760        20.14
      0.4770        20.30
      0.4780        20.51
      0.4790        20.76
      0.4800        20.95
      0.4810        21.22
      0.4820        21.50
      0.4830        21.74
      0.4840        22.00
      0.4850        22.20
      0.4860        22.39
      0.4870        22.66
      0.4880        22.95
      0.4890        23.16
      0.4900        23.38
      0.4910        23.55
      0.4920        23.66
      0.4930        23.81
      0.4940        24.08
      0.4950        24.23
      0.4960        24.36
      0.4970        24.47
      0.4980        24.66
      0.4990        24.85
      0.5000        25.00
      0.5010        25.14
      0.5020        25.29
      0.5030        25.30
      0.5040        25.49
      0.5050        25.50
      0.5060        25.64
      0.5070        25.84
      0.5080        25.93
      0.5090        26.04
      0.5100        26.12
      0.5110        26.30
      0.5120        26.50
      0.5130        26.69
      0.5140        26.84
      0.5150        27.01
      0.5160        27.21
      0.5170        27.40
      0.5180        27.45
      0.5190        27.54
      0.5200        27.65
      0.5210        27.72
      0.5220        27.83
      0.5230        28.07
      0.5240        28.06
      0.5250        28.30
      0.5260        28.45
      0.5270        28.48
      0.5280        28.58
      0.5290        28.73
      0.5300        28.83
      0.5310        28.92
      0.5320        29.06
      0.5330        29.25
      0.5340        29.34
      0.5350        29.48
      0.5360        29.60
      0.5370        29.88
      0.5380        30.12
      0.5390        30.31
      0.5400        30.51
      0.5410        30.72
      0.5420        30.93
      0.5430        31.17
      0.5440        31.44
      0.5450        31.68
      0.5460        31.87
      0.5470        32.07
      0.5480        32.26
      0.5490        32.42
      0.5500        32.66
      0.5510        32.79
      0.5520        32.98
      0.5530        33.16
      0.5540        33.27
      0.5550        33.39
      0.5560        33.63
      0.5570        33.72
      0.5580        33.82
      0.5590        33.89
      0.5600        34.05
      0.5610        34.29
      0.5620        34.53
      0.5630        34.69
      0.5640        34.85
      0.5650        35.02
      0.5660        35.15
      0.5670        35.40
      0.5680        35.60
      0.5690        35.74
      0.5700        35.95
      0.5710        36.13
      0.5720        36.32
      0.5730        36.50
      0.5740        36.64
      0.5750        36.85
      0.5760        36.95
      0.5770        37.08
      0.5780        37.18
      0.5790        37.35
      0.5800        37.53
      0.5810        37.57
      0.5820        37.69
      0.5830        37.69
      0.5840        37.83
      0.5850        37.95
      0.5860        38.11
      0.5870        38.16
      0.5880        38.20
      0.5890        38.21
      0.5900        38.33
      0.5910        38.43
      0.5920        38.35
      0.5930        38.33
      0.5940        38.55
      0.5950        38.59
      0.5960        38.63
      0.5970        38.65
      0.5980        38.80
      0.5990        38.98
      0.6000        39.04
      0.6010        39.23
      0.6020        39.22
      0.6030        39.41
      0.6040        39.38
      0.6050        39.49
      0.6060        39.57
      0.6070        39.57
      0.6080        39.66
      0.6090        39.89
      0.6100        39.96
      0.6110        40.07
      0.6120        40.22
      0.6130        40.33
      0.6140        40.46
      0.6150        40.56
      0.6160        40.76
      0.6170        40.91
      0.6180        40.95
      0.6190        40.91
      0.6200        40.96
      0.6210        41.02
      0.6220        41.10
      0.6230        41.05
      0.6240        41.22
      0.6250        41.26
      0.6260        41.34
      0.6270        41.52
      0.6280        41.65
      0.6290        41.65
      0.6300        41.72
      0.6310        41.80
      0.6320        42.00
      0.6330        42.05
      0.6340        42.11
      0.6350        42.24
      0.6360        42.26
      0.6370        42.34
      0.6380        42.49
      0.6390        42.61
      0.6400        42.71
      0.6410        42.69
      0.6420        42.74
      0.6430        42.89
      0.6440        42.94
      0.6450        43.01
      0.6460        43.13
      0.6470        43.21
      0.6480        43.23
      0.6490        43.31
      0.6500        43.30
      0.6510        43.22
      0.6520        43.24
      0.6530        43.31
      0.6540        43.23
      0.6550        43.27
      0.6560        43.30
      0.6570        43.35
      0.6580        43.40
      0.6590        43.45
      0.6600        43.45
      0.6610        43.51
      0.6620        43.59
      0.6630        43.66
      0.6640        43.75
      0.6650        43.78
      0.6660        43.67
      0.6670        43.71
      0.6680        43.72
      0.6690        43.67
      0.6700        43.77
      0.6710        43.85
      0.6720        43.81
      0.6730        43.82
      0.6740        43.97
      0.6750        43.91
      0.6760        43.91
      0.6770        43.88
      0.6780        43.83
      0.6790        43.83
      0.6800        43.84
      0.6810        43.88
      0.6820        43.85
      0.6830        43.83
      0.6840        43.71
      0.6850        43.72
      0.6860        43.79
      0.6870        43.81
      0.6880        43.78
      0.6890        43.92
      0.6900        43.92
      0.6910        43.96
      0.6920        43.96
      0.6930        43.93
      0.6940        43.89
      0.6950        43.99
      0.6960        44.01
      0.6970        44.08
      0.6980        44.12
      0.6990        44.23
      0.7000        44.30
      0.7010        44.37
      0.7020        44.51
      0.7030        44.62
      0.7040        44.78
      0.7050        44.83
      0.7060        44.95
      0.7070        44.92
      0.7080        45.04
      0.7090        45.11
      0.7100        45.19
      0.7110        45.34
      0.7120        45.38
      0.7130        45.54
      0.7140        45.66
      0.7150        45.66
      0.7160        45.78
      0.7170        45.82
      0.7180        46.01
      0.7190        46.10
      0.7200        46.19
      0.7210        46.39
      0.7220        46.39
      0.7230        46.37
      0.7240        46.35
      0.7250        46.39
      0.7260        46.42
      0.7270        46.49
      0.7280        46.53
      0.7290        46.61
      0.7300        46.59
      0.7310        46.67
      0.7320        46.82
      0.7330        46.88
      0.7340        46.92
      0.7350        47.06
      0.7360        47.15
      0.7370        47.19
      0.7380        47.14
      0.7390        47.15
      0.7400        47.26
      0.7410        47.17
      0.7420        47.19
      0.7430        47.30
      0.7440        47.40
      0.7450        47.59
      0.7460        47.68
      0.7470        47.78
      0.7480        47.90
      0.7490        47.88
      0.7500        47.99
      0.7510        47.98
      0.7520        48.08
      0.7530        48.10
      0.7540        48.18
      0.7550        48.18
      0.7560        48.15
      0.7570        48.16
      0.7580        48.28
      0.7590        48.24
      0.7600        48.24
      0.7610        48.32
      0.7620        48.40
      0.7630        48.46
      0.7640        48.49
      0.7650        48.38
      0.7660        48.43
      0.7670        48.58
      0.7680        48.66
      0.7690        48.77
      0.7700        48.83
      0.7710        48.95
      0.7720        49.04
      0.7730        49.19
      0.7740        49.22
      0.7750        49.44
      0.7760        49.51
      0.7770        49.70
      0.7780        49.79
      0.7790        49.97
      0.7800        50.13
      0.7810        50.28
      0.7820        50.38
      0.7830        50.46
      0.7840        50.56
      0.7850        50.78
      0.7860        50.96
      0.7870        51.02
      0.7880        51.11
      0.7890        51.21
      0.7900        51.34
      0.7910        51.43
      0.7920        51.52
      0.7930        51.52
      0.7940        51.61
      0.7950        51.63
      0.7960        51.86
      0.7970        51.91
      0.7980        52.02
      0.7990        52.19
      0.8000        52.15
      0.8010        52.15
      0.8020        52.30
      0.8030        52.39
      0.8040        52.57
      0.8050        52.62
      0.8060        52.59
      0.8070        52.71
      0.8080        52.78
      0.8090        52.85
      0.8100        52.86
      0.8110        52.98
      0.8120        52.97
      0.8130        53.16
      0.8140        53.27
      0.8150        53.40
      0.8160        53.35
      0.8170        53.38
      0.8180        53.43
      0.8190        53.33
      0.8200        53.42
      0.8210        53.50
      0.8220        53.45
      0.8230        53.59
      0.8240        53.59
      0.8250        53.65
      0.8260        53.65
      0.8270        53.62
      0.8280        53.67
      0.8290        53.74
      0.8300        53.86
      0.8310        53.84
      0.8320        53.93
      0.8330        53.95
      0.8340        53.95
      0.8350        53.95
      0.8360        54.05
      0.8370        54.23
      0.8380        54.27
      0.8390        54.37
      0.8400        54.42
      0.8410        54.46
      0.8420        54.57
      0.8430        54.54
      0.8440        54.57
      0.8450        54.73
      0.8460        54.85
      0.8470        54.87
      0.8480        54.95
      0.8490        54.97
      0.8500        54.91
      0.8510        54.95
      0.8520        55.00
      0.8530        55.06
      0.8540        55.12
      0.8550        55.16
      0.8560        55.19
      0.8570        55.19
      0.8580        55.16
      0.8590        55.23
      0.8600        55.36
      0.8610        55.40
      0.8620        55.44
      0.8630        55.50
      0.8640        55.68
      0.8650        55.62
      0.8660        55.63
      0.8670        55.74
      0.8680        55.68
      0.8690        55.79
      0.8700        55.90
      0.8710        56.01
      0.8720        55.97
      0.8730        55.90
      0.8740        56.00
      0.8750        55.94
      0.8760        55.96
      0.8770        55.98
      0.8780        56.09
      0.8790        56.22
      0.8800        56.16
      0.8810        56.20
      0.8820        56.18
      0.8830        56.16
      0.8840        56.08
      0.8850        56.11
      0.8860        56.07
      0.8870        56.02
      0.8880        56.11
      0.8890        56.08
      0.8900        56.05
      0.8910        56.00
      0.8920        56.05
      0.8930        56.07
      0.8940        56.03
      0.8950        56.08
      0.8960        56.08
      0.8970        55.97
      0.8980        55.85
      0.8990        55.69
      0.9000        55.66
      0.9010        55.65
      0.9020        55.69
      0.9030        55.71
      0.9040        55.67
      0.9050        55.61
      0.9060        55.51
      0.9070        55.56
      0.9080        55.39
      0.9090        55.25
      0.9100        55.27
      0.9110        55.34
      0.9120        55.19
      0.9130        55.11
      0.9140        55.01
      0.9150        54.96
      0.9160        54.88
      0.9170        54.88
      0.9180        54.85
      0.9190        54.88
      0.9200        54.83
      0.9210        54.79
      0.9220        54.73
      0.9230        54.63
      0.9240        54.59
      0.9250        54.62
      0.9260        54.62
      0.9270        54.32
      0.9280        54.29
      0.9290        54.35
      0.9300        54.25
      0.9310        54.13
      0.9320        54.16
      0.9330        54.12
      0.9340        54.10
      0.9350        53.93
      0.9360        53.89
      0.9370        53.78
      0.9380        53.77
      0.9390        53.55
      0.9400        53.51
      0.9410        53.34
      0.9420        53.16
      0.9430        53.12
      0.9440        52.95
      0.9450        52.69
      0.9460        52.64
      0.9470        52.65
      0.9480        52.51
      0.9490        52.30
      0.9500        52.24
      0.9510        52.07
      0.9520        51.90
      0.9530        51.77
      0.9540        51.43
      0.9550        51.27
      0.9560        51.05
      0.9570        50.79
      0.9580        50.46
      0.9590        50.25
      0.9600        49.87
      0.9610        49.63
      0.9620        49.34
      0.9630        49.08
      0.9640        48.84
      0.9650        48.66
      0.9660        48.31
      0.9670        47.99
      0.9680        47.76
      0.9690        47.48
      0.9700        47.05
      0.9710        46.69
      0.9720        46.33
      0.9730        46.01
      0.9740        45.80
      0.9750        45.54
      0.9760        45.27
      0.9770        45.09
      0.9780        44.88
      0.9790        44.59
      0.9800        44.42
      0.9810        44.16
      0.9820        44.04
      0.9830        43.66
      0.9840        43.32
      0.9850        43.01
      0.9860        42.77
      0.9870        42.54
      0.9880        42.31
      0.9890        41.99
      0.9900        41.87
      0.9910        41.68
      0.9920        41.48
      0.9930        41.23
      0.9940        41.00
      0.9950        40.77
      0.9960        40.52
      0.9970        40.22
      0.9980        40.02
      0.9990        39.87
      1.0000        39.59
      1.0010        39.33
      1.0020        39.10
      1.0030        38.97
      1.0040        38.92
      1.0050        38.71
      1.0060        38.55
      1.0070        38.50
      1.0080        38.27
      1.0090        38.16
      1.0100        37.95
      1.0110        37.76
      1.0120        37.53
      1.0130        37.37
      1.0140        37.23
      1.0150        37.13
      1.0160        36.92
      1.0170        36.77
      1.0180        36.59
      1.0190        36.47
      1.0200        36.33
      1.0210        36.30
      1.0220        36.06
      1.0230        35.91
      1.0240        35.65
      1.0250        35.53
      1.0260        35.39
      1.0270        35.08
      1.0280        34.94
      1.0290        34.71
      1.0300        34.48
      1.0310        34.34
      1.0320        34.11
      1.0330        33.99
      1.0340        33.76
      1.0350        33.52
      1.0360        33.42
      1.0370        33.29
      1.0380        33.11
      1.0390        32.84
      1.0400        32.68
      1.0410        32.44
      1.0420        32.43
      1.0430        32.25
      1.0440        32.06
      1.0450        31.85
      1.0460        31.51
      1.0470        31.38
      1.0480        31.16
      1.0490        30.99
      1.0500        30.75
      1.0510        30.50
      1.0520        30.37
      1.0530        30.16
      1.0540        29.99
      1.0550        29.74
      1.0560        29.52
      1.0570        29.40
      1.0580        29.12
      1.0590        28.99
      1.0600        28.79
      1.0610        28.51
      1.0620        28.10
      1.0630        27.77
      1.0640        27.60
      1.0650        27.40
      1.0660        27.22
      1.0670        26.99
      1.0680        26.81
      1.0690        26.60
      1.0700        26.49
      1.0710        26.22
      1.0720        25.96
      1.0730        25.68
      1.0740        25.55
      1.0750        25.30
      1.0760        25.02
      1.0770        24.67
      1.0780        24.40
      1.0790        24.11
      1.0800        23.81
      1.0810        23.55
      1.0820        23.35
      1.0830        23.15
      1.0840        22.80
      1.0850        22.52
      1.0860        22.40
      1.0870        22.13
      1.0880        21.79
      1.0890        21.64
      1.0900        21.31
      1.0910        21.16
      1.0920        21.02
      1.0930        20.83
      1.0940        20.47
      1.0950        20.36
      1.0960        20.21
      1.0970        20.09
      1.0980        19.98
      1.0990        19.76
      1.1000        19.58
      1.1010        19.49
      1.1020        19.29
      1.1030        19.32
      1.1040        19.21
      1.1050        19.05
      1.1060        18.87
      1.1070        18.70
      1.1080        18.65
      1.1090        18.45
      1.1100        18.41
      1.1110        18.27
      1.1120        18.15
      1.1130        18.10
      1.1140        18.10
      1.1150        18.00
      1.1160        17.90
      1.1170        17.76
      1.1180        17.65
      1.1190        17.60
      1.1200        17.65
      1.1210        17.59
      1.1220        17.56
      1.1230        17.33
      1.1240        17.33
      1.1250        17.36
      1.1260        17.19
      1.1270        17.13
      1.1280        16.98
      1.1290        16.99
      1.1300        16.80
      1.1310        16.76
      1.1320        16.60
      1.1330        16.47
      1.1340        16.32
      1.1350        16.12
      1.1360        16.01
      1.1370        15.94
      1.1380        15.79
      1.1390        15.76
      1.1400        15.60
      1.1410        15.36
      1.1420        15.23
      1.1430        15.07
      1.1440        14.88
      1.1450        14.62
      1.1460        14.55
      1.1470        14.53
      1.1480        14.43
      1.1490        14.26
      1.1500        14.21
      1.1510        14.04
      1.1520        13.92
      1.1530        13.77
      1.1540        13.72
      1.1550        13.62
      1.1560        13.49
      1.1570        13.43
      1.1580        13.39
      1.1590        13.18
      1.1600        12.99
      1.1610        13.03
      1.1620        13.06
      1.1630        12.98
      1.1640        12.92
      1.1650        12.90
      1.1660        12.82
      1.1670        12.56
      1.1680        12.47
      1.1690        12.35
      1.1700        12.28
      1.1710        12.08
      1.1720        12.02
      1.1730        12.00
      1.1740        11.83
      1.1750        11.79
      1.1760        11.27
      1.1770        11.08
      1.1780        10.92
      1.1790        11.36
      1.1800        11.35
      1.1810        11.25
      1.1820        11.08
      1.1830        11.02
      1.1840        10.98
      1.1850        10.82
      1.1860        10.68
      1.1870        10.78
      1.1880        10.76
      1.1890        10.64
      1.1900        10.53
      1.1910        10.51
      1.1920        10.32
      1.1930        10.16
      1.1940        10.07
      1.1950         9.94
      1.1960         9.88
      1.1970         9.82
      1.1980         9.78
      1.1990         9.68
      1.2000         9.63
      1.2010         9.51
      1.2020         9.39
      1.2030         9.35
      1.2040         8.72
      1.2050         9.26
      1.2060         8.75
      1.2070         8.68
      1.2080         8.50
      1.2090         8.50
      1.2100         8.39
      1.2110         8.38
      1.2120         8.42
      1.2130         8.44
      1.2140         8.43
      1.2150         8.41
      1.2160         8.23
      1.2170         8.17
      1.2180         8.05
      1.2190         8.01
      1.2200         7.85
      1.2210         7.74
      1.2220         7.65
      1.2230         7.51
      1.2240         7.49
      1.2250         7.45
      1.2260         7.29
      1.2270         7.09
      1.2280         6.98
      1.2290         6.90
      1.2300         6.86
      1.2310         6.79
      1.2320         6.65
      1.2330         6.52
      1.2340         6.42
      1.2350         6.32
      1.2360         6.33
      1.2370         6.22
      1.2380         6.20
      1.2390         6.12
      1.2400         6.13
      1.2410         6.06
      1.2420         6.01
      1.2430         6.01
      1.2440         5.89
      1.2450         5.77
      1.2460         5.78
      1.2470         5.71
      1.2480         5.75
      1.2490         5.64
      1.2500         5.53
      1.2510         5.44
      1.2520         5.41
      1.2530         5.25
      1.2540         5.12
      1.2550         5.02
      1.2560         5.01
      1.2570         4.96
      1.2580         4.86
      1.2590         4.80
      1.2600         4.76
      1.2610         4.72
      1.2620         4.64
      1.2630         4.50
      1.2640         4.42
      1.2650         4.31
      1.2660         4.28
      1.2670         4.35
      1.2680         4.27
      1.2690         4.28
      1.2700         4.19
      1.2710         4.24
      1.2720         4.20
      1.2730         4.24
      1.2740         4.20
      1.2750         4.16
      1.2760         4.14
      1.2770         4.05
      1.2780         3.94
      1.2790         3.85
      1.2800         3.75
      1.2810         3.72
      1.2820         3.65
      1.2830         3.62
      1.2840         3.58
      1.2850         3.54
      1.2860         3.49
      1.2870         3.41
      1.2880         3.37
      1.2890         3.31
      1.2900         2.84
      1.2910         2.78
      1.2920         3.21
      1.2930         3.22
      1.2940         3.28
      1.2950         3.28
      1.2960         3.24
      1.2970         3.29
      1.2980         3.38
      1.2990         3.48
      1.3000         3.38
      1.3010         3.34
      1.3020         3.34
      1.3030         3.32
      1.3040         3.30
      1.3050         3.31
      1.3060         3.19
      1.3070         3.14
      1.3080         3.12
      1.3090         3.14
      1.3100         3.17
      1.3110         3.10
      1.3120         3.09
      1.3130         2.51
      1.3140         2.47
      1.3150         2.53
      1.3160         2.49
      1.3170         2.49
      1.3180         2.46
      1.3190         2.54
      1.3200         2.60
      1.3210         2.62
      1.3220         2.61
      1.3230         2.61
      1.3240         2.62
      1.3250         2.65
      1.3260         2.65
      1.3270         2.58
      1.3280         2.54
      1.3290         2.51
      1.3300         2.44
      1.3310         2.40
      1.3320         2.35
      1.3330         2.36
      1.3340         2.36
      1.3350         2.84
      1.3360         2.87
      1.3370         2.83
      1.3380         2.88
      1.3390         2.21
      1.3400         2.21
      1.3410         2.24
      1.3420         2.32
      1.3430         2.32
      1.3440         2.35
      1.3450         2.31
      1.3460         2.34
      1.3470         2.38
      1.3480         2.31
      1.3490         2.26
      1.3500         2.26
      1.3510         2.26
      1.3520         2.23
      1.3530         2.22
      1.3540         2.17
      1.3550         2.20
      1.3560         2.20
      1.3570         2.67
      1.3580         2.71
      1.3590         2.73
      1.3600         2.76
      1.3610         2.68
      1.3620         2.70
      1.3630         2.72
      1.3640         2.70
      1.3650         2.66
      1.3660         2.58
      1.3670         2.51
      1.3680         2.54
      1.3690         2.49
      1.3700         2.46
      1.3710         2.41
      1.3720         2.44
      1.3730         2.42
      1.3740         2.01
      1.3750         1.97
      1.3760         1.94
      1.3770         1.97
      1.3780         1.92
      1.3790         1.93
      1.3800         1.84
      1.3810         1.85
      1.3820         1.78
      1.3830         1.77
      1.3840         1.77
      1.3850         1.77
      1.3860         1.79
      1.3870         1.78
      1.3880         1.74
      1.3890         1.75
      1.3900         1.67
      1.3910         1.12
      1.3920         1.56
      1.3930         1.63
      1.3940         1.56
      1.3950         1.06
      1.3960         1.04
      1.3970         1.09
      1.3980         1.15
      1.3990         1.17
      1.4000         1.21
      1.4010         1.21
      1.4020         1.28
      1.4030         1.28
      1.4040         1.32
      1.4050         1.32
      1.4060         1.32
      1.4070         1.32
      1.4080         1.86
      1.4090         1.84
      1.4100         1.89
      1.4110         1.90
      1.4120         1.96
      1.4130         1.88
      1.4140         1.89
      1.4150         1.85
      1.4160         1.82
      1.4170         1.83
      1.4180         1.81
      1.4190         1.74
      1.4200         1.70
      1.4210         1.73
      1.4220         1.75
      1.4230         1.85
      1.4240         2.39
      1.4250         2.41
      1.4260         2.35
      1.4270         2.33
      1.4280         2.27
      1.4290         2.29
      1.4300         1.79
      1.4310         1.81
      1.4320         1.81
      1.4330         1.75
      1.4340         1.20
      1.4350         1.70
      1.4360         1.77
      1.4370         1.79
      1.4380         1.84
      1.4390         1.81
      1.4400         1.82
      1.4410         1.75
      1.4420         1.62
      1.4430         1.48
      1.4440         1.00
      1.4450         1.43
      1.4460         1.95
      1.4470         1.97
      1.4480         1.45
      1.4490         1.93
      1.4500         1.43
      1.4510         1.41
      1.4520         1.39
      1.4530         1.45
      1.4540         1.43
      1.4550         1.47
      1.4560         1.47
      1.4570         1.43
      1.4580         1.45
      1.4590         1.46
      1.4600         1.46
      1.4610         1.52
      1.4620         1.59
      1.4630         1.08
      1.4640         1.08
      1.4650         1.08
      1.4660         1.08
      1.4670         1.09
      1.4680         1.08
      1.4690         1.06
      1.4700         1.01
      1.4710         1.04
      1.4720         1.54
      1.4730         1.60
      1.4740         1.72
      1.4750         1.62
      1.4760         2.15
      1.4770         2.19
      1.4780         1.59
      1.4790         2.12
      1.4800         1.61
      1.4810         1.60
      1.4820         1.61
      1.4830         1.52
      1.4840         1.48
      1.4850         1.56
      1.4860         1.54
      1.4870         1.54
      1.4880         1.52
      1.4890         1.52
      1.4900         1.59
      1.4910         1.63
      1.4920         1.15
      1.4930         1.15
      1.4940         1.16
      1.4950         1.23
      1.4960         1.28
      1.4970         1.28
      1.4980         1.30
      1.4990         1.28
      1.5000         1.24
      1.5010         1.21
      1.5020         1.23
      1.5030         1.78
      1.5040         1.79
      1.5050         1.73
      1.5060         1.75
      1.5070         1.77
      1.5080         1.81
      1.5090         1.78
      1.5100         1.78
      1.5110         1.73
      1.5120         1.67
      1.5130         1.74
      1.5140         1.74
      1.5150         1.77
      1.5160         1.75
      1.5170         1.79
      1.5180         1.78
      1.5190         1.88
      1.5200         1.92
      1.5210         1.89
      1.5220         1.85
      1.5230         1.84
      1.5240         1.89
      1.5250         1.86
      1.5260         1.73
      1.5270         1.81
      1.5280         1.70
      1.5290         1.69
      1.5300         1.75
      1.5310         1.77
      1.5320         2.38
      1.5330         2.27
      1.5340         2.35
      1.5350         2.46
      1.5360         2.45
      1.5370         2.31
      1.5380         2.31
      1.5390         2.26
      1.5400         2.21
      1.5410         1.67
      1.5420         1.70
      1.5430         1.62
      1.5440         1.63
      1.5450         1.73
      1.5460         1.85
      1.5470         1.75
      1.5480         1.82
      1.5490         1.90
      1.5500         1.85
      1.5510         1.82
      1.5520         1.82
      1.5530         1.84
      1.5540         1.79
      1.5550         1.27
      1.5560         1.77
      1.5570         1.79
      1.5580         1.79
      1.5590         1.71
      1.5600         1.74
      1.5610         1.79
      1.5620         1.75
      1.5630         1.82
      1.5640         1.77
      1.5650         1.77
      1.5660         2.18
      1.5670         2.23
      1.5680         1.70
      1.5690         1.71
      1.5700         1.75
      1.5710         2.40
      1.5720         2.37
      1.5730         2.37
      1.5740         2.34
      1.5750         2.41
      1.5760         2.37
      1.5770         1.78
      1.5780         1.73
      1.5790         1.74
      1.5800         1.69
      1.5810         1.63
      1.5820         1.65
      1.5830         1.66
      1.5840         1.67
      1.5850         1.58
      1.5860         1.65
      1.5870         1.62
      1.5880         1.55
      1.5890         2.02
      1.5900         1.97
      1.5910         1.88
      1.5920         1.84
      1.5930         1.86
      1.5940         1.90
      1.5950         1.80
      1.5960         1.38
      1.5970         1.49
      1.5980         2.03
      1.5990         2.05
      1.6000         1.60
      1.6010         1.53
      1.6020         1.59
      1.6030         1.63
      1.6040         1.16
      1.6050         1.23
      1.6060         1.26
      1.6070         1.27
      1.6080         1.28
      1.6090         1.88
      1.6100         1.39
      1.6110         1.39
      1.6120         1.36
      1.6130         1.38
      1.6140         1.39
      1.6150         1.39
      1.6160         1.90
      1.6170         1.34
      1.6180         1.32
      1.6190         1.38
      1.6200         1.86
      1.6210         1.86
      1.6220         2.32
      1.6230         2.29
      1.6240         1.67
      1.6250         1.68
      1.6260         1.73
      1.6270         1.77
      1.6280         1.84
      1.6290         1.80
      1.6300         1.73
      1.6310         1.76
      1.6320         1.71
      1.6330         1.75
      1.6340         1.73
      1.6350         1.20
      1.6360         1.23
      1.6370         1.20
      1.6380         1.20
      1.6390         1.16
      1.6400         1.13
      1.6410         1.15
      1.6420         1.16
      1.6430         1.12
      1.6440         1.19
      1.6450         1.15
      1.6460         1.09
      1.6470         1.06
      1.6480         1.02
      1.6490         1.00
      1.6500         1.00
      1.6510         1.00
      1.6520         2.04
      1.6530         2.07
      1.6540         2.06
      1.6550         2.08
      1.6560         2.08
      1.6570         1.60
      1.6580         2.19
      1.6590         2.17
      1.6600         1.68
      1.6610         1.76
      1.6620         1.80
      1.6630         1.86
      1.6640         1.87
      1.6650         1.38
      1.6660         1.87
      1.6670         1.39
      1.6680         1.43
      1.6690         1.45
      1.6700         1.43
      1.6710         1.46
      1.6720         1.43
      1.6730         1.36
      1.6740         1.34
      1.6750         1.84
      1.6760         1.87
      1.6770         1.80
      1.6780         1.80
      1.6790         1.79
      1.6800         1.77
      1.6810         1.72
      1.6820         1.72
      1.6830         1.72
      1.6840         1.71
      1.6850         1.65
      1.6860         1.65
      1.6870         1.68
      1.6880         1.71
      1.6890         1.69
      1.6900         1.76
      1.6910         1.77
      1.6920         1.80
      1.6930         1.32
      1.6940         1.36
      1.6950         1.40
      1.6960         1.39
      1.6970         1.42
      1.6980         1.36
      1.6990         1.40
      1.7000         1.38
      1.7010         1.31
      1.7020         1.30
      1.7030         1.24
      1.7040         1.23
      1.7050         1.82
      1.7060         2.31
      1.7070         1.79
      1.7080         1.81
      1.7090         1.80
      1.7100         1.79
      1.7110         1.85
      1.7120         1.92
      1.7130         2.49
      1.7140         2.03
      1.7150         2.03
      1.7160         2.05
      1.7170         1.99
      1.7180         1.98
      1.7190         1.91
      1.7200         2.02
      1.7210         2.02
      1.7220         1.98
      1.7230         2.01
      1.7240         2.09
      1.7250         2.11
      1.7260         2.17
      1.7270         2.20
      1.7280         2.24
      1.7290         2.30
      1.7300         2.28
      1.7310         2.24
      1.7320         2.17
      1.7330         2.12
      1.7340         2.09
      1.7350         2.08
      1.7360         2.02
      1.7370         2.09
      1.7380         2.08
      1.7390         2.13
      1.7400         2.60
      1.7410         2.58
      1.7420         2.62
      1.7430         2.64
      1.7440         2.52
      1.7450         2.50
      1.7460         2.52
      1.7470         2.52
      1.7480         1.98
      1.7490         2.01
      1.7500         2.04
      1.7510         2.00
      1.7520         2.03
      1.7530         2.00
      1.7540         1.99
      1.7550         2.01
      1.7560         2.07
      1.7570         2.09
      1.7580         2.08
      1.7590         2.03
      1.7600         2.00
      1.7610         2.04
      1.7620         2.08
      1.7630         2.00
      1.7640         2.07
      1.7650         2.07
      1.7660         1.93
      1.7670         1.96
      1.7680         2.48
      1.7690         2.40
      1.7700         1.86
      1.7710         2.44
      1.7720         1.93
      1.7730         1.97
      1.7740         2.51
      1.7750         1.96
      1.7760         1.90
      1.7770         1.38
      1.7780         1.42
      1.7790         1.45
      1.7800         1.47
      1.7810         1.45
      1.7820         1.40
      1.7830         1.46
      1.7840         1.42
      1.7850         1.93
      1.7860         1.94
      1.7870         1.92
      1.7880         1.88
      1.7890         1.93
      1.7900         2.40
      1.7910         1.84
      1.7920         2.36
      1.7930         2.33
      1.7940         1.80
      1.7950         2.38
      1.7960         2.41
      1.7970         2.39
      1.7980         2.47
      1.7990         2.53
      1.8000         2.49
      1.8010         2.49
      1.8020         2.47
      1.8030         2.46
      1.8040         2.02
      1.8050         1.99
      1.8060         2.00
      1.8070         1.99
      1.8080         1.98
      1.8090         2.50
      1.8100         2.48
      1.8110         2.53
      1.8120         2.52
      1.8130         2.54
      1.8140         2.64
      1.8150         2.65
      1.8160         2.64
      1.8170         2.65
      1.8180         2.57
      1.8190         2.00
      1.8200         2.53
      1.8210         2.53
      1.8220         2.60
      1.8230         2.54
      1.8240         2.56
      1.8250         2.58
      1.8260         2.65
      1.8270         2.67
      1.8280         2.59
      1.8290         2.57
      1.8300         2.57
      1.8310         2.55
      1.8320         2.56
      1.8330         2.56
      1.8340         1.50
      1.8350         1.49
      1.8360         1.58
      1.8370         1.58
      1.8380         1.61
      1.8390         1.66
      1.8400         1.69
      1.8410         1.73
      1.8420         1.72
      1.8430         1.76
      1.8440         1.73
      1.8450         1.72
      1.8460         1.68
      1.8470         1.58
      1.8480         1.51
      1.8490         1.49
      1.8500         1.49
      1.8510         1.50
      1.8520         1.45
      1.8530         1.38
      1.8540         1.36
      1.8550         1.86
      1.8560         1.81
      1.8570         2.30
      1.8580         2.28
      1.8590         1.80
      1.8600         1.84
      1.8610         1.84
      1.8620         1.78
      1.8630         1.28
      1.8640         1.32
      1.8650         1.36
      1.8660         1.40
      1.8670         1.45
      1.8680         1.53
      1.8690         1.57
      1.8700         1.54
      1.8710         1.61
      1.8720         1.61
      1.8730         2.16
      1.8740         2.20
      1.8750         2.24
      1.8760         2.27
      1.8770         2.28
      1.8780         2.34
      1.8790         2.31
      1.8800         2.24
      1.8810         2.21
      1.8820         2.27
      1.8830         2.80
      1.8840         2.77
      1.8850         2.80
      1.8860         2.77
      1.8870         2.84
      1.8880         2.84
      1.8890         2.75
      1.8900         2.79
      1.8910         2.73
      1.8920         2.76
      1.8930         2.72
      1.8940         2.79
      1.8950         2.64
      1.8960         2.64
      1.8970         2.09
      1.8980         2.11
      1.8990         2.19
      1.9000         2.18
      1.9010         2.12
      1.9020         2.58
      1.9030         2.05
      1.9040         2.63
      1.9050         2.67
      1.9060         2.69
      1.9070         2.69
      1.9080         2.72
      1.9090         2.75
      1.9100         2.73
      1.9110         2.66
      1.9120         2.66
      1.9130         2.69
      1.9140         2.73
      1.9150         2.88
      1.9160         2.81
      1.9170         2.92
      1.9180         2.83
      1.9190         2.76
      1.9200         2.87
      1.9210         2.95
      1.9220         2.93
      1.9230         2.87
      1.9240         2.77
      1.9250         2.67
      1.9260         2.15
      1.9270         2.13
      1.9280         2.24
      1.9290         2.27
      1.9300         2.27
      1.9310         2.32
      1.9320         2.34
      1.9330         2.36
      1.9340         2.30
      1.9350         2.19
      1.9360         2.12
      1.9370         1.97
      1.9380         2.01
      1.9390         2.01
      1.9400         1.97
      1.9410         1.88
      1.9420         1.38
      1.9430         1.89
      1.9440         1.40
      1.9450         1.43
      1.9460         1.45
      1.9470         1.43
      1.9480         1.39
      1.9490         1.39
      1.9500         1.39
      1.9510         1.43
      1.9520         1.43
      1.9530         1.45
      1.9540         1.46
      1.9550         1.51
      1.9560         2.05
      1.9570         2.12
      1.9580         2.11
      1.9590         2.09
      1.9600         2.11
      1.9610         2.20
      1.9620         2.25
      1.9630         2.25
      1.9640         2.23
      1.9650         2.17
      1.9660         2.19
      1.9670         2.17
      1.9680         2.08
      1.9690         2.12
      1.9700         2.12
      1.9710         2.02
      1.9720         2.05
      1.9730         2.01
      1.9740         1.97
      1.9750         1.95
      1.9760         1.98
      1.9770         1.98
      1.9780         2.05
      1.9790         2.08
      1.9800         2.07
      1.9810         2.01
      1.9820         2.01
      1.9830         2.07
      1.9840         2.11
      1.9850         2.19
      1.9860         2.23
      1.9870         2.30
      1.9880         2.38
      1.9890         2.34
      1.9900         2.32
      1.9910         2.30
      1.9920         2.26
      1.9930         2.78
      1.9940         2.26
      1.9950         2.19
      1.9960         2.19
      1.9970         2.16
      1.9980         2.15
      1.9990         2.61
      2.0000         2.06
      2.0010         2.57
      2.0020         2.48
      2.0030         2.57
      2.0040         2.57
      2.0050         2.57
      2.0060         2.50
      2.0070         2.49
      2.0080         2.50
      2.0090         2.56
      2.0100         2.54
      2.0110         2.52
      2.0120         2.42
      2.0130         1.93
      2.0140         1.96
      2.0150         2.07
      2.0160         2.04
      2.0170         1.55
      2.0180         2.04
      2.0190         2.03
      2.0200         2.05
      2.0210         2.07
      2.0220         2.17
      2.0230         2.12
      2.0240         2.05
      2.0250         2.08
      2.0260         2.09
      2.0270         2.02
      2.0280         2.06
      2.0290         2.04
      2.0300         2.06
      2.0310         2.10
      2.0320         2.12
      2.0330         2.08
      2.0340         2.01
      2.0350         1.90
      2.0360         1.86
      2.0370         1.83
      2.0380         1.80
      2.0390         1.36
      2.0400         1.39
      2.0410         1.35
      2.0420         1.34
      2.0430         1.40
      2.0440         1.42
      2.0450         1.42
      2.0460         1.40
      2.0470         1.43
      2.0480         1.43
      2.0490         1.45
      2.0500         1.43
      2.0510         1.40
      2.0520         1.35
      2.0530         1.31
      2.0540         1.85
      2.0550         1.89
      2.0560         2.42
      2.0570         1.90
      2.0580         2.45
      2.0590         2.46
      2.0600         2.45
      2.0610         2.50
      2.0620         2.42
      2.0630         2.42
      2.0640         2.48
      2.0650         2.44
      2.0660         2.57
      2.0670         2.52
      2.0680         2.52
      2.0690         2.49
      2.0700         2.48
      2.0710         1.97
      2.0720         2.07
      2.0730         2.04
      2.0740         1.55
      2.0750         2.05
      2.0760         2.07
      2.0770         2.09
      2.0780         2.16
      2.0790         2.11
      2.0800         2.11
      2.0810         2.09
      2.0820         2.16
      2.0830         2.16
      2.0840         2.11
      2.0850         2.09
      2.0860         2.02
      2.0870         2.04
      2.0880         2.00
      2.0890         1.97
      2.0900         2.04
      2.0910         2.01
      2.0920         1.98
      2.0930         1.96
      2.0940         2.00
      2.0950         2.01
      2.0960         2.07
      2.0970         2.08
      2.0980         2.60
      2.0990         2.65
      2.1000         2.65
      2.1010         2.13
      2.1020         2.11
      2.1030         2.12
      2.1040         2.16
      2.1050         2.19
      2.1060         2.22
      2.1070         2.16
      2.1080         2.15
      2.1090         2.19
      2.1100         2.13
      2.1110         2.20
      2.1120         2.21
      2.1130         2.19
      2.1140         2.13
      2.1150         2.11
      2.1160         2.07
      2.1170         2.59
      2.1180         2.56
      2.1190         2.61
      2.1200         2.63
      2.1210         2.72
      2.1220         2.76
      2.1230         2.75
      2.1240         2.76
      2.1250         2.77
      2.1260         2.77
      2.1270         2.81
      2.1280         2.85
      2.1290         2.85
      2.1300         2.98
      2.1310         2.88
      2.1320         2.82
      2.1330         2.80
      2.1340         2.36
      2.1350         2.36
      2.1360         2.39
      2.1370         2.42
      2.1380         2.39
      2.1390         2.35
      2.1400         2.36
      2.1410         2.32
      2.1420         2.21
      2.1430         2.16
      2.1440         2.16
      2.1450         2.75
      2.1460         2.76
      2.1470         2.71
      2.1480         2.13
      2.1490         2.12
      2.1500         2.08
      2.1510         2.57
      2.1520         2.54
      2.1530         2.08
      2.1540         2.08
      2.1550         2.65
      2.1560         2.11
      2.1570         2.11
      2.1580         2.12
      2.1590         2.13
      2.1600         2.12
      2.1610         2.11
      2.1620         2.17
      2.1630         2.24
      2.1640         2.30
      2.1650         2.31
      2.1660         2.30
      2.1670         2.34
      2.1680         2.28
      2.1690         2.23
      2.1700         2.20
      2.1710         2.16
      2.1720         2.12
      2.1730         2.07
      2.1740         1.96
      2.1750         1.88
      2.1760         1.89
      2.1770         1.34
      2.1780         1.85
      2.1790         1.86
      2.1800         1.92
      2.1810         1.90
      2.1820         1.97
      2.1830         1.98
      2.1840         1.96
      2.1850         1.90
      2.1860         1.93
      2.1870         1.40
      2.1880         1.42
      2.1890         1.49
      2.1900         1.99
      2.1910         2.05
      2.1920         2.15
      2.1930         2.15
      2.1940         2.16
      2.1950         2.19
      2.1960         2.13
      2.1970         2.16
      2.1980         2.12
      2.1990         2.07
      2.2000         2.13
      2.2010         2.17
      2.2020         2.11
      2.2030         2.08
      2.2040         2.07
      2.2050         2.11
      2.2060         2.15
      2.2070         2.17
      2.2080         2.20
      2.2090         2.70
      2.2100         2.72
      2.2110         2.70
      2.2120         2.71
      2.2130         2.82
      2.2140         2.89
      2.2150         2.93
      2.2160         3.05
      2.2170         3.06
      2.2180         3.06
      2.2190         3.08
      2.2200         2.49
      2.2210         2.90
      2.2220         2.38
      2.2230         2.38
      2.2240         2.36
      2.2250         2.38
      2.2260         2.31
      2.2270         2.30
      2.2280         2.30
      2.2290         2.31
      2.2300         2.88
      2.2310         2.39
      2.2320         2.32
      2.2330         2.27
      2.2340         2.23
      2.2350         2.65
      2.2360         2.69
      2.2370         2.69
      2.2380         2.77
      2.2390         2.76
      2.2400         2.76
      2.2410         2.85
      2.2420         2.90
      2.2430         2.86
      2.2440         2.80
      2.2450         2.75
      2.2460         2.22
      2.2470         2.24
      2.2480         2.24
      2.2490         2.27
      2.2500         2.26
      2.2510         2.27
      2.2520         2.32
      2.2530         2.32
      2.2540         2.28
      2.2550         2.32
      2.2560         2.38
      2.2570         2.39
      2.2580         2.38
      2.2590         2.42
      2.2600         2.43
      2.2610         2.40
      2.2620         2.40
      2.2630         2.38
      2.2640         2.36
      2.2650         2.38
      2.2660         2.34
      2.2670         2.87
      2.2680         2.91
      2.2690         2.32
      2.2700         2.31
      2.2710         2.32
      2.2720         2.31
      2.2730         2.36
      2.2740         2.41
      2.2750         2.42
      2.2760         2.37
      2.2770         2.38
      2.2780         2.41
      2.2790         2.45
      2.2800         2.45
      2.2810         1.92
      2.2820         2.45
      2.2830         2.50
      2.2840         2.50
      2.2850         2.47
      2.2860         2.50
      2.2870         2.43
      2.2880         2.90
      2.2890         2.94
      2.2900         2.90
      2.2910         3.01
      2.2920         2.96
      2.2930         2.96
      2.2940         2.88
      2.2950         2.82
      2.2960         2.26
      2.2970         2.80
      2.2980         2.80
      2.2990         2.79
      2.3000         2.23
      2.3010         2.26
      2.3020         2.22
      2.3030         2.16
      2.3040         2.23
      2.3050         1.73
      2.3060         1.72
      2.3070         2.34
      2.3080         2.39
      2.3090         2.39
      2.3100         2.35
      2.3110         2.37
      2.3120         2.42
      2.3130         2.39
      2.3140         2.49
      2.3150         2.51
      2.3160         2.51
      2.3170         2.45
      2.3180         2.41
      2.3190         2.35
      2.3200         2.36
      2.3210         2.32
      2.3220         2.36
      2.3230         2.38
      2.3240         2.31
      2.3250         2.30
      2.3260         2.26
      2.3270         2.20
      2.3280         2.20
      2.3290         2.19
      2.3300         2.24
      2.3310         2.17
      2.3320         2.17
      2.3330         2.20
      2.3340         2.12
      2.3350         2.13
      2.3360         2.16
      2.3370         2.15
      2.3380         2.23
      2.3390         2.23
      2.3400         2.21
      2.3410         2.24
      2.3420         2.21
      2.3430         2.20
      2.3440         2.23
      2.3450         2.24
      2.3460         2.25
      2.3470         2.20
      2.3480         2.15
      2.3490         2.13
      2.3500         2.09
      2.3510         2.08
      2.3520         2.09
      2.3530         2.01
      2.3540         2.05
      2.3550         2.02
      2.3560         2.05
      2.3570         2.07
      2.3580         1.55
      2.3590         1.62
      2.3600         1.68
      2.3610         1.77
      2.3620         1.80
      2.3630         1.85
      2.3640         1.88
      2.3650         1.92
      2.3660         1.96
      2.3670         2.52
      2.3680         2.54
      2.3690         2.57
      2.3700         2.69
      2.3710         2.69
      2.3720         2.64
      2.3730         2.67
      2.3740         2.64
      2.3750         2.64
      2.3760         2.56
      2.3770         2.61
      2.3780         2.56
      2.3790         2.53
      2.3800         2.56
      2.3810         2.50
      2.3820         2.38
      2.3830         2.42
      2.3840         2.42
      2.3850         2.37
      2.3860         2.41
      2.3870         2.38
      2.3880         2.42
      2.3890         2.46
      2.3900         2.39
      2.3910         2.41
      2.3920         2.46
      2.3930         2.48
      2.3940         2.53
      2.3950         2.56
      2.3960         2.65
      2.3970         2.64
      2.3980         2.65
      2.3990         2.66
      2.4000         2.74
      2.4010         2.68
      2.4020         2.69
      2.4030         2.62
      2.4040         2.58
      2.4050         2.56
      2.4060         2.49
      2.4070         2.50
      2.4080         2.47
      2.4090         2.45
      2.4100         2.43
      2.4110         2.39
      2.4120         2.40
      2.4130         2.42
      2.4140         2.38
      2.4150         2.34
      2.4160         2.27
      2.4170         2.32
      2.4180         2.36
      2.4190         2.30
      2.4200         2.27
      2.4210         2.34
      2.4220         2.38
      2.4230         2.39
      2.4240         2.45
      2.4250         2.49
      2.4260         2.50
      2.4270         2.54
      2.4280         2.53
      2.4290         2.50
      2.4300         2.43
      2.4310         2.49
      2.4320         2.48
      2.4330         2.47
      2.4340         2.47
      2.4350         2.52
      2.4360         2.52
      2.4370         2.51
      2.4380         2.56
      2.4390         2.62
      2.4400         2.55
      2.4410         2.54
      2.4420         3.03
      2.4430         3.01
      2.4440         2.48
      2.4450         2.48
      2.4460         2.48
      2.4470         2.43
      2.4480         2.46
      2.4490         2.43
      2.4500         2.51
      2.4510         2.53
      2.4520         2.58
      2.4530         2.57
      2.4540         2.55
      2.4550         2.54
      2.4560         2.58
      2.4570         2.54
      2.4580         2.45
      2.4590         2.47
      2.4600         2.45
      2.4610         2.46
      2.4620         2.51
      2.4630         2.47
      2.4640         2.47
      2.4650         2.45
      2.4660         2.45
      2.4670         2.42
      2.4680         2.43
      2.4690         2.46
      2.4700         2.47
      2.4710         2.50
      2.4720         2.45
      2.4730         2.45
      2.4740         2.43
      2.4750         2.43
      2.4760         2.43
      2.4770         2.43
      2.4780         2.43
      2.4790         1.84
      2.4800         2.41
      2.4810         1.98
      2.4820         1.95
      2.4830         1.99
      2.4840         1.98
      2.4850         1.99
      2.4860         1.96
      2.4870         2.56
      2.4880         2.50
      2.4890         2.54
      2.4900         2.54
      2.4910         1.98
      2.4920         1.99
      2.4930         1.98
      2.4940         1.92
      2.4950         1.90
      2.4960         1.81
      2.4970         1.81
      2.4980         2.41
      2.4990         2.46
      2.5000         2.39
      2.5010         2.38
      2.5020         2.41
      2.5030         2.37
      2.5040         1.83
      2.5050         1.80
      2.5060         1.75
      2.5070         1.75
      2.5080         1.72
      2.5090         1.66
      2.5100         1.64
      2.5110         1.65
      2.5120         1.61
      2.5130         1.60
      2.5140         1.69
      2.5150         1.66
      2.5160         1.69
      2.5170         1.68
      2.5180         1.57
      2.5190         1.55
      2.5200         1.53
      2.5210         1.50
      2.5220         2.04
      2.5230         2.07
      2.5240         2.11
      2.5250         2.13
      2.5260         2.23
      2.5270         2.13
      2.5280         2.16
      2.5290         2.23
      2.5300         2.22
      2.5310         2.27
      2.5320         2.33
      2.5330         2.30
      2.5340         1.73
      2.5350         1.75
      2.5360         1.77
      2.5370         2.33
      2.5380         2.41
      2.5390         2.41
      2.5400         2.41
      2.5410         1.87
      2.5420         1.83
      2.5430         1.83
      2.5440         1.75
      2.5450         1.80
      2.5460         2.27
      2.5470         2.33
      2.5480         2.28
      2.5490         2.27
      2.5500         2.24
      2.5510         2.11
      2.5520         2.13
      2.5530         2.13
      2.5540         2.09
      2.5550         2.16
      2.5560         2.07
      2.5570         2.03
      2.5580         2.00
      2.5590         2.04
      2.5600         2.11
      2.5610         2.63
      2.5620         2.64
      2.5630         2.07
      2.5640         2.09
      2.5650         2.11
      2.5660         2.11
      2.5670         2.19
      2.5680         2.28
      2.5690         2.26
      2.5700         2.28
      2.5710         2.35
      2.5720         2.32
      2.5730         2.30
      2.5740         2.38
      2.5750         2.32
      2.5760         2.36
      2.5770         2.40
      2.5780         2.40
      2.5790         2.32
      2.5800         2.82
      2.5810         2.92
      2.5820         2.91
      2.5830         2.99
      2.5840         3.06
      2.5850         3.07
      2.5860         3.11
      2.5870         3.07
      2.5880         3.00
      2.5890         3.03
      2.5900         3.03
      2.5910         3.00
      2.5920         3.00
      2.5930         3.03
      2.5940         2.94
      2.5950         3.06
      2.5960         2.45
      2.5970         2.41
      2.5980         2.42
      2.5990         2.45
      2.6000         2.50
      2.6010         2.50
      2.6020         2.51
      2.6030         2.46
      2.6040         2.45
      2.6050         2.43
      2.6060         2.43
      2.6070         2.35
      2.6080         2.41
      2.6090         2.35
      2.6100         2.28
      2.6110         2.31
      2.6120         2.23
      2.6130         2.20
      2.6140         2.19
      2.6150         2.13
      2.6160         2.16
      2.6170         2.21
      2.6180         2.19
      2.6190         2.16
      2.6200         2.12
      2.6210         2.09
      2.6220         2.11
      2.6230         2.16
      2.6240         2.64
      2.6250         2.12
      2.6260         2.65
      2.6270         2.23
      2.6280         2.17
      2.6290         2.24
      2.6300         2.30
      2.6310         2.28
      2.6320         2.28
      2.6330         2.31
      2.6340         2.26
      2.6350         2.19
      2.6360         2.15
      2.6370         2.13
      2.6380         2.12
      2.6390         2.12
      2.6400         2.15
      2.6410         2.15
      2.6420         2.17
      2.6430         2.05
      2.6440         2.08
      2.6450         2.09
      2.6460         2.13
      2.6470         2.05
      2.6480         2.60
      2.6490         2.64
      2.6500         2.61
      2.6510         2.57
      2.6520         2.57
      2.6530         2.01
      2.6540         2.04
      2.6550         1.57
      2.6560         1.64
      2.6570         1.68
      2.6580         1.70
      2.6590         1.72
      2.6600         1.68
      2.6610         1.70
      2.6620         1.66
      2.6630         1.68
      2.6640         1.61
      2.6650         1.62
      2.6660         1.55
      2.6670         1.50
      2.6680         1.46
      2.6690         1.40
      2.6700         1.40
      2.6710         1.38
      2.6720         1.94
      2.6730         2.01
      2.6740         2.05
      2.6750         2.08
      2.6760         2.12
      2.6770         2.64
      2.6780         2.15
      2.6790         2.69
      2.6800         2.74
      2.6810         2.80
      2.6820         2.84
      2.6830         2.90
      2.6840         3.06
      2.6850         3.02
      2.6860         3.02
      2.6870         3.03
      2.6880         3.07
      2.6890         3.03
      2.6900         2.98
      2.6910         2.89
      2.6920         2.86
      2.6930         2.94
      2.6940         2.88
      2.6950         2.98
      2.6960         2.94
      2.6970         2.92
      2.6980         2.96
      2.6990         2.91
      2.7000         2.92
      2.7010         2.86
      2.7020         2.86
      2.7030         2.90
      2.7040         2.95
      2.7050         2.95
      2.7060         2.92
      2.7070         3.02
      2.7080         2.99
      2.7090         3.02
      2.7100         2.93
      2.7110         3.02
      2.7120         2.95
      2.7130         2.42
      2.7140         2.49
      2.7150         2.57
      2.7160         2.64
      2.7170         2.61
      2.7180         2.61
      2.7190         2.54
      2.7200         2.51
      2.7210         2.46
      2.7220         2.45
      2.7230         2.49
      2.7240         2.39
      2.7250         2.38
      2.7260         2.39
      2.7270         2.38
      2.7280         2.40
      2.7290         2.42
      2.7300         2.97
      2.7310         2.94
      2.7320         2.98
      2.7330         2.97
      2.7340         2.46
      2.7350         2.90
      2.7360         2.89
      2.7370         2.41
      2.7380         2.46
      2.7390         2.56
      2.7400         2.57
      2.7410         2.62
      2.7420         2.65
      2.7430         2.60
      2.7440         2.73
      2.7450         2.80
      2.7460         2.87
      2.7470         2.91
      2.7480         2.95
      2.7490         2.98
      2.7500         3.02
      2.7510         2.93
      2.7520         2.92
      2.7530         2.87
      2.7540         2.78
      2.7550         2.73
      2.7560         2.69
      2.7570         2.66
      2.7580         2.62
      2.7590         2.61
      2.7600         2.57
      2.7610         2.62
      2.7620         2.58
      2.7630         2.63
      2.7640         2.58
      2.7650         2.53
      2.7660         2.50
      2.7670         2.42
      2.7680         2.46
      2.7690         2.46
      2.7700         2.53
      2.7710         2.58
      2.7720         2.61
      2.7730         2.66
      2.7740         2.69
      2.7750         2.74
      2.7760         2.79
      2.7770         2.76
      2.7780         2.76
      2.7790         2.71
      2.7800         2.81
      2.7810         2.77
      2.7820         2.81
      2.7830         2.81
      2.7840         2.72
      2.7850         2.74
      2.7860         2.73
      2.7870         2.78
      2.7880         2.72
      2.7890         2.74
      2.7900         2.68
      2.7910         2.70
      2.7920         3.24
      2.7930         2.76
      2.7940         3.31
      2.7950         2.83
      2.7960         3.40
      2.7970         3.41
      2.7980         2.95
      2.7990         2.99
      2.8000         2.89
      2.8010         2.89
      2.8020         2.93
      2.8030         2.92
      2.8040         2.96
      2.8050         2.88
      2.8060         2.85
      2.8070         2.81
      2.8080         2.81
      2.8090         2.73
      2.8100         2.75
      2.8110         2.70
      2.8120         2.64
      2.8130         2.56
      2.8140         2.57
      2.8150         2.51
      2.8160         2.46
      2.8170         2.50
      2.8180         2.43
      2.8190         2.35
      2.8200         2.42
      2.8210         2.43
      2.8220         2.41
      2.8230         2.41
      2.8240         2.47
      2.8250         2.56
      2.8260         2.61
      2.8270         2.68
      2.8280         2.64
      2.8290         2.66
      2.8300         2.64
      2.8310         2.69
      2.8320         2.71
      2.8330         2.75
      2.8340         2.69
      2.8350         2.72
      2.8360         2.73
      2.8370         2.69
      2.8380         2.71
      2.8390         2.71
      2.8400         2.72
      2.8410         2.69
      2.8420         2.65
      2.8430         2.64
      2.8440         2.61
      2.8450         2.62
      2.8460         2.64
      2.8470         2.60
      2.8480         2.60
      2.8490         2.65
      2.8500         2.68
      2.8510         2.70
      2.8520         2.76
      2.8530         2.76
      2.8540         3.33
      2.8550         3.37
      2.8560         3.40
      2.8570         3.37
      2.8580         3.44
      2.8590         3.50
      2.8600         3.00
      2.8610         3.04
      2.8620         3.12
      2.8630         3.12
      2.8640         3.03
      2.8650         3.02
      2.8660         2.99
      2.8670         2.98
      2.8680         2.99
      2.8690         2.92
      2.8700         2.88
      2.8710         2.84
      2.8720         2.77
      2.8730         2.84
      2.8740         2.76
      2.8750         2.69
      2.8760         2.73
      2.8770         2.72
      2.8780         2.65
      2.8790         2.69
      2.8800         2.60
      2.8810         2.57
      2.8820         2.58
      2.8830         2.52
      2.8840         2.62
      2.8850         2.64
      2.8860         2.60
      2.8870         2.62
      2.8880         2.64
      2.8890         2.64
      2.8900         2.68
      2.8910         2.69
      2.8920         2.75
      2.8930         2.68
      2.8940         2.76
      2.8950         2.87
      2.8960         2.80
      2.8970         2.83
      2.8980         2.80
      2.8990         2.75
      2.9000         2.77
      2.9010         2.81
      2.9020         2.72
      2.9030         2.76
      2.9040         3.29
      2.9050         3.30
      2.9060         3.33
      2.9070         3.36
      2.9080         3.50
      2.9090         3.61
      2.9100         3.67
      2.9110         3.68
      2.9120         3.64
      2.9130         3.63
      2.9140         3.61
      2.9150         3.52
      2.9160         3.57
      2.9170         3.44
      2.9180         3.46
      2.9190         3.00
      2.9200         3.00
      2.9210         3.01
      2.9220         3.06
      2.9230         3.10
      2.9240         3.10
      2.9250         3.08
      2.9260         3.07
      2.9270         3.08
      2.9280         3.04
      2.9290         2.99
      2.9300         2.85
      2.9310         2.82
      2.9320         2.82
      2.9330         2.76
      2.9340         2.77
      2.9350         2.77
      2.9360         2.69
      2.9370         2.74
      2.9380         2.77
      2.9390         2.78
      2.9400         2.81
      2.9410         2.74
      2.9420         2.72
      2.9430         2.70
      2.9440         2.70
      2.9450         2.76
      2.9460         2.81
      2.9470         2.79
      2.9480         2.69
      2.9490         2.66
      2.9500         2.76
      2.9510         2.80
      2.9520         2.76
      2.9530         2.79
      2.9540         2.72
      2.9550         2.69
      2.9560         2.73
      2.9570         2.70
      2.9580         2.68
      2.9590         2.68
      2.9600         2.61
      2.9610         2.57
      2.9620         2.57
      2.9630         2.54
      2.9640         2.54
      2.9650         2.49
      2.9660         2.95
      2.9670         2.95
      2.9680         2.93
      2.9690         3.01
      2.9700         3.06
      2.9710         3.01
      2.9720         3.07
      2.9730         3.00
      2.9740         2.56
      2.9750         2.56
      2.9760         2.57
      2.9770         2.50
      2.9780         2.54
      2.9790         2.50
      2.9800         2.57
      2.9810         2.60
      2.9820         2.56
      2.9830         2.62
      2.9840         2.61
      2.9850         2.57
      2.9860         2.64
      2.9870         2.65
      2.9880         2.65
      2.9890         2.61
      2.9900         2.56
      2.9910         2.62
      2.9920         2.57
      2.9930         2.58
      2.9940         2.58
      2.9950         2.68
      2.9960         2.70
      2.9970         2.78
      2.9980         3.29
      2.9990         3.25
