        Time   Palpation Force
      0.0000         1.00
      0.0010         1.00
      0.0020         1.00
      0.0030         1.00
      0.0040         1.00
      0.0050         1.00
      0.0060         1.00
      0.0070         1.00
      0.0080         1.00
      0.0090         1.00
      0.0100         1.00
      0.0110         1.00
      0.0120         1.00
      0.0130         1.00
      0.0140         1.00
      0.0150         1.00
      0.0160         1.00
      0.0170         1.00
      0.0180         1.01
      0.0190         1.10
      0.0200         1.11
      0.0210         1.12
      0.0220         1.14
      0.0230         1.08
      0.0240         1.16
      0.0250         1.12
      0.0260         1.15
      0.0270         1.15
      0.0280         1.16
      0.0290         1.63
      0.0300         1.62
      0.0310         1.58
      0.0320         1.00
      0.0330         1.03
      0.0340         1.03
      0.0350         1.00
      0.0360         1.00
      0.0370         1.49
      0.0380         1.40
      0.0390         1.39
      0.0400         1.00
      0.0410         1.00
      0.0420         1.00
      0.0430         1.00
      0.0440         1.00
      0.0450         1.00
      0.0460         1.00
      0.0470         1.00
      0.0480         1.00
      0.0490         1.00
      0.0500         1.00
      0.0510         1.04
      0.0520         1.07
      0.0530         1.01
      0.0540         1.00
      0.0550         1.00
      0.0560         1.01
      0.0570         1.00
      0.0580         1.04
      0.0590         1.52
      0.0600         1.54
      0.0610         1.53
      0.0620         1.51
      0.0630         1.49
      0.0640         1.49
      0.0650         1.44
      0.0660         1.49
      0.0670         1.52
      0.0680         1.52
      0.0690         1.58
      0.0700         1.64
      0.0710         1.63
      0.0720         1.64
      0.0730         1.62
      0.0740         1.67
      0.0750         1.15
      0.0760         1.15
      0.0770         1.16
      0.0780         1.15
      0.0790         1.18
      0.0800         1.20
      0.0810         1.25
      0.0820         1.29
      0.0830         1.26
      0.0840         1.26
      0.0850         1.30
      0.0860         1.27
      0.0870         1.23
      0.0880         1.20
      0.0890         1.14
      0.0900         1.07
      0.0910         1.07
      0.0920         1.06
      0.0930         1.03
      0.0940         1.00
      0.0950         1.00
      0.0960         1.00
      0.0970         1.03
      0.0980         1.03
      0.0990         1.04
      0.1000         1.07
      0.1010         1.07
      0.1020         1.07
      0.1030         1.10
      0.1040         1.11
      0.1050         1.16
      0.1060         1.19
      0.1070         1.23
      0.1080         1.23
      0.1090         1.22
      0.1100         1.22
      0.1110         1.19
      0.1120         1.75
      0.1130         1.78
      0.1140         1.77
      0.1150         1.81
      0.1160         1.29
      0.1170         1.29
      0.1180         1.25
      0.1190         1.25
      0.1200         1.25
      0.1210         1.20
      0.1220         1.19
      0.1230         1.19
      0.1240         1.19
      0.1250         1.10
      0.1260         1.14
      0.1270         1.16
      0.1280         1.19
      0.1290         1.25
      0.1300         1.33
      0.1310         1.35
      0.1320         1.30
      0.1330         1.29
      0.1340         1.29
      0.1350         1.27
      0.1360         1.26
      0.1370         1.22
      0.1380         1.23
      0.1390         1.26
      0.1400         1.25
      0.1410         1.26
      0.1420         1.22
      0.1430         1.22
      0.1440         1.23
      0.1450         1.23
      0.1460         1.16
      0.1470         1.10
      0.1480         1.07
      0.1490         1.03
      0.1500         1.00
      0.1510         1.00
      0.1520         1.00
      0.1530         1.00
      0.1540         1.44
      0.1550         1.48
      0.1560         1.53
      0.1570         1.58
      0.1580         1.63
      0.1590         1.62
      0.1600         1.58
      0.1610         1.54
      0.1620         1.04
      0.1630         1.03
      0.1640         1.00
      0.1650         1.01
      0.1660         1.01
      0.1670         1.03
      0.1680         1.07
      0.1690         1.10
      0.1700         1.07
      0.1710         1.07
      0.1720         1.10
      0.1730         1.07
      0.1740         1.07
      0.1750         1.07
      0.1760         1.01
      0.1770         1.00
      0.1780         1.00
      0.1790         1.00
      0.1800         1.00
      0.1810         1.00
      0.1820         1.00
      0.1830         1.45
      0.1840         1.01
      0.1850         1.52
      0.1860         1.01
      0.1870         1.52
      0.1880         1.00
      0.1890         1.00
      0.1900         1.00
      0.1910         1.03
      0.1920         1.10
      0.1930         1.11
      0.1940         1.12
      0.1950         1.15
      0.1960         1.19
      0.1970         1.16
      0.1980         1.15
      0.1990         1.18
      0.2000         1.16
      0.2010         1.15
      0.2020         1.14
      0.2030         1.12
      0.2040         1.06
      0.2050         1.03
      0.2060         1.03
      0.2070         1.00
      0.2080         1.00
      0.2090         1.00
      0.2100         1.00
      0.2110         1.00
      0.2120         1.00
      0.2130         1.00
      0.2140         1.00
      0.2150         1.00
      0.2160         1.36
      0.2170         1.33
      0.2180         1.00
      0.2190         1.00
      0.2200         1.00
      0.2210         1.00
      0.2220         1.00
      0.2230         1.01
      0.2240         1.08
      0.2250         1.08
      0.2260         1.07
      0.2270         1.16
      0.2280         1.14
      0.2290         1.14
      0.2300         1.15
      0.2310         1.20
      0.2320         1.19
      0.2330         1.18
      0.2340         1.01
      0.2350         1.04
      0.2360         1.01
      0.2370         1.59
      0.2380         1.56
      0.2390         1.55
      0.2400         1.56
      0.2410         1.55
      0.2420         1.55
      0.2430         1.51
      0.2440         1.38
      0.2450         1.43
      0.2460         1.49
      0.2470         1.49
      0.2480         1.01
      0.2490         1.03
      0.2500         1.08
      0.2510         1.08
      0.2520         1.12
      0.2530         1.14
      0.2540         1.19
      0.2550         1.19
      0.2560         1.20
      0.2570         1.16
      0.2580         1.12
      0.2590         1.14
      0.2600         1.15
      0.2610         1.14
      0.2620         1.08
      0.2630         1.08
      0.2640         1.10
      0.2650         1.03
      0.2660         1.00
      0.2670         1.00
      0.2680         1.00
      0.2690         1.00
      0.2700         1.00
      0.2710         1.00
      0.2720         1.00
      0.2730         1.00
      0.2740         1.00
      0.2750         1.00
      0.2760         1.00
      0.2770         1.01
      0.2780         1.07
      0.2790         1.11
      0.2800         1.14
      0.2810         1.14
      0.2820         1.16
      0.2830         1.18
      0.2840         1.22
      0.2850         1.27
      0.2860         1.29
      0.2870         1.29
      0.2880         1.25
      0.2890         1.19
      0.2900         1.12
      0.2910         1.12
      0.2920         1.18
      0.2930         1.12
      0.2940         1.06
      0.2950         1.00
      0.2960         1.00
      0.2970         1.48
      0.2980         1.01
      0.2990         1.53
      0.3000         2.09
      0.3010         1.66
      0.3020         2.26
      0.3030         1.77
      0.3040         1.73
      0.3050         1.74
      0.3060         1.78
      0.3070         1.78
      0.3080         1.83
      0.3090         1.34
      0.3100         1.34
      0.3110         1.30
      0.3120         1.83
      0.3130         1.88
      0.3140         1.94
      0.3150         1.96
      0.3160         1.42
      0.3170         1.44
      0.3180         1.86
      0.3190         1.31
      0.3200         1.25
      0.3210         1.71
      0.3220         1.63
      0.3230         1.62
      0.3240         1.60
      0.3250         1.59
      0.3260         1.59
      0.3270         1.59
      0.3280         1.57
      0.3290         1.57
      0.3300         1.57
      0.3310         1.57
      0.3320         1.55
      0.3330         1.56
      0.3340         1.49
      0.3350         1.51
      0.3360         1.56
      0.3370         1.01
      0.3380         1.58
      0.3390         1.64
      0.3400         1.74
      0.3410         1.63
      0.3420         1.66
      0.3430         1.68
      0.3440         1.67
      0.3450         1.74
      0.3460         1.78
      0.3470         1.75
      0.3480         1.78
      0.3490         1.85
      0.3500         1.78
      0.3510         1.79
      0.3520         1.81
      0.3530         1.71
      0.3540         1.70
      0.3550         1.68
      0.3560         1.71
      0.3570         1.72
      0.3580         1.71
      0.3590         1.71
      0.3600         1.63
      0.3610         1.63
      0.3620         1.62
      0.3630         1.10
      0.3640         1.14
      0.3650         1.63
      0.3660         1.60
      0.3670         1.11
      0.3680         1.16
      0.3690         1.10
      0.3700         1.14
      0.3710         1.19
      0.3720         1.19
      0.3730         1.26
      0.3740         1.23
      0.3750         1.19
      0.3760         1.11
      0.3770         1.08
      0.3780         1.07
      0.3790         1.04
      0.3800         1.03
      0.3810         1.01
      0.3820         1.00
      0.3830         1.00
      0.3840         1.00
      0.3850         1.00
      0.3860         1.00
      0.3870         1.35
      0.3880         1.00
      0.3890         1.00
      0.3900         1.00
      0.3910         1.00
      0.3920         1.00
      0.3930         1.00
      0.3940         1.00
      0.3950         1.00
      0.3960         1.08
      0.3970         1.18
      0.3980         1.19
      0.3990         1.20
      0.4000         1.22
      0.4010         1.27
      0.4020         1.29
      0.4030         1.31
      0.4040         1.35
      0.4050         1.38
      0.4060         1.38
      0.4070         1.34
      0.4080         1.27
      0.4090         1.74
      0.4100         1.75
      0.4110         1.74
      0.4120         1.70
      0.4130         1.14
      0.4140         1.08
      0.4150         1.70
      0.4160         1.62
      0.4170         1.56
      0.4180         1.60
      0.4190         1.64
      0.4200         1.71
      0.4210         1.68
      0.4220         1.66
      0.4230         1.63
      0.4240         1.62
      0.4250         1.53
      0.4260         1.55
      0.4270         1.64
      0.4280         1.64
      0.4290         1.18
      0.4300         1.14
      0.4310         1.20
      0.4320         1.19
      0.4330         1.20
      0.4340         1.70
      0.4350         1.14
      0.4360         1.64
      0.4370         1.62
      0.4380         1.14
      0.4390         1.60
      0.4400         1.07
      0.4410         1.53
      0.4420         1.58
      0.4430         1.59
      0.4440         1.62
      0.4450         1.67
      0.4460         1.63
      0.4470         1.63
      0.4480         1.64
      0.4490         1.68
      0.4500         1.75
      0.4510         1.68
      0.4520         1.70
      0.4530         1.71
      0.4540         1.64
      0.4550         1.60
      0.4560         1.64
      0.4570         1.22
      0.4580         1.22
      0.4590         1.74
      0.4600         1.79
      0.4610         1.82
      0.4620         1.75
      0.4630         1.69
      0.4640         1.20
      0.4650         1.69
      0.4660         1.70
      0.4670         1.66
      0.4680         1.62
      0.4690         1.64
      0.4700         1.62
      0.4710         1.57
      0.4720         1.60
      0.4730         1.53
      0.4740         1.52
      0.4750         1.59
      0.4760         1.59
      0.4770         1.61
      0.4780         1.67
      0.4790         1.63
      0.4800         1.63
      0.4810         1.64
      0.4820         1.62
      0.4830         1.64
      0.4840         1.66
      0.4850         1.70
      0.4860         1.72
      0.4870         1.74
      0.4880         1.79
      0.4890         1.78
      0.4900         1.23
      0.4910         1.81
      0.4920         1.29
      0.4930         1.35
      0.4940         1.96
      0.4950         2.00
      0.4960         1.92
      0.4970         1.83
      0.4980         1.78
      0.4990         1.78
      0.5000         1.71
      0.5010         1.63
      0.5020         1.68
      0.5030         1.70
      0.5040         1.66
      0.5050         1.64
      0.5060         1.64
      0.5070         1.60
      0.5080         1.55
      0.5090         1.53
      0.5100         1.55
      0.5110         1.55
      0.5120         1.60
      0.5130         1.60
      0.5140         1.56
      0.5150         1.01
      0.5160         1.04
      0.5170         1.08
      0.5180         1.11
      0.5190         1.06
      0.5200         1.62
      0.5210         1.60
      0.5220         1.63
      0.5230         1.67
      0.5240         1.64
      0.5250         1.60
      0.5260         1.64
      0.5270         1.71
      0.5280         1.68
      0.5290         1.68
      0.5300         1.68
      0.5310         1.64
      0.5320         1.52
      0.5330         1.53
      0.5340         1.60
      0.5350         1.59
      0.5360         1.63
      0.5370         1.57
      0.5380         1.55
      0.5390         1.51
      0.5400         1.44
      0.5410         1.51
      0.5420         1.54
      0.5430         1.59
      0.5440         1.63
      0.5450         1.71
      0.5460         1.67
      0.5470         1.10
      0.5480         1.14
      0.5490         1.14
      0.5500         1.23
      0.5510         1.71
      0.5520         1.82
      0.5530         1.79
      0.5540         1.19
      0.5550         1.68
      0.5560         1.12
      0.5570         1.63
      0.5580         1.62
      0.5590         1.68
      0.5600         1.68
      0.5610         1.63
      0.5620         1.60
      0.5630         1.54
      0.5640         1.55
      0.5650         1.49
      0.5660         1.00
      0.5670         1.03
      0.5680         1.00
      0.5690         1.00
      0.5700         1.00
      0.5710         1.00
      0.5720         1.00
      0.5730         1.00
      0.5740         1.03
      0.5750         1.12
      0.5760         1.18
      0.5770         1.19
      0.5780         1.18
      0.5790         1.16
      0.5800         1.18
      0.5810         1.19
      0.5820         1.18
      0.5830         1.16
      0.5840         1.15
      0.5850         1.16
      0.5860         1.16
      0.5870         1.11
      0.5880         1.68
      0.5890         1.71
      0.5900         1.78
      0.5910         1.70
      0.5920         1.58
      0.5930         2.07
      0.5940         1.54
      0.5950         1.00
      0.5960         1.00
      0.5970         1.57
      0.5980         1.06
      0.5990         1.08
      0.6000         1.06
      0.6010         1.10
      0.6020         1.10
      0.6030         1.10
      0.6040         1.11
      0.6050         1.08
      0.6060         1.14
      0.6070         1.10
      0.6080         1.08
      0.6090         1.03
      0.6100         1.00
      0.6110         1.00
      0.6120         1.00
      0.6130         1.00
      0.6140         1.47
      0.6150         1.45
      0.6160         1.40
      0.6170         1.39
      0.6180         1.37
      0.6190         1.41
      0.6200         1.45
      0.6210         1.00
      0.6220         1.00
      0.6230         1.00
      0.6240         1.00
      0.6250         1.00
      0.6260         1.00
      0.6270         1.00
      0.6280         1.01
      0.6290         1.07
      0.6300         1.08
      0.6310         1.14
      0.6320         1.15
      0.6330         1.20
      0.6340         1.23
      0.6350         1.23
      0.6360         1.26
      0.6370         1.22
      0.6380         1.18
      0.6390         1.15
      0.6400         1.11
      0.6410         1.59
      0.6420         1.07
      0.6430         1.59
      0.6440         2.10
      0.6450         2.13
      0.6460         2.11
      0.6470         2.11
      0.6480         2.19
      0.6490         2.26
      0.6500         2.39
      0.6510         2.43
      0.6520         2.43
      0.6530         2.37
      0.6540         2.27
      0.6550         2.34
      0.6560         2.33
      0.6570         2.26
      0.6580         1.83
      0.6590         1.89
      0.6600         1.87
      0.6610         1.96
      0.6620         2.00
      0.6630         1.98
      0.6640         2.02
      0.6650         2.12
      0.6660         2.19
      0.6670         2.21
      0.6680         2.19
      0.6690         2.19
      0.6700         2.13
      0.6710         2.09
      0.6720         2.12
      0.6730         2.17
      0.6740         2.24
      0.6750         2.24
      0.6760         2.27
      0.6770         2.86
      0.6780         2.85
      0.6790         2.92
      0.6800         2.94
      0.6810         2.97
      0.6820         3.03
      0.6830         3.03
      0.6840         3.07
      0.6850         3.18
      0.6860         3.22
      0.6870         3.25
      0.6880         3.26
      0.6890         3.23
      0.6900         3.25
      0.6910         2.86
      0.6920         2.88
      0.6930         2.92
      0.6940         2.92
      0.6950         2.98
      0.6960         3.01
      0.6970         2.98
      0.6980         3.00
      0.6990         2.98
      0.7000         3.11
      0.7010         3.09
      0.7020         3.05
      0.7030         3.63
      0.7040         3.62
      0.7050         3.56
      0.7060         3.60
      0.7070         3.60
      0.7080         3.66
      0.7090         3.79
      0.7100         3.88
      0.7110         3.92
      0.7120         4.03
      0.7130         3.99
      0.7140         4.01
      0.7150         4.01
      0.7160         3.99
      0.7170         4.02
      0.7180         4.09
      0.7190         4.15
      0.7200         4.19
      0.7210         4.20
      0.7220         4.32
      0.7230         3.91
      0.7240         3.99
      0.7250         4.07
      0.7260         4.07
      0.7270         4.65
      0.7280         4.78
      0.7290         4.85
      0.7300         4.90
      0.7310         4.90
      0.7320         4.97
      0.7330         5.05
      0.7340         5.06
      0.7350         5.05
      0.7360         5.14
      0.7370         5.20
      0.7380         5.26
      0.7390         5.33
      0.7400         5.37
      0.7410         5.45
      0.7420         5.51
      0.7430         5.60
      0.7440         5.62
      0.7450         5.60
      0.7460         5.73
      0.7470         5.67
      0.7480         5.73
      0.7490         5.74
      0.7500         5.84
      0.7510         5.34
      0.7520         6.46
      0.7530         6.58
      0.7540         6.65
      0.7550         6.78
      0.7560         6.73
      0.7570         6.73
      0.7580         6.77
      0.7590         6.89
      0.7600         6.86
      0.7610         6.91
      0.7620         6.91
      0.7630         6.92
      0.7640         6.96
      0.7650         7.04
      0.7660         7.06
      0.7670         7.30
      0.7680         7.31
      0.7690         7.38
      0.7700         7.46
      0.7710         7.53
      0.7720         7.52
      0.7730         7.52
      0.7740         7.57
      0.7750         7.56
      0.7760         7.76
      0.7770         7.86
      0.7780         7.94
      0.7790         7.90
      0.7800         7.95
      0.7810         7.97
      0.7820         8.09
      0.7830         8.13
      0.7840         8.17
      0.7850         8.20
      0.7860         8.30
      0.7870         8.22
      0.7880         8.33
      0.7890         8.41
      0.7900         8.37
      0.7910         7.94
      0.7920         7.99
      0.7930         8.61
      0.7940         8.67
      0.7950         8.85
      0.7960         8.95
      0.7970         9.07
      0.7980         9.11
      0.7990         9.14
      0.8000         9.24
      0.8010         9.32
      0.8020         9.28
      0.8030         9.27
      0.8040         9.37
      0.8050         9.45
      0.8060         9.42
      0.8070         9.45
      0.8080         9.42
      0.8090         9.42
      0.8100         9.56
      0.8110         9.52
      0.8120         9.54
      0.8130         9.56
      0.8140         9.59
      0.8150         9.57
      0.8160         9.59
      0.8170         9.64
      0.8180         9.81
      0.8190         9.97
      0.8200        10.03
      0.8210        10.22
      0.8220        10.34
      0.8230        10.39
      0.8240        10.50
      0.8250        10.51
      0.8260        10.62
      0.8270        10.73
      0.8280        10.79
      0.8290        10.83
      0.8300        10.97
      0.8310        11.17
      0.8320        11.29
      0.8330        11.37
      0.8340        11.45
      0.8350        11.46
      0.8360        11.48
      0.8370        11.51
      0.8380        11.51
      0.8390        11.55
      0.8400        11.72
      0.8410        11.62
      0.8420        11.61
      0.8430        11.68
      0.8440        11.80
      0.8450        11.92
      0.8460        12.04
      0.8470        12.16
      0.8480        12.26
      0.8490        12.39
      0.8500        12.48
      0.8510        12.58
      0.8520        12.70
      0.8530        12.78
      0.8540        12.91
      0.8550        13.05
      0.8560        13.15
      0.8570        13.32
      0.8580        13.48
      0.8590        13.49
      0.8600        13.51
      0.8610        13.68
      0.8620        13.93
      0.8630        14.09
      0.8640        14.13
      0.8650        14.24
      0.8660        14.32
      0.8670        14.44
      0.8680        14.63
      0.8690        14.73
      0.8700        14.77
      0.8710        14.86
      0.8720        14.92
      0.8730        15.01
      0.8740        15.04
      0.8750        15.16
      0.8760        15.34
      0.8770        15.50
      0.8780        15.56
      0.8790        15.83
      0.8800        16.05
      0.8810        16.21
      0.8820        16.28
      0.8830        16.45
      0.8840        16.61
      0.8850        16.80
      0.8860        17.05
      0.8870        17.22
      0.8880        17.26
      0.8890        17.46
      0.8900        17.63
      0.8910        17.78
      0.8920        17.97
      0.8930        18.18
      0.8940        18.46
      0.8950        18.56
      0.8960        18.78
      0.8970        18.90
      0.8980        19.10
      0.8990        19.16
      0.9000        19.23
      0.9010        19.46
      0.9020        19.62
      0.9030        19.78
      0.9040        19.89
      0.9050        20.04
      0.9060        20.21
      0.9070        20.31
      0.9080        20.52
      0.9090        20.74
      0.9100        20.98
      0.9110        21.09
      0.9120        21.26
      0.9130        21.41
      0.9140        21.56
      0.9150        21.72
      0.9160        21.88
      0.9170        22.03
      0.9180        22.16
      0.9190        22.34
      0.9200        22.53
      0.9210        22.66
      0.9220        22.82
      0.9230        22.92
      0.9240        23.04
      0.9250        23.09
      0.9260        23.14
      0.9270        23.34
      0.9280        23.45
      0.9290        23.53
      0.9300        23.53
      0.9310        23.77
      0.9320        23.90
      0.9330        24.02
      0.9340        24.20
      0.9350        24.37
      0.9360        24.48
      0.9370        24.60
      0.9380        24.74
      0.9390        24.87
      0.9400        25.05
      0.9410        25.15
      0.9420        25.21
      0.9430        25.48
      0.9440        25.65
      0.9450        25.84
      0.9460        25.96
      0.9470        25.91
      0.9480        26.03
      0.9490        26.11
      0.9500        26.29
      0.9510        26.28
      0.9520        26.29
      0.9530        26.40
      0.9540        26.52
      0.9550        26.68
      0.9560        26.76
      0.9570        26.86
      0.9580        27.03
      0.9590        27.14
      0.9600        27.21
      0.9610        27.24
      0.9620        27.41
      0.9630        27.37
      0.9640        27.48
      0.9650        27.60
      0.9660        27.71
      0.9670        27.85
      0.9680        27.88
      0.9690        28.12
      0.9700        28.15
      0.9710        28.27
      0.9720        28.45
      0.9730        28.55
      0.9740        28.53
      0.9750        28.59
      0.9760        28.60
      0.9770        28.71
      0.9780        28.68
      0.9790        28.72
      0.9800        28.74
      0.9810        28.90
      0.9820        29.01
      0.9830        29.09
      0.9840        29.12
      0.9850        29.16
      0.9860        29.15
      0.9870        29.28
      0.9880        29.48
      0.9890        29.32
      0.9900        29.35
      0.9910        29.48
      0.9920        29.55
      0.9930        29.67
      0.9940        29.74
      0.9950        29.87
      0.9960        29.98
      0.9970        30.07
      0.9980        30.19
      0.9990        30.30
      1.0000        30.41
      1.0010        30.34
      1.0020        30.34
      1.0030        30.43
      1.0040        30.62
      1.0050        30.78
      1.0060        30.90
      1.0070        30.97
      1.0080        30.97
      1.0090        31.15
      1.0100        31.43
      1.0110        31.43
      1.0120        31.43
      1.0130        31.36
      1.0140        31.43
      1.0150        31.47
      1.0160        31.51
      1.0170        31.43
      1.0180        31.53
      1.0190        31.58
      1.0200        31.64
      1.0210        31.80
      1.0220        31.86
      1.0230        31.93
      1.0240        31.85
      1.0250        31.79
      1.0260        31.86
      1.0270        31.90
      1.0280        31.90
      1.0290        32.02
      1.0300        32.00
      1.0310        32.02
      1.0320        32.02
      1.0330        32.12
      1.0340        32.16
      1.0350        32.12
      1.0360        32.12
      1.0370        32.26
      1.0380        32.24
      1.0390        32.31
      1.0400        32.31
      1.0410        32.31
      1.0420        32.36
      1.0430        32.29
      1.0440        32.40
      1.0450        32.47
      1.0460        32.55
      1.0470        32.60
      1.0480        32.76
      1.0490        32.68
      1.0500        32.69
      1.0510        32.85
      1.0520        32.96
      1.0530        33.03
      1.0540        33.22
      1.0550        33.24
      1.0560        33.35
      1.0570        33.34
      1.0580        33.35
      1.0590        33.30
      1.0600        33.34
      1.0610        33.40
      1.0620        33.50
      1.0630        33.69
      1.0640        33.66
      1.0650        33.71
      1.0660        33.70
      1.0670        33.82
      1.0680        33.87
      1.0690        33.95
      1.0700        33.94
      1.0710        33.82
      1.0720        33.91
      1.0730        33.88
      1.0740        33.70
      1.0750        33.75
      1.0760        33.68
      1.0770        33.86
      1.0780        33.94
      1.0790        34.05
      1.0800        34.06
      1.0810        34.06
      1.0820        33.97
      1.0830        33.99
      1.0840        34.09
      1.0850        34.20
      1.0860        34.25
      1.0870        34.21
      1.0880        34.21
      1.0890        34.32
      1.0900        34.39
      1.0910        34.57
      1.0920        34.66
      1.0930        34.70
      1.0940        34.90
      1.0950        35.08
      1.0960        35.26
      1.0970        35.27
      1.0980        35.29
      1.0990        35.32
      1.1000        35.50
      1.1010        35.52
      1.1020        35.73
      1.1030        35.62
      1.1040        35.69
      1.1050        35.65
      1.1060        35.74
      1.1070        35.79
      1.1080        35.89
      1.1090        35.91
      1.1100        36.09
      1.1110        36.05
      1.1120        36.06
      1.1130        36.10
      1.1140        36.09
      1.1150        36.11
      1.1160        36.13
      1.1170        36.10
      1.1180        36.14
      1.1190        36.18
      1.1200        36.19
      1.1210        36.33
      1.1220        36.26
      1.1230        36.49
      1.1240        36.52
      1.1250        36.55
      1.1260        36.56
      1.1270        36.60
      1.1280        36.66
      1.1290        36.67
      1.1300        36.63
      1.1310        36.77
      1.1320        36.86
      1.1330        37.01
      1.1340        37.02
      1.1350        36.96
      1.1360        37.07
      1.1370        37.16
      1.1380        37.16
      1.1390        37.28
      1.1400        37.36
      1.1410        37.39
      1.1420        37.52
      1.1430        37.55
      1.1440        37.56
      1.1450        37.69
      1.1460        37.76
      1.1470        37.77
      1.1480        37.72
      1.1490        37.75
      1.1500        37.71
      1.1510        37.72
      1.1520        37.66
      1.1530        37.59
      1.1540        37.71
      1.1550        37.86
      1.1560        37.78
      1.1570        37.84
      1.1580        37.89
      1.1590        37.85
      1.1600        37.89
      1.1610        37.91
      1.1620        38.01
      1.1630        37.97
      1.1640        38.02
      1.1650        38.06
      1.1660        38.08
      1.1670        38.21
      1.1680        38.29
      1.1690        38.37
      1.1700        38.48
      1.1710        38.46
      1.1720        38.51
      1.1730        38.59
      1.1740        38.59
      1.1750        38.67
      1.1760        38.80
      1.1770        38.82
      1.1780        38.91
      1.1790        39.03
      1.1800        39.08
      1.1810        39.06
      1.1820        38.99
      1.1830        39.07
      1.1840        39.10
      1.1850        39.04
      1.1860        39.05
      1.1870        39.08
      1.1880        39.09
      1.1890        39.08
      1.1900        39.07
      1.1910        39.16
      1.1920        39.15
      1.1930        39.22
      1.1940        39.31
      1.1950        39.18
      1.1960        39.13
      1.1970        39.20
      1.1980        39.24
      1.1990        39.22
      1.2000        39.18
      1.2010        39.37
      1.2020        39.48
      1.2030        39.52
      1.2040        39.55
      1.2050        39.65
      1.2060        39.74
      1.2070        39.77
      1.2080        39.74
      1.2090        39.78
      1.2100        39.82
      1.2110        39.78
      1.2120        39.89
      1.2130        39.81
      1.2140        39.74
      1.2150        39.77
      1.2160        39.73
      1.2170        39.59
      1.2180        39.52
      1.2190        39.43
      1.2200        39.36
      1.2210        39.24
      1.2220        39.14
      1.2230        39.02
      1.2240        38.96
      1.2250        38.97
      1.2260        38.95
      1.2270        38.86
      1.2280        38.90
      1.2290        38.95
      1.2300        38.91
      1.2310        38.87
      1.2320        38.82
      1.2330        38.89
      1.2340        38.98
      1.2350        38.90
      1.2360        39.01
      1.2370        39.09
      1.2380        39.14
      1.2390        39.25
      1.2400        39.30
      1.2410        39.34
      1.2420        39.41
      1.2430        39.53
      1.2440        39.54
      1.2450        39.44
      1.2460        39.35
      1.2470        39.44
      1.2480        39.43
      1.2490        39.39
      1.2500        39.32
      1.2510        39.40
      1.2520        39.48
      1.2530        39.46
      1.2540        39.38
      1.2550        39.51
      1.2560        39.47
      1.2570        39.50
      1.2580        39.40
      1.2590        39.46
      1.2600        39.40
      1.2610        39.39
      1.2620        39.35
      1.2630        39.26
      1.2640        39.38
      1.2650        39.55
      1.2660        39.54
      1.2670        39.46
      1.2680        39.50
      1.2690        39.54
      1.2700        39.68
      1.2710        39.69
      1.2720        39.69
      1.2730        39.75
      1.2740        39.83
      1.2750        39.84
      1.2760        39.90
      1.2770        39.90
      1.2780        40.02
      1.2790        39.91
      1.2800        40.01
      1.2810        40.06
      1.2820        40.10
      1.2830        40.29
      1.2840        40.31
      1.2850        40.31
      1.2860        40.45
      1.2870        40.51
      1.2880        40.59
      1.2890        40.63
      1.2900        40.63
      1.2910        40.69
      1.2920        40.71
      1.2930        40.79
      1.2940        40.80
      1.2950        40.87
      1.2960        40.87
      1.2970        40.99
      1.2980        41.00
      1.2990        41.15
      1.3000        41.18
      1.3010        41.19
      1.3020        41.18
      1.3030        41.21
      1.3040        41.08
      1.3050        41.02
      1.3060        41.05
      1.3070        41.06
      1.3080        41.02
      1.3090        41.04
      1.3100        41.09
      1.3110        41.14
      1.3120        41.09
      1.3130        41.16
      1.3140        41.12
      1.3150        41.04
      1.3160        41.10
      1.3170        41.05
      1.3180        41.13
      1.3190        41.14
      1.3200        41.22
      1.3210        41.25
      1.3220        41.39
      1.3230        41.35
      1.3240        41.53
      1.3250        41.51
      1.3260        41.43
      1.3270        41.49
      1.3280        41.57
      1.3290        41.50
      1.3300        41.55
      1.3310        41.41
      1.3320        41.45
      1.3330        41.29
      1.3340        41.30
      1.3350        41.37
      1.3360        41.44
      1.3370        41.42
      1.3380        41.30
      1.3390        41.20
      1.3400        41.14
      1.3410        41.10
      1.3420        41.01
      1.3430        40.94
      1.3440        40.95
      1.3450        40.98
      1.3460        40.96
      1.3470        40.90
      1.3480        40.75
      1.3490        40.80
      1.3500        40.69
      1.3510        40.77
      1.3520        40.81
      1.3530        40.81
      1.3540        40.76
      1.3550        40.73
      1.3560        40.64
      1.3570        40.71
      1.3580        40.68
      1.3590        40.69
      1.3600        40.69
      1.3610        40.59
      1.3620        40.52
      1.3630        40.51
      1.3640        40.45
      1.3650        40.35
      1.3660        40.38
      1.3670        40.34
      1.3680        40.35
      1.3690        40.34
      1.3700        40.31
      1.3710        40.23
      1.3720        40.16
      1.3730        40.16
      1.3740        40.17
      1.3750        40.19
      1.3760        40.19
      1.3770        40.11
      1.3780        40.16
      1.3790        40.17
      1.3800        40.15
      1.3810        40.23
      1.3820        40.33
      1.3830        40.37
      1.3840        40.36
      1.3850        40.39
      1.3860        40.36
      1.3870        40.39
      1.3880        40.33
      1.3890        40.35
      1.3900        40.34
      1.3910        40.40
      1.3920        40.32
      1.3930        40.39
      1.3940        40.43
      1.3950        40.39
      1.3960        40.40
      1.3970        40.35
      1.3980        40.46
      1.3990        40.42
      1.4000        40.43
      1.4010        40.43
      1.4020        40.43
      1.4030        40.41
      1.4040        40.41
      1.4050        40.49
      1.4060        40.47
      1.4070        40.56
      1.4080        40.68
      1.4090        40.67
      1.4100        40.68
      1.4110        40.75
      1.4120        40.75
      1.4130        40.73
      1.4140        40.71
      1.4150        40.80
      1.4160        40.65
      1.4170        40.67
      1.4180        40.68
      1.4190        40.73
      1.4200        40.72
      1.4210        40.66
      1.4220        40.62
      1.4230        40.62
      1.4240        40.60
      1.4250        40.52
      1.4260        40.60
      1.4270        40.54
      1.4280        40.47
      1.4290        40.36
      1.4300        40.34
      1.4310        40.31
      1.4320        40.44
      1.4330        40.43
      1.4340        40.47
      1.4350        40.40
      1.4360        40.52
      1.4370        40.61
      1.4380        40.49
      1.4390        40.52
      1.4400        40.49
      1.4410        40.61
      1.4420        40.57
      1.4430        40.64
      1.4440        40.71
      1.4450        40.73
      1.4460        40.72
      1.4470        40.74
      1.4480        40.81
      1.4490        40.95
      1.4500        41.04
      1.4510        41.06
      1.4520        41.05
      1.4530        41.04
      1.4540        41.04
      1.4550        41.07
      1.4560        40.94
      1.4570        41.03
      1.4580        41.07
      1.4590        40.97
      1.4600        41.03
      1.4610        40.92
      1.4620        40.96
      1.4630        40.90
      1.4640        40.86
      1.4650        40.89
      1.4660        40.86
      1.4670        40.90
      1.4680        40.88
      1.4690        40.85
      1.4700        40.82
      1.4710        40.77
      1.4720        40.67
      1.4730        40.65
      1.4740        40.62
      1.4750        40.65
      1.4760        40.76
      1.4770        40.55
      1.4780        40.43
      1.4790        40.49
      1.4800        40.45
      1.4810        40.42
      1.4820        40.41
      1.4830        40.34
      1.4840        40.35
      1.4850        40.34
      1.4860        40.31
      1.4870        40.24
      1.4880        40.26
      1.4890        40.22
      1.4900        40.21
      1.4910        40.21
      1.4920        40.24
      1.4930        40.26
      1.4940        40.26
      1.4950        40.19
      1.4960        40.23
      1.4970        40.18
      1.4980        40.26
      1.4990        40.22
      1.5000        40.26
      1.5010        40.30
      1.5020        40.26
      1.5030        40.23
      1.5040        40.16
      1.5050        40.22
      1.5060        40.17
      1.5070        40.17
      1.5080        40.21
      1.5090        40.12
      1.5100        40.09
      1.5110        40.04
      1.5120        40.05
      1.5130        40.05
      1.5140        40.02
      1.5150        40.01
      1.5160        39.93
      1.5170        39.99
      1.5180        39.97
      1.5190        39.94
      1.5200        39.85
      1.5210        39.88
      1.5220        39.87
      1.5230        39.88
      1.5240        39.93
      1.5250        39.79
      1.5260        39.88
      1.5270        39.82
      1.5280        39.69
      1.5290        39.75
      1.5300        39.66
      1.5310        39.62
      1.5320        39.62
      1.5330        39.52
      1.5340        39.43
      1.5350        39.43
      1.5360        39.31
      1.5370        39.20
      1.5380        39.18
      1.5390        39.22
      1.5400        39.18
      1.5410        39.14
      1.5420        39.14
      1.5430        39.04
      1.5440        38.91
      1.5450        38.94
      1.5460        38.83
      1.5470        38.75
      1.5480        38.87
      1.5490        38.75
      1.5500        38.81
      1.5510        38.81
      1.5520        38.85
      1.5530        38.97
      1.5540        39.01
      1.5550        38.89
      1.5560        38.89
      1.5570        38.93
      1.5580        38.86
      1.5590        38.86
      1.5600        38.81
      1.5610        38.76
      1.5620        38.64
      1.5630        38.72
      1.5640        38.72
      1.5650        38.76
      1.5660        38.81
      1.5670        38.91
      1.5680        38.74
      1.5690        38.82
      1.5700        38.77
      1.5710        38.81
      1.5720        38.73
      1.5730        38.69
      1.5740        38.50
      1.5750        38.47
      1.5760        38.49
      1.5770        38.54
      1.5780        38.66
      1.5790        38.66
      1.5800        38.75
      1.5810        38.84
      1.5820        38.93
      1.5830        38.90
      1.5840        38.99
      1.5850        38.95
      1.5860        38.94
      1.5870        38.95
      1.5880        39.09
      1.5890        39.01
      1.5900        39.10
      1.5910        39.02
      1.5920        38.90
      1.5930        38.87
      1.5940        39.03
      1.5950        39.18
      1.5960        39.22
      1.5970        39.03
      1.5980        38.86
      1.5990        38.85
      1.6000        38.83
      1.6010        38.73
      1.6020        38.62
      1.6030        38.63
      1.6040        38.55
      1.6050        38.53
      1.6060        38.49
      1.6070        38.34
      1.6080        38.15
      1.6090        38.12
      1.6100        38.04
      1.6110        38.00
      1.6120        38.05
      1.6130        37.94
      1.6140        37.85
      1.6150        37.78
      1.6160        37.77
      1.6170        37.90
      1.6180        37.89
      1.6190        37.83
      1.6200        37.70
      1.6210        37.65
      1.6220        37.73
      1.6230        37.63
      1.6240        37.55
      1.6250        37.55
      1.6260        37.47
      1.6270        37.62
      1.6280        37.64
      1.6290        37.65
      1.6300        37.58
      1.6310        37.58
      1.6320        37.49
      1.6330        37.42
      1.6340        37.46
      1.6350        37.41
      1.6360        37.39
      1.6370        37.34
      1.6380        37.35
      1.6390        37.36
      1.6400        37.44
      1.6410        37.44
      1.6420        37.37
      1.6430        37.39
      1.6440        37.44
      1.6450        37.38
      1.6460        37.42
      1.6470        37.32
      1.6480        37.34
      1.6490        37.36
      1.6500        37.30
      1.6510        37.22
      1.6520        37.32
      1.6530        37.47
      1.6540        37.44
      1.6550        37.37
      1.6560        37.31
      1.6570        37.25
      1.6580        37.28
      1.6590        37.17
      1.6600        37.09
      1.6610        37.07
      1.6620        37.04
      1.6630        36.98
      1.6640        36.97
      1.6650        36.96
      1.6660        36.89
      1.6670        36.81
      1.6680        36.70
      1.6690        36.65
      1.6700        36.67
      1.6710        36.70
      1.6720        36.62
      1.6730        36.56
      1.6740        36.60
      1.6750        36.59
      1.6760        36.58
      1.6770        36.58
      1.6780        36.48
      1.6790        36.50
      1.6800        36.55
      1.6810        36.62
      1.6820        36.57
      1.6830        36.53
      1.6840        36.45
      1.6850        36.33
      1.6860        36.26
      1.6870        36.26
      1.6880        36.38
      1.6890        36.40
      1.6900        36.36
      1.6910        36.36
      1.6920        36.31
      1.6930        36.35
      1.6940        36.30
      1.6950        36.25
      1.6960        36.20
      1.6970        36.24
      1.6980        36.31
      1.6990        36.35
      1.7000        36.28
      1.7010        36.27
      1.7020        36.23
      1.7030        36.27
      1.7040        36.23
      1.7050        36.24
      1.7060        36.34
      1.7070        36.30
      1.7080        36.26
      1.7090        36.19
      1.7100        36.19
      1.7110        36.18
      1.7120        36.19
      1.7130        36.06
      1.7140        36.07
      1.7150        36.11
      1.7160        36.11
      1.7170        36.07
      1.7180        36.04
      1.7190        35.92
      1.7200        35.92
      1.7210        35.89
      1.7220        35.83
      1.7230        35.80
      1.7240        35.85
      1.7250        35.88
      1.7260        35.86
      1.7270        35.94
      1.7280        35.95
      1.7290        35.95
      1.7300        36.01
      1.7310        35.99
      1.7320        36.02
      1.7330        36.02
      1.7340        35.94
      1.7350        35.90
      1.7360        35.87
      1.7370        35.84
      1.7380        35.75
      1.7390        35.74
      1.7400        35.59
      1.7410        35.51
      1.7420        35.62
      1.7430        35.64
      1.7440        35.53
      1.7450        35.46
      1.7460        35.39
      1.7470        35.35
      1.7480        35.31
      1.7490        35.19
      1.7500        35.04
      1.7510        35.04
      1.7520        34.98
      1.7530        34.97
      1.7540        34.95
      1.7550        34.95
      1.7560        34.95
      1.7570        34.92
      1.7580        34.98
      1.7590        35.00
      1.7600        35.05
      1.7610        34.96
      1.7620        34.93
      1.7630        34.69
      1.7640        34.71
      1.7650        34.69
      1.7660        34.62
      1.7670        34.54
      1.7680        34.41
      1.7690        34.41
      1.7700        34.41
      1.7710        34.27
      1.7720        34.21
      1.7730        34.11
      1.7740        34.09
      1.7750        33.98
      1.7760        33.99
      1.7770        33.92
      1.7780        33.79
      1.7790        33.63
      1.7800        33.56
      1.7810        33.55
      1.7820        33.49
      1.7830        33.58
      1.7840        33.52
      1.7850        33.61
      1.7860        33.55
      1.7870        33.47
      1.7880        33.43
      1.7890        33.36
      1.7900        33.31
      1.7910        33.24
      1.7920        33.15
      1.7930        33.05
      1.7940        32.96
      1.7950        32.85
      1.7960        32.79
      1.7970        32.71
      1.7980        32.64
      1.7990        32.58
      1.8000        32.50
      1.8010        32.38
      1.8020        32.29
      1.8030        32.14
      1.8040        31.98
      1.8050        31.79
      1.8060        31.71
      1.8070        31.59
      1.8080        31.50
      1.8090        31.43
      1.8100        31.38
      1.8110        31.31
      1.8120        31.31
      1.8130        31.20
      1.8140        31.09
      1.8150        31.09
      1.8160        30.92
      1.8170        30.82
      1.8180        30.71
      1.8190        30.61
      1.8200        30.58
      1.8210        30.66
      1.8220        30.67
      1.8230        30.66
      1.8240        30.75
      1.8250        30.62
      1.8260        30.55
      1.8270        30.55
      1.8280        30.46
      1.8290        30.36
      1.8300        30.21
      1.8310        30.27
      1.8320        30.12
      1.8330        30.01
      1.8340        29.87
      1.8350        29.72
      1.8360        29.64
      1.8370        29.65
      1.8380        29.56
      1.8390        29.62
      1.8400        29.50
      1.8410        29.35
      1.8420        29.11
      1.8430        28.97
      1.8440        28.83
      1.8450        28.74
      1.8460        28.64
      1.8470        28.49
      1.8480        28.46
      1.8490        28.34
      1.8500        28.26
      1.8510        28.06
      1.8520        27.94
      1.8530        27.83
      1.8540        27.83
      1.8550        27.78
      1.8560        27.64
      1.8570        27.51
      1.8580        27.31
      1.8590        27.04
      1.8600        26.92
      1.8610        26.74
      1.8620        26.62
      1.8630        26.47
      1.8640        26.35
      1.8650        26.23
      1.8660        26.13
      1.8670        26.07
      1.8680        25.92
      1.8690        25.84
      1.8700        25.74
      1.8710        25.65
      1.8720        25.56
      1.8730        25.47
      1.8740        25.39
      1.8750        25.32
      1.8760        25.28
      1.8770        25.11
      1.8780        25.11
      1.8790        25.03
      1.8800        24.87
      1.8810        24.71
      1.8820        24.61
      1.8830        24.61
      1.8840        24.45
      1.8850        24.26
      1.8860        24.07
      1.8870        23.91
      1.8880        23.74
      1.8890        23.72
      1.8900        23.55
      1.8910        23.37
      1.8920        23.28
      1.8930        23.21
      1.8940        22.98
      1.8950        22.81
      1.8960        22.66
      1.8970        22.40
      1.8980        22.29
      1.8990        22.17
      1.9000        22.07
      1.9010        21.98
      1.9020        21.85
      1.9030        21.65
      1.9040        21.59
      1.9050        21.58
      1.9060        21.51
      1.9070        21.28
      1.9080        21.08
      1.9090        20.84
      1.9100        20.72
      1.9110        20.49
      1.9120        20.36
      1.9130        20.14
      1.9140        19.95
      1.9150        19.83
      1.9160        19.60
      1.9170        19.50
      1.9180        19.35
      1.9190        19.13
      1.9200        18.93
      1.9210        18.72
      1.9220        18.52
      1.9230        18.41
      1.9240        17.74
      1.9250        17.57
      1.9260        17.51
      1.9270        17.41
      1.9280        17.37
      1.9290        17.18
      1.9300        17.14
      1.9310        17.11
      1.9320        16.96
      1.9330        16.80
      1.9340        16.73
      1.9350        16.46
      1.9360        16.36
      1.9370        16.32
      1.9380        16.15
      1.9390        16.08
      1.9400        16.02
      1.9410        15.89
      1.9420        15.79
      1.9430        15.65
      1.9440        15.41
      1.9450        15.30
      1.9460        15.00
      1.9470        14.83
      1.9480        14.61
      1.9490        14.45
      1.9500        14.22
      1.9510        14.09
      1.9520        13.98
      1.9530        13.90
      1.9540        13.79
      1.9550        13.62
      1.9560        13.53
      1.9570        13.28
      1.9580        13.13
      1.9590        12.90
      1.9600        12.78
      1.9610        12.73
      1.9620        12.60
      1.9630        12.47
      1.9640        12.40
      1.9650        12.28
      1.9660        12.20
      1.9670        12.06
      1.9680        11.94
      1.9690        11.81
      1.9700        11.70
      1.9710        11.51
      1.9720        11.33
      1.9730        11.23
      1.9740        11.07
      1.9750        10.97
      1.9760        10.83
      1.9770        10.75
      1.9780        10.65
      1.9790        10.65
      1.9800        10.47
      1.9810        10.43
      1.9820        10.34
      1.9830        10.25
      1.9840        10.15
      1.9850        10.06
      1.9860         9.95
      1.9870         9.91
      1.9880         9.87
      1.9890         9.85
      1.9900         9.73
      1.9910         9.73
      1.9920         9.80
      1.9930         9.67
      1.9940         9.67
      1.9950         9.64
      1.9960         9.60
      1.9970         9.55
      1.9980         9.45
      1.9990         9.29
      2.0000         9.29
      2.0010         9.10
      2.0020         8.98
      2.0030         8.96
      2.0040         8.85
      2.0050         8.80
      2.0060         8.78
      2.0070         8.70
      2.0080         8.57
      2.0090         8.51
      2.0100         8.46
      2.0110         8.38
      2.0120         8.11
      2.0130         7.98
      2.0140         7.85
      2.0150         7.79
      2.0160         7.62
      2.0170         7.64
      2.0180         7.62
      2.0190         7.62
      2.0200         7.50
      2.0210         7.54
      2.0220         7.51
      2.0230         7.51
      2.0240         7.44
      2.0250         7.36
      2.0260         7.31
      2.0270         7.28
      2.0280         7.25
      2.0290         7.16
      2.0300         7.06
      2.0310         6.92
      2.0320         6.92
      2.0330         6.94
      2.0340         6.90
      2.0350         6.82
      2.0360         6.81
      2.0370         6.65
      2.0380         6.55
      2.0390         6.47
      2.0400         6.38
      2.0410         6.19
      2.0420         6.07
      2.0430         5.96
      2.0440         5.97
      2.0450         5.89
      2.0460         5.82
      2.0470         5.76
      2.0480         5.74
      2.0490         5.69
      2.0500         5.62
      2.0510         5.64
      2.0520         5.62
      2.0530         5.51
      2.0540         5.44
      2.0550         5.36
      2.0560         5.23
      2.0570         5.22
      2.0580         5.12
      2.0590         5.07
      2.0600         5.10
      2.0610         5.08
      2.0620         4.49
      2.0630         4.48
      2.0640         4.45
      2.0650         4.43
      2.0660         4.40
      2.0670         4.32
      2.0680         4.25
      2.0690         4.26
      2.0700         4.22
      2.0710         4.18
      2.0720         4.10
      2.0730         4.04
      2.0740         3.96
      2.0750         3.88
      2.0760         3.87
      2.0770         3.76
      2.0780         3.68
      2.0790         3.69
      2.0800         3.54
      2.0810         3.57
      2.0820         4.12
      2.0830         4.01
      2.0840         4.00
      2.0850         4.01
      2.0860         4.05
      2.0870         4.08
      2.0880         4.09
      2.0890         3.97
      2.0900         3.93
      2.0910         3.35
      2.0920         3.27
      2.0930         3.27
      2.0940         3.32
      2.0950         3.34
      2.0960         3.35
      2.0970         3.38
      2.0980         3.38
      2.0990         3.35
      2.1000         3.42
      2.1010         3.35
      2.1020         3.31
      2.1030         3.86
      2.1040         3.34
      2.1050         3.26
      2.1060         3.66
      2.1070         3.63
      2.1080         3.62
      2.1090         3.66
      2.1100         3.64
      2.1110         3.82
      2.1120         3.82
      2.1130         3.78
      2.1140         3.74
      2.1150         3.76
      2.1160         3.71
      2.1170         3.71
      2.1180         3.61
      2.1190         3.54
      2.1200         3.54
      2.1210         3.59
      2.1220         3.61
      2.1230         3.54
      2.1240         3.59
      2.1250         3.00
      2.1260         3.04
      2.1270         3.06
      2.1280         3.01
      2.1290         3.00
      2.1300         3.04
      2.1310         2.91
      2.1320         2.89
      2.1330         2.92
      2.1340         2.88
      2.1350         2.80
      2.1360         2.81
      2.1370         2.78
      2.1380         2.85
      2.1390         2.81
      2.1400         2.81
      2.1410         2.82
      2.1420         2.80
      2.1430         2.78
      2.1440         2.68
      2.1450         2.72
      2.1460         2.72
      2.1470         2.74
      2.1480         2.72
      2.1490         2.70
      2.1500         2.69
      2.1510         2.70
      2.1520         2.68
      2.1530         2.66
      2.1540         2.68
      2.1550         2.73
      2.1560         2.72
      2.1570         2.72
      2.1580         2.74
      2.1590         2.76
      2.1600         2.76
      2.1610         2.65
      2.1620         2.59
      2.1630         2.55
      2.1640         2.63
      2.1650         2.63
      2.1660         2.62
      2.1670         2.51
      2.1680         2.55
      2.1690         2.62
      2.1700         2.62
      2.1710         2.63
      2.1720         2.67
      2.1730         2.66
      2.1740         2.66
      2.1750         2.62
      2.1760         2.61
      2.1770         2.53
      2.1780         2.49
      2.1790         2.47
      2.1800         2.46
      2.1810         2.46
      2.1820         2.54
      2.1830         2.61
      2.1840         2.52
      2.1850         2.54
      2.1860         2.49
      2.1870         2.50
      2.1880         2.47
      2.1890         2.50
      2.1900         2.47
      2.1910         2.42
      2.1920         2.42
      2.1930         2.42
      2.1940         2.38
      2.1950         2.42
      2.1960         2.42
      2.1970         2.47
      2.1980         2.46
      2.1990         2.44
      2.2000         2.44
      2.2010         2.46
      2.2020         2.51
      2.2030         3.01
      2.2040         3.08
      2.2050         2.49
      2.2060         3.02
      2.2070         2.58
      2.2080         2.59
      2.2090         2.54
      2.2100         2.51
      2.2110         2.53
      2.2120         2.53
      2.2130         2.54
      2.2140         2.50
      2.2150         2.45
      2.2160         2.41
      2.2170         2.32
      2.2180         2.23
      2.2190         2.23
      2.2200         2.19
      2.2210         2.19
      2.2220         2.07
      2.2230         2.06
      2.2240         2.00
      2.2250         2.51
      2.2260         2.54
      2.2270         2.56
      2.2280         2.62
      2.2290         2.70
      2.2300         2.71
      2.2310         2.80
      2.2320         2.75
      2.2330         2.64
      2.2340         2.56
      2.2350         2.11
      2.2360         2.63
      2.2370         2.19
      2.2380         2.27
      2.2390         2.74
      2.2400         2.71
      2.2410         2.16
      2.2420         2.15
      2.2430         2.09
      2.2440         2.08
      2.2450         2.17
      2.2460         2.15
      2.2470         2.12
      2.2480         2.13
      2.2490         2.06
      2.2500         2.04
      2.2510         1.93
      2.2520         1.91
      2.2530         2.44
      2.2540         2.59
      2.2550         2.60
      2.2560         2.63
      2.2570         2.57
      2.2580         2.51
      2.2590         2.56
      2.2600         2.59
      2.2610         2.09
      2.2620         2.14
      2.2630         2.17
      2.2640         2.23
      2.2650         2.16
      2.2660         2.17
      2.2670         2.16
      2.2680         2.11
      2.2690         2.12
      2.2700         2.16
      2.2710         2.26
      2.2720         2.23
      2.2730         2.27
      2.2740         2.20
      2.2750         2.15
      2.2760         2.09
      2.2770         2.11
      2.2780         2.12
      2.2790         2.16
      2.2800         2.16
      2.2810         2.09
      2.2820         2.05
      2.2830         2.01
      2.2840         1.90
      2.2850         1.89
      2.2860         1.89
      2.2870         1.90
      2.2880         1.93
      2.2890         1.92
      2.2900         1.89
      2.2910         1.87
      2.2920         1.90
      2.2930         1.92
      2.2940         1.94
      2.2950         1.96
      2.2960         1.50
      2.2970         2.01
      2.2980         2.00
      2.2990         2.03
      2.3000         2.04
      2.3010         2.12
      2.3020         2.17
      2.3030         2.24
      2.3040         2.38
      2.3050         2.43
      2.3060         2.40
      2.3070         2.44
      2.3080         2.40
      2.3090         2.46
      2.3100         2.46
      2.3110         2.51
      2.3120         2.54
      2.3130         2.50
      2.3140         2.51
      2.3150         2.50
      2.3160         2.52
      2.3170         2.55
      2.3180         2.59
      2.3190         2.52
      2.3200         2.57
      2.3210         2.55
      2.3220         2.55
      2.3230         2.51
      2.3240         2.45
      2.3250         2.42
      2.3260         2.42
      2.3270         2.35
      2.3280         2.30
      2.3290         2.26
      2.3300         2.35
      2.3310         2.28
      2.3320         2.28
      2.3330         2.26
      2.3340         2.24
      2.3350         2.25
      2.3360         2.24
      2.3370         2.23
      2.3380         2.20
      2.3390         2.19
      2.3400         2.16
      2.3410         2.10
      2.3420         2.02
      2.3430         1.98
      2.3440         2.00
      2.3450         1.94
      2.3460         1.94
      2.3470         2.01
      2.3480         2.08
      2.3490         2.04
      2.3500         1.97
      2.3510         1.98
      2.3520         1.96
      2.3530         2.01
      2.3540         2.01
      2.3550         2.04
      2.3560         1.98
      2.3570         1.92
      2.3580         1.92
      2.3590         1.93
      2.3600         1.87
      2.3610         1.94
      2.3620         1.98
      2.3630         2.02
      2.3640         2.09
      2.3650         2.19
      2.3660         2.14
      2.3670         2.09
      2.3680         2.08
      2.3690         2.13
      2.3700         2.14
      2.3710         2.13
      2.3720         2.14
      2.3730         2.14
      2.3740         2.18
      2.3750         2.20
      2.3760         2.23
      2.3770         2.29
      2.3780         2.23
      2.3790         2.24
      2.3800         2.24
      2.3810         2.21
      2.3820         2.20
      2.3830         2.19
      2.3840         2.12
      2.3850         2.11
      2.3860         2.13
      2.3870         2.16
      2.3880         2.16
      2.3890         2.26
      2.3900         2.28
      2.3910         2.26
      2.3920         2.24
      2.3930         2.23
      2.3940         2.20
      2.3950         2.11
      2.3960         2.16
      2.3970         2.15
      2.3980         2.19
      2.3990         2.19
      2.4000         2.15
      2.4010         2.20
      2.4020         2.23
      2.4030         2.29
      2.4040         2.36
      2.4050         2.37
      2.4060         2.42
      2.4070         2.36
      2.4080         2.39
      2.4090         2.28
      2.4100         2.25
      2.4110         2.24
      2.4120         2.28
      2.4130         2.27
      2.4140         2.31
      2.4150         2.38
      2.4160         2.34
      2.4170         2.31
      2.4180         2.31
      2.4190         2.34
      2.4200         2.47
      2.4210         2.36
      2.4220         2.33
      2.4230         2.25
      2.4240         2.15
      2.4250         2.13
      2.4260         2.05
      2.4270         2.10
      2.4280         2.08
      2.4290         2.04
      2.4300         2.04
      2.4310         2.05
      2.4320         2.02
      2.4330         2.01
      2.4340         1.91
      2.4350         2.44
      2.4360         1.93
      2.4370         1.97
      2.4380         2.01
      2.4390         1.93
      2.4400         1.86
      2.4410         1.93
      2.4420         2.01
      2.4430         2.02
      2.4440         2.08
      2.4450         2.01
      2.4460         2.08
      2.4470         2.04
      2.4480         2.02
      2.4490         2.01
      2.4500         1.98
      2.4510         2.00
      2.4520         1.93
      2.4530         1.96
      2.4540         1.96
      2.4550         1.89
      2.4560         1.82
      2.4570         1.77
      2.4580         1.67
      2.4590         1.68
      2.4600         1.70
      2.4610         1.66
      2.4620         1.19
      2.4630         1.26
      2.4640         1.27
      2.4650         1.33
      2.4660         1.31
      2.4670         1.34
      2.4680         1.37
      2.4690         1.40
      2.4700         1.42
      2.4710         1.46
      2.4720         1.55
      2.4730         1.56
      2.4740         1.55
      2.4750         1.56
      2.4760         1.57
      2.4770         1.61
      2.4780         1.65
      2.4790         1.65
      2.4800         1.63
      2.4810         1.60
      2.4820         1.49
      2.4830         1.44
      2.4840         1.93
      2.4850         1.41
      2.4860         1.40
      2.4870         1.37
      2.4880         1.85
      2.4890         1.37
      2.4900         1.33
      2.4910         1.29
      2.4920         1.27
      2.4930         1.30
      2.4940         1.34
      2.4950         1.34
      2.4960         1.35
      2.4970         1.37
      2.4980         1.92
      2.4990         1.89
      2.5000         1.42
      2.5010         2.01
      2.5020         2.04
      2.5030         2.09
      2.5040         2.12
      2.5050         2.09
      2.5060         2.09
      2.5070         2.08
      2.5080         2.19
      2.5090         2.16
      2.5100         2.25
      2.5110         2.25
      2.5120         2.25
      2.5130         2.17
      2.5140         2.19
      2.5150         2.19
      2.5160         2.15
      2.5170         2.19
      2.5180         2.17
      2.5190         2.24
      2.5200         2.23
      2.5210         2.17
      2.5220         2.25
      2.5230         2.23
      2.5240         2.16
      2.5250         2.24
      2.5260         2.24
      2.5270         2.25
      2.5280         2.12
      2.5290         2.15
      2.5300         2.12
      2.5310         2.10
      2.5320         2.17
      2.5330         2.20
      2.5340         2.17
      2.5350         2.16
      2.5360         2.23
      2.5370         2.21
      2.5380         2.16
      2.5390         2.17
      2.5400         2.17
      2.5410         2.16
      2.5420         2.05
      2.5430         2.01
      2.5440         2.04
      2.5450         1.99
      2.5460         2.01
      2.5470         2.04
      2.5480         2.08
      2.5490         2.05
      2.5500         2.06
      2.5510         2.13
      2.5520         2.06
      2.5530         2.09
      2.5540         2.15
      2.5550         2.21
      2.5560         2.16
      2.5570         2.12
      2.5580         2.24
      2.5590         2.17
      2.5600         2.19
      2.5610         2.17
      2.5620         2.19
      2.5630         2.19
      2.5640         2.20
      2.5650         2.25
      2.5660         2.23
      2.5670         2.23
      2.5680         2.27
      2.5690         2.25
      2.5700         2.25
      2.5710         2.19
      2.5720         2.16
      2.5730         2.16
      2.5740         2.16
      2.5750         2.08
      2.5760         2.09
      2.5770         2.10
      2.5780         2.04
      2.5790         2.05
      2.5800         2.05
      2.5810         2.08
      2.5820         2.06
      2.5830         2.08
      2.5840         2.04
      2.5850         2.05
      2.5860         2.09
      2.5870         1.60
      2.5880         1.61
      2.5890         1.67
      2.5900         1.71
      2.5910         1.72
      2.5920         1.78
      2.5930         1.71
      2.5940         2.23
      2.5950         2.31
      2.5960         2.27
      2.5970         2.31
      2.5980         2.28
      2.5990         2.24
      2.6000         2.19
      2.6010         2.11
      2.6020         2.16
      2.6030         2.17
      2.6040         2.23
      2.6050         2.15
      2.6060         2.16
      2.6070         2.15
      2.6080         2.20
      2.6090         2.09
      2.6100         2.10
      2.6110         2.09
      2.6120         2.06
      2.6130         2.06
      2.6140         2.02
      2.6150         2.02
      2.6160         2.04
      2.6170         1.98
      2.6180         2.02
      2.6190         2.04
      2.6200         2.08
      2.6210         2.15
      2.6220         2.11
      2.6230         2.11
      2.6240         2.08
      2.6250         2.08
      2.6260         2.00
      2.6270         1.97
      2.6280         1.93
      2.6290         1.97
      2.6300         1.93
      2.6310         1.90
      2.6320         1.90
      2.6330         1.89
      2.6340         1.85
      2.6350         1.83
      2.6360         1.96
      2.6370         1.98
      2.6380         2.00
      2.6390         2.05
      2.6400         2.06
      2.6410         2.05
      2.6420         2.05
      2.6430         2.04
      2.6440         2.02
      2.6450         2.05
      2.6460         2.15
      2.6470         2.20
      2.6480         2.20
      2.6490         2.15
      2.6500         2.17
      2.6510         2.17
      2.6520         2.13
      2.6530         2.19
      2.6540         2.15
      2.6550         2.16
      2.6560         2.10
      2.6570         2.06
      2.6580         2.00
      2.6590         1.95
      2.6600         1.94
      2.6610         1.95
      2.6620         1.97
      2.6630         1.95
      2.6640         1.98
      2.6650         2.04
      2.6660         1.98
      2.6670         2.02
      2.6680         2.06
      2.6690         2.14
      2.6700         2.18
      2.6710         2.18
      2.6720         2.20
      2.6730         2.14
      2.6740         2.26
      2.6750         2.20
      2.6760         2.17
      2.6770         2.20
      2.6780         2.33
      2.6790         2.33
      2.6800         2.35
      2.6810         2.29
      2.6820         2.31
      2.6830         2.29
      2.6840         2.21
      2.6850         2.17
      2.6860         2.17
      2.6870         2.10
      2.6880         2.12
      2.6890         2.13
      2.6900         2.06
      2.6910         2.06
      2.6920         2.10
      2.6930         2.09
      2.6940         2.08
      2.6950         2.14
      2.6960         2.21
      2.6970         2.24
      2.6980         2.09
      2.6990         2.13
      2.7000         2.13
      2.7010         2.25
      2.7020         2.20
      2.7030         2.23
      2.7040         2.31
      2.7050         2.29
      2.7060         2.28
      2.7070         2.30
      2.7080         2.32
      2.7090         2.25
      2.7100         2.30
      2.7110         2.31
      2.7120         2.26
      2.7130         2.32
      2.7140         2.23
      2.7150         2.12
      2.7160         2.05
      2.7170         2.02
      2.7180         2.07
      2.7190         2.02
      2.7200         2.01
      2.7210         1.96
      2.7220         2.02
      2.7230         2.02
      2.7240         2.01
      2.7250         1.98
      2.7260         1.98
      2.7270         1.97
      2.7280         2.00
      2.7290         2.04
      2.7300         2.05
      2.7310         2.04
      2.7320         2.00
      2.7330         1.93
      2.7340         1.97
      2.7350         2.08
      2.7360         2.11
      2.7370         2.11
      2.7380         2.16
      2.7390         2.23
      2.7400         2.21
      2.7410         2.16
      2.7420         2.08
      2.7430         2.09
      2.7440         2.19
      2.7450         2.20
      2.7460         2.20
      2.7470         2.27
      2.7480         2.25
      2.7490         2.24
      2.7500         2.20
      2.7510         2.21
      2.7520         2.24
      2.7530         2.25
      2.7540         2.25
      2.7550         2.25
      2.7560         2.28
      2.7570         2.25
      2.7580         2.23
      2.7590         2.19
      2.7600         2.20
      2.7610         2.26
      2.7620         2.36
      2.7630         2.34
      2.7640         2.27
      2.7650         2.34
      2.7660         2.39
      2.7670         2.31
      2.7680         2.29
      2.7690         2.27
      2.7700         2.25
      2.7710         2.23
      2.7720         2.21
      2.7730         2.23
      2.7740         2.20
      2.7750         2.16
      2.7760         2.06
      2.7770         2.08
      2.7780         2.02
      2.7790         1.97
      2.7800         2.01
      2.7810         2.00
      2.7820         1.96
      2.7830         2.01
      2.7840         1.98
      2.7850         1.45
      2.7860         1.44
      2.7870         1.45
      2.7880         1.44
      2.7890         1.49
      2.7900         1.53
      2.7910         1.55
      2.7920         1.60
      2.7930         2.08
      2.7940         2.20
      2.7950         2.16
      2.7960         2.16
      2.7970         2.19
      2.7980         2.20
      2.7990         2.20
      2.8000         2.17
      2.8010         2.13
      2.8020         2.13
      2.8030         2.12
      2.8040         2.12
      2.8050         2.13
      2.8060         2.15
      2.8070         2.19
      2.8080         2.20
      2.8090         2.14
      2.8100         2.08
      2.8110         2.67
      2.8120         2.64
      2.8130         2.12
      2.8140         2.04
      2.8150         2.05
      2.8160         2.06
      2.8170         2.09
      2.8180         2.09
      2.8190         2.15
      2.8200         2.17
      2.8210         2.19
      2.8220         2.17
      2.8230         2.21
      2.8240         2.28
      2.8250         2.32
      2.8260         2.35
      2.8270         2.34
      2.8280         2.39
      2.8290         2.42
      2.8300         2.39
      2.8310         2.34
      2.8320         2.24
      2.8330         2.28
      2.8340         2.27
      2.8350         2.25
      2.8360         2.21
      2.8370         2.21
      2.8380         2.21
      2.8390         2.24
      2.8400         2.20
      2.8410         2.19
      2.8420         2.15
      2.8430         2.07
      2.8440         2.07
      2.8450         1.57
      2.8460         1.60
      2.8470         1.59
      2.8480         1.55
      2.8490         1.52
      2.8500         1.50
      2.8510         1.53
      2.8520         1.55
      2.8530         1.55
      2.8540         2.07
      2.8550         1.55
      2.8560         2.08
      2.8570         2.09
      2.8580         2.12
      2.8590         2.11
      2.8600         2.12
      2.8610         2.16
      2.8620         2.19
      2.8630         2.19
      2.8640         2.10
      2.8650         2.08
      2.8660         1.95
      2.8670         1.95
      2.8680         2.01
      2.8690         2.04
      2.8700         2.05
      2.8710         2.09
      2.8720         2.10
      2.8730         2.09
      2.8740         2.01
      2.8750         2.11
      2.8760         2.13
      2.8770         2.17
      2.8780         2.20
      2.8790         2.26
      2.8800         2.30
      2.8810         2.30
      2.8820         2.31
      2.8830         2.31
      2.8840         2.35
      2.8850         2.31
      2.8860         2.38
      2.8870         2.35
      2.8880         2.30
      2.8890         2.23
      2.8900         2.26
      2.8910         2.21
      2.8920         2.20
      2.8930         2.23
      2.8940         2.31
      2.8950         2.29
      2.8960         2.24
      2.8970         2.15
      2.8980         2.13
      2.8990         2.04
      2.9000         2.00
      2.9010         2.08
      2.9020         2.08
      2.9030         2.08
      2.9040         2.09
      2.9050         2.13
      2.9060         1.64
      2.9070         1.68
      2.9080         1.74
      2.9090         2.28
      2.9100         2.32
      2.9110         2.30
      2.9120         2.24
      2.9130         1.76
      2.9140         1.78
      2.9150         2.27
      2.9160         2.32
      2.9170         2.35
      2.9180         2.34
      2.9190         2.32
      2.9200         2.34
      2.9210         2.21
      2.9220         2.17
      2.9230         2.21
      2.9240         2.24
      2.9250         2.29
      2.9260         2.35
      2.9270         2.34
      2.9280         2.32
      2.9290         2.27
      2.9300         2.24
      2.9310         2.27
      2.9320         2.31
      2.9330         2.34
      2.9340         2.28
      2.9350         2.28
      2.9360         2.27
      2.9370         2.31
      2.9380         2.34
      2.9390         2.34
      2.9400         2.36
      2.9410         2.44
      2.9420         2.51
      2.9430         2.47
      2.9440         2.38
      2.9450         2.34
      2.9460         2.32
      2.9470         2.25
      2.9480         2.23
      2.9490         2.23
      2.9500         2.23
      2.9510         2.25
      2.9520         2.33
      2.9530         2.25
      2.9540         2.23
      2.9550         2.20
      2.9560         2.20
      2.9570         2.17
      2.9580         2.15
      2.9590         2.15
      2.9600         2.08
      2.9610         2.04
      2.9620         2.49
      2.9630         1.98
      2.9640         2.05
      2.9650         2.08
      2.9660         2.07
      2.9670         2.19
      2.9680         2.23
      2.9690         2.24
      2.9700         2.21
      2.9710         2.19
      2.9720         2.08
      2.9730         2.07
      2.9740         2.09
      2.9750         2.12
      2.9760         2.12
      2.9770         2.01
      2.9780         2.02
      2.9790         2.58
      2.9800         2.64
      2.9810         2.60
      2.9820         2.66
      2.9830         2.71
      2.9840         2.72
      2.9850         2.72
      2.9860         2.70
      2.9870         2.66
      2.9880         2.59
      2.9890         2.64
      2.9900         2.63
      2.9910         2.13
      2.9920         2.19
      2.9930         2.30
      2.9940         2.30
      2.9950         2.23
      2.9960         2.27
      2.9970         2.34
      2.9980         2.32
      2.9990         2.30
