        Time   Palpation Force
      0.0000         1.00
      0.0010         1.00
      0.0020         1.00
      0.0030         1.00
      0.0040         1.00
      0.0050         1.00
      0.0060         1.00
      0.0070         1.00
      0.0080         1.00
      0.0090         1.00
      0.0100         1.00
      0.0110         1.00
      0.0120         1.00
      0.0130         1.00
      0.0140         1.00
      0.0150         1.00
      0.0160         1.00
      0.0170         1.00
      0.0180         1.00
      0.0190         1.00
      0.0200         1.00
      0.0210         1.00
      0.0220         1.00
      0.0230         1.00
      0.0240         1.00
      0.0250         1.00
      0.0260         1.00
      0.0270         1.00
      0.0280         1.00
      0.0290         1.00
      0.0300         1.00
      0.0310         1.00
      0.0320         1.00
      0.0330         1.00
      0.0340         1.00
      0.0350         1.00
      0.0360         1.00
      0.0370         1.00
      0.0380         1.00
      0.0390         1.00
      0.0400         1.00
      0.0410         1.00
      0.0420         1.00
      0.0430         1.00
      0.0440         1.00
      0.0450         1.00
      0.0460         1.00
      0.0470         1.00
      0.0480         1.00
      0.0490         1.00
      0.0500         1.00
      0.0510         1.00
      0.0520         1.00
      0.0530         1.00
      0.0540         1.00
      0.0550         1.00
      0.0560         1.00
      0.0570         1.00
      0.0580         1.00
      0.0590         1.00
      0.0600         1.00
      0.0610         1.00
      0.0620         1.00
      0.0630         1.00
      0.0640         1.00
      0.0650         1.00
      0.0660         1.00
      0.0670         1.00
      0.0680         1.00
      0.0690         1.00
      0.0700         1.00
      0.0710         1.00
      0.0720         1.00
      0.0730         1.00
      0.0740         1.00
      0.0750         1.00
      0.0760         1.00
      0.0770         1.00
      0.0780         1.00
      0.0790         1.00
      0.0800         1.00
      0.0810         1.00
      0.0820         1.00
      0.0830         1.00
      0.0840         1.00
      0.0850         1.00
      0.0860         1.00
      0.0870         1.00
      0.0880         1.00
      0.0890         1.00
      0.0900         1.00
      0.0910         1.00
      0.0920         1.00
      0.0930         1.00
      0.0940         1.00
      0.0950         1.00
      0.0960         1.00
      0.0970         1.00
      0.0980         1.00
      0.0990         1.00
      0.1000         1.00
      0.1010         1.00
      0.1020         1.00
      0.1030         1.00
      0.1040         1.00
      0.1050         1.00
      0.1060         1.00
      0.1070         1.00
      0.1080         1.00
      0.1090         1.00
      0.1100         1.00
      0.1110         1.00
      0.1120         1.00
      0.1130         1.00
      0.1140         1.00
      0.1150         1.00
      0.1160         1.00
      0.1170         1.00
      0.1180         1.00
      0.1190         1.00
      0.1200         1.00
      0.1210         1.00
      0.1220         1.00
      0.1230         1.00
      0.1240         1.00
      0.1250         1.00
      0.1260         1.00
      0.1270         1.00
      0.1280         1.00
      0.1290         1.00
      0.1300         1.00
      0.1310         1.00
      0.1320         1.00
      0.1330         1.00
      0.1340         1.00
      0.1350         1.00
      0.1360         1.00
      0.1370         1.00
      0.1380         1.00
      0.1390         1.00
      0.1400         1.00
      0.1410         1.00
      0.1420         1.00
      0.1430         1.00
      0.1440         1.00
      0.1450         1.00
      0.1460         1.00
      0.1470         1.00
      0.1480         1.00
      0.1490         1.00
      0.1500         1.00
      0.1510         1.00
      0.1520         1.00
      0.1530         1.00
      0.1540         1.00
      0.1550         1.00
      0.1560         1.00
      0.1570         1.00
      0.1580         1.00
      0.1590         1.00
      0.1600         1.00
      0.1610         1.00
      0.1620         1.00
      0.1630         1.00
      0.1640         1.00
      0.1650         1.00
      0.1660         1.00
      0.1670         1.00
      0.1680         1.00
      0.1690         1.00
      0.1700         1.00
      0.1710         1.00
      0.1720         1.00
      0.1730         1.00
      0.1740         1.00
      0.1750         1.00
      0.1760         1.00
      0.1770         1.00
      0.1780         1.00
      0.1790         1.00
      0.1800         1.00
      0.1810         1.00
      0.1820         1.00
      0.1830         1.00
      0.1840         1.00
      0.1850         1.00
      0.1860         1.00
      0.1870         1.00
      0.1880         1.00
      0.1890         1.00
      0.1900         1.00
      0.1910         1.00
      0.1920         1.00
      0.1930         1.00
      0.1940         1.00
      0.1950         1.00
      0.1960         1.00
      0.1970         1.00
      0.1980         1.00
      0.1990         1.00
      0.2000         1.00
      0.2010         1.00
      0.2020         1.00
      0.2030         1.00
      0.2040         1.00
      0.2050         1.00
      0.2060         1.00
      0.2070         1.00
      0.2080         1.00
      0.2090         1.00
      0.2100         1.00
      0.2110         1.00
      0.2120         1.00
      0.2130         1.00
      0.2140         1.00
      0.2150         1.00
      0.2160         1.00
      0.2170         1.00
      0.2180         1.00
      0.2190         1.00
      0.2200         1.00
      0.2210         1.00
      0.2220         1.00
      0.2230         1.00
      0.2240         1.00
      0.2250         1.00
      0.2260         1.00
      0.2270         1.00
      0.2280         1.00
      0.2290         1.00
      0.2300         1.00
      0.2310         1.00
      0.2320         1.00
      0.2330         1.00
      0.2340         1.00
      0.2350         1.00
      0.2360         1.00
      0.2370         1.00
      0.2380         1.00
      0.2390         1.00
      0.2400         1.00
      0.2410         1.00
      0.2420         1.00
      0.2430         1.00
      0.2440         1.00
      0.2450         1.00
      0.2460         1.00
      0.2470         1.00
      0.2480         1.00
      0.2490         1.00
      0.2500         1.00
      0.2510         1.00
      0.2520         1.00
      0.2530         1.00
      0.2540         1.00
      0.2550         1.00
      0.2560         1.00
      0.2570         1.00
      0.2580         1.00
      0.2590         1.00
      0.2600         1.00
      0.2610         1.00
      0.2620         1.00
      0.2630         1.00
      0.2640         1.00
      0.2650         1.00
      0.2660         1.00
      0.2670         1.00
      0.2680         1.00
      0.2690         1.00
      0.2700         1.00
      0.2710         1.00
      0.2720         1.00
      0.2730         1.00
      0.2740         1.00
      0.2750         1.00
      0.2760         1.00
      0.2770         1.00
      0.2780         1.00
      0.2790         1.00
      0.2800         1.00
      0.2810         1.00
      0.2820         1.00
      0.2830         1.00
      0.2840         1.00
      0.2850         1.00
      0.2860         1.00
      0.2870         1.00
      0.2880         1.00
      0.2890         1.00
      0.2900         1.00
      0.2910         1.00
      0.2920         1.00
      0.2930         1.00
      0.2940         1.00
      0.2950         1.00
      0.2960         1.00
      0.2970         1.00
      0.2980         1.00
      0.2990         1.00
      0.3000         1.00
      0.3010         1.00
      0.3020         1.00
      0.3030         1.00
      0.3040         1.00
      0.3050         1.00
      0.3060         1.00
      0.3070         1.00
      0.3080         1.00
      0.3090         1.00
      0.3100         1.00
      0.3110         1.00
      0.3120         1.00
      0.3130         1.00
      0.3140         1.00
      0.3150         1.00
      0.3160         1.00
      0.3170         1.00
      0.3180         1.00
      0.3190         1.00
      0.3200         1.00
      0.3210         1.00
      0.3220         1.00
      0.3230         1.00
      0.3240         1.00
      0.3250         1.00
      0.3260         1.00
      0.3270         1.00
      0.3280         1.00
      0.3290         1.00
      0.3300         1.00
      0.3310         1.00
      0.3320         1.00
      0.3330         1.00
      0.3340         1.00
      0.3350         1.00
      0.3360         1.00
      0.3370         1.00
      0.3380         1.00
      0.3390         1.00
      0.3400         1.00
      0.3410         1.00
      0.3420         1.00
      0.3430         1.00
      0.3440         1.00
      0.3450         1.00
      0.3460         1.00
      0.3470         1.00
      0.3480         1.00
      0.3490         1.00
      0.3500         1.00
      0.3510         1.00
      0.3520         1.00
      0.3530         1.00
      0.3540         1.00
      0.3550         1.00
      0.3560         1.00
      0.3570         1.00
      0.3580         1.00
      0.3590         1.00
      0.3600         1.00
      0.3610         1.00
      0.3620         1.00
      0.3630         1.00
      0.3640         1.00
      0.3650         1.00
      0.3660         1.00
      0.3670         1.00
      0.3680         1.00
      0.3690         1.00
      0.3700         1.00
      0.3710         1.00
      0.3720         1.00
      0.3730         1.00
      0.3740         1.00
      0.3750         1.00
      0.3760         1.00
      0.3770         1.00
      0.3780         1.00
      0.3790         1.00
      0.3800         1.00
      0.3810         1.00
      0.3820         1.00
      0.3830         1.00
      0.3840         1.00
      0.3850         1.00
      0.3860         1.00
      0.3870         1.00
      0.3880         1.00
      0.3890         1.00
      0.3900         1.00
      0.3910         1.00
      0.3920         1.00
      0.3930         1.00
      0.3940         1.00
      0.3950         1.00
      0.3960         1.00
      0.3970         1.00
      0.3980         1.00
      0.3990         1.00
      0.4000         1.00
      0.4010         1.00
      0.4020         1.00
      0.4030         1.00
      0.4040         1.00
      0.4050         1.00
      0.4060         1.00
      0.4070         1.00
      0.4080         1.00
      0.4090         1.00
      0.4100         1.00
      0.4110         1.00
      0.4120         1.00
      0.4130         1.00
      0.4140         1.00
      0.4150         1.00
      0.4160         1.00
      0.4170         1.00
      0.4180         1.00
      0.4190         1.00
      0.4200         1.00
      0.4210         1.00
      0.4220         1.00
      0.4230         1.00
      0.4240         1.00
      0.4250         1.00
      0.4260         1.00
      0.4270         1.00
      0.4280         1.00
      0.4290         1.00
      0.4300         1.00
      0.4310         1.00
      0.4320         1.00
      0.4330         1.00
      0.4340         1.00
      0.4350         1.00
      0.4360         1.00
      0.4370         1.00
      0.4380         1.00
      0.4390         1.00
      0.4400         1.00
      0.4410         1.00
      0.4420         1.00
      0.4430         1.00
      0.4440         1.00
      0.4450         1.00
      0.4460         1.00
      0.4470         1.00
      0.4480         1.00
      0.4490         1.00
      0.4500         1.00
      0.4510         1.00
      0.4520         1.00
      0.4530         1.00
      0.4540         1.00
      0.4550         1.00
      0.4560         1.00
      0.4570         1.00
      0.4580         1.00
      0.4590         1.00
      0.4600         1.00
      0.4610         1.00
      0.4620         1.00
      0.4630         1.00
      0.4640         1.00
      0.4650         1.00
      0.4660         1.00
      0.4670         1.00
      0.4680         1.00
      0.4690         1.00
      0.4700         1.00
      0.4710         1.00
      0.4720         1.00
      0.4730         1.00
      0.4740         1.00
      0.4750         1.00
      0.4760         1.00
      0.4770         1.00
      0.4780         1.00
      0.4790         1.00
      0.4800         1.00
      0.4810         1.00
      0.4820         1.00
      0.4830         1.00
      0.4840         1.00
      0.4850         1.00
      0.4860         1.00
      0.4870         1.00
      0.4880         1.00
      0.4890         1.00
      0.4900         1.00
      0.4910         1.00
      0.4920         1.00
      0.4930         1.00
      0.4940         1.00
      0.4950         1.00
      0.4960         1.00
      0.4970         1.00
      0.4980         1.00
      0.4990         1.00
      0.5000         1.00
      0.5010         1.00
      0.5020         1.00
      0.5030         1.00
      0.5040         1.00
      0.5050         1.00
      0.5060         1.00
      0.5070         1.00
      0.5080         1.00
      0.5090         1.00
      0.5100         1.00
      0.5110         1.00
      0.5120         1.00
      0.5130         1.00
      0.5140         1.00
      0.5150         1.00
      0.5160         1.00
      0.5170         1.00
      0.5180         1.00
      0.5190         1.00
      0.5200         1.00
      0.5210         1.00
      0.5220         1.00
      0.5230         1.00
      0.5240         1.00
      0.5250         1.00
      0.5260         1.00
      0.5270         1.00
      0.5280         1.00
      0.5290         1.00
      0.5300         1.00
      0.5310         1.00
      0.5320         1.00
      0.5330         1.00
      0.5340         1.00
      0.5350         1.00
      0.5360         1.00
      0.5370         1.00
      0.5380         1.00
      0.5390         1.00
      0.5400         1.00
      0.5410         1.00
      0.5420         1.00
      0.5430         1.00
      0.5440         1.00
      0.5450         1.00
      0.5460         1.00
      0.5470         1.00
      0.5480         1.00
      0.5490         1.00
      0.5500         1.00
      0.5510         1.00
      0.5520         1.00
      0.5530         1.00
      0.5540         1.00
      0.5550         1.00
      0.5560         1.00
      0.5570         1.00
      0.5580         1.00
      0.5590         1.00
      0.5600         1.00
      0.5610         1.00
      0.5620         1.00
      0.5630         1.00
      0.5640         1.00
      0.5650         1.00
      0.5660         1.00
      0.5670         1.00
      0.5680         1.00
      0.5690         1.00
      0.5700         1.00
      0.5710         1.00
      0.5720         1.00
      0.5730         1.00
      0.5740         1.00
      0.5750         1.00
      0.5760         1.00
      0.5770         1.00
      0.5780         1.00
      0.5790         1.00
      0.5800         1.00
      0.5810         1.00
      0.5820         1.00
      0.5830         1.00
      0.5840         1.00
      0.5850         1.00
      0.5860         1.00
      0.5870         1.00
      0.5880         1.00
      0.5890         1.00
      0.5900         1.00
      0.5910         1.00
      0.5920         1.00
      0.5930         1.00
      0.5940         1.00
      0.5950         1.00
      0.5960         1.00
      0.5970         1.00
      0.5980         1.00
      0.5990         1.00
      0.6000         1.00
      0.6010         1.00
      0.6020         1.00
      0.6030         1.00
      0.6040         1.00
      0.6050         1.00
      0.6060         1.00
      0.6070         1.00
      0.6080         1.00
      0.6090         1.00
      0.6100         1.00
      0.6110         1.00
      0.6120         1.00
      0.6130         1.00
      0.6140         1.00
      0.6150         1.00
      0.6160         1.00
      0.6170         1.00
      0.6180         1.00
      0.6190         1.00
      0.6200         1.00
      0.6210         1.00
      0.6220         1.00
      0.6230         1.00
      0.6240         1.00
      0.6250         1.00
      0.6260         1.00
      0.6270         1.00
      0.6280         1.00
      0.6290         1.00
      0.6300         1.00
      0.6310         1.00
      0.6320         1.00
      0.6330         1.00
      0.6340         1.00
      0.6350         1.00
      0.6360         1.00
      0.6370         1.00
      0.6380         1.00
      0.6390         1.00
      0.6400         1.00
      0.6410         1.00
      0.6420         1.00
      0.6430         1.00
      0.6440         1.00
      0.6450         1.00
      0.6460         1.00
      0.6470         1.00
      0.6480         1.00
      0.6490         1.00
      0.6500         1.00
      0.6510         1.00
      0.6520         1.00
      0.6530         1.00
      0.6540         1.00
      0.6550         1.00
      0.6560         1.00
      0.6570         1.00
      0.6580         1.00
      0.6590         1.00
      0.6600         1.00
      0.6610         1.00
      0.6620         1.00
      0.6630         1.00
      0.6640         1.00
      0.6650         1.00
      0.6660         1.00
      0.6670         1.00
      0.6680         1.00
      0.6690         1.00
      0.6700         1.00
      0.6710         1.00
      0.6720         1.00
      0.6730         1.00
      0.6740         1.00
      0.6750         1.00
      0.6760         1.00
      0.6770         1.00
      0.6780         1.00
      0.6790         1.00
      0.6800         1.00
      0.6810         1.00
      0.6820         1.00
      0.6830         1.00
      0.6840         1.00
      0.6850         1.00
      0.6860         1.00
      0.6870         1.00
      0.6880         1.00
      0.6890         1.00
      0.6900         1.00
      0.6910         1.00
      0.6920         1.00
      0.6930         1.00
      0.6940         1.00
      0.6950         1.00
      0.6960         1.00
      0.6970         1.00
      0.6980         1.00
      0.6990         1.00
      0.7000         1.00
      0.7010         1.00
      0.7020         1.00
      0.7030         1.00
      0.7040         1.00
      0.7050         1.00
      0.7060         1.00
      0.7070         1.00
      0.7080         1.00
      0.7090         1.00
      0.7100         1.00
      0.7110         1.00
      0.7120         1.00
      0.7130         1.00
      0.7140         1.00
      0.7150         1.00
      0.7160         1.00
      0.7170         1.00
      0.7180         1.00
      0.7190         1.00
      0.7200         1.00
      0.7210         1.00
      0.7220         1.00
      0.7230         1.00
      0.7240         1.00
      0.7250         1.00
      0.7260         1.00
      0.7270         1.00
      0.7280         1.00
      0.7290         1.00
      0.7300         1.00
      0.7310         1.00
      0.7320         1.00
      0.7330         1.00
      0.7340         1.00
      0.7350         1.00
      0.7360         1.00
      0.7370         1.00
      0.7380         1.00
      0.7390         1.00
      0.7400         1.00
      0.7410         1.00
      0.7420         1.00
      0.7430         1.00
      0.7440         1.00
      0.7450         1.00
      0.7460         1.00
      0.7470         1.00
      0.7480         1.00
      0.7490         1.00
      0.7500         1.00
      0.7510         1.00
      0.7520         1.00
      0.7530         1.00
      0.7540         1.00
      0.7550         1.00
      0.7560         1.00
      0.7570         1.00
      0.7580         1.00
      0.7590         1.00
      0.7600         1.00
      0.7610         1.00
      0.7620         1.00
      0.7630         1.00
      0.7640         1.00
      0.7650         1.00
      0.7660         1.00
      0.7670         1.00
      0.7680         1.00
      0.7690         1.00
      0.7700         1.00
      0.7710         1.00
      0.7720         1.00
      0.7730         1.00
      0.7740         1.00
      0.7750         1.00
      0.7760         1.00
      0.7770         1.00
      0.7780         1.00
      0.7790         1.00
      0.7800         1.00
      0.7810         1.00
      0.7820         1.00
      0.7830         1.00
      0.7840         1.00
      0.7850         1.00
      0.7860         1.00
      0.7870         1.00
      0.7880         1.00
      0.7890         1.00
      0.7900         1.00
      0.7910         1.00
      0.7920         1.00
      0.7930         1.00
      0.7940         1.00
      0.7950         1.00
      0.7960         1.00
      0.7970         1.00
      0.7980         1.00
      0.7990         1.00
      0.8000         1.00
      0.8010         1.00
      0.8020         1.00
      0.8030         1.00
      0.8040         1.00
      0.8050         1.00
      0.8060         1.00
      0.8070         1.00
      0.8080         1.00
      0.8090         1.00
      0.8100         1.00
      0.8110         1.00
      0.8120         1.00
      0.8130         1.00
      0.8140         1.00
      0.8150         1.00
      0.8160         1.00
      0.8170         1.00
      0.8180         1.00
      0.8190         1.00
      0.8200         1.00
      0.8210         1.00
      0.8220         1.00
      0.8230         1.00
      0.8240         1.00
      0.8250         1.00
      0.8260         1.00
      0.8270         1.00
      0.8280         1.00
      0.8290         1.00
      0.8300         1.00
      0.8310         1.00
      0.8320         1.00
      0.8330         1.00
      0.8340         1.00
      0.8350         1.00
      0.8360         1.00
      0.8370         1.00
      0.8380         1.00
      0.8390         1.00
      0.8400         1.00
      0.8410         1.00
      0.8420         1.00
      0.8430         1.00
      0.8440         1.00
      0.8450         1.00
      0.8460         1.00
      0.8470         1.00
      0.8480         1.00
      0.8490         1.00
      0.8500         1.00
      0.8510         1.00
      0.8520         1.00
      0.8530         1.00
      0.8540         1.00
      0.8550         1.00
      0.8560         1.00
      0.8570         1.00
      0.8580         1.00
      0.8590         1.00
      0.8600         1.00
      0.8610         1.00
      0.8620         1.00
      0.8630         1.00
      0.8640         1.00
      0.8650         1.00
      0.8660         1.00
      0.8670         1.00
      0.8680         1.00
      0.8690         1.00
      0.8700         1.00
      0.8710         1.00
      0.8720         1.00
      0.8730         1.00
      0.8740         1.00
      0.8750         1.00
      0.8760         1.00
      0.8770         1.00
      0.8780         1.00
      0.8790         1.00
      0.8800         1.00
      0.8810         1.00
      0.8820         1.00
      0.8830         1.00
      0.8840         1.00
      0.8850         1.00
      0.8860         1.00
      0.8870         1.00
      0.8880         1.00
      0.8890         1.00
      0.8900         1.00
      0.8910         1.00
      0.8920         1.00
      0.8930         1.00
      0.8940         1.00
      0.8950         1.00
      0.8960         1.00
      0.8970         1.00
      0.8980         1.00
      0.8990         1.00
      0.9000         1.00
      0.9010         1.00
      0.9020         1.00
      0.9030         1.00
      0.9040         1.00
      0.9050         1.00
      0.9060         1.00
      0.9070         1.00
      0.9080         1.00
      0.9090         1.00
      0.9100         1.00
      0.9110         1.00
      0.9120         1.00
      0.9130         1.00
      0.9140         1.00
      0.9150         1.00
      0.9160         1.00
      0.9170         1.00
      0.9180         1.00
      0.9190         1.00
      0.9200         1.00
      0.9210         1.00
      0.9220         1.00
      0.9230         1.00
      0.9240         1.00
      0.9250         1.00
      0.9260         1.00
      0.9270         1.00
      0.9280         1.00
      0.9290         1.00
      0.9300         1.00
      0.9310         1.00
      0.9320         1.00
      0.9330         1.00
      0.9340         1.00
      0.9350         1.00
      0.9360         1.00
      0.9370         1.00
      0.9380         1.00
      0.9390         1.00
      0.9400         1.00
      0.9410         1.00
      0.9420         1.00
      0.9430         1.00
      0.9440         1.00
      0.9450         1.00
      0.9460         1.00
      0.9470         1.00
      0.9480         1.00
      0.9490         1.00
      0.9500         1.00
      0.9510         1.00
      0.9520         1.00
      0.9530         1.00
      0.9540         1.00
      0.9550         1.00
      0.9560         1.00
      0.9570         1.00
      0.9580         1.00
      0.9590         1.00
      0.9600         1.00
      0.9610         1.00
      0.9620         1.00
      0.9630         1.00
      0.9640         1.00
      0.9650         1.00
      0.9660         1.00
      0.9670         1.00
      0.9680         1.00
      0.9690         1.00
      0.9700         1.00
      0.9710         1.00
      0.9720         1.00
      0.9730         1.00
      0.9740         1.00
      0.9750         1.00
      0.9760         1.00
      0.9770         1.00
      0.9780         1.00
      0.9790         1.00
      0.9800         1.00
      0.9810         1.00
      0.9820         1.00
      0.9830         1.00
      0.9840         1.00
      0.9850         1.00
      0.9860         1.00
      0.9870         1.00
      0.9880         1.00
      0.9890         1.00
      0.9900         1.00
      0.9910         1.00
      0.9920         1.00
      0.9930         1.00
      0.9940         1.00
      0.9950         1.00
      0.9960         1.00
      0.9970         1.00
      0.9980         1.00
      0.9990         1.00
      1.0000         1.00
      1.0010         1.00
      1.0020         1.00
      1.0030         1.00
      1.0040         1.00
      1.0050         1.00
      1.0060         1.00
      1.0070         1.00
      1.0080         1.00
      1.0090         1.00
      1.0100         1.00
      1.0110         1.00
      1.0120         1.00
      1.0130         1.00
      1.0140         2.34
      1.0150         2.61
      1.0160         2.94
      1.0170         3.27
      1.0180         3.64
      1.0190         3.99
      1.0200         4.27
      1.0210         4.66
      1.0220         4.99
      1.0230         5.35
      1.0240         5.62
      1.0250         5.93
      1.0260         6.24
      1.0270         6.50
      1.0280         6.77
      1.0290         6.78
      1.0300         6.89
      1.0310         6.85
      1.0320         6.89
      1.0330         7.01
      1.0340         6.92
      1.0350         6.96
      1.0360         7.00
      1.0370         6.89
      1.0380         6.86
      1.0390         6.83
      1.0400         6.70
      1.0410         6.51
      1.0420         6.52
      1.0430         6.43
      1.0440         6.40
      1.0450         6.31
      1.0460         6.32
      1.0470         6.32
      1.0480         6.30
      1.0490         6.46
      1.0500         6.49
      1.0510         6.68
      1.0520         6.74
      1.0530         6.90
      1.0540         7.19
      1.0550         7.41
      1.0560         7.52
      1.0570         7.79
      1.0580         8.10
      1.0590         8.29
      1.0600         8.67
      1.0610         9.07
      1.0620         9.37
      1.0630         9.64
      1.0640         9.87
      1.0650        10.19
      1.0660        10.38
      1.0670        10.55
      1.0680        10.64
      1.0690        10.86
      1.0700        11.04
      1.0710        11.17
      1.0720        11.41
      1.0730        11.48
      1.0740        11.51
      1.0750        11.64
      1.0760        11.78
      1.0770        11.99
      1.0780        12.08
      1.0790        12.20
      1.0800        12.27
      1.0810        12.28
      1.0820        12.39
      1.0830        12.59
      1.0840        12.81
      1.0850        12.90
      1.0860        13.13
      1.0870        13.32
      1.0880        13.55
      1.0890        13.73
      1.0900        13.97
      1.0910        14.15
      1.0920        14.28
      1.0930        14.55
      1.0940        14.74
      1.0950        14.98
      1.0960        15.22
      1.0970        15.32
      1.0980        15.47
      1.0990        15.66
      1.1000        15.95
      1.1010        16.21
      1.1020        16.34
      1.1030        16.40
      1.1040        16.62
      1.1050        16.78
      1.1060        16.91
      1.1070        17.07
      1.1080        17.25
      1.1090        17.45
      1.1100        17.58
      1.1110        17.84
      1.1120        18.01
      1.1130        18.21
      1.1140        18.50
      1.1150        18.62
      1.1160        18.83
      1.1170        18.99
      1.1180        19.13
      1.1190        19.32
      1.1200        19.41
      1.1210        19.64
      1.1220        19.90
      1.1230        20.07
      1.1240        20.22
      1.1250        20.44
      1.1260        20.58
      1.1270        20.77
      1.1280        20.95
      1.1290        21.11
      1.1300        21.35
      1.1310        21.51
      1.1320        21.67
      1.1330        21.78
      1.1340        21.95
      1.1350        22.15
      1.1360        22.31
      1.1370        22.50
      1.1380        22.80
      1.1390        22.93
      1.1400        23.10
      1.1410        23.20
      1.1420        23.36
      1.1430        23.57
      1.1440        23.72
      1.1450        23.91
      1.1460        24.05
      1.1470        24.19
      1.1480        24.35
      1.1490        24.46
      1.1500        24.51
      1.1510        24.67
      1.1520        24.84
      1.1530        25.00
      1.1540        25.06
      1.1550        25.25
      1.1560        25.33
      1.1570        25.46
      1.1580        25.57
      1.1590        25.81
      1.1600        25.95
      1.1610        26.10
      1.1620        26.19
      1.1630        26.31
      1.1640        26.42
      1.1650        26.40
      1.1660        26.55
      1.1670        26.75
      1.1680        26.89
      1.1690        27.03
      1.1700        27.26
      1.1710        27.42
      1.1720        27.56
      1.1730        27.67
      1.1740        27.88
      1.1750        28.03
      1.1760        28.18
      1.1770        28.24
      1.1780        28.32
      1.1790        28.45
      1.1800        28.57
      1.1810        28.78
      1.1820        29.01
      1.1830        29.12
      1.1840        29.33
      1.1850        29.55
      1.1860        29.65
      1.1870        29.82
      1.1880        29.95
      1.1890        30.05
      1.1900        30.12
      1.1910        30.24
      1.1920        30.40
      1.1930        30.62
      1.1940        30.74
      1.1950        30.78
      1.1960        31.04
      1.1970        31.15
      1.1980        31.27
      1.1990        31.44
      1.2000        31.58
      1.2010        31.63
      1.2020        31.70
      1.2030        31.80
      1.2040        31.82
      1.2050        31.88
      1.2060        31.96
      1.2070        31.92
      1.2080        32.04
      1.2090        32.15
      1.2100        32.24
      1.2110        32.27
      1.2120        32.34
      1.2130        32.32
      1.2140        32.44
      1.2150        32.54
      1.2160        32.50
      1.2170        32.63
      1.2180        32.78
      1.2190        32.77
      1.2200        32.86
      1.2210        33.02
      1.2220        33.11
      1.2230        33.25
      1.2240        33.25
      1.2250        33.41
      1.2260        33.58
      1.2270        33.78
      1.2280        33.89
      1.2290        34.00
      1.2300        34.04
      1.2310        34.13
      1.2320        34.19
      1.2330        34.25
      1.2340        34.31
      1.2350        34.36
      1.2360        34.43
      1.2370        34.51
      1.2380        34.47
      1.2390        34.58
      1.2400        34.61
      1.2410        34.57
      1.2420        34.58
      1.2430        34.68
      1.2440        34.81
      1.2450        34.80
      1.2460        34.73
      1.2470        34.74
      1.2480        34.77
      1.2490        34.83
      1.2500        35.03
      1.2510        35.06
      1.2520        35.11
      1.2530        35.23
      1.2540        35.23
      1.2550        35.25
      1.2560        35.39
      1.2570        35.58
      1.2580        35.66
      1.2590        35.70
      1.2600        35.78
      1.2610        35.92
      1.2620        35.97
      1.2630        35.99
      1.2640        36.07
      1.2650        36.10
      1.2660        36.17
      1.2670        36.29
      1.2680        36.33
      1.2690        36.27
      1.2700        36.17
      1.2710        36.16
      1.2720        36.18
      1.2730        36.28
      1.2740        36.27
      1.2750        36.26
      1.2760        36.14
      1.2770        36.02
      1.2780        36.00
      1.2790        35.92
      1.2800        35.92
      1.2810        35.86
      1.2820        35.78
      1.2830        35.86
      1.2840        35.76
      1.2850        35.81
      1.2860        35.84
      1.2870        35.77
      1.2880        35.73
      1.2890        35.81
      1.2900        35.89
      1.2910        35.92
      1.2920        35.89
      1.2930        35.77
      1.2940        35.80
      1.2950        35.87
      1.2960        35.98
      1.2970        35.98
      1.2980        35.98
      1.2990        35.99
      1.3000        35.94
      1.3010        35.87
      1.3020        35.97
      1.3030        35.85
      1.3040        35.87
      1.3050        35.94
      1.3060        35.99
      1.3070        36.05
      1.3080        36.09
      1.3090        36.18
      1.3100        36.28
      1.3110        36.32
      1.3120        36.48
      1.3130        36.58
      1.3140        36.73
      1.3150        36.84
      1.3160        36.84
      1.3170        36.86
      1.3180        36.89
      1.3190        36.92
      1.3200        36.93
      1.3210        37.06
      1.3220        36.98
      1.3230        36.99
      1.3240        37.09
      1.3250        37.00
      1.3260        36.93
      1.3270        36.88
      1.3280        36.93
      1.3290        36.84
      1.3300        36.72
      1.3310        36.69
      1.3320        36.58
      1.3330        36.57
      1.3340        36.48
      1.3350        36.48
      1.3360        36.43
      1.3370        36.50
      1.3380        36.50
      1.3390        36.61
      1.3400        36.71
      1.3410        36.73
      1.3420        36.79
      1.3430        36.82
      1.3440        36.77
      1.3450        36.82
      1.3460        36.85
      1.3470        36.93
      1.3480        36.90
      1.3490        36.85
      1.3500        36.80
      1.3510        36.89
      1.3520        36.95
      1.3530        36.91
      1.3540        36.99
      1.3550        36.97
      1.3560        37.07
      1.3570        36.95
      1.3580        36.94
      1.3590        36.87
      1.3600        36.83
      1.3610        36.71
      1.3620        36.67
      1.3630        36.74
      1.3640        36.74
      1.3650        36.68
      1.3660        36.73
      1.3670        36.80
      1.3680        36.85
      1.3690        36.77
      1.3700        36.80
      1.3710        36.73
      1.3720        36.77
      1.3730        36.78
      1.3740        36.74
      1.3750        36.75
      1.3760        36.74
      1.3770        36.80
      1.3780        36.89
      1.3790        36.89
      1.3800        36.83
      1.3810        36.87
      1.3820        36.93
      1.3830        36.94
      1.3840        36.89
      1.3850        36.97
      1.3860        36.93
      1.3870        36.85
      1.3880        36.87
      1.3890        37.01
      1.3900        37.01
      1.3910        37.05
      1.3920        36.97
      1.3930        37.02
      1.3940        37.00
      1.3950        36.97
      1.3960        37.00
      1.3970        37.01
      1.3980        36.91
      1.3990        36.91
      1.4000        37.01
      1.4010        37.14
      1.4020        37.22
      1.4030        37.18
      1.4040        37.34
      1.4050        37.38
      1.4060        37.54
      1.4070        37.46
      1.4080        37.32
      1.4090        37.47
      1.4100        37.50
      1.4110        37.52
      1.4120        37.63
      1.4130        37.62
      1.4140        37.73
      1.4150        37.77
      1.4160        37.85
      1.4170        37.93
      1.4180        37.97
      1.4190        38.08
      1.4200        38.08
      1.4210        38.09
      1.4220        38.04
      1.4230        38.13
      1.4240        38.13
      1.4250        38.16
      1.4260        38.05
      1.4270        38.13
      1.4280        38.32
      1.4290        38.24
      1.4300        38.31
      1.4310        38.29
      1.4320        38.24
      1.4330        38.20
      1.4340        38.21
      1.4350        38.19
      1.4360        38.11
      1.4370        38.11
      1.4380        38.14
      1.4390        38.11
      1.4400        38.11
      1.4410        38.03
      1.4420        38.13
      1.4430        38.10
      1.4440        38.13
      1.4450        38.12
      1.4460        38.08
      1.4470        38.01
      1.4480        37.89
      1.4490        37.89
      1.4500        37.91
      1.4510        37.93
      1.4520        38.00
      1.4530        38.01
      1.4540        37.93
      1.4550        37.90
      1.4560        37.83
      1.4570        37.83
      1.4580        37.89
      1.4590        37.93
      1.4600        37.94
      1.4610        37.98
      1.4620        37.90
      1.4630        37.86
      1.4640        37.80
      1.4650        37.75
      1.4660        37.91
      1.4670        38.00
      1.4680        38.08
      1.4690        38.18
      1.4700        38.21
      1.4710        38.18
      1.4720        38.17
      1.4730        38.21
      1.4740        38.22
      1.4750        38.29
      1.4760        38.34
      1.4770        38.38
      1.4780        38.39
      1.4790        38.42
      1.4800        38.49
      1.4810        38.47
      1.4820        38.58
      1.4830        38.65
      1.4840        38.73
      1.4850        38.81
      1.4860        38.68
      1.4870        38.69
      1.4880        38.71
      1.4890        38.62
      1.4900        38.56
      1.4910        38.65
      1.4920        38.71
      1.4930        38.68
      1.4940        38.81
      1.4950        38.92
      1.4960        39.04
      1.4970        39.03
      1.4980        39.04
      1.4990        39.07
      1.5000        39.13
      1.5010        39.15
      1.5020        39.05
      1.5030        39.07
      1.5040        39.05
      1.5050        39.01
      1.5060        39.12
      1.5070        39.17
      1.5080        39.32
      1.5090        39.35
      1.5100        39.46
      1.5110        39.42
      1.5120        39.42
      1.5130        39.57
      1.5140        39.57
      1.5150        39.37
      1.5160        39.30
      1.5170        39.34
      1.5180        39.35
      1.5190        39.33
      1.5200        39.22
      1.5210        39.23
      1.5220        39.23
      1.5230        39.15
      1.5240        39.03
      1.5250        38.97
      1.5260        38.95
      1.5270        38.85
      1.5280        38.69
      1.5290        38.69
      1.5300        38.58
      1.5310        38.61
      1.5320        38.50
      1.5330        38.39
      1.5340        38.31
      1.5350        38.42
      1.5360        38.40
      1.5370        38.38
      1.5380        38.42
      1.5390        38.42
      1.5400        38.48
      1.5410        38.45
      1.5420        38.51
      1.5430        38.59
      1.5440        38.74
      1.5450        38.91
      1.5460        38.95
      1.5470        39.18
      1.5480        39.25
      1.5490        39.22
      1.5500        39.25
      1.5510        39.30
      1.5520        39.45
      1.5530        39.50
      1.5540        39.52
      1.5550        39.50
      1.5560        39.54
      1.5570        39.58
      1.5580        39.52
      1.5590        39.50
      1.5600        39.46
      1.5610        39.57
      1.5620        39.51
      1.5630        39.51
      1.5640        39.43
      1.5650        39.32
      1.5660        39.29
      1.5670        39.18
      1.5680        39.18
      1.5690        39.26
      1.5700        39.34
      1.5710        39.33
      1.5720        39.31
      1.5730        39.30
      1.5740        39.30
      1.5750        39.30
      1.5760        39.33
      1.5770        39.30
      1.5780        39.34
      1.5790        39.26
      1.5800        39.30
      1.5810        39.34
      1.5820        39.42
      1.5830        39.33
      1.5840        39.33
      1.5850        39.36
      1.5860        39.28
      1.5870        39.25
      1.5880        39.08
      1.5890        38.93
      1.5900        38.95
      1.5910        38.81
      1.5920        38.60
      1.5930        38.52
      1.5940        38.36
      1.5950        38.24
      1.5960        38.18
      1.5970        38.02
      1.5980        37.92
      1.5990        37.90
      1.6000        37.82
      1.6010        37.62
      1.6020        37.54
      1.6030        37.55
      1.6040        37.48
      1.6050        37.41
      1.6060        37.35
      1.6070        37.36
      1.6080        37.37
      1.6090        37.34
      1.6100        37.13
      1.6110        37.07
      1.6120        37.07
      1.6130        37.04
      1.6140        37.06
      1.6150        37.06
      1.6160        36.87
      1.6170        36.74
      1.6180        36.64
      1.6190        36.54
      1.6200        36.39
      1.6210        36.37
      1.6220        36.20
      1.6230        36.04
      1.6240        35.98
      1.6250        35.79
      1.6260        35.75
      1.6270        35.55
      1.6280        35.44
      1.6290        35.33
      1.6300        35.18
      1.6310        35.12
      1.6320        35.10
      1.6330        34.98
      1.6340        34.96
      1.6350        34.83
      1.6360        34.82
      1.6370        34.93
      1.6380        34.90
      1.6390        34.88
      1.6400        34.90
      1.6410        34.77
      1.6420        34.69
      1.6430        34.62
      1.6440        34.54
      1.6450        34.66
      1.6460        34.65
      1.6470        34.60
      1.6480        34.57
      1.6490        34.58
      1.6500        34.59
      1.6510        34.56
      1.6520        34.40
      1.6530        34.32
      1.6540        34.19
      1.6550        34.19
      1.6560        34.09
      1.6570        33.95
      1.6580        33.91
      1.6590        33.81
      1.6600        33.72
      1.6610        33.75
      1.6620        33.69
      1.6630        33.72
      1.6640        33.69
      1.6650        33.56
      1.6660        33.40
      1.6670        33.30
      1.6680        33.20
      1.6690        33.16
      1.6700        33.06
      1.6710        33.01
      1.6720        32.90
      1.6730        32.85
      1.6740        32.82
      1.6750        32.66
      1.6760        32.58
      1.6770        32.58
      1.6780        32.45
      1.6790        32.42
      1.6800        32.39
      1.6810        32.20
      1.6820        32.12
      1.6830        31.99
      1.6840        31.90
      1.6850        31.83
      1.6860        31.72
      1.6870        31.64
      1.6880        31.62
      1.6890        31.52
      1.6900        31.38
      1.6910        31.28
      1.6920        31.35
      1.6930        31.25
      1.6940        31.08
      1.6950        30.98
      1.6960        30.82
      1.6970        30.64
      1.6980        30.53
      1.6990        30.29
      1.7000        30.10
      1.7010        30.03
      1.7020        29.98
      1.7030        29.90
      1.7040        29.81
      1.7050        29.63
      1.7060        29.53
      1.7070        29.45
      1.7080        29.27
      1.7090        29.06
      1.7100        28.99
      1.7110        28.83
      1.7120        28.64
      1.7130        28.60
      1.7140        28.52
      1.7150        28.39
      1.7160        28.36
      1.7170        28.24
      1.7180        28.24
      1.7190        28.22
      1.7200        28.13
      1.7210        28.05
      1.7220        28.00
      1.7230        27.88
      1.7240        27.79
      1.7250        27.74
      1.7260        27.74
      1.7270        27.63
      1.7280        27.55
      1.7290        27.54
      1.7300        27.43
      1.7310        27.35
      1.7320        27.19
      1.7330        27.04
      1.7340        26.98
      1.7350        26.90
      1.7360        26.75
      1.7370        26.74
      1.7380        26.50
      1.7390        26.42
      1.7400        26.31
      1.7410        26.12
      1.7420        25.88
      1.7430        25.81
      1.7440        25.66
      1.7450        25.45
      1.7460        25.27
      1.7470        25.18
      1.7480        25.04
      1.7490        24.92
      1.7500        24.92
      1.7510        24.81
      1.7520        24.73
      1.7530        24.59
      1.7540        24.44
      1.7550        24.41
      1.7560        24.32
      1.7570        24.13
      1.7580        24.09
      1.7590        23.97
      1.7600        23.87
      1.7610        23.81
      1.7620        23.76
      1.7630        23.55
      1.7640        23.47
      1.7650        23.43
      1.7660        23.40
      1.7670        23.20
      1.7680        23.09
      1.7690        23.01
      1.7700        22.87
      1.7710        22.75
      1.7720        22.66
      1.7730        22.66
      1.7740        22.70
      1.7750        22.49
      1.7760        22.44
      1.7770        22.37
      1.7780        22.22
      1.7790        22.15
      1.7800        22.06
      1.7810        21.97
      1.7820        21.91
      1.7830        21.92
      1.7840        21.79
      1.7850        21.78
      1.7860        21.67
      1.7870        21.63
      1.7880        21.52
      1.7890        21.40
      1.7900        21.28
      1.7910        21.20
      1.7920        21.13
      1.7930        20.84
      1.7940        20.61
      1.7950        20.45
      1.7960        20.28
      1.7970        20.19
      1.7980        20.08
      1.7990        19.85
      1.8000        19.73
      1.8010        19.56
      1.8020        19.43
      1.8030        19.34
      1.8040        19.20
      1.8050        18.98
      1.8060        18.75
      1.8070        18.53
      1.8080        18.43
      1.8090        18.32
      1.8100        18.19
      1.8110        18.05
      1.8120        18.00
      1.8130        18.07
      1.8140        18.00
      1.8150        18.03
      1.8160        17.93
      1.8170        17.79
      1.8180        17.67
      1.8190        17.52
      1.8200        17.41
      1.8210        17.35
      1.8220        17.17
      1.8230        16.96
      1.8240        16.77
      1.8250        16.68
      1.8260        16.64
      1.8270        16.54
      1.8280        16.42
      1.8290        16.21
      1.8300        16.10
      1.8310        15.99
      1.8320        15.83
      1.8330        15.69
      1.8340        15.49
      1.8350        15.32
      1.8360        15.18
      1.8370        15.02
      1.8380        14.88
      1.8390        14.85
      1.8400        14.75
      1.8410        14.61
      1.8420        14.56
      1.8430        14.49
      1.8440        14.37
      1.8450        14.24
      1.8460        14.14
      1.8470        14.01
      1.8480        13.81
      1.8490        13.76
      1.8500        13.68
      1.8510        13.49
      1.8520        13.23
      1.8530        13.06
      1.8540        12.92
      1.8550        12.81
      1.8560        12.76
      1.8570        12.58
      1.8580        12.52
      1.8590        12.35
      1.8600        12.23
      1.8610        12.09
      1.8620        11.94
      1.8630        11.84
      1.8640        11.83
      1.8650        11.79
      1.8660        11.63
      1.8670        11.69
      1.8680        11.62
      1.8690        11.54
      1.8700        11.38
      1.8710        11.34
      1.8720        11.37
      1.8730        11.30
      1.8740        11.26
      1.8750        11.24
      1.8760        11.10
      1.8770        11.07
      1.8780        10.99
      1.8790        10.95
      1.8800        10.82
      1.8810        10.75
      1.8820        10.73
      1.8830        10.61
      1.8840        10.54
      1.8850        10.41
      1.8860        10.39
      1.8870        10.26
      1.8880        10.27
      1.8890        10.08
      1.8900        10.07
      1.8910        10.08
      1.8920         9.99
      1.8930         9.89
      1.8940         9.83
      1.8950         9.69
      1.8960         9.68
      1.8970         9.65
      1.8980         9.58
      1.8990         9.56
      1.9000         9.56
      1.9010         9.56
      1.9020         9.48
      1.9030         9.44
      1.9040         9.32
      1.9050         9.22
      1.9060         9.09
      1.9070         8.98
      1.9080         8.80
      1.9090         8.78
      1.9100         8.62
      1.9110         8.42
      1.9120         8.35
      1.9130         8.27
      1.9140         8.12
      1.9150         7.96
      1.9160         7.87
      1.9170         7.74
      1.9180         7.60
      1.9190         7.49
      1.9200         7.33
      1.9210         7.20
      1.9220         7.09
      1.9230         6.98
      1.9240         6.89
      1.9250         6.87
      1.9260         6.70
      1.9270         6.60
      1.9280         6.67
      1.9290         6.62
      1.9300         6.48
      1.9310         6.35
      1.9320         6.26
      1.9330         6.20
      1.9340         6.22
      1.9350         6.23
      1.9360         6.06
      1.9370         5.96
      1.9380         5.90
      1.9390         5.80
      1.9400         5.79
      1.9410         5.71
      1.9420         5.58
      1.9430         5.48
      1.9440         5.38
      1.9450         5.20
      1.9460         5.18
      1.9470         5.11
      1.9480         4.91
      1.9490         4.79
      1.9500         4.73
      1.9510         4.68
      1.9520         4.63
      1.9530         4.51
      1.9540         4.38
      1.9550         4.25
      1.9560         4.24
      1.9570         4.24
      1.9580         4.13
      1.9590         4.09
      1.9600         3.97
      1.9610         3.86
      1.9620         3.79
      1.9630         3.66
      1.9640         3.56
      1.9650         3.58
      1.9660         3.47
      1.9670         3.49
      1.9680         3.46
      1.9690         3.28
      1.9700         3.27
      1.9710         3.31
      1.9720         2.68
      1.9730         2.59
      1.9740         2.50
      1.9750         2.45
      1.9760         2.28
      1.9770         2.18
      1.9780         2.12
      1.9790         1.43
      1.9800         1.89
      1.9810         1.97
      1.9820         1.95
      1.9830         1.97
      1.9840         1.99
      1.9850         1.88
      1.9860         1.35
      1.9870         1.25
      1.9880         1.15
      1.9890         1.21
      1.9900         1.20
      1.9910         1.20
      1.9920         1.18
      1.9930         1.00
      1.9940         1.00
      1.9950         1.00
      1.9960         1.00
      1.9970         1.00
      1.9980         1.00
      1.9990         1.00
      2.0000         1.00
      2.0010         1.00
      2.0020         1.00
      2.0030         1.00
      2.0040         1.00
      2.0050         1.00
      2.0060         1.00
      2.0070         1.00
      2.0080         1.00
      2.0090         1.00
      2.0100         1.00
      2.0110         1.00
      2.0120         1.00
      2.0130         1.00
      2.0140         1.00
      2.0150         1.00
      2.0160         1.00
      2.0170         1.00
      2.0180         1.00
      2.0190         1.00
      2.0200         1.00
      2.0210         1.00
      2.0220         1.00
      2.0230         1.00
      2.0240         1.00
      2.0250         1.00
      2.0260         1.00
      2.0270         1.00
      2.0280         1.00
      2.0290         1.00
      2.0300         1.00
      2.0310         1.00
      2.0320         1.00
      2.0330         1.00
      2.0340         1.00
      2.0350         1.00
      2.0360         1.00
      2.0370         1.00
      2.0380         1.00
      2.0390         1.00
      2.0400         1.00
      2.0410         1.00
      2.0420         1.00
      2.0430         1.00
      2.0440         1.00
      2.0450         1.00
      2.0460         1.00
      2.0470         1.00
      2.0480         1.00
      2.0490         1.00
      2.0500         1.00
      2.0510         1.00
      2.0520         1.00
      2.0530         1.00
      2.0540         1.00
      2.0550         1.00
      2.0560         1.00
      2.0570         1.00
      2.0580         1.00
      2.0590         1.00
      2.0600         1.00
      2.0610         1.00
      2.0620         1.00
      2.0630         1.00
      2.0640         1.00
      2.0650         1.00
      2.0660         1.00
      2.0670         1.00
      2.0680         1.00
      2.0690         1.00
      2.0700         1.00
      2.0710         1.00
      2.0720         1.00
      2.0730         1.00
      2.0740         1.00
      2.0750         1.00
      2.0760         1.00
      2.0770         1.00
      2.0780         1.00
      2.0790         1.00
      2.0800         1.00
      2.0810         1.00
      2.0820         1.00
      2.0830         1.00
      2.0840         1.00
      2.0850         1.00
      2.0860         1.00
      2.0870         1.00
      2.0880         1.00
      2.0890         1.00
      2.0900         1.00
      2.0910         1.00
      2.0920         1.00
      2.0930         1.00
      2.0940         1.00
      2.0950         1.00
      2.0960         1.00
      2.0970         1.00
      2.0980         1.00
      2.0990         1.00
      2.1000         1.00
      2.1010         1.00
      2.1020         1.00
      2.1030         1.00
      2.1040         1.00
      2.1050         1.00
      2.1060         1.00
      2.1070         1.00
      2.1080         1.00
      2.1090         1.00
      2.1100         1.00
      2.1110         1.00
      2.1120         1.00
      2.1130         1.00
      2.1140         1.00
      2.1150         1.00
      2.1160         1.00
      2.1170         1.00
      2.1180         1.00
      2.1190         1.00
      2.1200         1.00
      2.1210         1.00
      2.1220         1.00
      2.1230         1.00
      2.1240         1.00
      2.1250         1.00
      2.1260         1.00
      2.1270         1.00
      2.1280         1.00
      2.1290         1.00
      2.1300         1.00
      2.1310         1.00
      2.1320         1.00
      2.1330         1.00
      2.1340         1.00
      2.1350         1.00
      2.1360         1.00
      2.1370         1.00
      2.1380         1.00
      2.1390         1.00
      2.1400         1.00
      2.1410         1.00
      2.1420         1.00
      2.1430         1.00
      2.1440         1.00
      2.1450         1.00
      2.1460         1.00
      2.1470         1.00
      2.1480         1.00
      2.1490         1.00
      2.1500         1.00
      2.1510         1.00
      2.1520         1.00
      2.1530         1.00
      2.1540         1.00
      2.1550         1.00
      2.1560         1.00
      2.1570         1.00
      2.1580         1.00
      2.1590         1.00
      2.1600         1.00
      2.1610         1.00
      2.1620         1.00
      2.1630         1.00
      2.1640         1.00
      2.1650         1.00
      2.1660         1.00
      2.1670         1.00
      2.1680         1.00
      2.1690         1.00
      2.1700         1.00
      2.1710         1.00
      2.1720         1.00
      2.1730         1.00
      2.1740         1.00
      2.1750         1.00
      2.1760         1.00
      2.1770         1.00
      2.1780         1.00
      2.1790         1.00
      2.1800         1.00
      2.1810         1.00
      2.1820         1.00
      2.1830         1.00
      2.1840         1.00
      2.1850         1.00
      2.1860         1.00
      2.1870         1.00
      2.1880         1.00
      2.1890         1.00
      2.1900         1.00
      2.1910         1.00
      2.1920         1.00
      2.1930         1.00
      2.1940         1.00
      2.1950         1.00
      2.1960         1.00
      2.1970         1.00
      2.1980         1.00
      2.1990         1.00
      2.2000         1.00
      2.2010         1.00
      2.2020         1.00
      2.2030         1.00
      2.2040         1.00
      2.2050         1.00
      2.2060         1.00
      2.2070         1.00
      2.2080         1.00
      2.2090         1.00
      2.2100         1.00
      2.2110         1.00
      2.2120         1.00
      2.2130         1.00
      2.2140         1.00
      2.2150         1.00
      2.2160         1.00
      2.2170         1.00
      2.2180         1.00
      2.2190         1.00
      2.2200         1.00
      2.2210         1.00
      2.2220         1.00
      2.2230         1.00
      2.2240         1.00
      2.2250         1.00
      2.2260         1.00
      2.2270         1.00
      2.2280         1.00
      2.2290         1.00
      2.2300         1.00
      2.2310         1.00
      2.2320         1.00
      2.2330         1.00
      2.2340         1.00
      2.2350         1.00
      2.2360         1.00
      2.2370         1.00
      2.2380         1.00
      2.2390         1.00
      2.2400         1.00
      2.2410         1.00
      2.2420         1.00
      2.2430         1.00
      2.2440         1.00
      2.2450         1.00
      2.2460         1.00
      2.2470         1.00
      2.2480         1.00
      2.2490         1.00
      2.2500         1.00
      2.2510         1.00
      2.2520         1.00
      2.2530         1.00
      2.2540         1.00
      2.2550         1.00
      2.2560         1.00
      2.2570         1.00
      2.2580         1.00
      2.2590         1.00
      2.2600         1.00
      2.2610         1.00
      2.2620         1.00
      2.2630         1.00
      2.2640         1.00
      2.2650         1.00
      2.2660         1.00
      2.2670         1.00
      2.2680         1.00
      2.2690         1.00
      2.2700         1.00
      2.2710         1.00
      2.2720         1.00
      2.2730         1.00
      2.2740         1.00
      2.2750         1.00
      2.2760         1.00
      2.2770         1.00
      2.2780         1.00
      2.2790         1.00
      2.2800         1.00
      2.2810         1.00
      2.2820         1.00
      2.2830         1.00
      2.2840         1.00
      2.2850         1.00
      2.2860         1.00
      2.2870         1.00
      2.2880         1.00
      2.2890         1.00
      2.2900         1.00
      2.2910         1.00
      2.2920         1.00
      2.2930         1.00
      2.2940         1.00
      2.2950         1.00
      2.2960         1.00
      2.2970         1.00
      2.2980         1.00
      2.2990         1.00
      2.3000         1.00
      2.3010         1.00
      2.3020         1.00
      2.3030         1.00
      2.3040         1.00
      2.3050         1.00
      2.3060         1.00
      2.3070         1.00
      2.3080         1.00
      2.3090         1.00
      2.3100         1.00
      2.3110         1.00
      2.3120         1.00
      2.3130         1.00
      2.3140         1.00
      2.3150         1.00
      2.3160         1.00
      2.3170         1.00
      2.3180         1.00
      2.3190         1.00
      2.3200         1.00
      2.3210         1.00
      2.3220         1.00
      2.3230         1.00
      2.3240         1.00
      2.3250         1.00
      2.3260         1.00
      2.3270         1.00
      2.3280         1.00
      2.3290         1.00
      2.3300         1.00
      2.3310         1.00
      2.3320         1.00
      2.3330         1.00
      2.3340         1.00
      2.3350         1.00
      2.3360         1.00
      2.3370         1.00
      2.3380         1.00
      2.3390         1.00
      2.3400         1.00
      2.3410         1.00
      2.3420         1.00
      2.3430         1.00
      2.3440         1.00
      2.3450         1.00
      2.3460         1.00
      2.3470         1.00
      2.3480         1.00
      2.3490         1.00
      2.3500         1.00
      2.3510         1.00
      2.3520         1.00
      2.3530         1.00
      2.3540         1.00
      2.3550         1.00
      2.3560         1.00
      2.3570         1.00
      2.3580         1.00
      2.3590         1.00
      2.3600         1.00
      2.3610         1.00
      2.3620         1.00
      2.3630         1.00
      2.3640         1.00
      2.3650         1.00
      2.3660         1.00
      2.3670         1.00
      2.3680         1.00
      2.3690         1.00
      2.3700         1.00
      2.3710         1.00
      2.3720         1.00
      2.3730         1.00
      2.3740         1.00
      2.3750         1.00
      2.3760         1.00
      2.3770         1.00
      2.3780         1.00
      2.3790         1.00
      2.3800         1.00
      2.3810         1.00
      2.3820         1.00
      2.3830         1.00
      2.3840         1.00
      2.3850         1.00
      2.3860         1.00
      2.3870         1.00
      2.3880         1.00
      2.3890         1.00
      2.3900         1.00
      2.3910         1.00
      2.3920         1.00
      2.3930         1.00
      2.3940         1.00
      2.3950         1.00
      2.3960         1.00
      2.3970         1.00
      2.3980         1.00
      2.3990         1.00
      2.4000         1.00
      2.4010         1.00
      2.4020         1.00
      2.4030         1.00
      2.4040         1.00
      2.4050         1.00
      2.4060         1.00
      2.4070         1.00
      2.4080         1.00
      2.4090         1.00
      2.4100         1.00
      2.4110         1.00
      2.4120         1.00
      2.4130         1.00
      2.4140         1.00
      2.4150         1.00
      2.4160         1.00
      2.4170         1.00
      2.4180         1.00
      2.4190         1.00
      2.4200         1.00
      2.4210         1.00
      2.4220         1.00
      2.4230         1.00
      2.4240         1.00
      2.4250         1.00
      2.4260         1.00
      2.4270         1.00
      2.4280         1.00
      2.4290         1.00
      2.4300         1.00
      2.4310         1.00
      2.4320         1.00
      2.4330         1.00
      2.4340         1.00
      2.4350         1.00
      2.4360         1.00
      2.4370         1.00
      2.4380         1.00
      2.4390         1.00
      2.4400         1.00
      2.4410         1.00
      2.4420         1.00
      2.4430         1.00
      2.4440         1.00
      2.4450         1.00
      2.4460         1.00
      2.4470         1.00
      2.4480         1.00
      2.4490         1.00
      2.4500         1.00
      2.4510         1.00
      2.4520         1.00
      2.4530         1.00
      2.4540         1.00
      2.4550         1.00
      2.4560         1.00
      2.4570         1.00
      2.4580         1.00
      2.4590         1.00
      2.4600         1.00
      2.4610         1.00
      2.4620         1.00
      2.4630         1.00
      2.4640         1.00
      2.4650         1.00
      2.4660         1.00
      2.4670         1.00
      2.4680         1.00
      2.4690         1.00
      2.4700         1.00
      2.4710         1.00
      2.4720         1.00
      2.4730         1.00
      2.4740         1.00
      2.4750         1.00
      2.4760         1.00
      2.4770         1.00
      2.4780         1.00
      2.4790         1.00
      2.4800         1.00
      2.4810         1.00
      2.4820         1.00
      2.4830         1.00
      2.4840         1.00
      2.4850         1.00
      2.4860         1.00
      2.4870         1.00
      2.4880         1.00
      2.4890         1.00
      2.4900         1.00
      2.4910         1.00
      2.4920         1.00
      2.4930         1.00
      2.4940         1.00
      2.4950         1.00
      2.4960         1.00
      2.4970         1.00
      2.4980         1.00
      2.4990         1.00
      2.5000         1.00
      2.5010         1.00
      2.5020         1.00
      2.5030         1.00
      2.5040         1.00
      2.5050         1.00
      2.5060         1.00
      2.5070         1.00
      2.5080         1.00
      2.5090         1.00
      2.5100         1.00
      2.5110         1.00
      2.5120         1.00
      2.5130         1.00
      2.5140         1.00
      2.5150         1.00
      2.5160         1.00
      2.5170         1.00
      2.5180         1.00
      2.5190         1.00
      2.5200         1.00
      2.5210         1.00
      2.5220         1.00
      2.5230         1.00
      2.5240         1.00
      2.5250         1.00
      2.5260         1.00
      2.5270         1.00
      2.5280         1.00
      2.5290         1.00
      2.5300         1.00
      2.5310         1.00
      2.5320         1.00
      2.5330         1.00
      2.5340         1.00
      2.5350         1.00
      2.5360         1.00
      2.5370         1.00
      2.5380         1.00
      2.5390         1.00
      2.5400         1.00
      2.5410         1.00
      2.5420         1.00
      2.5430         1.00
      2.5440         1.00
      2.5450         1.00
      2.5460         1.00
      2.5470         1.00
      2.5480         1.00
      2.5490         1.00
      2.5500         1.00
      2.5510         1.00
      2.5520         1.00
      2.5530         1.00
      2.5540         1.00
      2.5550         1.00
      2.5560         1.00
      2.5570         1.00
      2.5580         1.00
      2.5590         1.00
      2.5600         1.00
      2.5610         1.00
      2.5620         1.00
      2.5630         1.00
      2.5640         1.00
      2.5650         1.00
      2.5660         1.00
      2.5670         1.00
      2.5680         1.00
      2.5690         1.00
      2.5700         1.00
      2.5710         1.00
      2.5720         1.00
      2.5730         1.00
      2.5740         1.00
      2.5750         1.00
      2.5760         1.00
      2.5770         1.00
      2.5780         1.00
      2.5790         1.00
      2.5800         1.00
      2.5810         1.00
      2.5820         1.00
      2.5830         1.00
      2.5840         1.00
      2.5850         1.00
      2.5860         1.00
      2.5870         1.00
      2.5880         1.00
      2.5890         1.00
      2.5900         1.00
      2.5910         1.00
      2.5920         1.00
      2.5930         1.00
      2.5940         1.00
      2.5950         1.00
      2.5960         1.00
      2.5970         1.00
      2.5980         1.00
      2.5990         1.00
      2.6000         1.00
      2.6010         1.00
      2.6020         1.00
      2.6030         1.00
      2.6040         1.00
      2.6050         1.00
      2.6060         1.00
      2.6070         1.00
      2.6080         1.00
      2.6090         1.00
      2.6100         1.00
      2.6110         1.00
      2.6120         1.00
      2.6130         1.00
      2.6140         1.00
      2.6150         1.00
      2.6160         1.00
      2.6170         1.00
      2.6180         1.00
      2.6190         1.00
      2.6200         1.00
      2.6210         1.00
      2.6220         1.00
      2.6230         1.00
      2.6240         1.00
      2.6250         1.00
      2.6260         1.00
      2.6270         1.00
      2.6280         1.00
      2.6290         1.00
      2.6300         1.00
      2.6310         1.00
      2.6320         1.00
      2.6330         1.00
      2.6340         1.00
      2.6350         1.00
      2.6360         1.00
      2.6370         1.00
      2.6380         1.00
      2.6390         1.00
      2.6400         1.00
      2.6410         1.00
      2.6420         1.00
      2.6430         1.00
      2.6440         1.00
      2.6450         1.00
      2.6460         1.00
      2.6470         1.00
      2.6480         1.00
      2.6490         1.00
      2.6500         1.00
      2.6510         1.00
      2.6520         1.00
      2.6530         1.00
      2.6540         1.00
      2.6550         1.00
      2.6560         1.00
      2.6570         1.00
      2.6580         1.00
      2.6590         1.00
      2.6600         1.00
      2.6610         1.00
      2.6620         1.00
      2.6630         1.00
      2.6640         1.00
      2.6650         1.00
      2.6660         1.00
      2.6670         1.00
      2.6680         1.00
      2.6690         1.00
      2.6700         1.00
      2.6710         1.00
      2.6720         1.00
      2.6730         1.00
      2.6740         1.00
      2.6750         1.00
      2.6760         1.00
      2.6770         1.00
      2.6780         1.00
      2.6790         1.00
      2.6800         1.00
      2.6810         1.00
      2.6820         1.00
      2.6830         1.00
      2.6840         1.00
      2.6850         1.00
      2.6860         1.00
      2.6870         1.00
      2.6880         1.00
      2.6890         1.00
      2.6900         1.00
      2.6910         1.00
      2.6920         1.00
      2.6930         1.00
      2.6940         1.00
      2.6950         1.00
      2.6960         1.00
      2.6970         1.00
      2.6980         1.00
      2.6990         1.00
      2.7000         1.00
      2.7010         1.00
      2.7020         1.00
      2.7030         1.00
      2.7040         1.00
      2.7050         1.00
      2.7060         1.00
      2.7070         1.00
      2.7080         1.00
      2.7090         1.00
      2.7100         1.00
      2.7110         1.00
      2.7120         1.00
      2.7130         1.00
      2.7140         1.00
      2.7150         1.00
      2.7160         1.00
      2.7170         1.00
      2.7180         1.00
      2.7190         1.00
      2.7200         1.00
      2.7210         1.00
      2.7220         1.00
      2.7230         1.00
      2.7240         1.00
      2.7250         1.00
      2.7260         1.00
      2.7270         1.00
      2.7280         1.00
      2.7290         1.00
      2.7300         1.00
      2.7310         1.00
      2.7320         1.00
      2.7330         1.00
      2.7340         1.00
      2.7350         1.00
      2.7360         1.00
      2.7370         1.00
      2.7380         1.00
      2.7390         1.00
      2.7400         1.00
      2.7410         1.00
      2.7420         1.00
      2.7430         1.00
      2.7440         1.00
      2.7450         1.00
      2.7460         1.00
      2.7470         1.00
      2.7480         1.00
      2.7490         1.00
      2.7500         1.00
      2.7510         1.00
      2.7520         1.00
      2.7530         1.00
      2.7540         1.00
      2.7550         1.00
      2.7560         1.00
      2.7570         1.00
      2.7580         1.00
      2.7590         1.00
      2.7600         1.00
      2.7610         1.00
      2.7620         1.00
      2.7630         1.00
      2.7640         1.00
      2.7650         1.00
      2.7660         1.00
      2.7670         1.00
      2.7680         1.00
      2.7690         1.00
      2.7700         1.00
      2.7710         1.00
      2.7720         1.00
      2.7730         1.00
      2.7740         1.00
      2.7750         1.00
      2.7760         1.00
      2.7770         1.00
      2.7780         1.00
      2.7790         1.00
      2.7800         1.00
      2.7810         1.00
      2.7820         1.00
      2.7830         1.00
      2.7840         1.00
      2.7850         1.00
      2.7860         1.00
      2.7870         1.00
      2.7880         1.00
      2.7890         1.00
      2.7900         1.00
      2.7910         1.00
      2.7920         1.00
      2.7930         1.00
      2.7940         1.00
      2.7950         1.00
      2.7960         1.00
      2.7970         1.00
      2.7980         1.00
      2.7990         1.00
      2.8000         1.00
      2.8010         1.00
      2.8020         1.00
      2.8030         1.00
      2.8040         1.00
      2.8050         1.00
      2.8060         1.00
      2.8070         1.00
      2.8080         1.00
      2.8090         1.00
      2.8100         1.00
      2.8110         1.00
      2.8120         1.00
      2.8130         1.00
      2.8140         1.00
      2.8150         1.00
      2.8160         1.00
      2.8170         1.00
      2.8180         1.00
      2.8190         1.00
      2.8200         1.00
      2.8210         1.00
      2.8220         1.00
      2.8230         1.00
      2.8240         1.00
      2.8250         1.00
      2.8260         1.00
      2.8270         1.00
      2.8280         1.00
      2.8290         1.00
      2.8300         1.00
      2.8310         1.00
      2.8320         1.00
      2.8330         1.00
      2.8340         1.00
      2.8350         1.00
      2.8360         1.00
      2.8370         1.00
      2.8380         1.00
      2.8390         1.00
      2.8400         1.00
      2.8410         1.00
      2.8420         1.00
      2.8430         1.00
      2.8440         1.00
      2.8450         1.00
      2.8460         1.00
      2.8470         1.00
      2.8480         1.00
      2.8490         1.00
      2.8500         1.00
      2.8510         1.00
      2.8520         1.00
      2.8530         1.00
      2.8540         1.00
      2.8550         1.00
      2.8560         1.00
      2.8570         1.00
      2.8580         1.00
      2.8590         1.00
      2.8600         1.00
      2.8610         1.00
      2.8620         1.00
      2.8630         1.00
      2.8640         1.00
      2.8650         1.00
      2.8660         1.00
      2.8670         1.00
      2.8680         1.00
      2.8690         1.00
      2.8700         1.00
      2.8710         1.00
      2.8720         1.00
      2.8730         1.00
      2.8740         1.00
      2.8750         1.00
      2.8760         1.00
      2.8770         1.00
      2.8780         1.00
      2.8790         1.00
      2.8800         1.00
      2.8810         1.00
      2.8820         1.00
      2.8830         1.00
      2.8840         1.00
      2.8850         1.00
      2.8860         1.00
      2.8870         1.00
      2.8880         1.00
      2.8890         1.00
      2.8900         1.00
      2.8910         1.00
      2.8920         1.00
      2.8930         1.00
      2.8940         1.00
      2.8950         1.00
      2.8960         1.00
      2.8970         1.00
      2.8980         1.00
      2.8990         1.00
      2.9000         1.00
      2.9010         1.00
      2.9020         1.00
      2.9030         1.00
      2.9040         1.00
      2.9050         1.00
      2.9060         1.00
      2.9070         1.00
      2.9080         1.00
      2.9090         1.00
      2.9100         1.00
      2.9110         1.00
      2.9120         1.00
      2.9130         1.00
      2.9140         1.00
      2.9150         1.00
      2.9160         1.00
      2.9170         1.00
      2.9180         1.00
      2.9190         1.00
      2.9200         1.00
      2.9210         1.00
      2.9220         1.00
      2.9230         1.00
      2.9240         1.00
      2.9250         1.00
      2.9260         1.00
      2.9270         1.00
      2.9280         1.00
      2.9290         1.00
      2.9300         1.00
      2.9310         1.00
      2.9320         1.00
      2.9330         1.00
      2.9340         1.00
      2.9350         1.00
      2.9360         1.00
      2.9370         1.00
      2.9380         1.00
      2.9390         1.00
      2.9400         1.00
      2.9410         1.00
      2.9420         1.00
      2.9430         1.00
      2.9440         1.00
      2.9450         1.00
      2.9460         1.00
      2.9470         1.00
      2.9480         1.00
      2.9490         1.00
      2.9500         1.00
      2.9510         1.00
      2.9520         1.00
      2.9530         1.00
      2.9540         1.00
      2.9550         1.00
      2.9560         1.00
      2.9570         1.00
      2.9580         1.00
      2.9590         1.00
      2.9600         1.00
      2.9610         1.00
      2.9620         1.00
      2.9630         1.00
      2.9640         1.00
      2.9650         1.00
      2.9660         1.00
      2.9670         1.00
      2.9680         1.00
      2.9690         1.00
      2.9700         1.00
      2.9710         1.00
      2.9720         1.00
      2.9730         1.00
      2.9740         1.00
      2.9750         1.00
      2.9760         1.00
      2.9770         1.00
      2.9780         1.00
      2.9790         1.00
      2.9800         1.00
      2.9810         1.00
      2.9820         1.00
      2.9830         1.00
      2.9840         1.00
      2.9850         1.00
      2.9860         1.00
      2.9870         1.00
      2.9880         1.00
      2.9890         1.00
      2.9900         1.00
      2.9910         1.00
      2.9920         1.00
      2.9930         1.00
      2.9940         1.00
      2.9950         1.00
      2.9960         1.00
      2.9970         1.00
      2.9980         1.00
      2.9990         1.00
