        Time   Palpation Force
      0.0000         1.00
      0.0010         1.00
      0.0020         1.00
      0.0030         1.00
      0.0040         1.00
      0.0050         1.00
      0.0060         1.00
      0.0070         1.00
      0.0080         1.00
      0.0090         1.00
      0.0100         1.00
      0.0110         1.00
      0.0120         1.00
      0.0130         1.00
      0.0140         1.00
      0.0150         1.00
      0.0160         1.00
      0.0170         1.00
      0.0180         1.00
      0.0190         1.00
      0.0200         1.00
      0.0210         1.00
      0.0220         1.00
      0.0230         1.00
      0.0240         1.00
      0.0250         1.00
      0.0260         1.00
      0.0270         1.00
      0.0280         1.00
      0.0290         1.00
      0.0300         1.00
      0.0310         1.00
      0.0320         1.00
      0.0330         1.00
      0.0340         1.00
      0.0350         1.00
      0.0360         1.00
      0.0370         1.00
      0.0380         1.00
      0.0390         1.00
      0.0400         1.00
      0.0410         1.00
      0.0420         1.00
      0.0430         1.00
      0.0440         1.00
      0.0450         1.00
      0.0460         1.00
      0.0470         1.00
      0.0480         1.00
      0.0490         1.00
      0.0500         1.00
      0.0510         1.00
      0.0520         1.00
      0.0530         1.00
      0.0540         1.00
      0.0550         1.00
      0.0560         1.00
      0.0570         1.00
      0.0580         1.00
      0.0590         1.00
      0.0600         1.00
      0.0610         1.00
      0.0620         1.00
      0.0630         1.00
      0.0640         1.00
      0.0650         1.00
      0.0660         1.00
      0.0670         1.00
      0.0680         1.00
      0.0690         1.00
      0.0700         1.00
      0.0710         1.00
      0.0720         1.00
      0.0730         1.00
      0.0740         1.00
      0.0750         1.00
      0.0760         1.00
      0.0770         1.00
      0.0780         1.00
      0.0790         1.00
      0.0800         1.00
      0.0810         1.00
      0.0820         1.00
      0.0830         1.00
      0.0840         1.00
      0.0850         1.00
      0.0860         1.00
      0.0870         1.00
      0.0880         1.00
      0.0890         1.00
      0.0900         1.00
      0.0910         1.00
      0.0920         1.00
      0.0930         1.00
      0.0940         1.00
      0.0950         1.00
      0.0960         1.00
      0.0970         1.00
      0.0980         1.00
      0.0990         1.00
      0.1000         1.00
      0.1010         1.00
      0.1020         1.00
      0.1030         1.00
      0.1040         1.00
      0.1050         1.00
      0.1060         1.00
      0.1070         1.00
      0.1080         1.00
      0.1090         1.00
      0.1100         1.00
      0.1110         1.00
      0.1120         1.00
      0.1130         1.00
      0.1140         1.00
      0.1150         1.00
      0.1160         1.00
      0.1170         1.00
      0.1180         1.00
      0.1190         1.00
      0.1200         1.00
      0.1210         1.00
      0.1220         1.00
      0.1230         1.00
      0.1240         1.00
      0.1250         1.00
      0.1260         1.00
      0.1270         1.00
      0.1280         1.00
      0.1290         1.00
      0.1300         1.00
      0.1310         1.00
      0.1320         1.00
      0.1330         1.00
      0.1340         1.00
      0.1350         1.00
      0.1360         1.00
      0.1370         1.00
      0.1380         1.00
      0.1390         1.00
      0.1400         1.00
      0.1410         1.00
      0.1420         1.00
      0.1430         1.00
      0.1440         1.00
      0.1450         1.00
      0.1460         1.00
      0.1470         1.00
      0.1480         1.00
      0.1490         1.00
      0.1500         1.00
      0.1510         1.00
      0.1520         1.00
      0.1530         1.00
      0.1540         1.00
      0.1550         1.00
      0.1560         1.00
      0.1570         1.00
      0.1580         1.00
      0.1590         1.00
      0.1600         1.00
      0.1610         1.00
      0.1620         1.00
      0.1630         1.00
      0.1640         1.00
      0.1650         1.00
      0.1660         1.00
      0.1670         1.00
      0.1680         1.00
      0.1690         1.00
      0.1700         1.00
      0.1710         1.00
      0.1720         1.00
      0.1730         1.00
      0.1740         1.00
      0.1750         1.00
      0.1760         1.00
      0.1770         1.00
      0.1780         1.00
      0.1790         1.00
      0.1800         1.00
      0.1810         1.00
      0.1820         1.00
      0.1830         1.00
      0.1840         1.00
      0.1850         1.00
      0.1860         1.00
      0.1870         1.00
      0.1880         1.00
      0.1890         1.00
      0.1900         1.00
      0.1910         1.00
      0.1920         1.00
      0.1930         1.00
      0.1940         1.00
      0.1950         1.00
      0.1960         1.00
      0.1970         1.00
      0.1980         1.00
      0.1990         1.00
      0.2000         1.00
      0.2010         1.00
      0.2020         1.00
      0.2030         1.00
      0.2040         1.00
      0.2050         1.00
      0.2060         1.00
      0.2070         1.00
      0.2080         1.00
      0.2090         1.00
      0.2100         1.00
      0.2110         1.00
      0.2120         1.00
      0.2130         1.00
      0.2140         1.00
      0.2150         1.00
      0.2160         1.00
      0.2170         1.00
      0.2180         1.00
      0.2190         1.00
      0.2200         1.00
      0.2210         1.00
      0.2220         1.00
      0.2230         1.00
      0.2240         1.00
      0.2250         1.00
      0.2260         1.00
      0.2270         1.00
      0.2280         1.00
      0.2290         1.00
      0.2300         1.00
      0.2310         1.00
      0.2320         1.00
      0.2330         1.00
      0.2340         1.00
      0.2350         1.00
      0.2360         1.00
      0.2370         1.00
      0.2380         1.00
      0.2390         1.00
      0.2400         1.00
      0.2410         1.00
      0.2420         1.00
      0.2430         1.00
      0.2440         1.00
      0.2450         1.00
      0.2460         1.00
      0.2470         1.00
      0.2480         1.00
      0.2490         1.00
      0.2500         1.00
      0.2510         1.00
      0.2520         1.00
      0.2530         1.00
      0.2540         1.00
      0.2550         1.00
      0.2560         1.00
      0.2570         1.00
      0.2580         1.00
      0.2590         1.00
      0.2600         1.00
      0.2610         1.00
      0.2620         1.00
      0.2630         1.00
      0.2640         1.00
      0.2650         1.00
      0.2660         1.00
      0.2670         1.00
      0.2680         1.00
      0.2690         1.00
      0.2700         1.00
      0.2710         1.00
      0.2720         1.00
      0.2730         1.00
      0.2740         1.00
      0.2750         1.00
      0.2760         1.00
      0.2770         1.00
      0.2780         1.00
      0.2790         1.00
      0.2800         1.00
      0.2810         1.00
      0.2820         1.00
      0.2830         1.00
      0.2840         1.00
      0.2850         1.00
      0.2860         1.00
      0.2870         1.00
      0.2880         1.00
      0.2890         1.00
      0.2900         1.00
      0.2910         1.00
      0.2920         1.00
      0.2930         1.00
      0.2940         1.00
      0.2950         1.00
      0.2960         1.00
      0.2970         1.00
      0.2980         1.00
      0.2990         1.00
      0.3000         1.00
      0.3010         1.00
      0.3020         1.00
      0.3030         1.00
      0.3040         1.00
      0.3050         1.00
      0.3060         1.00
      0.3070         1.00
      0.3080         1.00
      0.3090         1.00
      0.3100         1.00
      0.3110         1.00
      0.3120         1.00
      0.3130         1.00
      0.3140         1.00
      0.3150         1.00
      0.3160         1.00
      0.3170         1.00
      0.3180         1.00
      0.3190         1.00
      0.3200         1.00
      0.3210         1.00
      0.3220         1.00
      0.3230         1.00
      0.3240         1.00
      0.3250         1.00
      0.3260         1.00
      0.3270         1.00
      0.3280         1.00
      0.3290         1.00
      0.3300         1.00
      0.3310         1.00
      0.3320         1.00
      0.3330         1.00
      0.3340         1.00
      0.3350         1.00
      0.3360         1.00
      0.3370         1.00
      0.3380         1.00
      0.3390         1.00
      0.3400         1.00
      0.3410         1.00
      0.3420         1.00
      0.3430         1.00
      0.3440         1.00
      0.3450         1.00
      0.3460         1.00
      0.3470         1.00
      0.3480         1.00
      0.3490         1.00
      0.3500         1.00
      0.3510         1.00
      0.3520         1.00
      0.3530         1.00
      0.3540         1.00
      0.3550         1.00
      0.3560         1.00
      0.3570         1.00
      0.3580         1.00
      0.3590         1.00
      0.3600         1.00
      0.3610         1.00
      0.3620         1.00
      0.3630         1.00
      0.3640         1.00
      0.3650         1.00
      0.3660         1.00
      0.3670         1.00
      0.3680         1.00
      0.3690         1.00
      0.3700         1.00
      0.3710         1.00
      0.3720         1.00
      0.3730         1.00
      0.3740         1.00
      0.3750         1.00
      0.3760         1.00
      0.3770         1.00
      0.3780         1.00
      0.3790         1.00
      0.3800         1.00
      0.3810         1.00
      0.3820         1.00
      0.3830         1.00
      0.3840         1.00
      0.3850         1.00
      0.3860         1.00
      0.3870         1.00
      0.3880         1.00
      0.3890         1.00
      0.3900         1.00
      0.3910         1.00
      0.3920         1.00
      0.3930         1.00
      0.3940         1.00
      0.3950         1.00
      0.3960         1.00
      0.3970         1.00
      0.3980         1.00
      0.3990         1.00
      0.4000         1.00
      0.4010         1.00
      0.4020         1.00
      0.4030         1.00
      0.4040         1.00
      0.4050         1.00
      0.4060         1.00
      0.4070         1.00
      0.4080         1.00
      0.4090         1.00
      0.4100         1.00
      0.4110         1.00
      0.4120         1.00
      0.4130         1.00
      0.4140         1.00
      0.4150         1.00
      0.4160         1.00
      0.4170         1.00
      0.4180         1.00
      0.4190         1.00
      0.4200         1.00
      0.4210         1.00
      0.4220         1.00
      0.4230         1.00
      0.4240         1.00
      0.4250         1.00
      0.4260         1.00
      0.4270         1.00
      0.4280         1.00
      0.4290         1.00
      0.4300         1.00
      0.4310         1.00
      0.4320         1.00
      0.4330         1.00
      0.4340         1.00
      0.4350         1.00
      0.4360         1.00
      0.4370         1.00
      0.4380         1.00
      0.4390         1.00
      0.4400         1.00
      0.4410         1.00
      0.4420         1.00
      0.4430         1.00
      0.4440         1.00
      0.4450         1.00
      0.4460         1.00
      0.4470         1.00
      0.4480         1.00
      0.4490         1.00
      0.4500         1.00
      0.4510         1.00
      0.4520         1.00
      0.4530         1.00
      0.4540         1.00
      0.4550         1.00
      0.4560         1.00
      0.4570         1.00
      0.4580         1.00
      0.4590         1.00
      0.4600         1.00
      0.4610         1.00
      0.4620         1.00
      0.4630         1.00
      0.4640         1.00
      0.4650         1.00
      0.4660         1.00
      0.4670         1.00
      0.4680         1.00
      0.4690         1.00
      0.4700         1.00
      0.4710         1.00
      0.4720         1.00
      0.4730         1.00
      0.4740         1.00
      0.4750         1.00
      0.4760         1.00
      0.4770         1.00
      0.4780         1.00
      0.4790         1.00
      0.4800         1.00
      0.4810         1.00
      0.4820         1.00
      0.4830         1.00
      0.4840         1.00
      0.4850         1.00
      0.4860         1.00
      0.4870         1.00
      0.4880         1.00
      0.4890         1.00
      0.4900         1.00
      0.4910         1.00
      0.4920         1.00
      0.4930         1.00
      0.4940         1.00
      0.4950         1.00
      0.4960         1.00
      0.4970         1.00
      0.4980         1.00
      0.4990         1.00
      0.5000         1.00
      0.5010         1.00
      0.5020         1.00
      0.5030         1.00
      0.5040         1.00
      0.5050         1.00
      0.5060         1.00
      0.5070         1.00
      0.5080         1.00
      0.5090         1.00
      0.5100         1.00
      0.5110         1.00
      0.5120         1.00
      0.5130         1.00
      0.5140         1.00
      0.5150         1.00
      0.5160         1.00
      0.5170         1.00
      0.5180         1.00
      0.5190         1.00
      0.5200         1.00
      0.5210         1.00
      0.5220         1.00
      0.5230         1.00
      0.5240         1.00
      0.5250         1.00
      0.5260         1.00
      0.5270         1.00
      0.5280         1.00
      0.5290         1.00
      0.5300         1.00
      0.5310         1.00
      0.5320         1.00
      0.5330         1.00
      0.5340         1.00
      0.5350         1.00
      0.5360         1.00
      0.5370         1.00
      0.5380         1.00
      0.5390         1.00
      0.5400         1.00
      0.5410         1.00
      0.5420         1.00
      0.5430         1.00
      0.5440         1.00
      0.5450         1.00
      0.5460         1.00
      0.5470         1.00
      0.5480         1.00
      0.5490         1.00
      0.5500         1.00
      0.5510         1.00
      0.5520         1.00
      0.5530         1.00
      0.5540         1.00
      0.5550         1.00
      0.5560         1.00
      0.5570         1.00
      0.5580         1.00
      0.5590         1.00
      0.5600         1.00
      0.5610         1.00
      0.5620         1.00
      0.5630         1.00
      0.5640         1.00
      0.5650         1.00
      0.5660         1.00
      0.5670         1.00
      0.5680         1.00
      0.5690         1.00
      0.5700         1.00
      0.5710         1.00
      0.5720         1.00
      0.5730         1.00
      0.5740         1.00
      0.5750         1.00
      0.5760         1.00
      0.5770         1.00
      0.5780         1.00
      0.5790         1.00
      0.5800         1.00
      0.5810         1.00
      0.5820         1.00
      0.5830         1.00
      0.5840         1.00
      0.5850         1.00
      0.5860         1.00
      0.5870         1.00
      0.5880         1.00
      0.5890         1.00
      0.5900         1.00
      0.5910         1.00
      0.5920         1.00
      0.5930         1.00
      0.5940         1.00
      0.5950         1.00
      0.5960         1.00
      0.5970         1.00
      0.5980         1.00
      0.5990         1.00
      0.6000         1.00
      0.6010         1.00
      0.6020         1.00
      0.6030         1.00
      0.6040         1.00
      0.6050         1.00
      0.6060         1.00
      0.6070         1.00
      0.6080         1.00
      0.6090         1.00
      0.6100         1.00
      0.6110         1.00
      0.6120         1.00
      0.6130         1.00
      0.6140         1.00
      0.6150         1.00
      0.6160         1.00
      0.6170         1.00
      0.6180         1.00
      0.6190         1.00
      0.6200         1.00
      0.6210         1.00
      0.6220         1.00
      0.6230         1.00
      0.6240         1.00
      0.6250         1.00
      0.6260         1.00
      0.6270         1.00
      0.6280         1.00
      0.6290         1.00
      0.6300         1.00
      0.6310         1.00
      0.6320         1.00
      0.6330         1.00
      0.6340         1.00
      0.6350         1.00
      0.6360         1.00
      0.6370         1.00
      0.6380         1.00
      0.6390         1.00
      0.6400         1.00
      0.6410         1.00
      0.6420         1.00
      0.6430         1.00
      0.6440         1.04
      0.6450         1.25
      0.6460         1.40
      0.6470         1.65
      0.6480         1.89
      0.6490         2.17
      0.6500         2.27
      0.6510         2.46
      0.6520         2.59
      0.6530         3.32
      0.6540         2.94
      0.6550         3.10
      0.6560         3.62
      0.6570         3.71
      0.6580         3.83
      0.6590         3.90
      0.6600         3.98
      0.6610         4.09
      0.6620         4.22
      0.6630         4.21
      0.6640         4.28
      0.6650         4.17
      0.6660         4.24
      0.6670         4.27
      0.6680         4.27
      0.6690         4.26
      0.6700         3.85
      0.6710         4.47
      0.6720         4.59
      0.6730         4.65
      0.6740         4.77
      0.6750         4.93
      0.6760         5.06
      0.6770         5.12
      0.6780         5.21
      0.6790         5.27
      0.6800         4.85
      0.6810         5.52
      0.6820         5.65
      0.6830         5.73
      0.6840         5.82
      0.6850         5.94
      0.6860         6.01
      0.6870         6.14
      0.6880         6.29
      0.6890         6.40
      0.6900         6.54
      0.6910         7.13
      0.6920         7.15
      0.6930         7.22
      0.6940         6.75
      0.6950         7.28
      0.6960         7.36
      0.6970         6.90
      0.6980         6.92
      0.6990         6.95
      0.7000         6.89
      0.7010         6.81
      0.7020         6.78
      0.7030         6.81
      0.7040         6.79
      0.7050         6.87
      0.7060         6.85
      0.7070         6.79
      0.7080         6.18
      0.7090         6.18
      0.7100         6.14
      0.7110         6.62
      0.7120         6.76
      0.7130         6.86
      0.7140         6.97
      0.7150         6.99
      0.7160         7.11
      0.7170         7.21
      0.7180         7.92
      0.7190         8.09
      0.7200         7.77
      0.7210         7.88
      0.7220         7.98
      0.7230         8.03
      0.7240         8.71
      0.7250         8.29
      0.7260         8.46
      0.7270         8.56
      0.7280         8.75
      0.7290         8.80
      0.7300         8.89
      0.7310         9.04
      0.7320         9.08
      0.7330         9.12
      0.7340         9.16
      0.7350         9.19
      0.7360         9.15
      0.7370         9.22
      0.7380         9.13
      0.7390         9.14
      0.7400         9.08
      0.7410         9.06
      0.7420         9.62
      0.7430         9.70
      0.7440         9.18
      0.7450         9.74
      0.7460         9.79
      0.7470         9.82
      0.7480         9.86
      0.7490         9.90
      0.7500         9.90
      0.7510         9.87
      0.7520         9.84
      0.7530         9.89
      0.7540         9.78
      0.7550         9.90
      0.7560         9.57
      0.7570        10.23
      0.7580        10.35
      0.7590        10.52
      0.7600        10.73
      0.7610        10.41
      0.7620        10.48
      0.7630        10.42
      0.7640        10.38
      0.7650        10.31
      0.7660        10.75
      0.7670        10.21
      0.7680        10.18
      0.7690        10.21
      0.7700        10.78
      0.7710        10.82
      0.7720        10.90
      0.7730        10.94
      0.7740        11.24
      0.7750        11.29
      0.7760        11.31
      0.7770        11.06
      0.7780        10.93
      0.7790        10.72
      0.7800        10.10
      0.7810        10.05
      0.7820         9.60
      0.7830         9.66
      0.7840         9.75
      0.7850         9.94
      0.7860        10.54
      0.7870        10.71
      0.7880        10.84
      0.7890        11.08
      0.7900        11.30
      0.7910        11.45
      0.7920        11.57
      0.7930        11.62
      0.7940        11.56
      0.7950        11.61
      0.7960        11.61
      0.7970        11.74
      0.7980        11.80
      0.7990        11.92
      0.8000        12.01
      0.8010        12.05
      0.8020        12.08
      0.8030        12.74
      0.8040        12.80
      0.8050        12.69
      0.8060        12.80
      0.8070        12.88
      0.8080        12.39
      0.8090        12.31
      0.8100        12.17
      0.8110        12.16
      0.8120        12.01
      0.8130        12.00
      0.8140        11.94
      0.8150        11.92
      0.8160        11.96
      0.8170        11.98
      0.8180        12.03
      0.8190        12.11
      0.8200        12.08
      0.8210        12.22
      0.8220        12.36
      0.8230        12.40
      0.8240        12.39
      0.8250        12.47
      0.8260        12.43
      0.8270        12.42
      0.8280        12.44
      0.8290        12.47
      0.8300        12.53
      0.8310        13.08
      0.8320        13.31
      0.8330        13.42
      0.8340        13.55
      0.8350        13.75
      0.8360        13.74
      0.8370        13.82
      0.8380        13.83
      0.8390        13.84
      0.8400        13.86
      0.8410        13.63
      0.8420        13.46
      0.8430        13.31
      0.8440        12.86
      0.8450        12.89
      0.8460        12.94
      0.8470        12.97
      0.8480        12.86
      0.8490        12.95
      0.8500        13.04
      0.8510        13.00
      0.8520        13.01
      0.8530        13.05
      0.8540        13.15
      0.8550        13.09
      0.8560        13.12
      0.8570        13.17
      0.8580        13.20
      0.8590        13.27
      0.8600        13.42
      0.8610        13.56
      0.8620        13.58
      0.8630        13.60
      0.8640        13.55
      0.8650        13.48
      0.8660        14.10
      0.8670        14.10
      0.8680        14.26
      0.8690        14.22
      0.8700        14.14
      0.8710        13.67
      0.8720        13.73
      0.8730        13.78
      0.8740        13.73
      0.8750        13.69
      0.8760        13.61
      0.8770        13.58
      0.8780        13.63
      0.8790        13.58
      0.8800        13.42
      0.8810        13.38
      0.8820        13.28
      0.8830        13.31
      0.8840        13.38
      0.8850        13.42
      0.8860        13.38
      0.8870        13.43
      0.8880        13.47
      0.8890        13.44
      0.8900        13.56
      0.8910        13.56
      0.8920        13.56
      0.8930        13.48
      0.8940        13.53
      0.8950        13.61
      0.8960        13.68
      0.8970        13.80
      0.8980        13.83
      0.8990        13.89
      0.9000        13.98
      0.9010        14.05
      0.9020        14.13
      0.9030        14.18
      0.9040        14.21
      0.9050        14.35
      0.9060        14.33
      0.9070        14.29
      0.9080        14.32
      0.9090        14.42
      0.9100        14.35
      0.9110        14.44
      0.9120        14.53
      0.9130        14.59
      0.9140        14.61
      0.9150        14.70
      0.9160        14.77
      0.9170        14.66
      0.9180        14.71
      0.9190        14.79
      0.9200        14.81
      0.9210        14.86
      0.9220        14.98
      0.9230        15.06
      0.9240        15.16
      0.9250        15.17
      0.9260        15.18
      0.9270        15.83
      0.9280        15.89
      0.9290        15.43
      0.9300        15.39
      0.9310        15.43
      0.9320        15.48
      0.9330        15.55
      0.9340        15.62
      0.9350        15.58
      0.9360        15.63
      0.9370        15.69
      0.9380        15.71
      0.9390        15.75
      0.9400        15.82
      0.9410        15.85
      0.9420        15.83
      0.9430        15.73
      0.9440        15.75
      0.9450        15.83
      0.9460        15.91
      0.9470        15.85
      0.9480        15.90
      0.9490        15.87
      0.9500        15.95
      0.9510        16.01
      0.9520        15.98
      0.9530        16.04
      0.9540        16.09
      0.9550        16.65
      0.9560        16.17
      0.9570        16.81
      0.9580        16.31
      0.9590        16.28
      0.9600        16.36
      0.9610        16.43
      0.9620        16.52
      0.9630        16.71
      0.9640        16.66
      0.9650        16.62
      0.9660        16.64
      0.9670        17.33
      0.9680        17.38
      0.9690        17.42
      0.9700        17.52
      0.9710        17.55
      0.9720        17.53
      0.9730        17.51
      0.9740        17.45
      0.9750        17.45
      0.9760        17.51
      0.9770        17.39
      0.9780        17.34
      0.9790        17.35
      0.9800        17.41
      0.9810        17.41
      0.9820        17.33
      0.9830        17.33
      0.9840        17.40
      0.9850        17.37
      0.9860        16.91
      0.9870        16.91
      0.9880        17.00
      0.9890        17.02
      0.9900        17.08
      0.9910        17.25
      0.9920        17.34
      0.9930        17.42
      0.9940        17.53
      0.9950        17.55
      0.9960        17.68
      0.9970        17.71
      0.9980        17.76
      0.9990        17.79
      1.0000        17.74
      1.0010        17.86
      1.0020        18.00
      1.0030        17.98
      1.0040        18.03
      1.0050        18.67
      1.0060        18.76
      1.0070        18.79
      1.0080        18.80
      1.0090        18.90
      1.0100        19.03
      1.0110        18.92
      1.0120        19.15
      1.0130        19.28
      1.0140        19.30
      1.0150        19.31
      1.0160        19.47
      1.0170        19.55
      1.0180        19.70
      1.0190        19.85
      1.0200        19.97
      1.0210        19.94
      1.0220        19.96
      1.0230        20.04
      1.0240        20.13
      1.0250        20.07
      1.0260        20.01
      1.0270        20.19
      1.0280        20.16
      1.0290        20.31
      1.0300        20.35
      1.0310        20.38
      1.0320        20.39
      1.0330        20.43
      1.0340        20.48
      1.0350        20.60
      1.0360        20.62
      1.0370        20.71
      1.0380        20.82
      1.0390        20.89
      1.0400        20.89
      1.0410        20.94
      1.0420        21.00
      1.0430        21.07
      1.0440        20.92
      1.0450        20.91
      1.0460        21.11
      1.0470        21.03
      1.0480        20.98
      1.0490        20.89
      1.0500        20.86
      1.0510        20.93
      1.0520        20.95
      1.0530        20.87
      1.0540        20.87
      1.0550        20.92
      1.0560        20.89
      1.0570        20.97
      1.0580        20.85
      1.0590        20.79
      1.0600        20.86
      1.0610        20.88
      1.0620        20.77
      1.0630        20.71
      1.0640        20.74
      1.0650        20.85
      1.0660        20.78
      1.0670        20.86
      1.0680        21.12
      1.0690        21.16
      1.0700        21.26
      1.0710        21.20
      1.0720        21.10
      1.0730        21.16
      1.0740        21.17
      1.0750        21.16
      1.0760        21.15
      1.0770        21.08
      1.0780        21.16
      1.0790        21.19
      1.0800        21.20
      1.0810        21.25
      1.0820        21.22
      1.0830        21.18
      1.0840        21.38
      1.0850        21.36
      1.0860        21.33
      1.0870        21.38
      1.0880        21.38
      1.0890        21.46
      1.0900        21.44
      1.0910        21.62
      1.0920        21.73
      1.0930        21.84
      1.0940        21.96
      1.0950        22.08
      1.0960        22.13
      1.0970        22.23
      1.0980        22.28
      1.0990        22.35
      1.1000        22.39
      1.1010        22.56
      1.1020        22.69
      1.1030        22.87
      1.1040        22.94
      1.1050        23.02
      1.1060        23.27
      1.1070        23.21
      1.1080        23.21
      1.1090        23.24
      1.1100        23.26
      1.1110        23.28
      1.1120        23.31
      1.1130        23.27
      1.1140        23.32
      1.1150        23.27
      1.1160        23.37
      1.1170        23.44
      1.1180        23.55
      1.1190        23.62
      1.1200        23.67
      1.1210        23.70
      1.1220        23.82
      1.1230        23.79
      1.1240        23.83
      1.1250        23.86
      1.1260        23.83
      1.1270        23.91
      1.1280        24.02
      1.1290        23.98
      1.1300        24.01
      1.1310        24.02
      1.1320        24.03
      1.1330        24.02
      1.1340        23.89
      1.1350        23.87
      1.1360        23.93
      1.1370        23.84
      1.1380        23.74
      1.1390        23.74
      1.1400        23.70
      1.1410        23.60
      1.1420        23.50
      1.1430        23.48
      1.1440        23.30
      1.1450        23.25
      1.1460        23.19
      1.1470        23.15
      1.1480        22.95
      1.1490        22.98
      1.1500        22.96
      1.1510        22.84
      1.1520        22.93
      1.1530        22.96
      1.1540        23.05
      1.1550        23.12
      1.1560        23.08
      1.1570        23.15
      1.1580        23.09
      1.1590        23.12
      1.1600        23.15
      1.1610        23.21
      1.1620        23.28
      1.1630        23.34
      1.1640        23.38
      1.1650        23.43
      1.1660        23.30
      1.1670        23.29
      1.1680        23.41
      1.1690        23.49
      1.1700        23.54
      1.1710        23.73
      1.1720        23.69
      1.1730        23.72
      1.1740        23.75
      1.1750        23.72
      1.1760        23.69
      1.1770        23.69
      1.1780        23.74
      1.1790        23.69
      1.1800        23.70
      1.1810        23.58
      1.1820        23.57
      1.1830        23.62
      1.1840        23.65
      1.1850        23.65
      1.1860        23.77
      1.1870        23.79
      1.1880        23.79
      1.1890        23.67
      1.1900        23.72
      1.1910        23.78
      1.1920        23.79
      1.1930        23.81
      1.1940        23.84
      1.1950        23.97
      1.1960        24.07
      1.1970        24.01
      1.1980        24.07
      1.1990        24.15
      1.2000        24.18
      1.2010        24.18
      1.2020        24.18
      1.2030        24.28
      1.2040        24.38
      1.2050        24.40
      1.2060        24.47
      1.2070        24.52
      1.2080        24.62
      1.2090        24.62
      1.2100        24.52
      1.2110        24.43
      1.2120        24.43
      1.2130        24.51
      1.2140        24.47
      1.2150        24.40
      1.2160        24.23
      1.2170        24.35
      1.2180        24.31
      1.2190        24.27
      1.2200        24.20
      1.2210        24.29
      1.2220        24.35
      1.2230        24.13
      1.2240        24.11
      1.2250        24.00
      1.2260        23.85
      1.2270        23.76
      1.2280        23.77
      1.2290        23.84
      1.2300        23.81
      1.2310        23.73
      1.2320        23.72
      1.2330        23.57
      1.2340        23.58
      1.2350        23.45
      1.2360        23.42
      1.2370        23.27
      1.2380        23.22
      1.2390        23.12
      1.2400        23.13
      1.2410        23.08
      1.2420        22.96
      1.2430        22.37
      1.2440        22.18
      1.2450        22.09
      1.2460        22.63
      1.2470        22.58
      1.2480        21.95
      1.2490        21.91
      1.2500        21.94
      1.2510        21.93
      1.2520        21.86
      1.2530        21.89
      1.2540        21.78
      1.2550        21.72
      1.2560        21.75
      1.2570        21.86
      1.2580        21.94
      1.2590        21.84
      1.2600        21.83
      1.2610        21.79
      1.2620        21.84
      1.2630        21.96
      1.2640        22.00
      1.2650        22.19
      1.2660        22.18
      1.2670        22.25
      1.2680        22.23
      1.2690        22.79
      1.2700        22.82
      1.2710        22.87
      1.2720        22.99
      1.2730        23.06
      1.2740        23.14
      1.2750        23.19
      1.2760        23.25
      1.2770        23.34
      1.2780        23.29
      1.2790        23.49
      1.2800        23.45
      1.2810        22.93
      1.2820        22.95
      1.2830        22.92
      1.2840        22.98
      1.2850        22.90
      1.2860        22.90
      1.2870        22.94
      1.2880        22.99
      1.2890        23.03
      1.2900        23.12
      1.2910        23.07
      1.2920        23.08
      1.2930        23.11
      1.2940        23.12
      1.2950        23.08
      1.2960        23.14
      1.2970        23.03
      1.2980        23.00
      1.2990        23.06
      1.3000        22.98
      1.3010        23.11
      1.3020        23.16
      1.3030        23.22
      1.3040        23.20
      1.3050        23.27
      1.3060        23.29
      1.3070        23.31
      1.3080        23.34
      1.3090        23.42
      1.3100        23.30
      1.3110        23.27
      1.3120        23.20
      1.3130        23.11
      1.3140        23.07
      1.3150        22.99
      1.3160        23.03
      1.3170        22.95
      1.3180        22.87
      1.3190        22.73
      1.3200        22.73
      1.3210        22.58
      1.3220        22.45
      1.3230        22.33
      1.3240        22.33
      1.3250        22.25
      1.3260        22.22
      1.3270        22.16
      1.3280        22.03
      1.3290        21.87
      1.3300        21.87
      1.3310        21.88
      1.3320        21.89
      1.3330        21.99
      1.3340        21.89
      1.3350        22.03
      1.3360        21.99
      1.3370        22.04
      1.3380        21.97
      1.3390        21.97
      1.3400        22.00
      1.3410        22.03
      1.3420        22.14
      1.3430        22.15
      1.3440        22.21
      1.3450        22.22
      1.3460        22.18
      1.3470        22.16
      1.3480        22.22
      1.3490        22.15
      1.3500        22.12
      1.3510        22.12
      1.3520        22.09
      1.3530        22.05
      1.3540        22.05
      1.3550        21.97
      1.3560        21.95
      1.3570        21.88
      1.3580        21.99
      1.3590        21.96
      1.3600        21.85
      1.3610        21.74
      1.3620        21.62
      1.3630        21.66
      1.3640        21.61
      1.3650        21.58
      1.3660        21.64
      1.3670        21.58
      1.3680        21.63
      1.3690        21.73
      1.3700        21.80
      1.3710        21.81
      1.3720        21.84
      1.3730        21.83
      1.3740        21.85
      1.3750        21.95
      1.3760        21.92
      1.3770        21.96
      1.3780        21.95
      1.3790        21.95
      1.3800        22.08
      1.3810        22.16
      1.3820        22.30
      1.3830        22.30
      1.3840        22.32
      1.3850        22.34
      1.3860        22.28
      1.3870        22.39
      1.3880        22.42
      1.3890        22.42
      1.3900        22.42
      1.3910        22.38
      1.3920        22.46
      1.3930        22.95
      1.3940        23.07
      1.3950        23.06
      1.3960        23.19
      1.3970        23.13
      1.3980        23.10
      1.3990        23.03
      1.4000        22.95
      1.4010        22.91
      1.4020        22.29
      1.4030        22.33
      1.4040        22.29
      1.4050        22.23
      1.4060        22.26
      1.4070        22.09
      1.4080        22.07
      1.4090        21.99
      1.4100        21.86
      1.4110        21.84
      1.4120        21.71
      1.4130        21.73
      1.4140        21.72
      1.4150        21.75
      1.4160        22.20
      1.4170        22.22
      1.4180        22.28
      1.4190        22.46
      1.4200        22.55
      1.4210        22.57
      1.4220        22.63
      1.4230        22.63
      1.4240        22.56
      1.4250        22.59
      1.4260        22.57
      1.4270        22.67
      1.4280        22.57
      1.4290        22.51
      1.4300        22.55
      1.4310        21.99
      1.4320        22.03
      1.4330        22.06
      1.4340        22.08
      1.4350        21.99
      1.4360        22.07
      1.4370        22.08
      1.4380        22.02
      1.4390        21.90
      1.4400        21.81
      1.4410        21.80
      1.4420        21.76
      1.4430        21.70
      1.4440        21.76
      1.4450        21.80
      1.4460        21.69
      1.4470        21.72
      1.4480        22.22
      1.4490        22.27
      1.4500        22.26
      1.4510        22.31
      1.4520        22.41
      1.4530        22.32
      1.4540        22.23
      1.4550        22.18
      1.4560        22.07
      1.4570        22.07
      1.4580        22.07
      1.4590        22.13
      1.4600        22.10
      1.4610        21.99
      1.4620        22.00
      1.4630        22.07
      1.4640        22.03
      1.4650        21.99
      1.4660        22.21
      1.4670        22.22
      1.4680        22.18
      1.4690        22.21
      1.4700        22.16
      1.4710        22.12
      1.4720        21.95
      1.4730        21.83
      1.4740        21.24
      1.4750        21.35
      1.4760        21.29
      1.4770        21.28
      1.4780        21.12
      1.4790        21.12
      1.4800        21.08
      1.4810        21.06
      1.4820        20.98
      1.4830        20.96
      1.4840        20.97
      1.4850        20.89
      1.4860        20.76
      1.4870        20.71
      1.4880        20.61
      1.4890        20.50
      1.4900        20.46
      1.4910        20.47
      1.4920        20.44
      1.4930        20.44
      1.4940        20.53
      1.4950        20.41
      1.4960        20.41
      1.4970        20.34
      1.4980        20.45
      1.4990        20.33
      1.5000        20.27
      1.5010        20.27
      1.5020        20.25
      1.5030        20.18
      1.5040        20.12
      1.5050        20.15
      1.5060        20.12
      1.5070        20.17
      1.5080        20.17
      1.5090        20.14
      1.5100        20.07
      1.5110        20.02
      1.5120        20.05
      1.5130        20.03
      1.5140        19.87
      1.5150        19.82
      1.5160        19.82
      1.5170        19.81
      1.5180        19.71
      1.5190        19.68
      1.5200        19.60
      1.5210        19.62
      1.5220        19.54
      1.5230        19.46
      1.5240        19.36
      1.5250        19.24
      1.5260        19.09
      1.5270        18.48
      1.5280        18.48
      1.5290        18.47
      1.5300        18.53
      1.5310        18.51
      1.5320        18.55
      1.5330        18.47
      1.5340        18.45
      1.5350        18.40
      1.5360        18.39
      1.5370        18.37
      1.5380        18.33
      1.5390        18.36
      1.5400        18.41
      1.5410        18.86
      1.5420        19.01
      1.5430        19.10
      1.5440        19.19
      1.5450        19.20
      1.5460        19.24
      1.5470        19.27
      1.5480        19.25
      1.5490        19.26
      1.5500        19.22
      1.5510        19.13
      1.5520        19.09
      1.5530        19.10
      1.5540        19.22
      1.5550        19.18
      1.5560        19.13
      1.5570        19.11
      1.5580        19.07
      1.5590        19.05
      1.5600        19.02
      1.5610        18.98
      1.5620        18.91
      1.5630        18.79
      1.5640        18.68
      1.5650        18.73
      1.5660        18.71
      1.5670        18.70
      1.5680        18.64
      1.5690        18.60
      1.5700        18.58
      1.5710        18.58
      1.5720        18.59
      1.5730        18.59
      1.5740        18.55
      1.5750        18.66
      1.5760        18.67
      1.5770        18.70
      1.5780        18.74
      1.5790        18.74
      1.5800        18.66
      1.5810        18.64
      1.5820        18.51
      1.5830        18.53
      1.5840        18.57
      1.5850        18.49
      1.5860        18.40
      1.5870        18.33
      1.5880        18.29
      1.5890        18.15
      1.5900        18.06
      1.5910        18.11
      1.5920        17.99
      1.5930        17.96
      1.5940        17.83
      1.5950        17.84
      1.5960        17.82
      1.5970        17.74
      1.5980        17.67
      1.5990        17.68
      1.6000        17.75
      1.6010        17.82
      1.6020        17.95
      1.6030        17.98
      1.6040        17.91
      1.6050        17.82
      1.6060        18.02
      1.6070        17.94
      1.6080        18.01
      1.6090        18.00
      1.6100        17.48
      1.6110        17.45
      1.6120        17.48
      1.6130        18.08
      1.6140        17.60
      1.6150        17.52
      1.6160        17.48
      1.6170        17.44
      1.6180        17.39
      1.6190        17.29
      1.6200        17.33
      1.6210        17.24
      1.6220        17.14
      1.6230        17.11
      1.6240        16.97
      1.6250        16.98
      1.6260        16.93
      1.6270        17.45
      1.6280        17.48
      1.6290        17.52
      1.6300        17.71
      1.6310        17.63
      1.6320        17.55
      1.6330        17.36
      1.6340        17.44
      1.6350        17.50
      1.6360        17.50
      1.6370        17.58
      1.6380        17.55
      1.6390        17.63
      1.6400        17.54
      1.6410        17.37
      1.6420        17.31
      1.6430        17.28
      1.6440        17.31
      1.6450        17.28
      1.6460        17.28
      1.6470        17.29
      1.6480        17.26
      1.6490        17.26
      1.6500        17.18
      1.6510        17.20
      1.6520        17.28
      1.6530        17.29
      1.6540        17.26
      1.6550        17.14
      1.6560        17.22
      1.6570        17.17
      1.6580        17.22
      1.6590        17.25
      1.6600        17.33
      1.6610        17.40
      1.6620        17.46
      1.6630        17.40
      1.6640        17.45
      1.6650        17.38
      1.6660        17.30
      1.6670        17.28
      1.6680        17.07
      1.6690        17.07
      1.6700        17.06
      1.6710        17.05
      1.6720        16.97
      1.6730        16.99
      1.6740        16.90
      1.6750        16.88
      1.6760        16.78
      1.6770        16.72
      1.6780        16.69
      1.6790        16.57
      1.6800        16.41
      1.6810        16.37
      1.6820        16.22
      1.6830        16.14
      1.6840        16.03
      1.6850        16.09
      1.6860        15.58
      1.6870        15.52
      1.6880        15.66
      1.6890        15.67
      1.6900        15.70
      1.6910        15.62
      1.6920        15.55
      1.6930        15.54
      1.6940        15.60
      1.6950        15.60
      1.6960        15.62
      1.6970        15.62
      1.6980        15.56
      1.6990        15.50
      1.7000        15.47
      1.7010        15.44
      1.7020        16.00
      1.7030        16.08
      1.7040        16.10
      1.7050        16.06
      1.7060        16.12
      1.7070        16.05
      1.7080        15.98
      1.7090        15.99
      1.7100        15.89
      1.7110        15.94
      1.7120        15.99
      1.7130        15.93
      1.7140        15.79
      1.7150        15.78
      1.7160        15.67
      1.7170        15.62
      1.7180        15.64
      1.7190        15.73
      1.7200        15.77
      1.7210        15.81
      1.7220        15.70
      1.7230        15.63
      1.7240        15.54
      1.7250        15.44
      1.7260        15.32
      1.7270        15.30
      1.7280        15.34
      1.7290        14.75
      1.7300        14.70
      1.7310        14.69
      1.7320        14.58
      1.7330        14.55
      1.7340        14.48
      1.7350        14.47
      1.7360        14.40
      1.7370        14.32
      1.7380        14.21
      1.7390        14.09
      1.7400        14.05
      1.7410        14.02
      1.7420        13.96
      1.7430        13.87
      1.7440        13.87
      1.7450        13.89
      1.7460        13.86
      1.7470        13.81
      1.7480        13.78
      1.7490        13.77
      1.7500        13.74
      1.7510        13.67
      1.7520        14.15
      1.7530        14.09
      1.7540        14.11
      1.7550        14.01
      1.7560        14.07
      1.7570        14.00
      1.7580        13.98
      1.7590        13.98
      1.7600        13.89
      1.7610        13.74
      1.7620        13.70
      1.7630        13.63
      1.7640        13.59
      1.7650        13.52
      1.7660        13.50
      1.7670        13.47
      1.7680        12.85
      1.7690        12.75
      1.7700        12.69
      1.7710        12.61
      1.7720        13.03
      1.7730        13.00
      1.7740        12.40
      1.7750        12.92
      1.7760        12.78
      1.7770        12.81
      1.7780        12.76
      1.7790        12.26
      1.7800        12.20
      1.7810        12.70
      1.7820        12.68
      1.7830        12.19
      1.7840        12.19
      1.7850        12.12
      1.7860        12.08
      1.7870        11.99
      1.7880        11.97
      1.7890        11.99
      1.7900        11.92
      1.7910        11.81
      1.7920        11.84
      1.7930        11.80
      1.7940        11.76
      1.7950        11.65
      1.7960        11.69
      1.7970        11.61
      1.7980        11.63
      1.7990        11.55
      1.8000        11.57
      1.8010        11.46
      1.8020        11.43
      1.8030        11.32
      1.8040        11.17
      1.8050        11.13
      1.8060        11.03
      1.8070        10.98
      1.8080        10.94
      1.8090        10.85
      1.8100        10.86
      1.8110        10.92
      1.8120        10.81
      1.8130        10.76
      1.8140        10.74
      1.8150        10.66
      1.8160        10.50
      1.8170        10.38
      1.8180        10.26
      1.8190        10.12
      1.8200         9.93
      1.8210         9.88
      1.8220         9.76
      1.8230         9.69
      1.8240         9.69
      1.8250         9.67
      1.8260         9.61
      1.8270         9.50
      1.8280         9.39
      1.8290         9.35
      1.8300         9.18
      1.8310         9.00
      1.8320         8.93
      1.8330         8.89
      1.8340         8.80
      1.8350         8.81
      1.8360         8.80
      1.8370         8.81
      1.8380         8.77
      1.8390         8.71
      1.8400         8.72
      1.8410         8.72
      1.8420         8.67
      1.8430         8.68
      1.8440         8.61
      1.8450         8.50
      1.8460         8.44
      1.8470         8.39
      1.8480         8.37
      1.8490         8.27
      1.8500         8.31
      1.8510         8.27
      1.8520         8.20
      1.8530         8.14
      1.8540         8.02
      1.8550         7.92
      1.8560         7.87
      1.8570         7.80
      1.8580         7.75
      1.8590         7.81
      1.8600         7.75
      1.8610         7.67
      1.8620         7.61
      1.8630         7.54
      1.8640         7.46
      1.8650         7.41
      1.8660         7.36
      1.8670         7.26
      1.8680         7.14
      1.8690         7.13
      1.8700         7.02
      1.8710         6.99
      1.8720         6.94
      1.8730         6.86
      1.8740         6.87
      1.8750         6.84
      1.8760         6.78
      1.8770         6.72
      1.8780         6.63
      1.8790         6.46
      1.8800         6.41
      1.8810         6.30
      1.8820         6.19
      1.8830         6.10
      1.8840         6.13
      1.8850         6.06
      1.8860         6.02
      1.8870         6.09
      1.8880         6.09
      1.8890         6.06
      1.8900         6.01
      1.8910         5.99
      1.8920         5.96
      1.8930         5.91
      1.8940         5.83
      1.8950         5.72
      1.8960         5.63
      1.8970         5.53
      1.8980         5.45
      1.8990         5.44
      1.9000         4.84
      1.9010         4.76
      1.9020         4.68
      1.9030         4.58
      1.9040         4.52
      1.9050         4.51
      1.9060         4.53
      1.9070         4.44
      1.9080         4.88
      1.9090         4.80
      1.9100         4.84
      1.9110         4.76
      1.9120         4.73
      1.9130         4.72
      1.9140         4.69
      1.9150         4.67
      1.9160         4.69
      1.9170         4.69
      1.9180         4.75
      1.9190         4.72
      1.9200         4.71
      1.9210         4.68
      1.9220         4.70
      1.9230         4.68
      1.9240         4.68
      1.9250         4.64
      1.9260         4.52
      1.9270         4.44
      1.9280         4.43
      1.9290         4.36
      1.9300         4.29
      1.9310         4.20
      1.9320         4.07
      1.9330         3.98
      1.9340         3.87
      1.9350         3.91
      1.9360         3.86
      1.9370         3.82
      1.9380         3.74
      1.9390         3.72
      1.9400         3.71
      1.9410         3.75
      1.9420         3.68
      1.9430         3.78
      1.9440         3.71
      1.9450         3.70
      1.9460         3.71
      1.9470         3.71
      1.9480         3.74
      1.9490         3.66
      1.9500         3.64
      1.9510         3.74
      1.9520         3.75
      1.9530         3.82
      1.9540         3.82
      1.9550         3.74
      1.9560         3.76
      1.9570         3.74
      1.9580         3.76
      1.9590         3.70
      1.9600         3.67
      1.9610         3.56
      1.9620         3.56
      1.9630         3.41
      1.9640         3.41
      1.9650         3.37
      1.9660         3.37
      1.9670         3.41
      1.9680         3.26
      1.9690         3.34
      1.9700         3.22
      1.9710         3.14
      1.9720         3.21
      1.9730         3.11
      1.9740         3.16
      1.9750         3.17
      1.9760         3.14
      1.9770         3.14
      1.9780         3.09
      1.9790         3.19
      1.9800         3.17
      1.9810         3.21
      1.9820         3.16
      1.9830         3.16
      1.9840         3.15
      1.9850         3.21
      1.9860         3.21
      1.9870         3.17
      1.9880         3.27
      1.9890         3.19
      1.9900         3.22
      1.9910         3.22
      1.9920         3.11
      1.9930         3.17
      1.9940         3.15
      1.9950         3.13
      1.9960         3.08
      1.9970         3.07
      1.9980         3.08
      1.9990         3.02
      2.0000         3.02
      2.0010         3.05
      2.0020         3.08
      2.0030         3.09
      2.0040         3.15
      2.0050         3.04
      2.0060         3.00
      2.0070         2.97
      2.0080         2.90
      2.0090         3.00
      2.0100         3.04
      2.0110         3.00
      2.0120         3.04
      2.0130         3.01
      2.0140         3.04
      2.0150         3.08
      2.0160         3.07
      2.0170         3.09
      2.0180         3.04
      2.0190         3.03
      2.0200         3.04
      2.0210         2.97
      2.0220         3.04
      2.0230         3.07
      2.0240         2.99
      2.0250         3.05
      2.0260         3.05
      2.0270         3.08
      2.0280         3.15
      2.0290         3.07
      2.0300         3.07
      2.0310         3.11
      2.0320         3.07
      2.0330         3.01
      2.0340         3.01
      2.0350         3.00
      2.0360         3.04
      2.0370         2.96
      2.0380         2.94
      2.0390         2.93
      2.0400         2.93
      2.0410         2.94
      2.0420         2.89
      2.0430         2.86
      2.0440         2.78
      2.0450         2.66
      2.0460         2.65
      2.0470         2.54
      2.0480         2.47
      2.0490         2.47
      2.0500         2.43
      2.0510         2.39
      2.0520         2.43
      2.0530         2.42
      2.0540         2.40
      2.0550         2.29
      2.0560         2.32
      2.0570         2.39
      2.0580         2.43
      2.0590         2.44
      2.0600         2.40
      2.0610         2.40
      2.0620         2.38
      2.0630         2.31
      2.0640         2.36
      2.0650         2.38
      2.0660         2.40
      2.0670         2.44
      2.0680         2.44
      2.0690         2.46
      2.0700         2.43
      2.0710         2.39
      2.0720         2.32
      2.0730         2.31
      2.0740         2.23
      2.0750         2.23
      2.0760         2.19
      2.0770         2.13
      2.0780         2.00
      2.0790         1.90
      2.0800         1.85
      2.0810         1.77
      2.0820         1.73
      2.0830         1.71
      2.0840         1.68
      2.0850         1.68
      2.0860         1.67
      2.0870         1.66
      2.0880         1.71
      2.0890         1.63
      2.0900         1.64
      2.0910         1.70
      2.0920         1.71
      2.0930         1.71
      2.0940         1.70
      2.0950         1.66
      2.0960         1.65
      2.0970         1.58
      2.0980         1.67
      2.0990         1.71
      2.1000         1.68
      2.1010         1.62
      2.1020         1.62
      2.1030         1.72
      2.1040         1.65
      2.1050         1.62
      2.1060         1.55
      2.1070         1.51
      2.1080         1.39
      2.1090         1.38
      2.1100         1.34
      2.1110         1.27
      2.1120         1.20
      2.1130         1.19
      2.1140         1.16
      2.1150         1.17
      2.1160         1.09
      2.1170         1.15
      2.1180         1.12
      2.1190         1.05
      2.1200         1.13
      2.1210         1.16
      2.1220         1.00
      2.1230         1.00
      2.1240         1.00
      2.1250         1.00
      2.1260         1.00
      2.1270         1.00
      2.1280         1.00
      2.1290         1.00
      2.1300         1.00
      2.1310         1.00
      2.1320         1.00
      2.1330         1.00
      2.1340         1.00
      2.1350         1.00
      2.1360         1.15
      2.1370         1.00
      2.1380         1.00
      2.1390         1.13
      2.1400         1.05
      2.1410         1.00
      2.1420         1.00
      2.1430         1.00
      2.1440         1.00
      2.1450         1.00
      2.1460         1.00
      2.1470         1.00
      2.1480         1.00
      2.1490         1.00
      2.1500         1.00
      2.1510         1.00
      2.1520         1.00
      2.1530         1.00
      2.1540         1.00
      2.1550         1.00
      2.1560         1.00
      2.1570         1.00
      2.1580         1.00
      2.1590         1.00
      2.1600         1.00
      2.1610         1.00
      2.1620         1.00
      2.1630         1.00
      2.1640         1.00
      2.1650         1.00
      2.1660         1.00
      2.1670         1.00
      2.1680         1.00
      2.1690         1.00
      2.1700         1.00
      2.1710         1.00
      2.1720         1.00
      2.1730         1.00
      2.1740         1.00
      2.1750         1.00
      2.1760         1.00
      2.1770         1.00
      2.1780         1.00
      2.1790         1.00
      2.1800         1.00
      2.1810         1.00
      2.1820         1.00
      2.1830         1.00
      2.1840         1.00
      2.1850         1.00
      2.1860         1.00
      2.1870         1.00
      2.1880         1.00
      2.1890         1.00
      2.1900         1.00
      2.1910         1.00
      2.1920         1.00
      2.1930         1.00
      2.1940         1.00
      2.1950         1.00
      2.1960         1.00
      2.1970         1.00
      2.1980         1.00
      2.1990         1.00
      2.2000         1.00
      2.2010         1.00
      2.2020         1.00
      2.2030         1.00
      2.2040         1.00
      2.2050         1.00
      2.2060         1.00
      2.2070         1.00
      2.2080         1.00
      2.2090         1.00
      2.2100         1.00
      2.2110         1.00
      2.2120         1.00
      2.2130         1.00
      2.2140         1.00
      2.2150         1.00
      2.2160         1.00
      2.2170         1.00
      2.2180         1.00
      2.2190         1.00
      2.2200         1.00
      2.2210         1.00
      2.2220         1.00
      2.2230         1.00
      2.2240         1.00
      2.2250         1.00
      2.2260         1.00
      2.2270         1.00
      2.2280         1.00
      2.2290         1.00
      2.2300         1.00
      2.2310         1.00
      2.2320         1.00
      2.2330         1.00
      2.2340         1.00
      2.2350         1.00
      2.2360         1.00
      2.2370         1.00
      2.2380         1.00
      2.2390         1.00
      2.2400         1.00
      2.2410         1.00
      2.2420         1.00
      2.2430         1.00
      2.2440         1.00
      2.2450         1.00
      2.2460         1.00
      2.2470         1.00
      2.2480         1.00
      2.2490         1.00
      2.2500         1.00
      2.2510         1.00
      2.2520         1.00
      2.2530         1.00
      2.2540         1.00
      2.2550         1.00
      2.2560         1.00
      2.2570         1.00
      2.2580         1.00
      2.2590         1.00
      2.2600         1.00
      2.2610         1.00
      2.2620         1.00
      2.2630         1.00
      2.2640         1.00
      2.2650         1.00
      2.2660         1.00
      2.2670         1.00
      2.2680         1.00
      2.2690         1.00
      2.2700         1.00
      2.2710         1.00
      2.2720         1.00
      2.2730         1.00
      2.2740         1.00
      2.2750         1.00
      2.2760         1.00
      2.2770         1.00
      2.2780         1.00
      2.2790         1.00
      2.2800         1.00
      2.2810         1.00
      2.2820         1.00
      2.2830         1.00
      2.2840         1.00
      2.2850         1.00
      2.2860         1.00
      2.2870         1.00
      2.2880         1.00
      2.2890         1.00
      2.2900         1.00
      2.2910         1.00
      2.2920         1.00
      2.2930         1.00
      2.2940         1.00
      2.2950         1.00
      2.2960         1.00
      2.2970         1.00
      2.2980         1.00
      2.2990         1.00
      2.3000         1.00
      2.3010         1.00
      2.3020         1.00
      2.3030         1.00
      2.3040         1.00
      2.3050         1.00
      2.3060         1.00
      2.3070         1.00
      2.3080         1.00
      2.3090         1.00
      2.3100         1.00
      2.3110         1.00
      2.3120         1.00
      2.3130         1.00
      2.3140         1.00
      2.3150         1.00
      2.3160         1.00
      2.3170         1.00
      2.3180         1.00
      2.3190         1.00
      2.3200         1.00
      2.3210         1.00
      2.3220         1.00
      2.3230         1.00
      2.3240         1.00
      2.3250         1.00
      2.3260         1.00
      2.3270         1.00
      2.3280         1.00
      2.3290         1.00
      2.3300         1.00
      2.3310         1.00
      2.3320         1.00
      2.3330         1.00
      2.3340         1.00
      2.3350         1.00
      2.3360         1.00
      2.3370         1.00
      2.3380         1.00
      2.3390         1.00
      2.3400         1.00
      2.3410         1.00
      2.3420         1.00
      2.3430         1.00
      2.3440         1.00
      2.3450         1.00
      2.3460         1.00
      2.3470         1.00
      2.3480         1.00
      2.3490         1.00
      2.3500         1.00
      2.3510         1.00
      2.3520         1.00
      2.3530         1.00
      2.3540         1.00
      2.3550         1.00
      2.3560         1.00
      2.3570         1.00
      2.3580         1.00
      2.3590         1.00
      2.3600         1.00
      2.3610         1.00
      2.3620         1.00
      2.3630         1.00
      2.3640         1.00
      2.3650         1.00
      2.3660         1.00
      2.3670         1.00
      2.3680         1.00
      2.3690         1.00
      2.3700         1.00
      2.3710         1.00
      2.3720         1.00
      2.3730         1.00
      2.3740         1.00
      2.3750         1.00
      2.3760         1.00
      2.3770         1.00
      2.3780         1.00
      2.3790         1.00
      2.3800         1.00
      2.3810         1.00
      2.3820         1.00
      2.3830         1.00
      2.3840         1.00
      2.3850         1.00
      2.3860         1.00
      2.3870         1.00
      2.3880         1.00
      2.3890         1.00
      2.3900         1.00
      2.3910         1.00
      2.3920         1.00
      2.3930         1.00
      2.3940         1.00
      2.3950         1.00
      2.3960         1.00
      2.3970         1.00
      2.3980         1.00
      2.3990         1.00
      2.4000         1.00
      2.4010         1.00
      2.4020         1.00
      2.4030         1.00
      2.4040         1.00
      2.4050         1.00
      2.4060         1.00
      2.4070         1.00
      2.4080         1.00
      2.4090         1.00
      2.4100         1.00
      2.4110         1.00
      2.4120         1.00
      2.4130         1.00
      2.4140         1.00
      2.4150         1.00
      2.4160         1.00
      2.4170         1.00
      2.4180         1.00
      2.4190         1.00
      2.4200         1.00
      2.4210         1.00
      2.4220         1.00
      2.4230         1.00
      2.4240         1.00
      2.4250         1.00
      2.4260         1.00
      2.4270         1.00
      2.4280         1.00
      2.4290         1.00
      2.4300         1.00
      2.4310         1.00
      2.4320         1.00
      2.4330         1.00
      2.4340         1.00
      2.4350         1.00
      2.4360         1.00
      2.4370         1.00
      2.4380         1.00
      2.4390         1.00
      2.4400         1.00
      2.4410         1.00
      2.4420         1.00
      2.4430         1.00
      2.4440         1.00
      2.4450         1.00
      2.4460         1.00
      2.4470         1.00
      2.4480         1.00
      2.4490         1.00
      2.4500         1.00
      2.4510         1.00
      2.4520         1.00
      2.4530         1.00
      2.4540         1.00
      2.4550         1.00
      2.4560         1.00
      2.4570         1.00
      2.4580         1.00
      2.4590         1.00
      2.4600         1.00
      2.4610         1.00
      2.4620         1.00
      2.4630         1.00
      2.4640         1.00
      2.4650         1.00
      2.4660         1.00
      2.4670         1.00
      2.4680         1.00
      2.4690         1.00
      2.4700         1.00
      2.4710         1.00
      2.4720         1.00
      2.4730         1.00
      2.4740         1.00
      2.4750         1.00
      2.4760         1.00
      2.4770         1.00
      2.4780         1.00
      2.4790         1.00
      2.4800         1.00
      2.4810         1.00
      2.4820         1.00
      2.4830         1.00
      2.4840         1.00
      2.4850         1.00
      2.4860         1.00
      2.4870         1.00
      2.4880         1.00
      2.4890         1.00
      2.4900         1.00
      2.4910         1.00
      2.4920         1.00
      2.4930         1.00
      2.4940         1.00
      2.4950         1.00
      2.4960         1.00
      2.4970         1.00
      2.4980         1.00
      2.4990         1.00
      2.5000         1.00
      2.5010         1.00
      2.5020         1.00
      2.5030         1.00
      2.5040         1.00
      2.5050         1.00
      2.5060         1.00
      2.5070         1.00
      2.5080         1.00
      2.5090         1.00
      2.5100         1.00
      2.5110         1.00
      2.5120         1.00
      2.5130         1.00
      2.5140         1.00
      2.5150         1.00
      2.5160         1.00
      2.5170         1.00
      2.5180         1.00
      2.5190         1.00
      2.5200         1.00
      2.5210         1.00
      2.5220         1.00
      2.5230         1.00
      2.5240         1.00
      2.5250         1.00
      2.5260         1.00
      2.5270         1.00
      2.5280         1.00
      2.5290         1.00
      2.5300         1.00
      2.5310         1.00
      2.5320         1.00
      2.5330         1.00
      2.5340         1.00
      2.5350         1.00
      2.5360         1.00
      2.5370         1.00
      2.5380         1.00
      2.5390         1.00
      2.5400         1.00
      2.5410         1.00
      2.5420         1.00
      2.5430         1.00
      2.5440         1.00
      2.5450         1.00
      2.5460         1.00
      2.5470         1.00
      2.5480         1.00
      2.5490         1.00
      2.5500         1.00
      2.5510         1.00
      2.5520         1.00
      2.5530         1.00
      2.5540         1.00
      2.5550         1.00
      2.5560         1.00
      2.5570         1.00
      2.5580         1.00
      2.5590         1.00
      2.5600         1.00
      2.5610         1.00
      2.5620         1.00
      2.5630         1.00
      2.5640         1.00
      2.5650         1.00
      2.5660         1.00
      2.5670         1.00
      2.5680         1.00
      2.5690         1.00
      2.5700         1.00
      2.5710         1.00
      2.5720         1.00
      2.5730         1.00
      2.5740         1.00
      2.5750         1.00
      2.5760         1.00
      2.5770         1.00
      2.5780         1.00
      2.5790         1.00
      2.5800         1.00
      2.5810         1.00
      2.5820         1.00
      2.5830         1.00
      2.5840         1.00
      2.5850         1.00
      2.5860         1.00
      2.5870         1.00
      2.5880         1.00
      2.5890         1.00
      2.5900         1.00
      2.5910         1.00
      2.5920         1.00
      2.5930         1.00
      2.5940         1.00
      2.5950         1.00
      2.5960         1.00
      2.5970         1.00
      2.5980         1.00
      2.5990         1.00
      2.6000         1.00
      2.6010         1.00
      2.6020         1.00
      2.6030         1.00
      2.6040         1.00
      2.6050         1.00
      2.6060         1.00
      2.6070         1.00
      2.6080         1.00
      2.6090         1.00
      2.6100         1.00
      2.6110         1.00
      2.6120         1.00
      2.6130         1.00
      2.6140         1.00
      2.6150         1.00
      2.6160         1.00
      2.6170         1.00
      2.6180         1.00
      2.6190         1.00
      2.6200         1.00
      2.6210         1.00
      2.6220         1.00
      2.6230         1.00
      2.6240         1.00
      2.6250         1.00
      2.6260         1.00
      2.6270         1.00
      2.6280         1.00
      2.6290         1.00
      2.6300         1.00
      2.6310         1.00
      2.6320         1.00
      2.6330         1.00
      2.6340         1.00
      2.6350         1.00
      2.6360         1.00
      2.6370         1.00
      2.6380         1.00
      2.6390         1.00
      2.6400         1.00
      2.6410         1.00
      2.6420         1.00
      2.6430         1.00
      2.6440         1.00
      2.6450         1.00
      2.6460         1.00
      2.6470         1.00
      2.6480         1.00
      2.6490         1.00
      2.6500         1.00
      2.6510         1.00
      2.6520         1.00
      2.6530         1.00
      2.6540         1.00
      2.6550         1.00
      2.6560         1.00
      2.6570         1.00
      2.6580         1.00
      2.6590         1.00
      2.6600         1.00
      2.6610         1.00
      2.6620         1.00
      2.6630         1.00
      2.6640         1.00
      2.6650         1.00
      2.6660         1.00
      2.6670         1.00
      2.6680         1.00
      2.6690         1.00
      2.6700         1.00
      2.6710         1.00
      2.6720         1.00
      2.6730         1.00
      2.6740         1.00
      2.6750         1.00
      2.6760         1.00
      2.6770         1.00
      2.6780         1.00
      2.6790         1.00
      2.6800         1.00
      2.6810         1.00
      2.6820         1.00
      2.6830         1.00
      2.6840         1.00
      2.6850         1.00
      2.6860         1.00
      2.6870         1.00
      2.6880         1.00
      2.6890         1.00
      2.6900         1.00
      2.6910         1.00
      2.6920         1.00
      2.6930         1.00
      2.6940         1.00
      2.6950         1.00
      2.6960         1.00
      2.6970         1.00
      2.6980         1.00
      2.6990         1.00
      2.7000         1.00
      2.7010         1.00
      2.7020         1.00
      2.7030         1.00
      2.7040         1.00
      2.7050         1.00
      2.7060         1.00
      2.7070         1.00
      2.7080         1.00
      2.7090         1.00
      2.7100         1.00
      2.7110         1.00
      2.7120         1.00
      2.7130         1.00
      2.7140         1.00
      2.7150         1.00
      2.7160         1.00
      2.7170         1.00
      2.7180         1.00
      2.7190         1.00
      2.7200         1.00
      2.7210         1.00
      2.7220         1.00
      2.7230         1.00
      2.7240         1.00
      2.7250         1.00
      2.7260         1.00
      2.7270         1.00
      2.7280         1.00
      2.7290         1.00
      2.7300         1.00
      2.7310         1.00
      2.7320         1.00
      2.7330         1.00
      2.7340         1.00
      2.7350         1.00
      2.7360         1.00
      2.7370         1.00
      2.7380         1.00
      2.7390         1.00
      2.7400         1.00
      2.7410         1.00
      2.7420         1.00
      2.7430         1.00
      2.7440         1.00
      2.7450         1.00
      2.7460         1.00
      2.7470         1.00
      2.7480         1.00
      2.7490         1.00
      2.7500         1.00
      2.7510         1.00
      2.7520         1.00
      2.7530         1.00
      2.7540         1.00
      2.7550         1.00
      2.7560         1.00
      2.7570         1.00
      2.7580         1.00
      2.7590         1.00
      2.7600         1.00
      2.7610         1.00
      2.7620         1.00
      2.7630         1.00
      2.7640         1.00
      2.7650         1.00
      2.7660         1.00
      2.7670         1.00
      2.7680         1.00
      2.7690         1.00
      2.7700         1.00
      2.7710         1.00
      2.7720         1.00
      2.7730         1.00
      2.7740         1.00
      2.7750         1.00
      2.7760         1.00
      2.7770         1.00
      2.7780         1.00
      2.7790         1.00
      2.7800         1.00
      2.7810         1.00
      2.7820         1.00
      2.7830         1.00
      2.7840         1.00
      2.7850         1.00
      2.7860         1.00
      2.7870         1.00
      2.7880         1.00
      2.7890         1.00
      2.7900         1.00
      2.7910         1.00
      2.7920         1.00
      2.7930         1.00
      2.7940         1.00
      2.7950         1.00
      2.7960         1.00
      2.7970         1.00
      2.7980         1.00
      2.7990         1.00
      2.8000         1.00
      2.8010         1.00
      2.8020         1.00
      2.8030         1.00
      2.8040         1.00
      2.8050         1.00
      2.8060         1.00
      2.8070         1.00
      2.8080         1.00
      2.8090         1.00
      2.8100         1.00
      2.8110         1.00
      2.8120         1.00
      2.8130         1.00
      2.8140         1.00
      2.8150         1.00
      2.8160         1.00
      2.8170         1.00
      2.8180         1.00
      2.8190         1.00
      2.8200         1.00
      2.8210         1.00
      2.8220         1.00
      2.8230         1.00
      2.8240         1.00
      2.8250         1.00
      2.8260         1.00
      2.8270         1.00
      2.8280         1.00
      2.8290         1.00
      2.8300         1.00
      2.8310         1.00
      2.8320         1.00
      2.8330         1.00
      2.8340         1.00
      2.8350         1.00
      2.8360         1.00
      2.8370         1.00
      2.8380         1.00
      2.8390         1.00
      2.8400         1.00
      2.8410         1.00
      2.8420         1.00
      2.8430         1.00
      2.8440         1.00
      2.8450         1.00
      2.8460         1.00
      2.8470         1.00
      2.8480         1.00
      2.8490         1.00
      2.8500         1.00
      2.8510         1.00
      2.8520         1.00
      2.8530         1.00
      2.8540         1.00
      2.8550         1.00
      2.8560         1.00
      2.8570         1.00
      2.8580         1.00
      2.8590         1.00
      2.8600         1.00
      2.8610         1.00
      2.8620         1.00
      2.8630         1.00
      2.8640         1.00
      2.8650         1.00
      2.8660         1.00
      2.8670         1.00
      2.8680         1.00
      2.8690         1.00
      2.8700         1.00
      2.8710         1.00
      2.8720         1.00
      2.8730         1.00
      2.8740         1.00
      2.8750         1.00
      2.8760         1.00
      2.8770         1.00
      2.8780         1.00
      2.8790         1.00
      2.8800         1.00
      2.8810         1.00
      2.8820         1.00
      2.8830         1.00
      2.8840         1.00
      2.8850         1.00
      2.8860         1.00
      2.8870         1.00
      2.8880         1.00
      2.8890         1.00
      2.8900         1.00
      2.8910         1.00
      2.8920         1.00
      2.8930         1.00
      2.8940         1.00
      2.8950         1.00
      2.8960         1.00
      2.8970         1.00
      2.8980         1.00
      2.8990         1.00
      2.9000         1.00
      2.9010         1.00
      2.9020         1.00
      2.9030         1.00
      2.9040         1.00
      2.9050         1.00
      2.9060         1.00
      2.9070         1.00
      2.9080         1.00
      2.9090         1.00
      2.9100         1.00
      2.9110         1.00
      2.9120         1.00
      2.9130         1.00
      2.9140         1.00
      2.9150         1.00
      2.9160         1.00
      2.9170         1.00
      2.9180         1.00
      2.9190         1.00
      2.9200         1.00
      2.9210         1.00
      2.9220         1.00
      2.9230         1.00
      2.9240         1.00
      2.9250         1.00
      2.9260         1.00
      2.9270         1.00
      2.9280         1.00
      2.9290         1.00
      2.9300         1.00
      2.9310         1.00
      2.9320         1.00
      2.9330         1.00
      2.9340         1.00
      2.9350         1.00
      2.9360         1.00
      2.9370         1.00
      2.9380         1.00
      2.9390         1.00
      2.9400         1.00
      2.9410         1.00
      2.9420         1.00
      2.9430         1.00
      2.9440         1.00
      2.9450         1.00
      2.9460         1.00
      2.9470         1.00
      2.9480         1.00
      2.9490         1.00
      2.9500         1.00
      2.9510         1.00
      2.9520         1.00
      2.9530         1.00
      2.9540         1.00
      2.9550         1.00
      2.9560         1.00
      2.9570         1.00
      2.9580         1.00
      2.9590         1.00
      2.9600         1.00
      2.9610         1.00
      2.9620         1.00
      2.9630         1.00
      2.9640         1.00
      2.9650         1.00
      2.9660         1.00
      2.9670         1.00
      2.9680         1.00
      2.9690         1.00
      2.9700         1.00
      2.9710         1.00
      2.9720         1.00
      2.9730         1.00
      2.9740         1.00
      2.9750         1.00
      2.9760         1.00
      2.9770         1.00
      2.9780         1.00
      2.9790         1.00
      2.9800         1.00
      2.9810         1.00
      2.9820         1.00
      2.9830         1.00
      2.9840         1.00
      2.9850         1.00
      2.9860         1.00
      2.9870         1.00
      2.9880         1.00
      2.9890         1.00
      2.9900         1.00
      2.9910         1.00
      2.9920         1.00
      2.9930         1.00
      2.9940         1.00
      2.9950         1.00
      2.9960         1.00
      2.9970         1.00
      2.9980         1.00
      2.9990         1.00
