        Time   Palpation Force
      0.0000         1.00
      0.0010         1.00
      0.0020         1.00
      0.0030         1.00
      0.0040         1.00
      0.0050         1.00
      0.0060         1.00
      0.0070         1.00
      0.0080         1.00
      0.0090         1.00
      0.0100         1.00
      0.0110         1.00
      0.0120         1.00
      0.0130         1.00
      0.0140         1.00
      0.0150         1.00
      0.0160         1.00
      0.0170         1.00
      0.0180         1.00
      0.0190         1.00
      0.0200         1.00
      0.0210         1.00
      0.0220         1.00
      0.0230         1.00
      0.0240         1.00
      0.0250         1.00
      0.0260         1.00
      0.0270         1.00
      0.0280         1.00
      0.0290         1.00
      0.0300         1.00
      0.0310         1.00
      0.0320         1.00
      0.0330         1.00
      0.0340         1.00
      0.0350         1.00
      0.0360         1.00
      0.0370         1.00
      0.0380         1.00
      0.0390         1.00
      0.0400         1.00
      0.0410         1.00
      0.0420         1.00
      0.0430         1.00
      0.0440         1.00
      0.0450         1.00
      0.0460         1.00
      0.0470         1.00
      0.0480         1.00
      0.0490         1.00
      0.0500         1.00
      0.0510         1.00
      0.0520         1.00
      0.0530         1.00
      0.0540         1.00
      0.0550         1.00
      0.0560         1.00
      0.0570         1.00
      0.0580         1.00
      0.0590         1.00
      0.0600         1.00
      0.0610         1.00
      0.0620         1.00
      0.0630         1.00
      0.0640         1.00
      0.0650         1.00
      0.0660         1.00
      0.0670         1.00
      0.0680         1.00
      0.0690         1.00
      0.0700         1.00
      0.0710         1.00
      0.0720         1.00
      0.0730         1.00
      0.0740         1.00
      0.0750         1.00
      0.0760         1.00
      0.0770         1.00
      0.0780         1.00
      0.0790         1.00
      0.0800         1.00
      0.0810         1.00
      0.0820         1.00
      0.0830         1.00
      0.0840         1.00
      0.0850         1.00
      0.0860         1.00
      0.0870         1.00
      0.0880         1.00
      0.0890         1.00
      0.0900         1.00
      0.0910         1.00
      0.0920         1.00
      0.0930         1.00
      0.0940         1.00
      0.0950         1.00
      0.0960         1.00
      0.0970         1.00
      0.0980         1.00
      0.0990         1.00
      0.1000         1.00
      0.1010         1.00
      0.1020         1.00
      0.1030         1.00
      0.1040         1.00
      0.1050         1.00
      0.1060         1.00
      0.1070         1.00
      0.1080         1.00
      0.1090         1.00
      0.1100         1.00
      0.1110         1.00
      0.1120         1.00
      0.1130         1.00
      0.1140         1.00
      0.1150         1.00
      0.1160         1.00
      0.1170         1.00
      0.1180         1.00
      0.1190         1.00
      0.1200         1.00
      0.1210         1.00
      0.1220         1.00
      0.1230         1.00
      0.1240         1.00
      0.1250         1.00
      0.1260         1.00
      0.1270         1.00
      0.1280         1.00
      0.1290         1.00
      0.1300         1.00
      0.1310         1.00
      0.1320         1.00
      0.1330         1.00
      0.1340         1.00
      0.1350         1.00
      0.1360         1.00
      0.1370         1.00
      0.1380         1.00
      0.1390         1.00
      0.1400         1.00
      0.1410         1.00
      0.1420         1.00
      0.1430         1.00
      0.1440         1.00
      0.1450         1.00
      0.1460         1.00
      0.1470         1.00
      0.1480         1.00
      0.1490         1.00
      0.1500         1.00
      0.1510         1.00
      0.1520         1.00
      0.1530         1.00
      0.1540         1.00
      0.1550         1.00
      0.1560         1.00
      0.1570         1.00
      0.1580         1.00
      0.1590         1.00
      0.1600         1.00
      0.1610         1.00
      0.1620         1.00
      0.1630         1.00
      0.1640         1.00
      0.1650         1.00
      0.1660         1.00
      0.1670         1.00
      0.1680         1.00
      0.1690         1.00
      0.1700         1.00
      0.1710         1.00
      0.1720         1.00
      0.1730         1.00
      0.1740         1.00
      0.1750         1.00
      0.1760         1.00
      0.1770         1.00
      0.1780         1.00
      0.1790         1.00
      0.1800         1.00
      0.1810         1.00
      0.1820         1.00
      0.1830         1.00
      0.1840         1.00
      0.1850         1.00
      0.1860         1.00
      0.1870         1.00
      0.1880         1.00
      0.1890         1.00
      0.1900         1.00
      0.1910         1.00
      0.1920         1.00
      0.1930         1.00
      0.1940         1.00
      0.1950         1.00
      0.1960         1.00
      0.1970         1.00
      0.1980         1.00
      0.1990         1.00
      0.2000         1.00
      0.2010         1.00
      0.2020         1.00
      0.2030         1.00
      0.2040         1.00
      0.2050         1.00
      0.2060         1.00
      0.2070         1.00
      0.2080         1.00
      0.2090         1.00
      0.2100         1.00
      0.2110         1.00
      0.2120         1.00
      0.2130         1.00
      0.2140         1.00
      0.2150         1.00
      0.2160         1.00
      0.2170         1.00
      0.2180         1.00
      0.2190         1.00
      0.2200         1.00
      0.2210         1.00
      0.2220         1.00
      0.2230         1.00
      0.2240         1.00
      0.2250         1.00
      0.2260         1.00
      0.2270         1.00
      0.2280         1.00
      0.2290         1.00
      0.2300         1.00
      0.2310         1.00
      0.2320         1.00
      0.2330         1.00
      0.2340         1.00
      0.2350         1.00
      0.2360         1.00
      0.2370         1.00
      0.2380         1.00
      0.2390         1.00
      0.2400         1.00
      0.2410         1.00
      0.2420         1.00
      0.2430         1.00
      0.2440         1.00
      0.2450         1.00
      0.2460         1.00
      0.2470         1.00
      0.2480         1.00
      0.2490         1.00
      0.2500         1.00
      0.2510         1.00
      0.2520         1.00
      0.2530         1.00
      0.2540         1.00
      0.2550         1.00
      0.2560         1.00
      0.2570         1.00
      0.2580         1.00
      0.2590         1.00
      0.2600         1.00
      0.2610         1.00
      0.2620         1.00
      0.2630         1.00
      0.2640         1.00
      0.2650         1.00
      0.2660         1.00
      0.2670         1.00
      0.2680         1.00
      0.2690         1.00
      0.2700         1.00
      0.2710         1.00
      0.2720         1.00
      0.2730         1.00
      0.2740         1.00
      0.2750         1.00
      0.2760         1.00
      0.2770         1.00
      0.2780         1.00
      0.2790         1.00
      0.2800         1.00
      0.2810         1.00
      0.2820         1.00
      0.2830         1.00
      0.2840         1.00
      0.2850         1.00
      0.2860         1.00
      0.2870         1.00
      0.2880         1.00
      0.2890         1.00
      0.2900         1.00
      0.2910         1.00
      0.2920         1.00
      0.2930         1.00
      0.2940         1.00
      0.2950         1.00
      0.2960         1.00
      0.2970         1.00
      0.2980         1.00
      0.2990         1.00
      0.3000         1.00
      0.3010         1.00
      0.3020         1.00
      0.3030         1.00
      0.3040         1.00
      0.3050         1.00
      0.3060         1.00
      0.3070         1.00
      0.3080         1.00
      0.3090         1.00
      0.3100         1.00
      0.3110         1.00
      0.3120         1.00
      0.3130         1.00
      0.3140         1.00
      0.3150         1.00
      0.3160         1.00
      0.3170         1.00
      0.3180         1.00
      0.3190         1.00
      0.3200         1.00
      0.3210         1.00
      0.3220         1.00
      0.3230         1.00
      0.3240         1.00
      0.3250         1.00
      0.3260         1.00
      0.3270         1.00
      0.3280         1.00
      0.3290         1.00
      0.3300         1.00
      0.3310         1.00
      0.3320         1.00
      0.3330         1.00
      0.3340         1.00
      0.3350         1.00
      0.3360         1.00
      0.3370         1.00
      0.3380         1.00
      0.3390         1.00
      0.3400         1.00
      0.3410         1.00
      0.3420         1.00
      0.3430         1.00
      0.3440         1.00
      0.3450         1.00
      0.3460         1.00
      0.3470         1.00
      0.3480         1.00
      0.3490         1.00
      0.3500         1.00
      0.3510         1.00
      0.3520         1.00
      0.3530         1.00
      0.3540         1.00
      0.3550         1.00
      0.3560         1.00
      0.3570         1.00
      0.3580         1.00
      0.3590         1.00
      0.3600         1.00
      0.3610         1.00
      0.3620         1.00
      0.3630         1.00
      0.3640         1.00
      0.3650         1.00
      0.3660         1.00
      0.3670         1.00
      0.3680         1.00
      0.3690         1.00
      0.3700         1.00
      0.3710         1.00
      0.3720         1.00
      0.3730         1.00
      0.3740         1.00
      0.3750         1.00
      0.3760         1.00
      0.3770         1.00
      0.3780         1.00
      0.3790         1.00
      0.3800         1.00
      0.3810         1.00
      0.3820         1.00
      0.3830         1.00
      0.3840         1.00
      0.3850         1.00
      0.3860         1.00
      0.3870         1.00
      0.3880         1.00
      0.3890         1.00
      0.3900         1.00
      0.3910         1.00
      0.3920         1.00
      0.3930         1.00
      0.3940         1.00
      0.3950         1.00
      0.3960         1.00
      0.3970         1.00
      0.3980         1.00
      0.3990         1.00
      0.4000         1.00
      0.4010         1.00
      0.4020         1.00
      0.4030         1.00
      0.4040         1.00
      0.4050         1.00
      0.4060         1.00
      0.4070         1.00
      0.4080         1.00
      0.4090         1.00
      0.4100         1.00
      0.4110         1.00
      0.4120         1.00
      0.4130         1.00
      0.4140         1.00
      0.4150         1.00
      0.4160         1.00
      0.4170         1.00
      0.4180         1.00
      0.4190         1.00
      0.4200         1.00
      0.4210         1.00
      0.4220         1.00
      0.4230         1.00
      0.4240         1.00
      0.4250         1.00
      0.4260         1.00
      0.4270         1.00
      0.4280         1.00
      0.4290         1.00
      0.4300         1.00
      0.4310         1.00
      0.4320         1.00
      0.4330         1.00
      0.4340         1.00
      0.4350         1.00
      0.4360         1.00
      0.4370         1.00
      0.4380         1.00
      0.4390         1.00
      0.4400         1.00
      0.4410         1.00
      0.4420         1.00
      0.4430         1.00
      0.4440         1.00
      0.4450         1.00
      0.4460         1.00
      0.4470         1.00
      0.4480         1.00
      0.4490         1.00
      0.4500         1.00
      0.4510         1.00
      0.4520         1.00
      0.4530         1.00
      0.4540         1.00
      0.4550         1.00
      0.4560         1.00
      0.4570         1.00
      0.4580         1.00
      0.4590         1.00
      0.4600         1.00
      0.4610         1.00
      0.4620         1.00
      0.4630         1.00
      0.4640         1.00
      0.4650         1.00
      0.4660         1.00
      0.4670         1.00
      0.4680         1.00
      0.4690         1.00
      0.4700         1.00
      0.4710         1.00
      0.4720         1.00
      0.4730         1.00
      0.4740         1.00
      0.4750         1.00
      0.4760         1.00
      0.4770         1.00
      0.4780         1.00
      0.4790         1.00
      0.4800         1.00
      0.4810         1.00
      0.4820         1.00
      0.4830         1.00
      0.4840         1.00
      0.4850         1.00
      0.4860         1.00
      0.4870         1.00
      0.4880         1.00
      0.4890         1.00
      0.4900         1.00
      0.4910         1.00
      0.4920         1.00
      0.4930         1.00
      0.4940         1.00
      0.4950         1.00
      0.4960         1.00
      0.4970         1.00
      0.4980         1.00
      0.4990         1.00
      0.5000         1.00
      0.5010         1.00
      0.5020         1.00
      0.5030         1.00
      0.5040         1.00
      0.5050         1.00
      0.5060         1.00
      0.5070         1.00
      0.5080         1.00
      0.5090         1.00
      0.5100         1.00
      0.5110         1.00
      0.5120         1.00
      0.5130         1.00
      0.5140         1.00
      0.5150         1.00
      0.5160         1.00
      0.5170         1.00
      0.5180         1.00
      0.5190         1.00
      0.5200         1.00
      0.5210         1.00
      0.5220         1.00
      0.5230         1.00
      0.5240         1.00
      0.5250         1.00
      0.5260         1.00
      0.5270         1.00
      0.5280         1.00
      0.5290         1.00
      0.5300         1.00
      0.5310         1.00
      0.5320         1.00
      0.5330         1.00
      0.5340         1.00
      0.5350         1.00
      0.5360         1.00
      0.5370         1.00
      0.5380         1.00
      0.5390         1.00
      0.5400         1.00
      0.5410         1.00
      0.5420         1.00
      0.5430         1.00
      0.5440         1.00
      0.5450         1.00
      0.5460         1.00
      0.5470         1.00
      0.5480         1.00
      0.5490         1.00
      0.5500         1.00
      0.5510         1.00
      0.5520         1.00
      0.5530         1.00
      0.5540         1.00
      0.5550         1.00
      0.5560         1.00
      0.5570         1.00
      0.5580         1.00
      0.5590         1.00
      0.5600         1.00
      0.5610         1.00
      0.5620         1.00
      0.5630         1.00
      0.5640         1.00
      0.5650         1.00
      0.5660         1.00
      0.5670         1.00
      0.5680         1.00
      0.5690         1.00
      0.5700         1.00
      0.5710         1.00
      0.5720         1.00
      0.5730         1.00
      0.5740         1.00
      0.5750         1.00
      0.5760         1.00
      0.5770         1.00
      0.5780         1.00
      0.5790         1.00
      0.5800         1.00
      0.5810         1.00
      0.5820         1.00
      0.5830         1.00
      0.5840         1.00
      0.5850         1.00
      0.5860         1.00
      0.5870         1.00
      0.5880         1.00
      0.5890         1.00
      0.5900         1.00
      0.5910         1.00
      0.5920         1.00
      0.5930         1.00
      0.5940         1.00
      0.5950         1.00
      0.5960         1.00
      0.5970         1.00
      0.5980         1.00
      0.5990         1.00
      0.6000         1.00
      0.6010         1.00
      0.6020         1.00
      0.6030         1.00
      0.6040         1.00
      0.6050         1.00
      0.6060         1.00
      0.6070         1.00
      0.6080         1.00
      0.6090         1.00
      0.6100         1.00
      0.6110         1.00
      0.6120         1.00
      0.6130         1.00
      0.6140         1.00
      0.6150         1.00
      0.6160         1.00
      0.6170         1.00
      0.6180         1.00
      0.6190         1.00
      0.6200         1.00
      0.6210         1.00
      0.6220         1.00
      0.6230         1.00
      0.6240         1.00
      0.6250         1.00
      0.6260         1.00
      0.6270         1.00
      0.6280         1.00
      0.6290         1.00
      0.6300         1.00
      0.6310         1.00
      0.6320         1.00
      0.6330         1.00
      0.6340         1.00
      0.6350         1.00
      0.6360         1.00
      0.6370         1.00
      0.6380         1.00
      0.6390         1.00
      0.6400         1.00
      0.6410         1.00
      0.6420         1.00
      0.6430         1.00
      0.6440         1.00
      0.6450         1.00
      0.6460         1.00
      0.6470         1.00
      0.6480         1.00
      0.6490         1.00
      0.6500         1.00
      0.6510         1.00
      0.6520         1.00
      0.6530         1.00
      0.6540         1.00
      0.6550         1.00
      0.6560         1.00
      0.6570         1.00
      0.6580         1.00
      0.6590         1.00
      0.6600         1.00
      0.6610         1.00
      0.6620         1.00
      0.6630         1.00
      0.6640         1.00
      0.6650         1.00
      0.6660         1.00
      0.6670         1.00
      0.6680         1.00
      0.6690         1.00
      0.6700         1.00
      0.6710         1.00
      0.6720         1.00
      0.6730         1.00
      0.6740         1.00
      0.6750         1.00
      0.6760         1.00
      0.6770         1.00
      0.6780         1.00
      0.6790         1.00
      0.6800         1.00
      0.6810         1.00
      0.6820         1.00
      0.6830         1.00
      0.6840         1.00
      0.6850         1.00
      0.6860         1.00
      0.6870         1.00
      0.6880         1.00
      0.6890         1.00
      0.6900         1.00
      0.6910         1.00
      0.6920         1.00
      0.6930         1.00
      0.6940         1.00
      0.6950         1.00
      0.6960         1.00
      0.6970         1.00
      0.6980         1.00
      0.6990         1.00
      0.7000         1.00
      0.7010         1.00
      0.7020         1.00
      0.7030         1.00
      0.7040         1.00
      0.7050         1.00
      0.7060         1.00
      0.7070         1.00
      0.7080         1.00
      0.7090         1.00
      0.7100         1.00
      0.7110         1.00
      0.7120         1.00
      0.7130         1.00
      0.7140         1.00
      0.7150         1.00
      0.7160         1.00
      0.7170         1.00
      0.7180         1.00
      0.7190         1.00
      0.7200         1.00
      0.7210         1.00
      0.7220         1.00
      0.7230         1.00
      0.7240         1.00
      0.7250         1.00
      0.7260         1.00
      0.7270         1.00
      0.7280         1.00
      0.7290         1.00
      0.7300         1.00
      0.7310         1.00
      0.7320         1.00
      0.7330         1.00
      0.7340         1.00
      0.7350         1.00
      0.7360         1.00
      0.7370         1.00
      0.7380         1.00
      0.7390         1.00
      0.7400         1.00
      0.7410         1.00
      0.7420         1.00
      0.7430         1.00
      0.7440         1.00
      0.7450         1.00
      0.7460         1.00
      0.7470         1.00
      0.7480         1.00
      0.7490         1.00
      0.7500         1.00
      0.7510         1.00
      0.7520         1.00
      0.7530         1.00
      0.7540         1.00
      0.7550         1.00
      0.7560         1.00
      0.7570         1.00
      0.7580         1.00
      0.7590         1.00
      0.7600         1.00
      0.7610         1.00
      0.7620         1.00
      0.7630         1.00
      0.7640         1.00
      0.7650         1.00
      0.7660         1.00
      0.7670         1.00
      0.7680         1.00
      0.7690         1.00
      0.7700         1.00
      0.7710         1.00
      0.7720         1.00
      0.7730         1.00
      0.7740         1.00
      0.7750         1.00
      0.7760         1.00
      0.7770         1.00
      0.7780         1.00
      0.7790         1.00
      0.7800         1.00
      0.7810         1.00
      0.7820         1.00
      0.7830         1.00
      0.7840         1.00
      0.7850         1.00
      0.7860         1.00
      0.7870         1.00
      0.7880         1.00
      0.7890         1.00
      0.7900         1.00
      0.7910         1.00
      0.7920         1.00
      0.7930         1.00
      0.7940         1.00
      0.7950         1.00
      0.7960         1.00
      0.7970         1.00
      0.7980         1.00
      0.7990         1.00
      0.8000         1.00
      0.8010         1.00
      0.8020         1.00
      0.8030         1.00
      0.8040         1.00
      0.8050         1.00
      0.8060         1.00
      0.8070         1.00
      0.8080         1.00
      0.8090         1.00
      0.8100         1.00
      0.8110         1.00
      0.8120         1.00
      0.8130         1.00
      0.8140         1.00
      0.8150         1.00
      0.8160         1.00
      0.8170         1.00
      0.8180         1.00
      0.8190         1.00
      0.8200         1.00
      0.8210         1.00
      0.8220         1.00
      0.8230         1.00
      0.8240         1.00
      0.8250         1.00
      0.8260         1.00
      0.8270         1.00
      0.8280         1.00
      0.8290         1.00
      0.8300         1.00
      0.8310         1.00
      0.8320         1.00
      0.8330         1.00
      0.8340         1.00
      0.8350         1.00
      0.8360         1.00
      0.8370         1.00
      0.8380         1.00
      0.8390         1.00
      0.8400         1.00
      0.8410         1.00
      0.8420         1.00
      0.8430         1.00
      0.8440         1.00
      0.8450         1.00
      0.8460         1.00
      0.8470         1.00
      0.8480         1.00
      0.8490         1.00
      0.8500         1.00
      0.8510         1.00
      0.8520         1.00
      0.8530         1.00
      0.8540         1.00
      0.8550         1.00
      0.8560         1.00
      0.8570         1.00
      0.8580         1.00
      0.8590         1.00
      0.8600         1.00
      0.8610         1.00
      0.8620         1.00
      0.8630         1.00
      0.8640         1.00
      0.8650         1.00
      0.8660         1.00
      0.8670         1.00
      0.8680         1.00
      0.8690         1.00
      0.8700         1.00
      0.8710         1.00
      0.8720         1.00
      0.8730         1.00
      0.8740         1.00
      0.8750         1.00
      0.8760         1.00
      0.8770         1.00
      0.8780         1.00
      0.8790         1.00
      0.8800         1.00
      0.8810         1.00
      0.8820         1.00
      0.8830         1.00
      0.8840         1.00
      0.8850         1.00
      0.8860         1.00
      0.8870         1.00
      0.8880         1.00
      0.8890         1.00
      0.8900         1.00
      0.8910         1.00
      0.8920         1.00
      0.8930         1.00
      0.8940         1.00
      0.8950         1.00
      0.8960         1.00
      0.8970         1.00
      0.8980         1.00
      0.8990         1.00
      0.9000         1.00
      0.9010         1.00
      0.9020         1.00
      0.9030         1.00
      0.9040         1.00
      0.9050         1.00
      0.9060         1.00
      0.9070         1.00
      0.9080         1.00
      0.9090         1.00
      0.9100         1.00
      0.9110         1.00
      0.9120         1.00
      0.9130         1.00
      0.9140         1.00
      0.9150         1.00
      0.9160         1.00
      0.9170         1.00
      0.9180         1.00
      0.9190         1.00
      0.9200         1.00
      0.9210         1.00
      0.9220         1.00
      0.9230         1.00
      0.9240         1.00
      0.9250         1.00
      0.9260         1.00
      0.9270         1.00
      0.9280         1.00
      0.9290         1.00
      0.9300         1.00
      0.9310         1.00
      0.9320         1.00
      0.9330         1.00
      0.9340         1.00
      0.9350         1.00
      0.9360         1.00
      0.9370         1.00
      0.9380         1.00
      0.9390         1.00
      0.9400         1.00
      0.9410         1.00
      0.9420         1.00
      0.9430         1.00
      0.9440         1.00
      0.9450         1.00
      0.9460         1.00
      0.9470         1.00
      0.9480         1.00
      0.9490         1.00
      0.9500         1.00
      0.9510         1.00
      0.9520         1.00
      0.9530         1.00
      0.9540         1.00
      0.9550         1.00
      0.9560         1.00
      0.9570         1.00
      0.9580         1.00
      0.9590         1.00
      0.9600         1.00
      0.9610         1.00
      0.9620         1.00
      0.9630         1.00
      0.9640         1.00
      0.9650         1.00
      0.9660         1.00
      0.9670         1.00
      0.9680         1.00
      0.9690         1.00
      0.9700         1.00
      0.9710         1.00
      0.9720         1.00
      0.9730         1.00
      0.9740         1.00
      0.9750         1.00
      0.9760         1.00
      0.9770         1.00
      0.9780         1.00
      0.9790         1.00
      0.9800         1.00
      0.9810         1.00
      0.9820         1.00
      0.9830         1.00
      0.9840         1.00
      0.9850         1.00
      0.9860         1.00
      0.9870         1.00
      0.9880         1.00
      0.9890         1.00
      0.9900         1.00
      0.9910         1.00
      0.9920         1.00
      0.9930         1.00
      0.9940         1.00
      0.9950         1.00
      0.9960         1.00
      0.9970         1.00
      0.9980         1.00
      0.9990         1.00
      1.0000         1.00
      1.0010         1.00
      1.0020         1.00
      1.0030         1.00
      1.0040         1.00
      1.0050         1.00
      1.0060         1.00
      1.0070         1.00
      1.0080         1.00
      1.0090         1.00
      1.0100         1.00
      1.0110         1.00
      1.0120         1.00
      1.0130         1.00
      1.0140         1.00
      1.0150         1.00
      1.0160         1.00
      1.0170         1.00
      1.0180         1.00
      1.0190         1.00
      1.0200         1.00
      1.0210         1.00
      1.0220         1.00
      1.0230         1.00
      1.0240         1.00
      1.0250         1.00
      1.0260         1.00
      1.0270         1.00
      1.0280         1.00
      1.0290         1.00
      1.0300         1.00
      1.0310         1.00
      1.0320         1.00
      1.0330         1.00
      1.0340         1.00
      1.0350         1.00
      1.0360         1.00
      1.0370         1.00
      1.0380         1.00
      1.0390         1.00
      1.0400         1.00
      1.0410         1.00
      1.0420         1.00
      1.0430         1.00
      1.0440         1.00
      1.0450         1.00
      1.0460         1.00
      1.0470         1.00
      1.0480         1.00
      1.0490         1.00
      1.0500         1.00
      1.0510         1.00
      1.0520         1.00
      1.0530         1.00
      1.0540         1.00
      1.0550         1.00
      1.0560         1.00
      1.0570         1.00
      1.0580         1.00
      1.0590         1.00
      1.0600         1.00
      1.0610         1.00
      1.0620         1.00
      1.0630         1.00
      1.0640         1.00
      1.0650         1.00
      1.0660         1.00
      1.0670         1.00
      1.0680         1.00
      1.0690         1.00
      1.0700         1.00
      1.0710         1.00
      1.0720         1.00
      1.0730         1.00
      1.0740         1.00
      1.0750         1.00
      1.0760         1.00
      1.0770         1.00
      1.0780         1.00
      1.0790         1.00
      1.0800         1.00
      1.0810         1.00
      1.0820         1.00
      1.0830         1.00
      1.0840         1.00
      1.0850         1.00
      1.0860         1.00
      1.0870         1.00
      1.0880         1.00
      1.0890         1.00
      1.0900         1.00
      1.0910         1.00
      1.0920         1.00
      1.0930         1.00
      1.0940         1.00
      1.0950         1.00
      1.0960         1.00
      1.0970         1.00
      1.0980         1.00
      1.0990         1.00
      1.1000         1.00
      1.1010         1.00
      1.1020         1.00
      1.1030         1.00
      1.1040         1.00
      1.1050         1.00
      1.1060         1.00
      1.1070         1.00
      1.1080         1.00
      1.1090         1.00
      1.1100         1.00
      1.1110         1.00
      1.1120         1.00
      1.1130         1.00
      1.1140         1.00
      1.1150         1.00
      1.1160         1.00
      1.1170         1.00
      1.1180         1.00
      1.1190         1.00
      1.1200         1.00
      1.1210         1.00
      1.1220         1.00
      1.1230         1.00
      1.1240         1.00
      1.1250         1.00
      1.1260         1.00
      1.1270         1.00
      1.1280         1.00
      1.1290         1.00
      1.1300         1.00
      1.1310         1.00
      1.1320         1.00
      1.1330         1.00
      1.1340         1.00
      1.1350         1.00
      1.1360         1.00
      1.1370         1.00
      1.1380         1.00
      1.1390         1.00
      1.1400         1.00
      1.1410         1.00
      1.1420         1.00
      1.1430         1.00
      1.1440         1.00
      1.1450         1.00
      1.1460         1.00
      1.1470         1.00
      1.1480         1.00
      1.1490         1.00
      1.1500         1.00
      1.1510         1.00
      1.1520         1.00
      1.1530         1.00
      1.1540         1.00
      1.1550         1.00
      1.1560         1.00
      1.1570         1.00
      1.1580         1.00
      1.1590         1.00
      1.1600         1.00
      1.1610         1.00
      1.1620         1.00
      1.1630         1.00
      1.1640         1.00
      1.1650         1.00
      1.1660         1.00
      1.1670         1.00
      1.1680         1.00
      1.1690         1.00
      1.1700         1.00
      1.1710         1.00
      1.1720         1.00
      1.1730         1.00
      1.1740         1.00
      1.1750         1.00
      1.1760         1.00
      1.1770         1.00
      1.1780         1.00
      1.1790         1.00
      1.1800         1.00
      1.1810         1.00
      1.1820         1.00
      1.1830         1.00
      1.1840         1.00
      1.1850         1.00
      1.1860         1.00
      1.1870         1.00
      1.1880         1.00
      1.1890         1.00
      1.1900         1.00
      1.1910         1.00
      1.1920         1.00
      1.1930         1.00
      1.1940         1.00
      1.1950         1.00
      1.1960         1.00
      1.1970         1.00
      1.1980         1.00
      1.1990         1.00
      1.2000         1.00
      1.2010         1.00
      1.2020         1.00
      1.2030         1.00
      1.2040         1.00
      1.2050         1.00
      1.2060         1.00
      1.2070         1.00
      1.2080         1.00
      1.2090         1.00
      1.2100         1.00
      1.2110         1.00
      1.2120         1.00
      1.2130         1.00
      1.2140         1.00
      1.2150         1.00
      1.2160         1.00
      1.2170         1.00
      1.2180         1.00
      1.2190         1.00
      1.2200         1.00
      1.2210         1.00
      1.2220         1.00
      1.2230         1.00
      1.2240         1.00
      1.2250         1.00
      1.2260         1.00
      1.2270         1.00
      1.2280         1.00
      1.2290         1.00
      1.2300         1.00
      1.2310         1.00
      1.2320         1.00
      1.2330         1.00
      1.2340         1.00
      1.2350         1.00
      1.2360         1.00
      1.2370         1.00
      1.2380         1.00
      1.2390         1.00
      1.2400         1.00
      1.2410         1.00
      1.2420         1.00
      1.2430         1.00
      1.2440         1.00
      1.2450         1.00
      1.2460         1.00
      1.2470         1.00
      1.2480         1.00
      1.2490         1.00
      1.2500         1.00
      1.2510         1.00
      1.2520         1.00
      1.2530         1.00
      1.2540         1.00
      1.2550         1.00
      1.2560         1.00
      1.2570         1.00
      1.2580         1.00
      1.2590         1.00
      1.2600         1.00
      1.2610         1.00
      1.2620         1.00
      1.2630         1.00
      1.2640         1.00
      1.2650         1.00
      1.2660         1.00
      1.2670         1.00
      1.2680         1.00
      1.2690         1.00
      1.2700         1.00
      1.2710         1.00
      1.2720         1.00
      1.2730         1.00
      1.2740         1.00
      1.2750         1.00
      1.2760         1.00
      1.2770         1.00
      1.2780         1.00
      1.2790         1.00
      1.2800         1.00
      1.2810         1.00
      1.2820         1.00
      1.2830         1.00
      1.2840         1.00
      1.2850         1.00
      1.2860         1.00
      1.2870         1.00
      1.2880         1.00
      1.2890         1.00
      1.2900         1.00
      1.2910         1.00
      1.2920         1.00
      1.2930         1.00
      1.2940         1.00
      1.2950         1.33
      1.2960         1.41
      1.2970         1.45
      1.2980         1.45
      1.2990         1.94
      1.3000         1.43
      1.3010         1.48
      1.3020         1.54
      1.3030         1.61
      1.3040         1.70
      1.3050         1.81
      1.3060         1.89
      1.3070         2.43
      1.3080         2.51
      1.3090         2.47
      1.3100         2.45
      1.3110         2.44
      1.3120         2.54
      1.3130         2.50
      1.3140         2.57
      1.3150         2.65
      1.3160         3.27
      1.3170         3.24
      1.3180         3.37
      1.3190         3.46
      1.3200         3.57
      1.3210         3.51
      1.3220         3.63
      1.3230         3.54
      1.3240         3.37
      1.3250         3.24
      1.3260         3.23
      1.3270         3.19
      1.3280         3.20
      1.3290         3.22
      1.3300         3.23
      1.3310         3.39
      1.3320         3.37
      1.3330         3.50
      1.3340         3.45
      1.3350         3.41
      1.3360         3.41
      1.3370         3.50
      1.3380         3.43
      1.3390         3.42
      1.3400         3.51
      1.3410         3.74
      1.3420         3.69
      1.3430         3.94
      1.3440         4.20
      1.3450         4.45
      1.3460         4.60
      1.3470         4.68
      1.3480         4.83
      1.3490         4.95
      1.3500         5.07
      1.3510         5.08
      1.3520         5.19
      1.3530         5.39
      1.3540         5.62
      1.3550         5.83
      1.3560         5.93
      1.3570         6.15
      1.3580         6.28
      1.3590         6.45
      1.3600         6.57
      1.3610         6.58
      1.3620         6.73
      1.3630         6.76
      1.3640         6.78
      1.3650         6.80
      1.3660         6.93
      1.3670         7.18
      1.3680         7.25
      1.3690         7.41
      1.3700         7.49
      1.3710         7.71
      1.3720         7.90
      1.3730         7.89
      1.3740         7.98
      1.3750         8.16
      1.3760         8.25
      1.3770         8.33
      1.3780         8.55
      1.3790         8.61
      1.3800         8.63
      1.3810         8.71
      1.3820         8.85
      1.3830         9.00
      1.3840         9.14
      1.3850         9.15
      1.3860         9.28
      1.3870         9.29
      1.3880         9.54
      1.3890         9.70
      1.3900         9.88
      1.3910        10.01
      1.3920        10.12
      1.3930        10.28
      1.3940        10.35
      1.3950        10.33
      1.3960        10.49
      1.3970        10.60
      1.3980        10.69
      1.3990        10.81
      1.4000        11.11
      1.4010        11.25
      1.4020        11.37
      1.4030        11.48
      1.4040        11.66
      1.4050        11.85
      1.4060        11.89
      1.4070        12.05
      1.4080        12.20
      1.4090        12.19
      1.4100        12.25
      1.4110        12.24
      1.4120        12.26
      1.4130        12.37
      1.4140        12.49
      1.4150        12.59
      1.4160        12.70
      1.4170        12.74
      1.4180        12.95
      1.4190        13.00
      1.4200        13.12
      1.4210        13.17
      1.4220        13.26
      1.4230        13.27
      1.4240        13.27
      1.4250        13.35
      1.4260        13.52
      1.4270        13.48
      1.4280        13.57
      1.4290        13.79
      1.4300        13.94
      1.4310        14.04
      1.4320        14.13
      1.4330        14.20
      1.4340        14.37
      1.4350        14.59
      1.4360        14.70
      1.4370        14.80
      1.4380        14.76
      1.4390        14.82
      1.4400        14.92
      1.4410        15.09
      1.4420        15.16
      1.4430        15.32
      1.4440        15.40
      1.4450        15.53
      1.4460        15.53
      1.4470        15.69
      1.4480        15.70
      1.4490        15.73
      1.4500        15.74
      1.4510        15.82
      1.4520        16.01
      1.4530        16.24
      1.4540        16.21
      1.4550        16.19
      1.4560        16.33
      1.4570        16.43
      1.4580        16.63
      1.4590        16.81
      1.4600        16.85
      1.4610        16.99
      1.4620        17.29
      1.4630        17.38
      1.4640        17.60
      1.4650        17.62
      1.4660        17.82
      1.4670        17.93
      1.4680        17.99
      1.4690        18.13
      1.4700        18.30
      1.4710        18.40
      1.4720        18.51
      1.4730        18.39
      1.4740        18.51
      1.4750        18.61
      1.4760        18.65
      1.4770        18.63
      1.4780        18.68
      1.4790        18.69
      1.4800        18.78
      1.4810        18.84
      1.4820        18.82
      1.4830        19.01
      1.4840        19.03
      1.4850        19.10
      1.4860        19.11
      1.4870        19.26
      1.4880        19.50
      1.4890        19.49
      1.4900        19.63
      1.4910        19.73
      1.4920        19.77
      1.4930        19.89
      1.4940        20.02
      1.4950        20.18
      1.4960        20.21
      1.4970        20.30
      1.4980        20.33
      1.4990        20.46
      1.5000        20.57
      1.5010        20.63
      1.5020        20.60
      1.5030        20.59
      1.5040        20.61
      1.5050        20.80
      1.5060        20.91
      1.5070        20.90
      1.5080        20.87
      1.5090        20.98
      1.5100        20.98
      1.5110        21.02
      1.5120        21.12
      1.5130        21.23
      1.5140        21.22
      1.5150        21.28
      1.5160        21.50
      1.5170        21.59
      1.5180        21.76
      1.5190        21.86
      1.5200        21.88
      1.5210        22.03
      1.5220        22.12
      1.5230        22.20
      1.5240        22.27
      1.5250        22.23
      1.5260        22.26
      1.5270        22.43
      1.5280        22.36
      1.5290        22.44
      1.5300        22.52
      1.5310        22.59
      1.5320        22.52
      1.5330        22.58
      1.5340        22.67
      1.5350        22.73
      1.5360        22.69
      1.5370        22.87
      1.5380        22.90
      1.5390        22.95
      1.5400        22.96
      1.5410        22.82
      1.5420        22.96
      1.5430        23.06
      1.5440        23.12
      1.5450        23.28
      1.5460        23.37
      1.5470        23.46
      1.5480        23.69
      1.5490        23.84
      1.5500        23.93
      1.5510        24.06
      1.5520        24.29
      1.5530        24.39
      1.5540        24.48
      1.5550        24.50
      1.5560        24.61
      1.5570        24.52
      1.5580        24.56
      1.5590        24.69
      1.5600        24.81
      1.5610        24.96
      1.5620        25.00
      1.5630        25.04
      1.5640        25.18
      1.5650        25.24
      1.5660        25.28
      1.5670        25.28
      1.5680        25.27
      1.5690        25.19
      1.5700        25.34
      1.5710        25.43
      1.5720        25.35
      1.5730        25.41
      1.5740        25.39
      1.5750        25.39
      1.5760        25.37
      1.5770        25.42
      1.5780        25.45
      1.5790        25.50
      1.5800        25.57
      1.5810        25.69
      1.5820        25.64
      1.5830        25.67
      1.5840        25.72
      1.5850        25.67
      1.5860        25.72
      1.5870        25.64
      1.5880        25.70
      1.5890        25.79
      1.5900        25.62
      1.5910        25.66
      1.5920        25.73
      1.5930        25.79
      1.5940        25.98
      1.5950        26.09
      1.5960        26.20
      1.5970        26.30
      1.5980        26.38
      1.5990        26.40
      1.6000        26.34
      1.6010        26.39
      1.6020        26.46
      1.6030        26.41
      1.6040        26.45
      1.6050        26.61
      1.6060        26.62
      1.6070        26.70
      1.6080        26.70
      1.6090        26.75
      1.6100        26.91
      1.6110        26.83
      1.6120        27.01
      1.6130        26.98
      1.6140        26.94
      1.6150        26.94
      1.6160        27.02
      1.6170        27.09
      1.6180        27.12
      1.6190        27.04
      1.6200        27.11
      1.6210        27.03
      1.6220        27.04
      1.6230        27.08
      1.6240        27.25
      1.6250        27.21
      1.6260        27.31
      1.6270        27.43
      1.6280        27.53
      1.6290        27.55
      1.6300        27.59
      1.6310        27.64
      1.6320        27.58
      1.6330        27.67
      1.6340        27.68
      1.6350        27.75
      1.6360        27.82
      1.6370        27.88
      1.6380        27.92
      1.6390        28.08
      1.6400        28.15
      1.6410        28.20
      1.6420        28.28
      1.6430        28.39
      1.6440        28.25
      1.6450        28.28
      1.6460        28.23
      1.6470        28.20
      1.6480        28.23
      1.6490        28.22
      1.6500        28.22
      1.6510        28.17
      1.6520        28.18
      1.6530        28.13
      1.6540        28.07
      1.6550        28.03
      1.6560        27.95
      1.6570        27.95
      1.6580        27.91
      1.6590        27.91
      1.6600        27.98
      1.6610        28.07
      1.6620        28.14
      1.6630        28.15
      1.6640        28.12
      1.6650        28.19
      1.6660        28.26
      1.6670        28.24
      1.6680        28.27
      1.6690        28.25
      1.6700        28.29
      1.6710        28.28
      1.6720        28.28
      1.6730        28.33
      1.6740        28.37
      1.6750        28.35
      1.6760        28.43
      1.6770        28.33
      1.6780        28.37
      1.6790        28.30
      1.6800        28.19
      1.6810        28.10
      1.6820        28.02
      1.6830        28.00
      1.6840        28.06
      1.6850        28.05
      1.6860        27.98
      1.6870        28.03
      1.6880        27.98
      1.6890        27.95
      1.6900        27.89
      1.6910        27.99
      1.6920        28.03
      1.6930        28.03
      1.6940        28.15
      1.6950        28.29
      1.6960        28.31
      1.6970        28.39
      1.6980        28.55
      1.6990        28.53
      1.7000        28.55
      1.7010        28.67
      1.7020        28.71
      1.7030        28.67
      1.7040        28.73
      1.7050        28.74
      1.7060        28.80
      1.7070        28.84
      1.7080        28.94
      1.7090        29.04
      1.7100        29.11
      1.7110        29.12
      1.7120        29.15
      1.7130        29.09
      1.7140        29.13
      1.7150        29.09
      1.7160        29.12
      1.7170        29.18
      1.7180        29.06
      1.7190        29.16
      1.7200        29.21
      1.7210        29.18
      1.7220        29.26
      1.7230        29.38
      1.7240        29.35
      1.7250        29.37
      1.7260        29.35
      1.7270        29.27
      1.7280        29.26
      1.7290        29.32
      1.7300        29.36
      1.7310        29.34
      1.7320        29.27
      1.7330        29.34
      1.7340        29.33
      1.7350        29.29
      1.7360        29.19
      1.7370        29.21
      1.7380        29.15
      1.7390        29.13
      1.7400        29.17
      1.7410        29.10
      1.7420        29.17
      1.7430        29.12
      1.7440        29.07
      1.7450        29.01
      1.7460        29.06
      1.7470        29.12
      1.7480        29.02
      1.7490        28.85
      1.7500        28.81
      1.7510        28.81
      1.7520        28.79
      1.7530        28.83
      1.7540        28.69
      1.7550        28.75
      1.7560        28.73
      1.7570        28.67
      1.7580        28.67
      1.7590        28.73
      1.7600        28.58
      1.7610        28.72
      1.7620        28.52
      1.7630        28.48
      1.7640        28.58
      1.7650        28.72
      1.7660        28.71
      1.7670        28.63
      1.7680        28.67
      1.7690        28.77
      1.7700        28.80
      1.7710        28.87
      1.7720        28.78
      1.7730        28.69
      1.7740        28.73
      1.7750        28.70
      1.7760        28.72
      1.7770        28.72
      1.7780        28.78
      1.7790        28.63
      1.7800        28.66
      1.7810        28.51
      1.7820        28.66
      1.7830        28.71
      1.7840        28.61
      1.7850        28.51
      1.7860        28.43
      1.7870        28.33
      1.7880        28.20
      1.7890        28.10
      1.7900        28.08
      1.7910        27.95
      1.7920        28.02
      1.7930        28.04
      1.7940        28.01
      1.7950        27.89
      1.7960        27.78
      1.7970        27.83
      1.7980        27.73
      1.7990        27.87
      1.8000        27.90
      1.8010        27.98
      1.8020        27.91
      1.8030        27.94
      1.8040        27.99
      1.8050        27.95
      1.8060        27.95
      1.8070        28.01
      1.8080        28.05
      1.8090        28.07
      1.8100        28.07
      1.8110        28.16
      1.8120        28.20
      1.8130        28.16
      1.8140        28.20
      1.8150        28.32
      1.8160        28.33
      1.8170        28.29
      1.8180        28.38
      1.8190        28.29
      1.8200        28.29
      1.8210        28.16
      1.8220        28.11
      1.8230        28.09
      1.8240        27.96
      1.8250        27.94
      1.8260        27.91
      1.8270        28.06
      1.8280        28.15
      1.8290        28.20
      1.8300        28.18
      1.8310        28.16
      1.8320        28.16
      1.8330        28.16
      1.8340        28.12
      1.8350        28.00
      1.8360        27.96
      1.8370        27.82
      1.8380        27.76
      1.8390        27.74
      1.8400        27.82
      1.8410        27.89
      1.8420        27.88
      1.8430        27.76
      1.8440        27.84
      1.8450        27.88
      1.8460        27.96
      1.8470        27.78
      1.8480        27.74
      1.8490        27.80
      1.8500        27.69
      1.8510        27.65
      1.8520        27.63
      1.8530        27.65
      1.8540        27.70
      1.8550        27.71
      1.8560        27.70
      1.8570        27.75
      1.8580        27.76
      1.8590        27.70
      1.8600        27.54
      1.8610        27.48
      1.8620        27.52
      1.8630        27.56
      1.8640        27.52
      1.8650        27.33
      1.8660        27.23
      1.8670        27.35
      1.8680        27.24
      1.8690        27.17
      1.8700        27.24
      1.8710        27.17
      1.8720        27.22
      1.8730        27.21
      1.8740        27.18
      1.8750        27.13
      1.8760        27.23
      1.8770        27.17
      1.8780        27.04
      1.8790        27.00
      1.8800        27.00
      1.8810        26.97
      1.8820        26.86
      1.8830        26.82
      1.8840        26.78
      1.8850        26.86
      1.8860        26.81
      1.8870        26.72
      1.8880        26.66
      1.8890        26.56
      1.8900        26.45
      1.8910        26.38
      1.8920        26.11
      1.8930        25.99
      1.8940        25.95
      1.8950        25.90
      1.8960        25.83
      1.8970        25.79
      1.8980        25.80
      1.8990        25.83
      1.9000        25.79
      1.9010        25.67
      1.9020        25.63
      1.9030        25.63
      1.9040        25.55
      1.9050        25.55
      1.9060        25.63
      1.9070        25.56
      1.9080        25.48
      1.9090        25.54
      1.9100        25.43
      1.9110        25.42
      1.9120        25.46
      1.9130        25.39
      1.9140        25.31
      1.9150        25.23
      1.9160        25.15
      1.9170        25.10
      1.9180        24.96
      1.9190        24.90
      1.9200        24.84
      1.9210        24.77
      1.9220        24.68
      1.9230        24.50
      1.9240        24.50
      1.9250        24.38
      1.9260        24.32
      1.9270        24.22
      1.9280        24.26
      1.9290        24.12
      1.9300        24.09
      1.9310        24.01
      1.9320        23.96
      1.9330        23.99
      1.9340        23.92
      1.9350        24.00
      1.9360        23.97
      1.9370        23.92
      1.9380        23.95
      1.9390        23.99
      1.9400        23.92
      1.9410        23.90
      1.9420        23.86
      1.9430        23.81
      1.9440        23.76
      1.9450        23.76
      1.9460        23.68
      1.9470        23.68
      1.9480        23.60
      1.9490        23.47
      1.9500        23.41
      1.9510        23.38
      1.9520        23.45
      1.9530        23.38
      1.9540        23.37
      1.9550        23.29
      1.9560        23.22
      1.9570        23.17
      1.9580        23.18
      1.9590        23.02
      1.9600        23.05
      1.9610        22.98
      1.9620        22.93
      1.9630        22.89
      1.9640        22.74
      1.9650        22.62
      1.9660        22.47
      1.9670        22.35
      1.9680        22.22
      1.9690        22.30
      1.9700        22.32
      1.9710        22.32
      1.9720        22.12
      1.9730        22.10
      1.9740        21.90
      1.9750        21.90
      1.9760        21.91
      1.9770        21.87
      1.9780        21.66
      1.9790        21.68
      1.9800        21.59
      1.9810        21.66
      1.9820        21.71
      1.9830        21.79
      1.9840        21.71
      1.9850        21.76
      1.9860        21.81
      1.9870        21.81
      1.9880        21.83
      1.9890        21.75
      1.9900        21.61
      1.9910        21.43
      1.9920        21.35
      1.9930        21.16
      1.9940        21.19
      1.9950        21.04
      1.9960        20.86
      1.9970        20.66
      1.9980        20.64
      1.9990        20.39
      2.0000        20.31
      2.0010        20.11
      2.0020        20.05
      2.0030        19.81
      2.0040        19.81
      2.0050        19.66
      2.0060        19.44
      2.0070        19.35
      2.0080        19.22
      2.0090        19.05
      2.0100        19.05
      2.0110        19.01
      2.0120        19.03
      2.0130        18.96
      2.0140        18.77
      2.0150        18.64
      2.0160        18.58
      2.0170        18.57
      2.0180        18.54
      2.0190        18.46
      2.0200        18.33
      2.0210        18.25
      2.0220        18.05
      2.0230        18.00
      2.0240        17.90
      2.0250        17.72
      2.0260        17.74
      2.0270        17.60
      2.0280        17.60
      2.0290        17.57
      2.0300        17.41
      2.0310        17.25
      2.0320        17.16
      2.0330        17.06
      2.0340        17.09
      2.0350        17.13
      2.0360        17.05
      2.0370        17.07
      2.0380        16.90
      2.0390        16.90
      2.0400        16.89
      2.0410        16.86
      2.0420        16.76
      2.0430        16.73
      2.0440        16.75
      2.0450        16.78
      2.0460        16.73
      2.0470        16.74
      2.0480        16.67
      2.0490        16.71
      2.0500        16.63
      2.0510        16.58
      2.0520        16.41
      2.0530        16.39
      2.0540        16.39
      2.0550        16.27
      2.0560        16.22
      2.0570        16.13
      2.0580        16.17
      2.0590        16.10
      2.0600        15.98
      2.0610        16.08
      2.0620        16.12
      2.0630        16.06
      2.0640        15.89
      2.0650        15.87
      2.0660        15.77
      2.0670        15.62
      2.0680        15.61
      2.0690        15.45
      2.0700        15.40
      2.0710        15.39
      2.0720        15.48
      2.0730        15.35
      2.0740        15.29
      2.0750        15.20
      2.0760        15.15
      2.0770        14.99
      2.0780        14.87
      2.0790        14.77
      2.0800        14.80
      2.0810        14.64
      2.0820        14.48
      2.0830        14.35
      2.0840        14.27
      2.0850        14.15
      2.0860        14.04
      2.0870        13.95
      2.0880        13.78
      2.0890        13.67
      2.0900        13.67
      2.0910        13.67
      2.0920        13.52
      2.0930        13.45
      2.0940        13.32
      2.0950        13.27
      2.0960        13.24
      2.0970        13.16
      2.0980        13.13
      2.0990        13.10
      2.1000        12.91
      2.1010        12.90
      2.1020        12.94
      2.1030        12.87
      2.1040        12.71
      2.1050        12.67
      2.1060        12.61
      2.1070        12.52
      2.1080        12.38
      2.1090        12.38
      2.1100        12.22
      2.1110        12.11
      2.1120        11.91
      2.1130        11.99
      2.1140        11.94
      2.1150        11.90
      2.1160        11.68
      2.1170        11.63
      2.1180        11.46
      2.1190        11.32
      2.1200        11.19
      2.1210        10.94
      2.1220        10.76
      2.1230        10.61
      2.1240        10.59
      2.1250        10.38
      2.1260        10.24
      2.1270        10.11
      2.1280        10.11
      2.1290         9.95
      2.1300        10.02
      2.1310         9.89
      2.1320         9.99
      2.1330         9.85
      2.1340         9.66
      2.1350         9.55
      2.1360         9.60
      2.1370         9.44
      2.1380         9.35
      2.1390         9.28
      2.1400         9.31
      2.1410         9.33
      2.1420         9.26
      2.1430         9.30
      2.1440         9.31
      2.1450         9.31
      2.1460         9.28
      2.1470         9.34
      2.1480         9.16
      2.1490         9.06
      2.1500         8.77
      2.1510         8.59
      2.1520         8.41
      2.1530         8.24
      2.1540         8.14
      2.1550         7.91
      2.1560         7.72
      2.1570         7.80
      2.1580         7.69
      2.1590         7.57
      2.1600         7.42
      2.1610         7.23
      2.1620         7.11
      2.1630         6.91
      2.1640         6.71
      2.1650         6.64
      2.1660         6.50
      2.1670         6.32
      2.1680         6.35
      2.1690         6.38
      2.1700         6.26
      2.1710         6.20
      2.1720         6.16
      2.1730         6.12
      2.1740         6.04
      2.1750         6.01
      2.1760         6.01
      2.1770         5.86
      2.1780         5.87
      2.1790         5.82
      2.1800         5.62
      2.1810         5.66
      2.1820         5.58
      2.1830         5.58
      2.1840         5.58
      2.1850         5.44
      2.1860         5.37
      2.1870         5.24
      2.1880         5.07
      2.1890         4.88
      2.1900         4.84
      2.1910         4.88
      2.1920         4.76
      2.1930         4.50
      2.1940         4.35
      2.1950         4.34
      2.1960         4.14
      2.1970         4.11
      2.1980         3.91
      2.1990         3.74
      2.2000         3.78
      2.2010         3.58
      2.2020         3.56
      2.2030         3.30
      2.2040         3.16
      2.2050         2.98
      2.2060         2.98
      2.2070         3.08
      2.2080         3.10
      2.2090         2.94
      2.2100         2.93
      2.2110         2.78
      2.2120         2.79
      2.2130         2.80
      2.2140         2.87
      2.2150         2.24
      2.2160         2.12
      2.2170         2.08
      2.2180         2.16
      2.2190         2.21
      2.2200         2.08
      2.2210         2.02
      2.2220         1.92
      2.2230         1.84
      2.2240         1.74
      2.2250         1.74
      2.2260         1.19
      2.2270         1.00
      2.2280         1.00
      2.2290         1.00
      2.2300         1.00
      2.2310         1.00
      2.2320         1.00
      2.2330         1.00
      2.2340         1.00
      2.2350         1.00
      2.2360         1.00
      2.2370         1.00
      2.2380         1.00
      2.2390         1.00
      2.2400         1.00
      2.2410         1.00
      2.2420         1.00
      2.2430         1.00
      2.2440         1.00
      2.2450         1.00
      2.2460         1.00
      2.2470         1.00
      2.2480         1.00
      2.2490         1.00
      2.2500         1.00
      2.2510         1.00
      2.2520         1.00
      2.2530         1.00
      2.2540         1.00
      2.2550         1.00
      2.2560         1.00
      2.2570         1.00
      2.2580         1.00
      2.2590         1.00
      2.2600         1.00
      2.2610         1.00
      2.2620         1.00
      2.2630         1.00
      2.2640         1.00
      2.2650         1.00
      2.2660         1.00
      2.2670         1.00
      2.2680         1.00
      2.2690         1.00
      2.2700         1.00
      2.2710         1.00
      2.2720         1.00
      2.2730         1.00
      2.2740         1.00
      2.2750         1.00
      2.2760         1.00
      2.2770         1.00
      2.2780         1.00
      2.2790         1.00
      2.2800         1.00
      2.2810         1.00
      2.2820         1.00
      2.2830         1.00
      2.2840         1.00
      2.2850         1.00
      2.2860         1.00
      2.2870         1.00
      2.2880         1.00
      2.2890         1.00
      2.2900         1.00
      2.2910         1.00
      2.2920         1.00
      2.2930         1.00
      2.2940         1.00
      2.2950         1.00
      2.2960         1.00
      2.2970         1.00
      2.2980         1.00
      2.2990         1.00
      2.3000         1.00
      2.3010         1.00
      2.3020         1.00
      2.3030         1.00
      2.3040         1.00
      2.3050         1.00
      2.3060         1.00
      2.3070         1.00
      2.3080         1.00
      2.3090         1.00
      2.3100         1.00
      2.3110         1.00
      2.3120         1.00
      2.3130         1.00
      2.3140         1.00
      2.3150         1.00
      2.3160         1.00
      2.3170         1.00
      2.3180         1.00
      2.3190         1.00
      2.3200         1.00
      2.3210         1.00
      2.3220         1.00
      2.3230         1.00
      2.3240         1.00
      2.3250         1.00
      2.3260         1.00
      2.3270         1.00
      2.3280         1.00
      2.3290         1.00
      2.3300         1.00
      2.3310         1.00
      2.3320         1.00
      2.3330         1.00
      2.3340         1.00
      2.3350         1.00
      2.3360         1.00
      2.3370         1.00
      2.3380         1.00
      2.3390         1.00
      2.3400         1.00
      2.3410         1.00
      2.3420         1.00
      2.3430         1.00
      2.3440         1.00
      2.3450         1.00
      2.3460         1.00
      2.3470         1.00
      2.3480         1.00
      2.3490         1.00
      2.3500         1.00
      2.3510         1.00
      2.3520         1.00
      2.3530         1.00
      2.3540         1.00
      2.3550         1.00
      2.3560         1.00
      2.3570         1.00
      2.3580         1.00
      2.3590         1.00
      2.3600         1.00
      2.3610         1.00
      2.3620         1.00
      2.3630         1.00
      2.3640         1.00
      2.3650         1.00
      2.3660         1.00
      2.3670         1.00
      2.3680         1.00
      2.3690         1.00
      2.3700         1.00
      2.3710         1.00
      2.3720         1.00
      2.3730         1.00
      2.3740         1.00
      2.3750         1.00
      2.3760         1.00
      2.3770         1.00
      2.3780         1.00
      2.3790         1.00
      2.3800         1.00
      2.3810         1.00
      2.3820         1.00
      2.3830         1.00
      2.3840         1.00
      2.3850         1.00
      2.3860         1.00
      2.3870         1.00
      2.3880         1.00
      2.3890         1.00
      2.3900         1.00
      2.3910         1.00
      2.3920         1.00
      2.3930         1.00
      2.3940         1.00
      2.3950         1.00
      2.3960         1.00
      2.3970         1.00
      2.3980         1.00
      2.3990         1.00
      2.4000         1.00
      2.4010         1.00
      2.4020         1.00
      2.4030         1.00
      2.4040         1.00
      2.4050         1.00
      2.4060         1.00
      2.4070         1.00
      2.4080         1.00
      2.4090         1.00
      2.4100         1.00
      2.4110         1.00
      2.4120         1.00
      2.4130         1.00
      2.4140         1.00
      2.4150         1.00
      2.4160         1.00
      2.4170         1.00
      2.4180         1.00
      2.4190         1.00
      2.4200         1.00
      2.4210         1.00
      2.4220         1.00
      2.4230         1.00
      2.4240         1.00
      2.4250         1.00
      2.4260         1.00
      2.4270         1.00
      2.4280         1.00
      2.4290         1.00
      2.4300         1.00
      2.4310         1.00
      2.4320         1.00
      2.4330         1.00
      2.4340         1.00
      2.4350         1.00
      2.4360         1.00
      2.4370         1.00
      2.4380         1.00
      2.4390         1.00
      2.4400         1.00
      2.4410         1.00
      2.4420         1.00
      2.4430         1.00
      2.4440         1.00
      2.4450         1.00
      2.4460         1.00
      2.4470         1.00
      2.4480         1.00
      2.4490         1.00
      2.4500         1.00
      2.4510         1.00
      2.4520         1.00
      2.4530         1.00
      2.4540         1.00
      2.4550         1.00
      2.4560         1.00
      2.4570         1.00
      2.4580         1.00
      2.4590         1.00
      2.4600         1.00
      2.4610         1.00
      2.4620         1.00
      2.4630         1.00
      2.4640         1.00
      2.4650         1.00
      2.4660         1.00
      2.4670         1.00
      2.4680         1.00
      2.4690         1.00
      2.4700         1.00
      2.4710         1.00
      2.4720         1.00
      2.4730         1.00
      2.4740         1.00
      2.4750         1.00
      2.4760         1.00
      2.4770         1.00
      2.4780         1.00
      2.4790         1.00
      2.4800         1.00
      2.4810         1.00
      2.4820         1.00
      2.4830         1.00
      2.4840         1.00
      2.4850         1.00
      2.4860         1.00
      2.4870         1.00
      2.4880         1.00
      2.4890         1.00
      2.4900         1.00
      2.4910         1.00
      2.4920         1.00
      2.4930         1.00
      2.4940         1.00
      2.4950         1.00
      2.4960         1.00
      2.4970         1.00
      2.4980         1.00
      2.4990         1.00
      2.5000         1.00
      2.5010         1.00
      2.5020         1.00
      2.5030         1.00
      2.5040         1.00
      2.5050         1.00
      2.5060         1.00
      2.5070         1.00
      2.5080         1.00
      2.5090         1.00
      2.5100         1.00
      2.5110         1.00
      2.5120         1.00
      2.5130         1.00
      2.5140         1.00
      2.5150         1.00
      2.5160         1.00
      2.5170         1.00
      2.5180         1.00
      2.5190         1.00
      2.5200         1.00
      2.5210         1.00
      2.5220         1.00
      2.5230         1.00
      2.5240         1.00
      2.5250         1.00
      2.5260         1.00
      2.5270         1.00
      2.5280         1.00
      2.5290         1.00
      2.5300         1.00
      2.5310         1.00
      2.5320         1.00
      2.5330         1.00
      2.5340         1.00
      2.5350         1.00
      2.5360         1.00
      2.5370         1.00
      2.5380         1.00
      2.5390         1.00
      2.5400         1.00
      2.5410         1.00
      2.5420         1.00
      2.5430         1.00
      2.5440         1.00
      2.5450         1.00
      2.5460         1.00
      2.5470         1.00
      2.5480         1.00
      2.5490         1.00
      2.5500         1.00
      2.5510         1.00
      2.5520         1.00
      2.5530         1.00
      2.5540         1.00
      2.5550         1.00
      2.5560         1.00
      2.5570         1.00
      2.5580         1.00
      2.5590         1.00
      2.5600         1.00
      2.5610         1.00
      2.5620         1.00
      2.5630         1.00
      2.5640         1.00
      2.5650         1.00
      2.5660         1.00
      2.5670         1.00
      2.5680         1.00
      2.5690         1.00
      2.5700         1.00
      2.5710         1.00
      2.5720         1.00
      2.5730         1.00
      2.5740         1.00
      2.5750         1.00
      2.5760         1.00
      2.5770         1.00
      2.5780         1.00
      2.5790         1.00
      2.5800         1.00
      2.5810         1.00
      2.5820         1.00
      2.5830         1.00
      2.5840         1.00
      2.5850         1.00
      2.5860         1.00
      2.5870         1.00
      2.5880         1.00
      2.5890         1.00
      2.5900         1.00
      2.5910         1.00
      2.5920         1.00
      2.5930         1.00
      2.5940         1.00
      2.5950         1.00
      2.5960         1.00
      2.5970         1.00
      2.5980         1.00
      2.5990         1.00
      2.6000         1.00
      2.6010         1.00
      2.6020         1.00
      2.6030         1.00
      2.6040         1.00
      2.6050         1.00
      2.6060         1.00
      2.6070         1.00
      2.6080         1.00
      2.6090         1.00
      2.6100         1.00
      2.6110         1.00
      2.6120         1.00
      2.6130         1.00
      2.6140         1.00
      2.6150         1.00
      2.6160         1.00
      2.6170         1.00
      2.6180         1.00
      2.6190         1.00
      2.6200         1.00
      2.6210         1.00
      2.6220         1.00
      2.6230         1.00
      2.6240         1.00
      2.6250         1.00
      2.6260         1.00
      2.6270         1.00
      2.6280         1.00
      2.6290         1.00
      2.6300         1.00
      2.6310         1.00
      2.6320         1.00
      2.6330         1.00
      2.6340         1.00
      2.6350         1.00
      2.6360         1.00
      2.6370         1.00
      2.6380         1.00
      2.6390         1.00
      2.6400         1.00
      2.6410         1.00
      2.6420         1.00
      2.6430         1.00
      2.6440         1.00
      2.6450         1.00
      2.6460         1.00
      2.6470         1.00
      2.6480         1.00
      2.6490         1.00
      2.6500         1.00
      2.6510         1.00
      2.6520         1.00
      2.6530         1.00
      2.6540         1.00
      2.6550         1.00
      2.6560         1.00
      2.6570         1.00
      2.6580         1.00
      2.6590         1.00
      2.6600         1.00
      2.6610         1.00
      2.6620         1.00
      2.6630         1.00
      2.6640         1.00
      2.6650         1.00
      2.6660         1.00
      2.6670         1.00
      2.6680         1.00
      2.6690         1.00
      2.6700         1.00
      2.6710         1.00
      2.6720         1.00
      2.6730         1.00
      2.6740         1.00
      2.6750         1.00
      2.6760         1.00
      2.6770         1.00
      2.6780         1.00
      2.6790         1.00
      2.6800         1.00
      2.6810         1.00
      2.6820         1.00
      2.6830         1.00
      2.6840         1.00
      2.6850         1.00
      2.6860         1.00
      2.6870         1.00
      2.6880         1.00
      2.6890         1.00
      2.6900         1.00
      2.6910         1.00
      2.6920         1.00
      2.6930         1.00
      2.6940         1.00
      2.6950         1.00
      2.6960         1.00
      2.6970         1.00
      2.6980         1.00
      2.6990         1.00
      2.7000         1.00
      2.7010         1.00
      2.7020         1.00
      2.7030         1.00
      2.7040         1.00
      2.7050         1.00
      2.7060         1.00
      2.7070         1.00
      2.7080         1.00
      2.7090         1.00
      2.7100         1.00
      2.7110         1.00
      2.7120         1.00
      2.7130         1.00
      2.7140         1.00
      2.7150         1.00
      2.7160         1.00
      2.7170         1.00
      2.7180         1.00
      2.7190         1.00
      2.7200         1.00
      2.7210         1.00
      2.7220         1.00
      2.7230         1.00
      2.7240         1.00
      2.7250         1.00
      2.7260         1.00
      2.7270         1.00
      2.7280         1.00
      2.7290         1.00
      2.7300         1.00
      2.7310         1.00
      2.7320         1.00
      2.7330         1.00
      2.7340         1.00
      2.7350         1.00
      2.7360         1.00
      2.7370         1.00
      2.7380         1.00
      2.7390         1.00
      2.7400         1.00
      2.7410         1.00
      2.7420         1.00
      2.7430         1.00
      2.7440         1.00
      2.7450         1.00
      2.7460         1.00
      2.7470         1.00
      2.7480         1.00
      2.7490         1.00
      2.7500         1.00
      2.7510         1.00
      2.7520         1.00
      2.7530         1.00
      2.7540         1.00
      2.7550         1.00
      2.7560         1.00
      2.7570         1.00
      2.7580         1.00
      2.7590         1.00
      2.7600         1.00
      2.7610         1.00
      2.7620         1.00
      2.7630         1.00
      2.7640         1.00
      2.7650         1.00
      2.7660         1.00
      2.7670         1.00
      2.7680         1.00
      2.7690         1.00
      2.7700         1.00
      2.7710         1.00
      2.7720         1.00
      2.7730         1.00
      2.7740         1.00
      2.7750         1.00
      2.7760         1.00
      2.7770         1.00
      2.7780         1.00
      2.7790         1.00
      2.7800         1.00
      2.7810         1.00
      2.7820         1.00
      2.7830         1.00
      2.7840         1.00
      2.7850         1.00
      2.7860         1.00
      2.7870         1.00
      2.7880         1.00
      2.7890         1.00
      2.7900         1.00
      2.7910         1.00
      2.7920         1.00
      2.7930         1.00
      2.7940         1.00
      2.7950         1.00
      2.7960         1.00
      2.7970         1.00
      2.7980         1.00
      2.7990         1.00
      2.8000         1.00
      2.8010         1.00
      2.8020         1.00
      2.8030         1.00
      2.8040         1.00
      2.8050         1.00
      2.8060         1.00
      2.8070         1.00
      2.8080         1.00
      2.8090         1.00
      2.8100         1.00
      2.8110         1.00
      2.8120         1.00
      2.8130         1.00
      2.8140         1.00
      2.8150         1.00
      2.8160         1.00
      2.8170         1.00
      2.8180         1.00
      2.8190         1.00
      2.8200         1.00
      2.8210         1.00
      2.8220         1.00
      2.8230         1.00
      2.8240         1.00
      2.8250         1.00
      2.8260         1.00
      2.8270         1.00
      2.8280         1.00
      2.8290         1.00
      2.8300         1.00
      2.8310         1.00
      2.8320         1.00
      2.8330         1.00
      2.8340         1.00
      2.8350         1.00
      2.8360         1.00
      2.8370         1.00
      2.8380         1.00
      2.8390         1.00
      2.8400         1.00
      2.8410         1.00
      2.8420         1.00
      2.8430         1.00
      2.8440         1.00
      2.8450         1.00
      2.8460         1.00
      2.8470         1.00
      2.8480         1.00
      2.8490         1.00
      2.8500         1.00
      2.8510         1.00
      2.8520         1.00
      2.8530         1.00
      2.8540         1.00
      2.8550         1.00
      2.8560         1.00
      2.8570         1.00
      2.8580         1.00
      2.8590         1.00
      2.8600         1.00
      2.8610         1.00
      2.8620         1.00
      2.8630         1.00
      2.8640         1.00
      2.8650         1.00
      2.8660         1.00
      2.8670         1.00
      2.8680         1.00
      2.8690         1.00
      2.8700         1.00
      2.8710         1.00
      2.8720         1.00
      2.8730         1.00
      2.8740         1.00
      2.8750         1.00
      2.8760         1.00
      2.8770         1.00
      2.8780         1.00
      2.8790         1.00
      2.8800         1.00
      2.8810         1.00
      2.8820         1.00
      2.8830         1.00
      2.8840         1.00
      2.8850         1.00
      2.8860         1.00
      2.8870         1.00
      2.8880         1.00
      2.8890         1.00
      2.8900         1.00
      2.8910         1.00
      2.8920         1.00
      2.8930         1.00
      2.8940         1.00
      2.8950         1.00
      2.8960         1.00
      2.8970         1.00
      2.8980         1.00
      2.8990         1.00
      2.9000         1.00
      2.9010         1.00
      2.9020         1.00
      2.9030         1.00
      2.9040         1.00
      2.9050         1.00
      2.9060         1.00
      2.9070         1.00
      2.9080         1.00
      2.9090         1.00
      2.9100         1.00
      2.9110         1.00
      2.9120         1.00
      2.9130         1.00
      2.9140         1.00
      2.9150         1.00
      2.9160         1.00
      2.9170         1.00
      2.9180         1.00
      2.9190         1.00
      2.9200         1.00
      2.9210         1.00
      2.9220         1.00
      2.9230         1.00
      2.9240         1.00
      2.9250         1.00
      2.9260         1.00
      2.9270         1.00
      2.9280         1.00
      2.9290         1.00
      2.9300         1.00
      2.9310         1.00
      2.9320         1.00
      2.9330         1.00
      2.9340         1.00
      2.9350         1.00
      2.9360         1.00
      2.9370         1.00
      2.9380         1.00
      2.9390         1.00
      2.9400         1.00
      2.9410         1.00
      2.9420         1.00
      2.9430         1.00
      2.9440         1.00
      2.9450         1.00
      2.9460         1.00
      2.9470         1.00
      2.9480         1.00
      2.9490         1.00
      2.9500         1.00
      2.9510         1.00
      2.9520         1.00
      2.9530         1.00
      2.9540         1.00
      2.9550         1.00
      2.9560         1.00
      2.9570         1.00
      2.9580         1.00
      2.9590         1.00
      2.9600         1.00
      2.9610         1.00
      2.9620         1.00
      2.9630         1.00
      2.9640         1.00
      2.9650         1.00
      2.9660         1.00
      2.9670         1.00
      2.9680         1.00
      2.9690         1.00
      2.9700         1.00
      2.9710         1.00
      2.9720         1.00
      2.9730         1.00
      2.9740         1.00
      2.9750         1.00
      2.9760         1.00
      2.9770         1.00
      2.9780         1.00
      2.9790         1.00
      2.9800         1.00
      2.9810         1.00
      2.9820         1.00
      2.9830         1.00
      2.9840         1.00
      2.9850         1.00
      2.9860         1.00
      2.9870         1.00
      2.9880         1.00
      2.9890         1.00
      2.9900         1.00
      2.9910         1.00
      2.9920         1.00
      2.9930         1.00
      2.9940         1.00
      2.9950         1.00
      2.9960         1.00
      2.9970         1.00
      2.9980         1.00
      2.9990         1.00
