        Time   Palpation Force
      0.0000         1.00
      0.0010         1.00
      0.0020         1.00
      0.0030         1.00
      0.0040         1.00
      0.0050         1.00
      0.0060         1.00
      0.0070         1.00
      0.0080         1.00
      0.0090         1.00
      0.0100         1.00
      0.0110         1.00
      0.0120         1.00
      0.0130         1.00
      0.0140         1.00
      0.0150         1.00
      0.0160         1.00
      0.0170         1.00
      0.0180         1.00
      0.0190         1.00
      0.0200         1.00
      0.0210         1.00
      0.0220         1.00
      0.0230         1.00
      0.0240         1.00
      0.0250         1.00
      0.0260         1.00
      0.0270         1.00
      0.0280         1.00
      0.0290         1.00
      0.0300         1.00
      0.0310         1.00
      0.0320         1.00
      0.0330         1.00
      0.0340         1.00
      0.0350         1.00
      0.0360         1.00
      0.0370         1.00
      0.0380         1.00
      0.0390         1.00
      0.0400         1.00
      0.0410         1.00
      0.0420         1.00
      0.0430         1.00
      0.0440         1.00
      0.0450         1.00
      0.0460         1.00
      0.0470         1.00
      0.0480         1.00
      0.0490         1.00
      0.0500         1.00
      0.0510         1.00
      0.0520         1.00
      0.0530         1.00
      0.0540         1.00
      0.0550         1.00
      0.0560         1.00
      0.0570         1.00
      0.0580         1.00
      0.0590         1.00
      0.0600         1.00
      0.0610         1.00
      0.0620         1.00
      0.0630         1.00
      0.0640         1.00
      0.0650         1.00
      0.0660         1.00
      0.0670         1.00
      0.0680         1.00
      0.0690         1.00
      0.0700         1.00
      0.0710         1.00
      0.0720         1.00
      0.0730         1.00
      0.0740         1.00
      0.0750         1.00
      0.0760         1.00
      0.0770         1.00
      0.0780         1.00
      0.0790         1.00
      0.0800         1.00
      0.0810         1.00
      0.0820         1.00
      0.0830         1.00
      0.0840         1.00
      0.0850         1.00
      0.0860         1.00
      0.0870         1.00
      0.0880         1.00
      0.0890         1.00
      0.0900         1.00
      0.0910         1.00
      0.0920         1.00
      0.0930         1.00
      0.0940         1.00
      0.0950         1.00
      0.0960         1.00
      0.0970         1.00
      0.0980         1.00
      0.0990         1.00
      0.1000         1.00
      0.1010         1.00
      0.1020         1.00
      0.1030         1.00
      0.1040         1.00
      0.1050         1.00
      0.1060         1.00
      0.1070         1.00
      0.1080         1.00
      0.1090         1.00
      0.1100         1.00
      0.1110         1.00
      0.1120         1.00
      0.1130         1.00
      0.1140         1.00
      0.1150         1.00
      0.1160         1.00
      0.1170         1.00
      0.1180         1.00
      0.1190         1.00
      0.1200         1.00
      0.1210         1.00
      0.1220         1.00
      0.1230         1.00
      0.1240         1.00
      0.1250         1.00
      0.1260         1.00
      0.1270         1.00
      0.1280         1.00
      0.1290         1.00
      0.1300         1.00
      0.1310         1.00
      0.1320         1.00
      0.1330         1.00
      0.1340         1.00
      0.1350         1.00
      0.1360         1.00
      0.1370         1.00
      0.1380         1.00
      0.1390         1.00
      0.1400         1.00
      0.1410         1.00
      0.1420         1.00
      0.1430         1.00
      0.1440         1.00
      0.1450         1.00
      0.1460         1.00
      0.1470         1.00
      0.1480         1.00
      0.1490         1.00
      0.1500         1.00
      0.1510         1.00
      0.1520         1.00
      0.1530         1.00
      0.1540         1.00
      0.1550         1.00
      0.1560         1.00
      0.1570         1.00
      0.1580         1.00
      0.1590         1.00
      0.1600         1.00
      0.1610         1.00
      0.1620         1.00
      0.1630         1.00
      0.1640         1.00
      0.1650         1.00
      0.1660         1.00
      0.1670         1.00
      0.1680         1.00
      0.1690         1.00
      0.1700         1.00
      0.1710         1.00
      0.1720         1.00
      0.1730         1.00
      0.1740         1.00
      0.1750         1.00
      0.1760         1.00
      0.1770         1.00
      0.1780         1.00
      0.1790         1.00
      0.1800         1.00
      0.1810         1.00
      0.1820         1.00
      0.1830         1.00
      0.1840         1.00
      0.1850         1.00
      0.1860         1.00
      0.1870         1.00
      0.1880         1.00
      0.1890         1.00
      0.1900         1.00
      0.1910         1.00
      0.1920         1.00
      0.1930         1.00
      0.1940         1.00
      0.1950         1.00
      0.1960         1.00
      0.1970         1.00
      0.1980         1.00
      0.1990         1.00
      0.2000         1.00
      0.2010         1.00
      0.2020         1.00
      0.2030         1.00
      0.2040         1.00
      0.2050         1.00
      0.2060         1.00
      0.2070         1.00
      0.2080         1.00
      0.2090         1.00
      0.2100         1.00
      0.2110         1.00
      0.2120         1.00
      0.2130         1.00
      0.2140         1.00
      0.2150         1.00
      0.2160         1.00
      0.2170         1.00
      0.2180         1.00
      0.2190         1.00
      0.2200         1.00
      0.2210         1.00
      0.2220         1.00
      0.2230         1.00
      0.2240         1.00
      0.2250         1.00
      0.2260         1.00
      0.2270         1.00
      0.2280         1.00
      0.2290         1.00
      0.2300         1.00
      0.2310         1.00
      0.2320         1.00
      0.2330         1.00
      0.2340         1.00
      0.2350         1.00
      0.2360         1.00
      0.2370         1.00
      0.2380         1.00
      0.2390         1.00
      0.2400         1.00
      0.2410         1.00
      0.2420         1.00
      0.2430         1.00
      0.2440         1.00
      0.2450         1.00
      0.2460         1.00
      0.2470         1.00
      0.2480         1.00
      0.2490         1.00
      0.2500         1.00
      0.2510         1.00
      0.2520         1.00
      0.2530         1.00
      0.2540         1.00
      0.2550         1.00
      0.2560         1.00
      0.2570         1.00
      0.2580         1.00
      0.2590         1.00
      0.2600         1.00
      0.2610         1.00
      0.2620         1.00
      0.2630         1.00
      0.2640         1.00
      0.2650         1.00
      0.2660         1.00
      0.2670         1.00
      0.2680         1.00
      0.2690         1.00
      0.2700         1.00
      0.2710         1.00
      0.2720         1.00
      0.2730         1.00
      0.2740         1.00
      0.2750         1.00
      0.2760         1.00
      0.2770         1.00
      0.2780         1.00
      0.2790         1.00
      0.2800         1.00
      0.2810         1.00
      0.2820         1.00
      0.2830         1.00
      0.2840         1.00
      0.2850         1.00
      0.2860         1.00
      0.2870         1.00
      0.2880         1.00
      0.2890         1.00
      0.2900         1.00
      0.2910         1.00
      0.2920         1.00
      0.2930         1.00
      0.2940         1.00
      0.2950         1.00
      0.2960         1.00
      0.2970         1.00
      0.2980         1.00
      0.2990         1.00
      0.3000         1.00
      0.3010         1.00
      0.3020         1.00
      0.3030         1.00
      0.3040         1.00
      0.3050         1.00
      0.3060         1.00
      0.3070         1.00
      0.3080         1.00
      0.3090         1.00
      0.3100         1.00
      0.3110         1.00
      0.3120         1.00
      0.3130         1.00
      0.3140         1.00
      0.3150         1.00
      0.3160         1.00
      0.3170         1.00
      0.3180         1.00
      0.3190         1.00
      0.3200         1.00
      0.3210         1.00
      0.3220         1.00
      0.3230         1.00
      0.3240         1.00
      0.3250         1.00
      0.3260         1.00
      0.3270         1.00
      0.3280         1.00
      0.3290         1.00
      0.3300         1.00
      0.3310         1.00
      0.3320         1.00
      0.3330         1.00
      0.3340         1.00
      0.3350         1.00
      0.3360         1.00
      0.3370         1.00
      0.3380         1.00
      0.3390         1.00
      0.3400         1.00
      0.3410         1.00
      0.3420         1.00
      0.3430         1.00
      0.3440         1.00
      0.3450         1.00
      0.3460         1.00
      0.3470         1.00
      0.3480         1.00
      0.3490         1.00
      0.3500         1.00
      0.3510         1.00
      0.3520         1.00
      0.3530         1.00
      0.3540         1.00
      0.3550         1.00
      0.3560         1.00
      0.3570         1.00
      0.3580         1.00
      0.3590         1.00
      0.3600         1.00
      0.3610         1.00
      0.3620         1.00
      0.3630         1.00
      0.3640         1.00
      0.3650         1.00
      0.3660         1.00
      0.3670         1.00
      0.3680         1.00
      0.3690         1.00
      0.3700         1.00
      0.3710         1.00
      0.3720         1.00
      0.3730         1.00
      0.3740         1.00
      0.3750         1.00
      0.3760         1.00
      0.3770         1.00
      0.3780         1.00
      0.3790         1.00
      0.3800         1.00
      0.3810         1.00
      0.3820         1.00
      0.3830         1.00
      0.3840         1.00
      0.3850         1.00
      0.3860         1.00
      0.3870         1.00
      0.3880         1.00
      0.3890         1.00
      0.3900         1.00
      0.3910         1.00
      0.3920         1.00
      0.3930         1.00
      0.3940         1.00
      0.3950         1.00
      0.3960         1.00
      0.3970         1.00
      0.3980         1.00
      0.3990         1.00
      0.4000         1.00
      0.4010         1.00
      0.4020         1.00
      0.4030         1.00
      0.4040         1.00
      0.4050         1.00
      0.4060         1.00
      0.4070         1.00
      0.4080         1.00
      0.4090         1.00
      0.4100         1.00
      0.4110         1.00
      0.4120         1.00
      0.4130         1.00
      0.4140         1.00
      0.4150         1.00
      0.4160         1.00
      0.4170         1.00
      0.4180         1.00
      0.4190         1.00
      0.4200         1.00
      0.4210         1.00
      0.4220         1.00
      0.4230         1.00
      0.4240         1.00
      0.4250         1.00
      0.4260         1.00
      0.4270         1.00
      0.4280         1.00
      0.4290         1.00
      0.4300         1.00
      0.4310         1.00
      0.4320         1.00
      0.4330         1.00
      0.4340         1.00
      0.4350         1.00
      0.4360         1.00
      0.4370         1.00
      0.4380         1.00
      0.4390         1.00
      0.4400         1.00
      0.4410         1.00
      0.4420         1.00
      0.4430         1.00
      0.4440         1.00
      0.4450         1.00
      0.4460         1.00
      0.4470         1.00
      0.4480         1.00
      0.4490         1.00
      0.4500         1.00
      0.4510         1.00
      0.4520         1.00
      0.4530         1.00
      0.4540         1.00
      0.4550         1.00
      0.4560         1.00
      0.4570         1.00
      0.4580         1.00
      0.4590         1.00
      0.4600         1.00
      0.4610         1.00
      0.4620         1.00
      0.4630         1.00
      0.4640         1.00
      0.4650         1.00
      0.4660         1.00
      0.4670         1.00
      0.4680         1.00
      0.4690         1.00
      0.4700         1.00
      0.4710         1.00
      0.4720         1.00
      0.4730         1.00
      0.4740         1.00
      0.4750         1.00
      0.4760         1.00
      0.4770         1.00
      0.4780         1.00
      0.4790         1.00
      0.4800         1.00
      0.4810         1.00
      0.4820         1.00
      0.4830         1.00
      0.4840         1.00
      0.4850         1.00
      0.4860         1.00
      0.4870         1.00
      0.4880         1.00
      0.4890         1.00
      0.4900         1.00
      0.4910         1.00
      0.4920         1.00
      0.4930         1.00
      0.4940         1.00
      0.4950         1.00
      0.4960         1.00
      0.4970         1.00
      0.4980         1.00
      0.4990         1.00
      0.5000         1.00
      0.5010         1.00
      0.5020         1.00
      0.5030         1.00
      0.5040         1.00
      0.5050         1.00
      0.5060         1.00
      0.5070         1.00
      0.5080         1.00
      0.5090         1.00
      0.5100         1.00
      0.5110         1.00
      0.5120         1.00
      0.5130         1.00
      0.5140         1.00
      0.5150         1.00
      0.5160         1.00
      0.5170         1.00
      0.5180         1.00
      0.5190         1.00
      0.5200         1.00
      0.5210         1.00
      0.5220         1.00
      0.5230         1.00
      0.5240         1.00
      0.5250         1.00
      0.5260         1.00
      0.5270         1.00
      0.5280         1.00
      0.5290         1.00
      0.5300         1.00
      0.5310         1.00
      0.5320         1.00
      0.5330         1.00
      0.5340         1.00
      0.5350         1.00
      0.5360         1.00
      0.5370         1.00
      0.5380         1.00
      0.5390         1.00
      0.5400         1.00
      0.5410         1.00
      0.5420         1.00
      0.5430         1.00
      0.5440         1.00
      0.5450         1.00
      0.5460         1.00
      0.5470         1.00
      0.5480         1.00
      0.5490         1.00
      0.5500         1.00
      0.5510         1.00
      0.5520         1.00
      0.5530         1.00
      0.5540         1.00
      0.5550         1.00
      0.5560         1.00
      0.5570         1.00
      0.5580         1.00
      0.5590         1.00
      0.5600         1.00
      0.5610         1.00
      0.5620         1.00
      0.5630         1.00
      0.5640         1.00
      0.5650         1.00
      0.5660         1.00
      0.5670         1.00
      0.5680         1.00
      0.5690         1.00
      0.5700         1.00
      0.5710         1.00
      0.5720         1.00
      0.5730         1.00
      0.5740         1.00
      0.5750         1.00
      0.5760         1.00
      0.5770         1.00
      0.5780         1.00
      0.5790         1.00
      0.5800         1.00
      0.5810         1.00
      0.5820         1.00
      0.5830         1.00
      0.5840         1.00
      0.5850         1.00
      0.5860         1.00
      0.5870         1.00
      0.5880         1.00
      0.5890         1.00
      0.5900         1.00
      0.5910         1.00
      0.5920         1.00
      0.5930         1.00
      0.5940         1.00
      0.5950         1.00
      0.5960         1.00
      0.5970         1.00
      0.5980         1.00
      0.5990         1.07
      0.6000         1.18
      0.6010         1.22
      0.6020         1.29
      0.6030         1.25
      0.6040         1.26
      0.6050         1.30
      0.6060         1.00
      0.6070         1.35
      0.6080         1.47
      0.6090         1.46
      0.6100         1.51
      0.6110         2.06
      0.6120         2.14
      0.6130         1.66
      0.6140         1.70
      0.6150         1.69
      0.6160         1.64
      0.6170         1.61
      0.6180         1.69
      0.6190         2.20
      0.6200         2.22
      0.6210         2.21
      0.6220         2.17
      0.6230         1.77
      0.6240         1.81
      0.6250         1.79
      0.6260         1.75
      0.6270         1.76
      0.6280         1.69
      0.6290         1.73
      0.6300         1.73
      0.6310         1.73
      0.6320         1.69
      0.6330         1.61
      0.6340         1.73
      0.6350         1.77
      0.6360         2.32
      0.6370         2.32
      0.6380         1.81
      0.6390         1.77
      0.6400         1.73
      0.6410         1.78
      0.6420         1.77
      0.6430         2.32
      0.6440         2.36
      0.6450         2.32
      0.6460         2.91
      0.6470         1.96
      0.6480         2.00
      0.6490         2.15
      0.6500         2.67
      0.6510         3.31
      0.6520         3.46
      0.6530         3.56
      0.6540         3.47
      0.6550         3.45
      0.6560         3.52
      0.6570         3.04
      0.6580         3.10
      0.6590         3.66
      0.6600         3.19
      0.6610         3.74
      0.6620         2.68
      0.6630         3.19
      0.6640         3.21
      0.6650         3.75
      0.6660         3.28
      0.6670         3.37
      0.6680         3.38
      0.6690         3.32
      0.6700         3.38
      0.6710         3.34
      0.6720         3.30
      0.6730         3.34
      0.6740         3.39
      0.6750         3.58
      0.6760         4.09
      0.6770         4.19
      0.6780         4.37
      0.6790         4.32
      0.6800         4.41
      0.6810         4.43
      0.6820         4.55
      0.6830         4.58
      0.6840         4.61
      0.6850         4.66
      0.6860         4.53
      0.6870         4.61
      0.6880         4.68
      0.6890         4.74
      0.6900         4.70
      0.6910         4.72
      0.6920         4.81
      0.6930         4.69
      0.6940         4.69
      0.6950         4.58
      0.6960         4.61
      0.6970         4.60
      0.6980         4.60
      0.6990         4.70
      0.7000         4.64
      0.7010         4.14
      0.7020         4.14
      0.7030         4.12
      0.7040         4.23
      0.7050         4.34
      0.7060         4.39
      0.7070         4.41
      0.7080         4.40
      0.7090         4.36
      0.7100         4.32
      0.7110         4.36
      0.7120         4.47
      0.7130         4.40
      0.7140         4.51
      0.7150         4.06
      0.7160         4.10
      0.7170         4.14
      0.7180         4.22
      0.7190         4.27
      0.7200         4.90
      0.7210         4.41
      0.7220         4.97
      0.7230         5.12
      0.7240         5.69
      0.7250         5.69
      0.7260         5.22
      0.7270         5.69
      0.7280         5.16
      0.7290         5.18
      0.7300         5.82
      0.7310         5.89
      0.7320         5.32
      0.7330         5.46
      0.7340         5.39
      0.7350         5.49
      0.7360         6.08
      0.7370         6.13
      0.7380         6.07
      0.7390         6.05
      0.7400         6.08
      0.7410         6.33
      0.7420         6.42
      0.7430         6.38
      0.7440         6.36
      0.7450         6.54
      0.7460         6.54
      0.7470         6.64
      0.7480         6.83
      0.7490         6.95
      0.7500         6.92
      0.7510         6.88
      0.7520         6.96
      0.7530         7.01
      0.7540         7.17
      0.7550         7.11
      0.7560         7.08
      0.7570         7.08
      0.7580         7.05
      0.7590         6.94
      0.7600         7.05
      0.7610         6.94
      0.7620         6.98
      0.7630         7.06
      0.7640         7.14
      0.7650         7.01
      0.7660         7.05
      0.7670         7.01
      0.7680         6.97
      0.7690         7.03
      0.7700         6.99
      0.7710         7.14
      0.7720         7.19
      0.7730         7.30
      0.7740         7.31
      0.7750         7.42
      0.7760         7.50
      0.7770         7.59
      0.7780         7.55
      0.7790         7.81
      0.7800         7.76
      0.7810         7.94
      0.7820         8.03
      0.7830         8.11
      0.7840         8.17
      0.7850         8.29
      0.7860         8.41
      0.7870         8.50
      0.7880         8.57
      0.7890         8.50
      0.7900         8.76
      0.7910         8.72
      0.7920         8.78
      0.7930         8.82
      0.7940         8.90
      0.7950         8.93
      0.7960         8.94
      0.7970         9.08
      0.7980         9.19
      0.7990         9.19
      0.8000         9.26
      0.8010         9.26
      0.8020         9.19
      0.8030         9.21
      0.8040         9.22
      0.8050         9.19
      0.8060         9.26
      0.8070         9.31
      0.8080         9.27
      0.8090         9.35
      0.8100         9.38
      0.8110         9.58
      0.8120         9.65
      0.8130         9.73
      0.8140         9.72
      0.8150         9.82
      0.8160        10.03
      0.8170        10.08
      0.8180        10.20
      0.8190        10.22
      0.8200        10.40
      0.8210        10.40
      0.8220        10.51
      0.8230        10.60
      0.8240        10.75
      0.8250        10.90
      0.8260        10.90
      0.8270        10.97
      0.8280        11.03
      0.8290        11.25
      0.8300        11.18
      0.8310        11.09
      0.8320        11.08
      0.8330        11.06
      0.8340        11.12
      0.8350        11.21
      0.8360        11.15
      0.8370        11.17
      0.8380        11.12
      0.8390        11.12
      0.8400        11.10
      0.8410        11.14
      0.8420        11.19
      0.8430        11.24
      0.8440        11.07
      0.8450        11.08
      0.8460        11.15
      0.8470        11.23
      0.8480        11.25
      0.8490        11.13
      0.8500        11.25
      0.8510        11.35
      0.8520        11.48
      0.8530        11.48
      0.8540        11.46
      0.8550        11.40
      0.8560        11.57
      0.8570        11.50
      0.8580        11.57
      0.8590        11.63
      0.8600        11.54
      0.8610        11.65
      0.8620        11.58
      0.8630        11.49
      0.8640        11.70
      0.8650        11.73
      0.8660        11.81
      0.8670        11.81
      0.8680        11.92
      0.8690        12.00
      0.8700        11.97
      0.8710        11.88
      0.8720        11.89
      0.8730        11.94
      0.8740        11.93
      0.8750        12.06
      0.8760        12.06
      0.8770        12.17
      0.8780        12.20
      0.8790        12.24
      0.8800        12.29
      0.8810        12.29
      0.8820        12.40
      0.8830        12.56
      0.8840        12.46
      0.8850        12.38
      0.8860        12.30
      0.8870        12.33
      0.8880        12.37
      0.8890        12.33
      0.8900        12.39
      0.8910        12.64
      0.8920        12.70
      0.8930        12.78
      0.8940        12.91
      0.8950        12.89
      0.8960        12.99
      0.8970        13.09
      0.8980        13.11
      0.8990        13.23
      0.9000        13.41
      0.9010        13.40
      0.9020        13.48
      0.9030        13.42
      0.9040        13.54
      0.9050        13.74
      0.9060        14.02
      0.9070        14.06
      0.9080        14.09
      0.9090        14.25
      0.9100        14.32
      0.9110        14.24
      0.9120        14.18
      0.9130        14.17
      0.9140        14.16
      0.9150        14.09
      0.9160        14.09
      0.9170        14.01
      0.9180        14.08
      0.9190        14.21
      0.9200        14.15
      0.9210        14.14
      0.9220        14.10
      0.9230        14.27
      0.9240        14.32
      0.9250        14.28
      0.9260        14.14
      0.9270        14.17
      0.9280        14.17
      0.9290        14.27
      0.9300        14.32
      0.9310        14.37
      0.9320        14.41
      0.9330        14.48
      0.9340        14.67
      0.9350        14.87
      0.9360        14.88
      0.9370        14.97
      0.9380        15.17
      0.9390        15.01
      0.9400        15.04
      0.9410        15.20
      0.9420        15.26
      0.9430        15.20
      0.9440        15.25
      0.9450        15.30
      0.9460        15.26
      0.9470        15.32
      0.9480        15.36
      0.9490        15.25
      0.9500        15.24
      0.9510        15.36
      0.9520        15.36
      0.9530        15.47
      0.9540        15.41
      0.9550        15.37
      0.9560        15.31
      0.9570        15.39
      0.9580        15.31
      0.9590        15.41
      0.9600        15.56
      0.9610        15.56
      0.9620        15.64
      0.9630        15.70
      0.9640        15.82
      0.9650        15.80
      0.9660        16.00
      0.9670        16.08
      0.9680        16.28
      0.9690        16.41
      0.9700        16.61
      0.9710        16.48
      0.9720        16.56
      0.9730        16.53
      0.9740        16.68
      0.9750        16.88
      0.9760        17.03
      0.9770        17.01
      0.9780        16.97
      0.9790        16.90
      0.9800        16.89
      0.9810        17.01
      0.9820        17.06
      0.9830        17.07
      0.9840        16.91
      0.9850        17.22
      0.9860        17.16
      0.9870        17.21
      0.9880        17.09
      0.9890        17.10
      0.9900        17.01
      0.9910        17.13
      0.9920        17.29
      0.9930        17.44
      0.9940        17.46
      0.9950        17.44
      0.9960        17.44
      0.9970        17.58
      0.9980        17.64
      0.9990        17.81
      1.0000        17.92
      1.0010        17.96
      1.0020        17.99
      1.0030        18.07
      1.0040        18.19
      1.0050        18.04
      1.0060        18.09
      1.0070        18.04
      1.0080        18.19
      1.0090        18.28
      1.0100        18.23
      1.0110        18.31
      1.0120        18.35
      1.0130        18.36
      1.0140        18.32
      1.0150        18.39
      1.0160        18.31
      1.0170        18.35
      1.0180        18.43
      1.0190        18.54
      1.0200        18.52
      1.0210        18.43
      1.0220        18.54
      1.0230        18.55
      1.0240        18.71
      1.0250        18.86
      1.0260        18.99
      1.0270        19.19
      1.0280        19.15
      1.0290        19.12
      1.0300        19.24
      1.0310        19.25
      1.0320        19.16
      1.0330        19.12
      1.0340        19.13
      1.0350        19.07
      1.0360        19.21
      1.0370        19.31
      1.0380        19.36
      1.0390        19.28
      1.0400        19.27
      1.0410        19.38
      1.0420        19.39
      1.0430        19.35
      1.0440        19.32
      1.0450        19.28
      1.0460        19.38
      1.0470        19.36
      1.0480        19.55
      1.0490        19.60
      1.0500        19.62
      1.0510        19.71
      1.0520        19.86
      1.0530        19.96
      1.0540        20.15
      1.0550        20.17
      1.0560        20.32
      1.0570        20.26
      1.0580        20.28
      1.0590        20.22
      1.0600        20.34
      1.0610        20.38
      1.0620        20.28
      1.0630        20.38
      1.0640        20.42
      1.0650        20.52
      1.0660        20.45
      1.0670        20.33
      1.0680        20.28
      1.0690        20.32
      1.0700        20.46
      1.0710        20.37
      1.0720        20.34
      1.0730        20.32
      1.0740        20.24
      1.0750        20.34
      1.0760        20.28
      1.0770        20.30
      1.0780        20.38
      1.0790        20.48
      1.0800        20.47
      1.0810        20.59
      1.0820        20.59
      1.0830        20.67
      1.0840        20.71
      1.0850        20.68
      1.0860        20.80
      1.0870        20.82
      1.0880        20.74
      1.0890        20.85
      1.0900        20.86
      1.0910        20.80
      1.0920        20.93
      1.0930        20.90
      1.0940        20.86
      1.0950        20.85
      1.0960        20.90
      1.0970        20.80
      1.0980        20.81
      1.0990        20.78
      1.1000        20.84
      1.1010        20.76
      1.1020        20.87
      1.1030        20.87
      1.1040        20.86
      1.1050        20.92
      1.1060        20.90
      1.1070        21.00
      1.1080        21.14
      1.1090        21.10
      1.1100        21.10
      1.1110        21.37
      1.1120        21.24
      1.1130        21.30
      1.1140        21.38
      1.1150        21.39
      1.1160        21.37
      1.1170        21.46
      1.1180        21.52
      1.1190        21.65
      1.1200        21.73
      1.1210        21.74
      1.1220        21.83
      1.1230        21.82
      1.1240        21.74
      1.1250        21.71
      1.1260        21.73
      1.1270        21.80
      1.1280        21.74
      1.1290        21.80
      1.1300        21.65
      1.1310        21.58
      1.1320        21.71
      1.1330        21.86
      1.1340        21.85
      1.1350        21.93
      1.1360        22.09
      1.1370        22.09
      1.1380        22.10
      1.1390        22.18
      1.1400        22.18
      1.1410        22.24
      1.1420        22.31
      1.1430        22.34
      1.1440        22.37
      1.1450        22.43
      1.1460        22.36
      1.1470        22.38
      1.1480        22.49
      1.1490        22.53
      1.1500        22.66
      1.1510        22.65
      1.1520        22.56
      1.1530        22.59
      1.1540        22.73
      1.1550        22.79
      1.1560        22.72
      1.1570        22.89
      1.1580        22.91
      1.1590        22.95
      1.1600        22.97
      1.1610        22.95
      1.1620        22.93
      1.1630        23.01
      1.1640        23.06
      1.1650        23.11
      1.1660        23.30
      1.1670        23.42
      1.1680        23.63
      1.1690        23.71
      1.1700        23.83
      1.1710        23.94
      1.1720        24.18
      1.1730        24.09
      1.1740        24.13
      1.1750        24.14
      1.1760        24.17
      1.1770        24.18
      1.1780        24.30
      1.1790        24.23
      1.1800        24.19
      1.1810        24.33
      1.1820        24.31
      1.1830        24.34
      1.1840        24.37
      1.1850        24.31
      1.1860        24.27
      1.1870        24.30
      1.1880        24.10
      1.1890        24.07
      1.1900        23.99
      1.1910        24.06
      1.1920        23.91
      1.1930        23.99
      1.1940        24.00
      1.1950        23.96
      1.1960        24.05
      1.1970        24.01
      1.1980        24.04
      1.1990        24.08
      1.2000        24.09
      1.2010        24.06
      1.2020        24.21
      1.2030        24.19
      1.2040        24.29
      1.2050        24.32
      1.2060        24.26
      1.2070        24.20
      1.2080        24.16
      1.2090        24.04
      1.2100        24.12
      1.2110        24.06
      1.2120        24.12
      1.2130        24.13
      1.2140        24.14
      1.2150        24.13
      1.2160        24.06
      1.2170        24.14
      1.2180        24.11
      1.2190        24.22
      1.2200        24.32
      1.2210        24.41
      1.2220        24.42
      1.2230        24.45
      1.2240        24.55
      1.2250        24.74
      1.2260        24.87
      1.2270        24.95
      1.2280        25.01
      1.2290        25.26
      1.2300        25.24
      1.2310        25.28
      1.2320        25.20
      1.2330        25.24
      1.2340        25.31
      1.2350        25.39
      1.2360        25.46
      1.2370        25.54
      1.2380        25.58
      1.2390        25.50
      1.2400        25.43
      1.2410        25.46
      1.2420        25.49
      1.2430        25.55
      1.2440        25.56
      1.2450        25.36
      1.2460        25.35
      1.2470        25.31
      1.2480        25.47
      1.2490        25.45
      1.2500        25.64
      1.2510        25.77
      1.2520        26.07
      1.2530        26.19
      1.2540        26.13
      1.2550        26.21
      1.2560        26.28
      1.2570        26.29
      1.2580        26.25
      1.2590        26.42
      1.2600        26.58
      1.2610        26.60
      1.2620        26.64
      1.2630        26.71
      1.2640        26.75
      1.2650        26.89
      1.2660        27.03
      1.2670        27.08
      1.2680        27.06
      1.2690        27.12
      1.2700        27.14
      1.2710        27.16
      1.2720        27.02
      1.2730        26.97
      1.2740        26.95
      1.2750        26.93
      1.2760        26.85
      1.2770        26.81
      1.2780        26.85
      1.2790        26.94
      1.2800        26.87
      1.2810        26.83
      1.2820        26.80
      1.2830        26.81
      1.2840        26.74
      1.2850        26.80
      1.2860        26.76
      1.2870        26.87
      1.2880        26.95
      1.2890        26.88
      1.2900        26.80
      1.2910        26.82
      1.2920        26.86
      1.2930        26.93
      1.2940        27.04
      1.2950        27.19
      1.2960        27.22
      1.2970        27.28
      1.2980        27.45
      1.2990        27.29
      1.3000        27.52
      1.3010        27.57
      1.3020        27.60
      1.3030        27.66
      1.3040        27.85
      1.3050        27.89
      1.3060        27.89
      1.3070        27.95
      1.3080        27.92
      1.3090        28.02
      1.3100        28.20
      1.3110        28.23
      1.3120        28.37
      1.3130        28.34
      1.3140        28.35
      1.3150        28.30
      1.3160        28.50
      1.3170        28.61
      1.3180        28.60
      1.3190        28.73
      1.3200        28.56
      1.3210        28.70
      1.3220        28.79
      1.3230        28.88
      1.3240        28.81
      1.3250        29.03
      1.3260        29.23
      1.3270        29.31
      1.3280        29.44
      1.3290        29.45
      1.3300        29.48
      1.3310        29.57
      1.3320        29.68
      1.3330        29.80
      1.3340        29.94
      1.3350        30.10
      1.3360        30.08
      1.3370        30.14
      1.3380        30.24
      1.3390        30.30
      1.3400        30.46
      1.3410        30.55
      1.3420        30.55
      1.3430        30.54
      1.3440        30.69
      1.3450        30.50
      1.3460        30.43
      1.3470        30.44
      1.3480        30.34
      1.3490        30.39
      1.3500        30.32
      1.3510        30.32
      1.3520        30.32
      1.3530        30.26
      1.3540        30.10
      1.3550        30.03
      1.3560        29.98
      1.3570        29.91
      1.3580        29.76
      1.3590        29.64
      1.3600        29.58
      1.3610        29.35
      1.3620        29.27
      1.3630        29.28
      1.3640        29.08
      1.3650        29.12
      1.3660        29.13
      1.3670        29.02
      1.3680        29.11
      1.3690        29.05
      1.3700        29.05
      1.3710        29.13
      1.3720        28.93
      1.3730        28.95
      1.3740        29.02
      1.3750        28.95
      1.3760        28.99
      1.3770        29.05
      1.3780        29.03
      1.3790        29.13
      1.3800        29.10
      1.3810        29.14
      1.3820        29.24
      1.3830        29.25
      1.3840        29.37
      1.3850        29.36
      1.3860        29.29
      1.3870        29.33
      1.3880        29.20
      1.3890        29.33
      1.3900        29.39
      1.3910        29.24
      1.3920        29.42
      1.3930        29.48
      1.3940        29.55
      1.3950        29.59
      1.3960        29.64
      1.3970        29.63
      1.3980        29.72
      1.3990        29.76
      1.4000        29.83
      1.4010        29.92
      1.4020        29.95
      1.4030        29.92
      1.4040        29.87
      1.4050        29.91
      1.4060        29.94
      1.4070        30.02
      1.4080        30.17
      1.4090        30.06
      1.4100        30.06
      1.4110        30.13
      1.4120        30.05
      1.4130        30.05
      1.4140        30.09
      1.4150        30.01
      1.4160        29.94
      1.4170        29.82
      1.4180        29.75
      1.4190        29.69
      1.4200        29.67
      1.4210        29.55
      1.4220        29.47
      1.4230        29.47
      1.4240        29.35
      1.4250        29.25
      1.4260        29.21
      1.4270        28.98
      1.4280        28.89
      1.4290        28.86
      1.4300        28.73
      1.4310        28.59
      1.4320        28.59
      1.4330        28.43
      1.4340        28.27
      1.4350        28.29
      1.4360        28.19
      1.4370        28.19
      1.4380        28.18
      1.4390        28.11
      1.4400        27.95
      1.4410        27.91
      1.4420        27.80
      1.4430        27.64
      1.4440        27.59
      1.4450        27.47
      1.4460        27.33
      1.4470        27.44
      1.4480        27.41
      1.4490        27.36
      1.4500        27.23
      1.4510        27.21
      1.4520        27.04
      1.4530        27.04
      1.4540        26.91
      1.4550        26.69
      1.4560        26.61
      1.4570        26.55
      1.4580        26.54
      1.4590        26.46
      1.4600        26.39
      1.4610        26.31
      1.4620        26.27
      1.4630        26.26
      1.4640        26.24
      1.4650        26.24
      1.4660        26.22
      1.4670        25.94
      1.4680        25.81
      1.4690        25.67
      1.4700        25.66
      1.4710        25.39
      1.4720        25.38
      1.4730        25.39
      1.4740        25.39
      1.4750        25.53
      1.4760        25.43
      1.4770        25.23
      1.4780        25.09
      1.4790        25.04
      1.4800        25.12
      1.4810        25.04
      1.4820        25.08
      1.4830        25.01
      1.4840        24.99
      1.4850        24.92
      1.4860        24.85
      1.4870        24.90
      1.4880        24.87
      1.4890        24.89
      1.4900        24.78
      1.4910        24.87
      1.4920        24.86
      1.4930        24.64
      1.4940        24.64
      1.4950        24.44
      1.4960        24.50
      1.4970        24.62
      1.4980        24.55
      1.4990        24.59
      1.5000        24.59
      1.5010        24.60
      1.5020        24.54
      1.5030        24.58
      1.5040        24.57
      1.5050        24.49
      1.5060        24.66
      1.5070        24.62
      1.5080        24.52
      1.5090        24.48
      1.5100        24.52
      1.5110        24.51
      1.5120        24.42
      1.5130        24.55
      1.5140        24.52
      1.5150        24.83
      1.5160        24.80
      1.5170        24.79
      1.5180        24.73
      1.5190        24.54
      1.5200        24.30
      1.5210        24.26
      1.5220        24.15
      1.5230        24.07
      1.5240        23.94
      1.5250        23.86
      1.5260        23.58
      1.5270        23.49
      1.5280        23.50
      1.5290        23.41
      1.5300        23.45
      1.5310        23.43
      1.5320        23.43
      1.5330        23.34
      1.5340        23.29
      1.5350        22.90
      1.5360        22.81
      1.5370        22.68
      1.5380        22.75
      1.5390        22.79
      1.5400        22.76
      1.5410        22.73
      1.5420        22.68
      1.5430        22.58
      1.5440        22.55
      1.5450        22.47
      1.5460        22.40
      1.5470        22.39
      1.5480        22.25
      1.5490        22.17
      1.5500        21.99
      1.5510        21.81
      1.5520        21.60
      1.5530        21.45
      1.5540        21.40
      1.5550        21.45
      1.5560        21.34
      1.5570        21.26
      1.5580        21.09
      1.5590        20.89
      1.5600        20.78
      1.5610        20.67
      1.5620        20.64
      1.5630        20.60
      1.5640        20.62
      1.5650        20.69
      1.5660        20.76
      1.5670        20.71
      1.5680        20.61
      1.5690        20.55
      1.5700        20.58
      1.5710        20.78
      1.5720        20.88
      1.5730        20.78
      1.5740        20.65
      1.5750        20.56
      1.5760        20.67
      1.5770        20.60
      1.5780        20.65
      1.5790        20.68
      1.5800        20.85
      1.5810        20.73
      1.5820        20.65
      1.5830        20.49
      1.5840        20.37
      1.5850        20.41
      1.5860        20.24
      1.5870        20.13
      1.5880        20.31
      1.5890        20.33
      1.5900        20.35
      1.5910        20.21
      1.5920        20.08
      1.5930        20.14
      1.5940        20.10
      1.5950        20.06
      1.5960        20.05
      1.5970        20.02
      1.5980        19.88
      1.5990        19.80
      1.6000        19.71
      1.6010        19.77
      1.6020        19.69
      1.6030        19.79
      1.6040        19.75
      1.6050        19.66
      1.6060        19.64
      1.6070        19.60
      1.6080        19.45
      1.6090        19.41
      1.6100        19.30
      1.6110        19.17
      1.6120        19.23
      1.6130        19.14
      1.6140        19.08
      1.6150        19.05
      1.6160        18.84
      1.6170        18.80
      1.6180        18.72
      1.6190        18.78
      1.6200        18.58
      1.6210        18.45
      1.6220        18.47
      1.6230        18.38
      1.6240        18.35
      1.6250        18.23
      1.6260        18.16
      1.6270        18.12
      1.6280        18.12
      1.6290        18.10
      1.6300        17.98
      1.6310        17.96
      1.6320        17.82
      1.6330        17.86
      1.6340        17.82
      1.6350        17.64
      1.6360        17.64
      1.6370        17.53
      1.6380        17.39
      1.6390        17.29
      1.6400        17.30
      1.6410        17.23
      1.6420        17.15
      1.6430        16.97
      1.6440        16.88
      1.6450        16.84
      1.6460        16.85
      1.6470        16.85
      1.6480        16.65
      1.6490        16.44
      1.6500        16.44
      1.6510        16.26
      1.6520        16.15
      1.6530        16.10
      1.6540        16.03
      1.6550        16.03
      1.6560        15.98
      1.6570        15.96
      1.6580        16.03
      1.6590        15.96
      1.6600        15.87
      1.6610        15.91
      1.6620        15.93
      1.6630        16.05
      1.6640        15.99
      1.6650        16.00
      1.6660        15.89
      1.6670        15.80
      1.6680        15.75
      1.6690        15.70
      1.6700        15.65
      1.6710        15.68
      1.6720        15.69
      1.6730        15.56
      1.6740        15.52
      1.6750        15.48
      1.6760        15.33
      1.6770        15.23
      1.6780        15.25
      1.6790        15.13
      1.6800        15.14
      1.6810        15.04
      1.6820        14.98
      1.6830        14.86
      1.6840        14.77
      1.6850        14.63
      1.6860        14.52
      1.6870        14.48
      1.6880        14.48
      1.6890        14.47
      1.6900        14.45
      1.6910        14.40
      1.6920        14.31
      1.6930        14.30
      1.6940        14.42
      1.6950        14.42
      1.6960        14.42
      1.6970        14.41
      1.6980        14.30
      1.6990        14.40
      1.7000        14.32
      1.7010        14.30
      1.7020        14.14
      1.7030        14.06
      1.7040        14.00
      1.7050        14.01
      1.7060        14.11
      1.7070        14.05
      1.7080        14.01
      1.7090        13.94
      1.7100        13.79
      1.7110        13.67
      1.7120        13.64
      1.7130        13.51
      1.7140        13.30
      1.7150        13.27
      1.7160        13.23
      1.7170        13.13
      1.7180        13.12
      1.7190        12.95
      1.7200        12.92
      1.7210        12.80
      1.7220        12.78
      1.7230        12.63
      1.7240        12.64
      1.7250        12.58
      1.7260        12.43
      1.7270        12.34
      1.7280        12.30
      1.7290        12.20
      1.7300        12.14
      1.7310        12.14
      1.7320        11.93
      1.7330        11.92
      1.7340        11.86
      1.7350        11.83
      1.7360        11.86
      1.7370        11.83
      1.7380        11.81
      1.7390        11.71
      1.7400        11.62
      1.7410        11.62
      1.7420        11.46
      1.7430        11.51
      1.7440        11.40
      1.7450        11.26
      1.7460        11.17
      1.7470        11.17
      1.7480        11.11
      1.7490        11.14
      1.7500        11.04
      1.7510        10.95
      1.7520        10.92
      1.7530        10.67
      1.7540        10.57
      1.7550        10.51
      1.7560        10.34
      1.7570        10.32
      1.7580        10.08
      1.7590         9.94
      1.7600         9.90
      1.7610         9.86
      1.7620         9.94
      1.7630         9.92
      1.7640         9.92
      1.7650         9.93
      1.7660         9.90
      1.7670         9.81
      1.7680         9.73
      1.7690         9.61
      1.7700         9.70
      1.7710         9.67
      1.7720         9.70
      1.7730         9.82
      1.7740         9.74
      1.7750         9.64
      1.7760         9.77
      1.7770         9.68
      1.7780         9.71
      1.7790         9.82
      1.7800         9.78
      1.7810         9.67
      1.7820         9.58
      1.7830         9.47
      1.7840         9.39
      1.7850         9.34
      1.7860         9.34
      1.7870         9.30
      1.7880         9.30
      1.7890         9.26
      1.7900         9.22
      1.7910         9.11
      1.7920         9.08
      1.7930         9.08
      1.7940         9.10
      1.7950         9.05
      1.7960         8.88
      1.7970         8.87
      1.7980         8.84
      1.7990         8.83
      1.8000         8.72
      1.8010         8.72
      1.8020         8.63
      1.8030         8.71
      1.8040         8.72
      1.8050         8.60
      1.8060         8.60
      1.8070         8.58
      1.8080         8.42
      1.8090         8.40
      1.8100         8.30
      1.8110         8.38
      1.8120         8.25
      1.8130         8.19
      1.8140         8.05
      1.8150         7.92
      1.8160         7.80
      1.8170         7.67
      1.8180         7.57
      1.8190         7.40
      1.8200         7.39
      1.8210         7.13
      1.8220         7.04
      1.8230         6.92
      1.8240         6.73
      1.8250         6.62
      1.8260         6.48
      1.8270         6.38
      1.8280         6.25
      1.8290         6.22
      1.8300         6.06
      1.8310         5.91
      1.8320         5.86
      1.8330         5.69
      1.8340         5.64
      1.8350         5.72
      1.8360         5.73
      1.8370         5.76
      1.8380         5.77
      1.8390         5.78
      1.8400         5.77
      1.8410         5.93
      1.8420         5.93
      1.8430         5.73
      1.8440         5.72
      1.8450         5.76
      1.8460         5.70
      1.8470         5.67
      1.8480         5.72
      1.8490         5.57
      1.8500         5.58
      1.8510         5.45
      1.8520         5.37
      1.8530         5.25
      1.8540         5.18
      1.8550         4.96
      1.8560         4.91
      1.8570         4.76
      1.8580         4.68
      1.8590         4.72
      1.8600         4.63
      1.8610         4.45
      1.8620         4.33
      1.8630         4.36
      1.8640         4.36
      1.8650         4.17
      1.8660         4.04
      1.8670         3.99
      1.8680         3.93
      1.8690         3.90
      1.8700         3.83
      1.8710         3.88
      1.8720         3.87
      1.8730         3.90
      1.8740         3.99
      1.8750         3.92
      1.8760         3.90
      1.8770         3.91
      1.8780         3.94
      1.8790         3.67
      1.8800         3.50
      1.8810         2.99
      1.8820         2.98
      1.8830         2.97
      1.8840         2.93
      1.8850         3.54
      1.8860         3.05
      1.8870         3.00
      1.8880         2.96
      1.8890         3.01
      1.8900         3.42
      1.8910         2.89
      1.8920         3.43
      1.8930         3.45
      1.8940         3.37
      1.8950         3.51
      1.8960         3.42
      1.8970         3.36
      1.8980         3.22
      1.8990         3.32
      1.9000         3.44
      1.9010         3.50
      1.9020         3.47
      1.9030         3.40
      1.9040         3.46
      1.9050         3.39
      1.9060         3.35
      1.9070         3.19
      1.9080         3.10
      1.9090         3.01
      1.9100         2.55
      1.9110         2.50
      1.9120         2.42
      1.9130         2.53
      1.9140         2.47
      1.9150         2.36
      1.9160         2.35
      1.9170         2.28
      1.9180         1.68
      1.9190         1.57
      1.9200         1.52
      1.9210         1.39
      1.9220         1.39
      1.9230         1.42
      1.9240         1.35
      1.9250         1.31
      1.9260         1.39
      1.9270         1.45
      1.9280         1.48
      1.9290         1.52
      1.9300         1.46
      1.9310         1.48
      1.9320         1.53
      1.9330         1.45
      1.9340         1.38
      1.9350         1.30
      1.9360         1.34
      1.9370         1.27
      1.9380         1.33
      1.9390         1.41
      1.9400         1.46
      1.9410         1.53
      1.9420         1.46
      1.9430         1.54
      1.9440         1.46
      1.9450         1.37
      1.9460         1.31
      1.9470         1.29
      1.9480         1.00
      1.9490         1.00
      1.9500         1.00
      1.9510         1.00
      1.9520         1.00
      1.9530         1.00
      1.9540         1.00
      1.9550         1.00
      1.9560         1.00
      1.9570         1.00
      1.9580         1.33
      1.9590         1.39
      1.9600         1.46
      1.9610         1.57
      1.9620         1.68
      1.9630         1.65
      1.9640         1.81
      1.9650         1.94
      1.9660         1.98
      1.9670         2.02
      1.9680         2.06
      1.9690         2.21
      1.9700         2.27
      1.9710         2.25
      1.9720         2.19
      1.9730         2.26
      1.9740         2.31
      1.9750         2.38
      1.9760         2.49
      1.9770         2.48
      1.9780         2.58
      1.9790         2.60
      1.9800         2.50
      1.9810         2.45
      1.9820         2.43
      1.9830         2.42
      1.9840         2.42
      1.9850         2.49
      1.9860         2.54
      1.9870         2.57
      1.9880         2.61
      1.9890         2.60
      1.9900         2.63
      1.9910         2.64
      1.9920         2.76
      1.9930         2.81
      1.9940         2.79
      1.9950         2.76
      1.9960         2.73
      1.9970         2.73
      1.9980         2.68
      1.9990         2.65
      2.0000         2.71
      2.0010         2.69
      2.0020         2.72
      2.0030         2.81
      2.0040         2.80
      2.0050         2.73
      2.0060         2.71
      2.0070         2.66
      2.0080         2.72
      2.0090         2.72
      2.0100         2.77
      2.0110         2.79
      2.0120         2.70
      2.0130         2.65
      2.0140         2.65
      2.0150         2.68
      2.0160         2.71
      2.0170         2.61
      2.0180         2.59
      2.0190         2.56
      2.0200         2.45
      2.0210         2.44
      2.0220         2.46
      2.0230         2.41
      2.0240         2.40
      2.0250         2.37
      2.0260         2.26
      2.0270         2.26
      2.0280         2.23
      2.0290         2.29
      2.0300         2.19
      2.0310         2.14
      2.0320         2.07
      2.0330         1.95
      2.0340         1.98
      2.0350         1.83
      2.0360         1.71
      2.0370         1.77
      2.0380         1.62
      2.0390         1.60
      2.0400         1.62
      2.0410         1.70
      2.0420         1.57
      2.0430         1.43
      2.0440         1.41
      2.0450         1.37
      2.0460         1.49
      2.0470         1.45
      2.0480         1.35
      2.0490         1.26
      2.0500         1.29
      2.0510         1.25
      2.0520         1.26
      2.0530         1.19
      2.0540         1.11
      2.0550         1.00
      2.0560         1.10
      2.0570         1.11
      2.0580         1.19
      2.0590         1.22
      2.0600         1.26
      2.0610         1.00
      2.0620         1.00
      2.0630         1.00
      2.0640         1.00
      2.0650         1.00
      2.0660         1.00
      2.0670         1.00
      2.0680         1.00
      2.0690         1.00
      2.0700         1.00
      2.0710         1.00
      2.0720         1.00
      2.0730         1.00
      2.0740         1.00
      2.0750         1.15
      2.0760         1.14
      2.0770         1.00
      2.0780         1.00
      2.0790         1.00
      2.0800         1.00
      2.0810         1.00
      2.0820         1.00
      2.0830         1.00
      2.0840         1.00
      2.0850         1.00
      2.0860         1.00
      2.0870         1.00
      2.0880         1.00
      2.0890         1.00
      2.0900         1.00
      2.0910         1.00
      2.0920         1.00
      2.0930         1.00
      2.0940         1.00
      2.0950         1.00
      2.0960         1.00
      2.0970         1.00
      2.0980         1.00
      2.0990         1.00
      2.1000         1.00
      2.1010         1.00
      2.1020         1.00
      2.1030         1.00
      2.1040         1.00
      2.1050         1.00
      2.1060         1.00
      2.1070         1.00
      2.1080         1.00
      2.1090         1.00
      2.1100         1.00
      2.1110         1.00
      2.1120         1.00
      2.1130         1.00
      2.1140         1.00
      2.1150         1.00
      2.1160         1.00
      2.1170         1.00
      2.1180         1.00
      2.1190         1.00
      2.1200         1.00
      2.1210         1.00
      2.1220         1.00
      2.1230         1.00
      2.1240         1.00
      2.1250         1.00
      2.1260         1.00
      2.1270         1.00
      2.1280         1.00
      2.1290         1.00
      2.1300         1.00
      2.1310         1.00
      2.1320         1.00
      2.1330         1.00
      2.1340         1.00
      2.1350         1.00
      2.1360         1.00
      2.1370         1.00
      2.1380         1.00
      2.1390         1.00
      2.1400         1.00
      2.1410         1.00
      2.1420         1.00
      2.1430         1.00
      2.1440         1.00
      2.1450         1.00
      2.1460         1.00
      2.1470         1.00
      2.1480         1.00
      2.1490         1.00
      2.1500         1.00
      2.1510         1.00
      2.1520         1.00
      2.1530         1.00
      2.1540         1.00
      2.1550         1.00
      2.1560         1.00
      2.1570         1.00
      2.1580         1.00
      2.1590         1.00
      2.1600         1.00
      2.1610         1.00
      2.1620         1.00
      2.1630         1.00
      2.1640         1.00
      2.1650         1.00
      2.1660         1.00
      2.1670         1.00
      2.1680         1.00
      2.1690         1.00
      2.1700         1.00
      2.1710         1.00
      2.1720         1.00
      2.1730         1.00
      2.1740         1.00
      2.1750         1.00
      2.1760         1.00
      2.1770         1.00
      2.1780         1.00
      2.1790         1.00
      2.1800         1.00
      2.1810         1.00
      2.1820         1.00
      2.1830         1.00
      2.1840         1.00
      2.1850         1.00
      2.1860         1.00
      2.1870         1.00
      2.1880         1.00
      2.1890         1.00
      2.1900         1.00
      2.1910         1.00
      2.1920         1.00
      2.1930         1.00
      2.1940         1.00
      2.1950         1.00
      2.1960         1.00
      2.1970         1.00
      2.1980         1.00
      2.1990         1.00
      2.2000         1.00
      2.2010         1.00
      2.2020         1.00
      2.2030         1.00
      2.2040         1.00
      2.2050         1.00
      2.2060         1.00
      2.2070         1.00
      2.2080         1.00
      2.2090         1.00
      2.2100         1.00
      2.2110         1.00
      2.2120         1.00
      2.2130         1.00
      2.2140         1.00
      2.2150         1.00
      2.2160         1.00
      2.2170         1.00
      2.2180         1.00
      2.2190         1.00
      2.2200         1.00
      2.2210         1.00
      2.2220         1.00
      2.2230         1.00
      2.2240         1.00
      2.2250         1.00
      2.2260         1.00
      2.2270         1.00
      2.2280         1.00
      2.2290         1.00
      2.2300         1.00
      2.2310         1.00
      2.2320         1.00
      2.2330         1.00
      2.2340         1.00
      2.2350         1.00
      2.2360         1.00
      2.2370         1.00
      2.2380         1.00
      2.2390         1.00
      2.2400         1.00
      2.2410         1.00
      2.2420         1.00
      2.2430         1.00
      2.2440         1.00
      2.2450         1.00
      2.2460         1.00
      2.2470         1.00
      2.2480         1.00
      2.2490         1.00
      2.2500         1.00
      2.2510         1.00
      2.2520         1.00
      2.2530         1.00
      2.2540         1.00
      2.2550         1.00
      2.2560         1.00
      2.2570         1.00
      2.2580         1.00
      2.2590         1.00
      2.2600         1.00
      2.2610         1.00
      2.2620         1.00
      2.2630         1.00
      2.2640         1.00
      2.2650         1.00
      2.2660         1.00
      2.2670         1.00
      2.2680         1.00
      2.2690         1.00
      2.2700         1.00
      2.2710         1.00
      2.2720         1.00
      2.2730         1.00
      2.2740         1.00
      2.2750         1.00
      2.2760         1.00
      2.2770         1.00
      2.2780         1.00
      2.2790         1.00
      2.2800         1.00
      2.2810         1.00
      2.2820         1.00
      2.2830         1.00
      2.2840         1.00
      2.2850         1.00
      2.2860         1.00
      2.2870         1.00
      2.2880         1.00
      2.2890         1.00
      2.2900         1.00
      2.2910         1.00
      2.2920         1.00
      2.2930         1.00
      2.2940         1.00
      2.2950         1.00
      2.2960         1.00
      2.2970         1.00
      2.2980         1.00
      2.2990         1.00
      2.3000         1.00
      2.3010         1.00
      2.3020         1.00
      2.3030         1.00
      2.3040         1.00
      2.3050         1.00
      2.3060         1.00
      2.3070         1.00
      2.3080         1.00
      2.3090         1.00
      2.3100         1.00
      2.3110         1.00
      2.3120         1.00
      2.3130         1.00
      2.3140         1.00
      2.3150         1.00
      2.3160         1.00
      2.3170         1.00
      2.3180         1.00
      2.3190         1.00
      2.3200         1.00
      2.3210         1.00
      2.3220         1.00
      2.3230         1.00
      2.3240         1.00
      2.3250         1.00
      2.3260         1.00
      2.3270         1.00
      2.3280         1.00
      2.3290         1.00
      2.3300         1.00
      2.3310         1.00
      2.3320         1.00
      2.3330         1.00
      2.3340         1.00
      2.3350         1.00
      2.3360         1.00
      2.3370         1.00
      2.3380         1.00
      2.3390         1.00
      2.3400         1.00
      2.3410         1.00
      2.3420         1.00
      2.3430         1.00
      2.3440         1.00
      2.3450         1.00
      2.3460         1.00
      2.3470         1.00
      2.3480         1.00
      2.3490         1.00
      2.3500         1.00
      2.3510         1.00
      2.3520         1.00
      2.3530         1.00
      2.3540         1.00
      2.3550         1.00
      2.3560         1.00
      2.3570         1.00
      2.3580         1.00
      2.3590         1.00
      2.3600         1.00
      2.3610         1.00
      2.3620         1.00
      2.3630         1.00
      2.3640         1.00
      2.3650         1.00
      2.3660         1.00
      2.3670         1.00
      2.3680         1.00
      2.3690         1.00
      2.3700         1.00
      2.3710         1.00
      2.3720         1.00
      2.3730         1.00
      2.3740         1.00
      2.3750         1.00
      2.3760         1.00
      2.3770         1.00
      2.3780         1.00
      2.3790         1.00
      2.3800         1.00
      2.3810         1.00
      2.3820         1.00
      2.3830         1.00
      2.3840         1.00
      2.3850         1.00
      2.3860         1.00
      2.3870         1.00
      2.3880         1.00
      2.3890         1.00
      2.3900         1.00
      2.3910         1.00
      2.3920         1.00
      2.3930         1.00
      2.3940         1.00
      2.3950         1.00
      2.3960         1.00
      2.3970         1.00
      2.3980         1.00
      2.3990         1.00
      2.4000         1.00
      2.4010         1.00
      2.4020         1.00
      2.4030         1.00
      2.4040         1.00
      2.4050         1.00
      2.4060         1.00
      2.4070         1.00
      2.4080         1.00
      2.4090         1.00
      2.4100         1.00
      2.4110         1.00
      2.4120         1.00
      2.4130         1.00
      2.4140         1.00
      2.4150         1.00
      2.4160         1.00
      2.4170         1.00
      2.4180         1.00
      2.4190         1.00
      2.4200         1.00
      2.4210         1.00
      2.4220         1.00
      2.4230         1.00
      2.4240         1.00
      2.4250         1.00
      2.4260         1.00
      2.4270         1.00
      2.4280         1.00
      2.4290         1.00
      2.4300         1.00
      2.4310         1.00
      2.4320         1.00
      2.4330         1.00
      2.4340         1.00
      2.4350         1.00
      2.4360         1.00
      2.4370         1.00
      2.4380         1.00
      2.4390         1.00
      2.4400         1.00
      2.4410         1.00
      2.4420         1.00
      2.4430         1.00
      2.4440         1.00
      2.4450         1.00
      2.4460         1.00
      2.4470         1.00
      2.4480         1.00
      2.4490         1.00
      2.4500         1.00
      2.4510         1.00
      2.4520         1.00
      2.4530         1.00
      2.4540         1.00
      2.4550         1.00
      2.4560         1.00
      2.4570         1.00
      2.4580         1.00
      2.4590         1.00
      2.4600         1.00
      2.4610         1.00
      2.4620         1.00
      2.4630         1.00
      2.4640         1.00
      2.4650         1.00
      2.4660         1.00
      2.4670         1.00
      2.4680         1.00
      2.4690         1.00
      2.4700         1.00
      2.4710         1.00
      2.4720         1.00
      2.4730         1.00
      2.4740         1.00
      2.4750         1.00
      2.4760         1.00
      2.4770         1.00
      2.4780         1.00
      2.4790         1.00
      2.4800         1.00
      2.4810         1.00
      2.4820         1.00
      2.4830         1.00
      2.4840         1.00
      2.4850         1.00
      2.4860         1.00
      2.4870         1.00
      2.4880         1.00
      2.4890         1.00
      2.4900         1.00
      2.4910         1.00
      2.4920         1.00
      2.4930         1.00
      2.4940         1.00
      2.4950         1.00
      2.4960         1.00
      2.4970         1.00
      2.4980         1.00
      2.4990         1.00
      2.5000         1.00
      2.5010         1.00
      2.5020         1.00
      2.5030         1.00
      2.5040         1.00
      2.5050         1.00
      2.5060         1.00
      2.5070         1.00
      2.5080         1.00
      2.5090         1.00
      2.5100         1.00
      2.5110         1.00
      2.5120         1.00
      2.5130         1.00
      2.5140         1.00
      2.5150         1.00
      2.5160         1.00
      2.5170         1.00
      2.5180         1.00
      2.5190         1.00
      2.5200         1.00
      2.5210         1.00
      2.5220         1.00
      2.5230         1.00
      2.5240         1.00
      2.5250         1.00
      2.5260         1.00
      2.5270         1.00
      2.5280         1.00
      2.5290         1.00
      2.5300         1.00
      2.5310         1.00
      2.5320         1.00
      2.5330         1.00
      2.5340         1.00
      2.5350         1.00
      2.5360         1.00
      2.5370         1.00
      2.5380         1.00
      2.5390         1.00
      2.5400         1.00
      2.5410         1.00
      2.5420         1.00
      2.5430         1.00
      2.5440         1.00
      2.5450         1.00
      2.5460         1.00
      2.5470         1.00
      2.5480         1.00
      2.5490         1.00
      2.5500         1.00
      2.5510         1.00
      2.5520         1.00
      2.5530         1.00
      2.5540         1.00
      2.5550         1.00
      2.5560         1.00
      2.5570         1.00
      2.5580         1.00
      2.5590         1.00
      2.5600         1.00
      2.5610         1.00
      2.5620         1.00
      2.5630         1.00
      2.5640         1.00
      2.5650         1.00
      2.5660         1.00
      2.5670         1.00
      2.5680         1.00
      2.5690         1.00
      2.5700         1.00
      2.5710         1.00
      2.5720         1.00
      2.5730         1.00
      2.5740         1.00
      2.5750         1.00
      2.5760         1.00
      2.5770         1.00
      2.5780         1.00
      2.5790         1.00
      2.5800         1.00
      2.5810         1.00
      2.5820         1.00
      2.5830         1.00
      2.5840         1.00
      2.5850         1.00
      2.5860         1.00
      2.5870         1.00
      2.5880         1.00
      2.5890         1.00
      2.5900         1.00
      2.5910         1.00
      2.5920         1.00
      2.5930         1.00
      2.5940         1.00
      2.5950         1.00
      2.5960         1.00
      2.5970         1.00
      2.5980         1.00
      2.5990         1.00
      2.6000         1.00
      2.6010         1.00
      2.6020         1.00
      2.6030         1.00
      2.6040         1.00
      2.6050         1.00
      2.6060         1.00
      2.6070         1.00
      2.6080         1.00
      2.6090         1.00
      2.6100         1.00
      2.6110         1.00
      2.6120         1.00
      2.6130         1.00
      2.6140         1.00
      2.6150         1.00
      2.6160         1.00
      2.6170         1.00
      2.6180         1.00
      2.6190         1.00
      2.6200         1.00
      2.6210         1.00
      2.6220         1.00
      2.6230         1.00
      2.6240         1.00
      2.6250         1.00
      2.6260         1.00
      2.6270         1.00
      2.6280         1.00
      2.6290         1.00
      2.6300         1.00
      2.6310         1.00
      2.6320         1.00
      2.6330         1.00
      2.6340         1.00
      2.6350         1.00
      2.6360         1.00
      2.6370         1.00
      2.6380         1.00
      2.6390         1.00
      2.6400         1.00
      2.6410         1.00
      2.6420         1.00
      2.6430         1.00
      2.6440         1.00
      2.6450         1.00
      2.6460         1.00
      2.6470         1.00
      2.6480         1.00
      2.6490         1.00
      2.6500         1.00
      2.6510         1.00
      2.6520         1.00
      2.6530         1.00
      2.6540         1.00
      2.6550         1.00
      2.6560         1.00
      2.6570         1.00
      2.6580         1.00
      2.6590         1.00
      2.6600         1.00
      2.6610         1.00
      2.6620         1.00
      2.6630         1.00
      2.6640         1.00
      2.6650         1.00
      2.6660         1.00
      2.6670         1.00
      2.6680         1.00
      2.6690         1.00
      2.6700         1.00
      2.6710         1.00
      2.6720         1.00
      2.6730         1.00
      2.6740         1.00
      2.6750         1.00
      2.6760         1.00
      2.6770         1.00
      2.6780         1.00
      2.6790         1.00
      2.6800         1.00
      2.6810         1.00
      2.6820         1.00
      2.6830         1.00
      2.6840         1.00
      2.6850         1.00
      2.6860         1.00
      2.6870         1.00
      2.6880         1.00
      2.6890         1.00
      2.6900         1.00
      2.6910         1.00
      2.6920         1.00
      2.6930         1.00
      2.6940         1.00
      2.6950         1.00
      2.6960         1.00
      2.6970         1.00
      2.6980         1.00
      2.6990         1.00
      2.7000         1.00
      2.7010         1.00
      2.7020         1.00
      2.7030         1.00
      2.7040         1.00
      2.7050         1.00
      2.7060         1.00
      2.7070         1.00
      2.7080         1.00
      2.7090         1.00
      2.7100         1.00
      2.7110         1.00
      2.7120         1.00
      2.7130         1.00
      2.7140         1.00
      2.7150         1.00
      2.7160         1.00
      2.7170         1.00
      2.7180         1.00
      2.7190         1.00
      2.7200         1.00
      2.7210         1.00
      2.7220         1.00
      2.7230         1.00
      2.7240         1.00
      2.7250         1.00
      2.7260         1.00
      2.7270         1.00
      2.7280         1.00
      2.7290         1.00
      2.7300         1.00
      2.7310         1.00
      2.7320         1.00
      2.7330         1.00
      2.7340         1.00
      2.7350         1.00
      2.7360         1.00
      2.7370         1.00
      2.7380         1.00
      2.7390         1.00
      2.7400         1.00
      2.7410         1.00
      2.7420         1.00
      2.7430         1.00
      2.7440         1.00
      2.7450         1.00
      2.7460         1.00
      2.7470         1.00
      2.7480         1.00
      2.7490         1.00
      2.7500         1.00
      2.7510         1.00
      2.7520         1.00
      2.7530         1.00
      2.7540         1.00
      2.7550         1.00
      2.7560         1.00
      2.7570         1.00
      2.7580         1.00
      2.7590         1.00
      2.7600         1.00
      2.7610         1.00
      2.7620         1.00
      2.7630         1.00
      2.7640         1.00
      2.7650         1.00
      2.7660         1.00
      2.7670         1.00
      2.7680         1.00
      2.7690         1.00
      2.7700         1.00
      2.7710         1.00
      2.7720         1.00
      2.7730         1.00
      2.7740         1.00
      2.7750         1.00
      2.7760         1.00
      2.7770         1.00
      2.7780         1.00
      2.7790         1.00
      2.7800         1.00
      2.7810         1.00
      2.7820         1.00
      2.7830         1.00
      2.7840         1.00
      2.7850         1.00
      2.7860         1.00
      2.7870         1.00
      2.7880         1.00
      2.7890         1.00
      2.7900         1.00
      2.7910         1.00
      2.7920         1.00
      2.7930         1.00
      2.7940         1.00
      2.7950         1.00
      2.7960         1.00
      2.7970         1.00
      2.7980         1.00
      2.7990         1.00
      2.8000         1.00
      2.8010         1.00
      2.8020         1.00
      2.8030         1.00
      2.8040         1.00
      2.8050         1.00
      2.8060         1.00
      2.8070         1.00
      2.8080         1.00
      2.8090         1.00
      2.8100         1.00
      2.8110         1.00
      2.8120         1.00
      2.8130         1.00
      2.8140         1.00
      2.8150         1.00
      2.8160         1.00
      2.8170         1.00
      2.8180         1.00
      2.8190         1.00
      2.8200         1.00
      2.8210         1.00
      2.8220         1.00
      2.8230         1.00
      2.8240         1.00
      2.8250         1.00
      2.8260         1.00
      2.8270         1.00
      2.8280         1.00
      2.8290         1.00
      2.8300         1.00
      2.8310         1.00
      2.8320         1.00
      2.8330         1.00
      2.8340         1.00
      2.8350         1.00
      2.8360         1.00
      2.8370         1.00
      2.8380         1.00
      2.8390         1.00
      2.8400         1.00
      2.8410         1.00
      2.8420         1.00
      2.8430         1.00
      2.8440         1.00
      2.8450         1.00
      2.8460         1.00
      2.8470         1.00
      2.8480         1.00
      2.8490         1.00
      2.8500         1.00
      2.8510         1.00
      2.8520         1.00
      2.8530         1.00
      2.8540         1.00
      2.8550         1.00
      2.8560         1.00
      2.8570         1.00
      2.8580         1.00
      2.8590         1.00
      2.8600         1.00
      2.8610         1.00
      2.8620         1.00
      2.8630         1.00
      2.8640         1.00
      2.8650         1.00
      2.8660         1.00
      2.8670         1.00
      2.8680         1.00
      2.8690         1.00
      2.8700         1.00
      2.8710         1.00
      2.8720         1.00
      2.8730         1.00
      2.8740         1.00
      2.8750         1.00
      2.8760         1.00
      2.8770         1.00
      2.8780         1.00
      2.8790         1.00
      2.8800         1.00
      2.8810         1.00
      2.8820         1.00
      2.8830         1.00
      2.8840         1.00
      2.8850         1.00
      2.8860         1.00
      2.8870         1.00
      2.8880         1.00
      2.8890         1.00
      2.8900         1.00
      2.8910         1.00
      2.8920         1.00
      2.8930         1.00
      2.8940         1.00
      2.8950         1.00
      2.8960         1.00
      2.8970         1.00
      2.8980         1.00
      2.8990         1.00
      2.9000         1.00
      2.9010         1.00
      2.9020         1.00
      2.9030         1.00
      2.9040         1.00
      2.9050         1.00
      2.9060         1.00
      2.9070         1.00
      2.9080         1.00
      2.9090         1.00
      2.9100         1.00
      2.9110         1.00
      2.9120         1.00
      2.9130         1.00
      2.9140         1.00
      2.9150         1.00
      2.9160         1.00
      2.9170         1.00
      2.9180         1.00
      2.9190         1.00
      2.9200         1.00
      2.9210         1.00
      2.9220         1.00
      2.9230         1.00
      2.9240         1.00
      2.9250         1.00
      2.9260         1.00
      2.9270         1.00
      2.9280         1.00
      2.9290         1.00
      2.9300         1.00
      2.9310         1.00
      2.9320         1.00
      2.9330         1.00
      2.9340         1.00
      2.9350         1.00
      2.9360         1.00
      2.9370         1.00
      2.9380         1.00
      2.9390         1.00
      2.9400         1.00
      2.9410         1.00
      2.9420         1.00
      2.9430         1.00
      2.9440         1.00
      2.9450         1.00
      2.9460         1.00
      2.9470         1.00
      2.9480         1.00
      2.9490         1.00
      2.9500         1.00
      2.9510         1.00
      2.9520         1.00
      2.9530         1.00
      2.9540         1.00
      2.9550         1.00
      2.9560         1.00
      2.9570         1.00
      2.9580         1.00
      2.9590         1.00
      2.9600         1.00
      2.9610         1.00
      2.9620         1.00
      2.9630         1.00
      2.9640         1.00
      2.9650         1.00
      2.9660         1.00
      2.9670         1.00
      2.9680         1.00
      2.9690         1.00
      2.9700         1.00
      2.9710         1.00
      2.9720         1.00
      2.9730         1.00
      2.9740         1.00
      2.9750         1.00
      2.9760         1.00
      2.9770         1.00
      2.9780         1.00
      2.9790         1.00
      2.9800         1.00
      2.9810         1.00
      2.9820         1.00
      2.9830         1.00
      2.9840         1.00
      2.9850         1.00
      2.9860         1.00
      2.9870         1.00
      2.9880         1.00
      2.9890         1.00
      2.9900         1.00
      2.9910         1.00
      2.9920         1.00
      2.9930         1.00
      2.9940         1.00
      2.9950         1.00
      2.9960         1.00
      2.9970         1.00
      2.9980         1.00
      2.9990         1.00
