        Time   Palpation Force
      0.0000         1.00
      0.0010         1.00
      0.0020         1.00
      0.0030         1.00
      0.0040         1.00
      0.0050         1.00
      0.0060         1.00
      0.0070         1.00
      0.0080         1.00
      0.0090         1.00
      0.0100         1.00
      0.0110         1.00
      0.0120         1.00
      0.0130         1.00
      0.0140         1.00
      0.0150         1.00
      0.0160         1.00
      0.0170         1.00
      0.0180         1.00
      0.0190         1.07
      0.0200         1.00
      0.0210         1.00
      0.0220         1.19
      0.0230         1.21
      0.0240         1.00
      0.0250         1.00
      0.0260         1.17
      0.0270         1.00
      0.0280         1.22
      0.0290         1.29
      0.0300         1.27
      0.0310         1.16
      0.0320         1.00
      0.0330         1.00
      0.0340         1.00
      0.0350         1.00
      0.0360         1.00
      0.0370         1.00
      0.0380         1.00
      0.0390         1.00
      0.0400         1.00
      0.0410         1.00
      0.0420         1.00
      0.0430         1.00
      0.0440         1.00
      0.0450         1.00
      0.0460         1.00
      0.0470         1.00
      0.0480         1.00
      0.0490         1.00
      0.0500         1.00
      0.0510         1.00
      0.0520         1.00
      0.0530         1.00
      0.0540         1.00
      0.0550         1.08
      0.0560         1.12
      0.0570         1.18
      0.0580         1.19
      0.0590         1.24
      0.0600         1.00
      0.0610         1.00
      0.0620         1.00
      0.0630         1.00
      0.0640         1.00
      0.0650         1.00
      0.0660         1.00
      0.0670         1.00
      0.0680         1.00
      0.0690         1.00
      0.0700         1.00
      0.0710         1.00
      0.0720         1.00
      0.0730         1.00
      0.0740         1.00
      0.0750         1.00
      0.0760         1.00
      0.0770         1.19
      0.0780         1.16
      0.0790         1.15
      0.0800         1.14
      0.0810         1.15
      0.0820         1.19
      0.0830         1.22
      0.0840         1.26
      0.0850         1.27
      0.0860         1.29
      0.0870         1.26
      0.0880         1.22
      0.0890         1.27
      0.0900         1.29
      0.0910         1.00
      0.0920         1.00
      0.0930         1.00
      0.0940         1.00
      0.0950         1.00
      0.0960         1.00
      0.0970         1.00
      0.0980         1.04
      0.0990         1.04
      0.1000         1.15
      0.1010         1.15
      0.1020         1.00
      0.1030         1.00
      0.1040         1.00
      0.1050         1.00
      0.1060         1.00
      0.1070         1.00
      0.1080         1.00
      0.1090         1.00
      0.1100         1.00
      0.1110         1.00
      0.1120         1.00
      0.1130         1.00
      0.1140         1.00
      0.1150         1.30
      0.1160         1.33
      0.1170         1.31
      0.1180         1.23
      0.1190         1.21
      0.1200         1.08
      0.1210         1.00
      0.1220         1.00
      0.1230         1.00
      0.1240         1.14
      0.1250         1.11
      0.1260         1.00
      0.1270         1.00
      0.1280         1.00
      0.1290         1.00
      0.1300         1.00
      0.1310         1.00
      0.1320         1.00
      0.1330         1.00
      0.1340         1.00
      0.1350         1.00
      0.1360         1.00
      0.1370         1.00
      0.1380         1.00
      0.1390         1.00
      0.1400         1.00
      0.1410         1.00
      0.1420         1.00
      0.1430         1.00
      0.1440         1.00
      0.1450         1.00
      0.1460         1.00
      0.1470         1.00
      0.1480         1.00
      0.1490         1.00
      0.1500         1.12
      0.1510         1.15
      0.1520         1.00
      0.1530         1.00
      0.1540         1.00
      0.1550         1.00
      0.1560         1.00
      0.1570         1.16
      0.1580         1.19
      0.1590         1.22
      0.1600         1.22
      0.1610         1.25
      0.1620         1.23
      0.1630         1.26
      0.1640         1.25
      0.1650         1.25
      0.1660         1.26
      0.1670         1.25
      0.1680         1.25
      0.1690         1.23
      0.1700         1.21
      0.1710         1.21
      0.1720         1.13
      0.1730         1.11
      0.1740         1.04
      0.1750         1.00
      0.1760         1.00
      0.1770         1.00
      0.1780         1.00
      0.1790         1.00
      0.1800         1.00
      0.1810         1.00
      0.1820         1.00
      0.1830         1.00
      0.1840         1.00
      0.1850         1.00
      0.1860         1.00
      0.1870         1.00
      0.1880         1.00
      0.1890         1.14
      0.1900         1.19
      0.1910         1.15
      0.1920         1.00
      0.1930         1.19
      0.1940         1.33
      0.1950         1.34
      0.1960         1.33
      0.1970         1.26
      0.1980         1.18
      0.1990         1.04
      0.2000         1.00
      0.2010         1.03
      0.2020         1.00
      0.2030         1.00
      0.2040         1.00
      0.2050         1.00
      0.2060         1.00
      0.2070         1.00
      0.2080         1.00
      0.2090         1.00
      0.2100         1.00
      0.2110         1.00
      0.2120         1.00
      0.2130         1.00
      0.2140         1.00
      0.2150         1.00
      0.2160         1.00
      0.2170         1.00
      0.2180         1.00
      0.2190         1.00
      0.2200         1.00
      0.2210         1.00
      0.2220         1.00
      0.2230         1.00
      0.2240         1.00
      0.2250         1.00
      0.2260         1.00
      0.2270         1.00
      0.2280         1.00
      0.2290         1.00
      0.2300         1.03
      0.2310         1.00
      0.2320         1.00
      0.2330         1.04
      0.2340         1.00
      0.2350         1.00
      0.2360         1.00
      0.2370         1.00
      0.2380         1.04
      0.2390         1.02
      0.2400         1.17
      0.2410         1.14
      0.2420         1.10
      0.2430         1.00
      0.2440         1.00
      0.2450         1.00
      0.2460         1.00
      0.2470         1.00
      0.2480         1.00
      0.2490         1.00
      0.2500         1.00
      0.2510         1.00
      0.2520         1.00
      0.2530         1.00
      0.2540         1.00
      0.2550         1.00
      0.2560         1.00
      0.2570         1.00
      0.2580         1.00
      0.2590         1.00
      0.2600         1.00
      0.2610         1.17
      0.2620         1.25
      0.2630         1.27
      0.2640         1.12
      0.2650         1.00
      0.2660         1.00
      0.2670         1.00
      0.2680         1.00
      0.2690         1.00
      0.2700         1.00
      0.2710         1.00
      0.2720         1.00
      0.2730         1.00
      0.2740         1.00
      0.2750         1.30
      0.2760         1.00
      0.2770         1.18
      0.2780         1.00
      0.2790         1.00
      0.2800         1.00
      0.2810         1.00
      0.2820         1.00
      0.2830         1.07
      0.2840         1.18
      0.2850         1.15
      0.2860         1.23
      0.2870         1.19
      0.2880         1.21
      0.2890         1.16
      0.2900         1.00
      0.2910         1.19
      0.2920         1.20
      0.2930         1.20
      0.2940         1.20
      0.2950         1.00
      0.2960         1.31
      0.2970         1.34
      0.2980         1.41
      0.2990         1.42
      0.3000         1.46
      0.3010         1.41
      0.3020         1.33
      0.3030         1.30
      0.3040         1.31
      0.3050         1.31
      0.3060         1.23
      0.3070         1.26
      0.3080         1.33
      0.3090         1.27
      0.3100         1.25
      0.3110         1.23
      0.3120         1.18
      0.3130         1.12
      0.3140         1.14
      0.3150         1.08
      0.3160         1.00
      0.3170         1.00
      0.3180         1.00
      0.3190         1.00
      0.3200         1.00
      0.3210         1.00
      0.3220         1.00
      0.3230         1.00
      0.3240         1.00
      0.3250         1.00
      0.3260         1.00
      0.3270         1.00
      0.3280         1.00
      0.3290         1.00
      0.3300         1.00
      0.3310         1.23
      0.3320         1.27
      0.3330         1.27
      0.3340         1.00
      0.3350         1.00
      0.3360         1.00
      0.3370         1.00
      0.3380         1.00
      0.3390         1.00
      0.3400         1.00
      0.3410         1.00
      0.3420         1.00
      0.3430         1.00
      0.3440         1.18
      0.3450         1.23
      0.3460         1.30
      0.3470         1.26
      0.3480         1.19
      0.3490         1.23
      0.3500         1.15
      0.3510         1.13
      0.3520         1.19
      0.3530         1.16
      0.3540         1.19
      0.3550         1.30
      0.3560         1.23
      0.3570         1.27
      0.3580         1.33
      0.3590         1.38
      0.3600         1.50
      0.3610         1.44
      0.3620         1.34
      0.3630         1.30
      0.3640         1.30
      0.3650         1.25
      0.3660         1.00
      0.3670         1.00
      0.3680         1.00
      0.3690         1.00
      0.3700         1.00
      0.3710         1.00
      0.3720         1.00
      0.3730         1.00
      0.3740         1.00
      0.3750         1.00
      0.3760         1.00
      0.3770         1.00
      0.3780         1.00
      0.3790         1.29
      0.3800         1.29
      0.3810         1.33
      0.3820         1.32
      0.3830         1.40
      0.3840         1.34
      0.3850         1.37
      0.3860         1.38
      0.3870         1.41
      0.3880         1.45
      0.3890         1.42
      0.3900         1.39
      0.3910         1.48
      0.3920         1.52
      0.3930         1.53
      0.3940         1.45
      0.3950         1.45
      0.3960         1.52
      0.3970         1.56
      0.3980         1.63
      0.3990         1.61
      0.4000         1.61
      0.4010         1.59
      0.4020         1.61
      0.4030         1.58
      0.4040         1.58
      0.4050         1.60
      0.4060         1.53
      0.4070         1.54
      0.4080         1.46
      0.4090         1.45
      0.4100         1.48
      0.4110         1.52
      0.4120         1.58
      0.4130         1.61
      0.4140         1.49
      0.4150         1.43
      0.4160         1.42
      0.4170         1.47
      0.4180         1.47
      0.4190         1.57
      0.4200         1.51
      0.4210         1.56
      0.4220         1.54
      0.4230         1.58
      0.4240         1.53
      0.4250         1.52
      0.4260         1.58
      0.4270         1.61
      0.4280         1.63
      0.4290         1.60
      0.4300         1.52
      0.4310         1.41
      0.4320         1.42
      0.4330         1.36
      0.4340         1.48
      0.4350         1.54
      0.4360         1.49
      0.4370         1.40
      0.4380         1.40
      0.4390         1.29
      0.4400         1.29
      0.4410         1.21
      0.4420         1.29
      0.4430         1.27
      0.4440         1.30
      0.4450         1.00
      0.4460         1.00
      0.4470         1.00
      0.4480         1.00
      0.4490         1.00
      0.4500         1.20
      0.4510         1.35
      0.4520         1.30
      0.4530         1.33
      0.4540         1.33
      0.4550         1.31
      0.4560         1.33
      0.4570         1.37
      0.4580         1.33
      0.4590         1.31
      0.4600         1.34
      0.4610         1.41
      0.4620         1.35
      0.4630         1.31
      0.4640         1.34
      0.4650         1.37
      0.4660         1.38
      0.4670         1.34
      0.4680         1.00
      0.4690         1.37
      0.4700         1.41
      0.4710         1.00
      0.4720         1.00
      0.4730         1.00
      0.4740         1.00
      0.4750         1.00
      0.4760         1.00
      0.4770         1.00
      0.4780         1.38
      0.4790         1.50
      0.4800         1.47
      0.4810         1.49
      0.4820         1.53
      0.4830         1.53
      0.4840         1.57
      0.4850         1.62
      0.4860         1.67
      0.4870         1.61
      0.4880         1.73
      0.4890         1.75
      0.4900         1.75
      0.4910         1.68
      0.4920         1.72
      0.4930         1.77
      0.4940         1.84
      0.4950         1.80
      0.4960         1.79
      0.4970         1.83
      0.4980         1.81
      0.4990         1.76
      0.5000         1.79
      0.5010         1.75
      0.5020         1.73
      0.5030         1.72
      0.5040         1.65
      0.5050         1.63
      0.5060         1.57
      0.5070         1.63
      0.5080         1.68
      0.5090         1.65
      0.5100         1.67
      0.5110         1.71
      0.5120         1.71
      0.5130         1.76
      0.5140         1.75
      0.5150         1.71
      0.5160         1.60
      0.5170         1.56
      0.5180         1.49
      0.5190         1.00
      0.5200         1.00
      0.5210         1.00
      0.5220         1.00
      0.5230         1.38
      0.5240         1.44
      0.5250         1.41
      0.5260         1.37
      0.5270         1.29
      0.5280         1.15
      0.5290         1.14
      0.5300         1.07
      0.5310         1.00
      0.5320         1.07
      0.5330         1.00
      0.5340         1.00
      0.5350         1.07
      0.5360         1.07
      0.5370         1.00
      0.5380         1.00
      0.5390         1.11
      0.5400         1.00
      0.5410         1.00
      0.5420         1.10
      0.5430         1.00
      0.5440         1.00
      0.5450         1.00
      0.5460         1.00
      0.5470         1.19
      0.5480         1.00
      0.5490         1.17
      0.5500         1.11
      0.5510         1.10
      0.5520         1.00
      0.5530         1.00
      0.5540         1.00
      0.5550         1.00
      0.5560         1.00
      0.5570         1.00
      0.5580         1.00
      0.5590         1.00
      0.5600         1.00
      0.5610         1.00
      0.5620         1.00
      0.5630         1.00
      0.5640         1.00
      0.5650         1.00
      0.5660         1.00
      0.5670         1.00
      0.5680         1.00
      0.5690         1.00
      0.5700         1.00
      0.5710         1.00
      0.5720         1.00
      0.5730         1.00
      0.5740         1.00
      0.5750         1.00
      0.5760         1.00
      0.5770         1.00
      0.5780         1.00
      0.5790         1.00
      0.5800         1.00
      0.5810         1.00
      0.5820         1.00
      0.5830         1.00
      0.5840         1.00
      0.5850         1.00
      0.5860         1.00
      0.5870         1.00
      0.5880         1.00
      0.5890         1.00
      0.5900         1.00
      0.5910         1.00
      0.5920         1.00
      0.5930         1.00
      0.5940         1.00
      0.5950         1.00
      0.5960         1.00
      0.5970         1.00
      0.5980         1.00
      0.5990         1.00
      0.6000         1.00
      0.6010         1.00
      0.6020         1.00
      0.6030         1.00
      0.6040         1.00
      0.6050         1.00
      0.6060         1.00
      0.6070         1.00
      0.6080         1.00
      0.6090         1.00
      0.6100         1.00
      0.6110         1.00
      0.6120         1.00
      0.6130         1.00
      0.6140         1.00
      0.6150         1.00
      0.6160         1.00
      0.6170         1.00
      0.6180         1.00
      0.6190         1.00
      0.6200         1.00
      0.6210         1.00
      0.6220         1.00
      0.6230         1.00
      0.6240         1.00
      0.6250         1.00
      0.6260         1.00
      0.6270         1.00
      0.6280         1.00
      0.6290         1.00
      0.6300         1.00
      0.6310         1.00
      0.6320         1.00
      0.6330         1.00
      0.6340         1.00
      0.6350         1.00
      0.6360         1.00
      0.6370         1.00
      0.6380         1.00
      0.6390         1.00
      0.6400         1.00
      0.6410         1.00
      0.6420         1.00
      0.6430         1.00
      0.6440         1.00
      0.6450         1.00
      0.6460         1.00
      0.6470         1.00
      0.6480         1.00
      0.6490         1.00
      0.6500         1.00
      0.6510         1.00
      0.6520         1.00
      0.6530         1.00
      0.6540         1.00
      0.6550         1.00
      0.6560         1.00
      0.6570         1.00
      0.6580         1.00
      0.6590         1.00
      0.6600         1.00
      0.6610         1.00
      0.6620         1.00
      0.6630         1.00
      0.6640         1.00
      0.6650         1.00
      0.6660         1.00
      0.6670         1.00
      0.6680         1.00
      0.6690         1.00
      0.6700         1.00
      0.6710         1.00
      0.6720         1.00
      0.6730         1.00
      0.6740         1.00
      0.6750         1.00
      0.6760         1.00
      0.6770         1.00
      0.6780         1.00
      0.6790         1.00
      0.6800         1.00
      0.6810         1.00
      0.6820         1.00
      0.6830         1.00
      0.6840         1.00
      0.6850         1.00
      0.6860         1.00
      0.6870         1.00
      0.6880         1.00
      0.6890         1.00
      0.6900         1.00
      0.6910         1.00
      0.6920         1.00
      0.6930         1.00
      0.6940         1.00
      0.6950         1.00
      0.6960         1.00
      0.6970         1.00
      0.6980         1.00
      0.6990         1.00
      0.7000         1.00
      0.7010         1.00
      0.7020         1.00
      0.7030         1.00
      0.7040         1.00
      0.7050         1.00
      0.7060         1.00
      0.7070         1.00
      0.7080         1.00
      0.7090         1.00
      0.7100         1.00
      0.7110         1.00
      0.7120         1.00
      0.7130         1.00
      0.7140         1.00
      0.7150         1.00
      0.7160         1.00
      0.7170         1.00
      0.7180         1.00
      0.7190         1.00
      0.7200         1.00
      0.7210         1.00
      0.7220         1.00
      0.7230         1.00
      0.7240         1.00
      0.7250         1.00
      0.7260         1.00
      0.7270         1.00
      0.7280         1.00
      0.7290         1.00
      0.7300         1.00
      0.7310         1.00
      0.7320         1.00
      0.7330         1.00
      0.7340         1.00
      0.7350         1.00
      0.7360         1.00
      0.7370         1.00
      0.7380         1.00
      0.7390         1.00
      0.7400         1.00
      0.7410         1.00
      0.7420         1.00
      0.7430         1.00
      0.7440         1.00
      0.7450         1.00
      0.7460         1.00
      0.7470         1.00
      0.7480         1.00
      0.7490         1.00
      0.7500         1.00
      0.7510         1.00
      0.7520         1.00
      0.7530         1.00
      0.7540         1.00
      0.7550         1.00
      0.7560         1.00
      0.7570         1.00
      0.7580         1.00
      0.7590         1.00
      0.7600         1.00
      0.7610         1.00
      0.7620         1.00
      0.7630         1.00
      0.7640         1.00
      0.7650         1.00
      0.7660         1.00
      0.7670         1.00
      0.7680         1.00
      0.7690         1.00
      0.7700         1.00
      0.7710         1.00
      0.7720         1.00
      0.7730         1.00
      0.7740         1.00
      0.7750         1.00
      0.7760         1.00
      0.7770         1.00
      0.7780         1.00
      0.7790         1.27
      0.7800         1.52
      0.7810         1.77
      0.7820         2.06
      0.7830         2.27
      0.7840         3.00
      0.7850         3.27
      0.7860         3.54
      0.7870         3.71
      0.7880         4.46
      0.7890         4.81
      0.7900         5.17
      0.7910         5.48
      0.7920         5.65
      0.7930         5.86
      0.7940         5.81
      0.7950         5.69
      0.7960         5.61
      0.7970         5.53
      0.7980         5.39
      0.7990         5.34
      0.8000         5.17
      0.8010         5.00
      0.8020         4.92
      0.8030         4.99
      0.8040         5.09
      0.8050         5.08
      0.8060         5.00
      0.8070         5.04
      0.8080         4.97
      0.8090         4.91
      0.8100         4.76
      0.8110         3.76
      0.8120         3.76
      0.8130         3.87
      0.8140         3.94
      0.8150         4.03
      0.8160         4.18
      0.8170         4.91
      0.8180         5.06
      0.8190         5.25
      0.8200         5.45
      0.8210         5.62
      0.8220         5.78
      0.8230         5.88
      0.8240         6.02
      0.8250         5.94
      0.8260         6.05
      0.8270         5.57
      0.8280         5.69
      0.8290         5.73
      0.8300         5.91
      0.8310         5.99
      0.8320         6.17
      0.8330         6.26
      0.8340         6.41
      0.8350         6.61
      0.8360         6.69
      0.8370         6.71
      0.8380         6.73
      0.8390         6.72
      0.8400         6.69
      0.8410         6.71
      0.8420         6.62
      0.8430         6.57
      0.8440         6.45
      0.8450         6.54
      0.8460         6.60
      0.8470         6.62
      0.8480         6.65
      0.8490         6.70
      0.8500         6.72
      0.8510         6.73
      0.8520         6.91
      0.8530         6.96
      0.8540         7.55
      0.8550         7.10
      0.8560         7.72
      0.8570         7.83
      0.8580         8.48
      0.8590         8.56
      0.8600         8.68
      0.8610         8.89
      0.8620         9.15
      0.8630         9.28
      0.8640         9.48
      0.8650         9.65
      0.8660         9.73
      0.8670         9.94
      0.8680         9.96
      0.8690         9.92
      0.8700         9.90
      0.8710        10.04
      0.8720         9.93
      0.8730        10.00
      0.8740        10.09
      0.8750        10.05
      0.8760        10.01
      0.8770        10.04
      0.8780         9.89
      0.8790         9.93
      0.8800         9.97
      0.8810         9.37
      0.8820         9.97
      0.8830        10.01
      0.8840        10.16
      0.8850        10.04
      0.8860        10.06
      0.8870        10.13
      0.8880        10.25
      0.8890        10.24
      0.8900        10.32
      0.8910         9.97
      0.8920         9.99
      0.8930        10.05
      0.8940        10.06
      0.8950        10.67
      0.8960        10.78
      0.8970        10.92
      0.8980        11.07
      0.8990        11.24
      0.9000        11.24
      0.9010        11.20
      0.9020        11.15
      0.9030        11.17
      0.9040        11.13
      0.9050        11.21
      0.9060        11.27
      0.9070        11.17
      0.9080        11.12
      0.9090        11.37
      0.9100        11.52
      0.9110        11.62
      0.9120        11.46
      0.9130        11.41
      0.9140        11.37
      0.9150        11.41
      0.9160        11.32
      0.9170        11.23
      0.9180        11.25
      0.9190        11.23
      0.9200        11.35
      0.9210        11.50
      0.9220        11.44
      0.9230        11.40
      0.9240        11.43
      0.9250        11.43
      0.9260        11.46
      0.9270        11.54
      0.9280        11.59
      0.9290        11.46
      0.9300        11.46
      0.9310        11.43
      0.9320        11.68
      0.9330        11.87
      0.9340        11.98
      0.9350        11.98
      0.9360        12.11
      0.9370        12.15
      0.9380        12.19
      0.9390        12.22
      0.9400        12.24
      0.9410        12.27
      0.9420        12.23
      0.9430        12.23
      0.9440        12.35
      0.9450        12.30
      0.9460        12.21
      0.9470        12.15
      0.9480        12.19
      0.9490        12.23
      0.9500        12.21
      0.9510        12.09
      0.9520        12.10
      0.9530        12.03
      0.9540        12.01
      0.9550        12.02
      0.9560        12.02
      0.9570        12.05
      0.9580        12.02
      0.9590        12.01
      0.9600        11.89
      0.9610        11.90
      0.9620        12.06
      0.9630        12.13
      0.9640        11.97
      0.9650        12.08
      0.9660        12.18
      0.9670        12.26
      0.9680        12.21
      0.9690        12.23
      0.9700        12.23
      0.9710        12.25
      0.9720        12.24
      0.9730        12.17
      0.9740        12.23
      0.9750        12.19
      0.9760        12.27
      0.9770        12.27
      0.9780        12.33
      0.9790        12.40
      0.9800        12.55
      0.9810        12.38
      0.9820        12.39
      0.9830        12.43
      0.9840        12.42
      0.9850        12.48
      0.9860        12.59
      0.9870        12.57
      0.9880        12.73
      0.9890        12.75
      0.9900        12.68
      0.9910        12.73
      0.9920        12.60
      0.9930        12.64
      0.9940        12.76
      0.9950        12.65
      0.9960        12.59
      0.9970        12.60
      0.9980        12.68
      0.9990        12.64
      1.0000        12.59
      1.0010        12.77
      1.0020        12.75
      1.0030        12.65
      1.0040        12.65
      1.0050        12.51
      1.0060        12.49
      1.0070        12.52
      1.0080        12.47
      1.0090        12.56
      1.0100        12.66
      1.0110        12.61
      1.0120        12.69
      1.0130        12.78
      1.0140        12.63
      1.0150        12.87
      1.0160        12.79
      1.0170        12.83
      1.0180        12.76
      1.0190        12.84
      1.0200        12.87
      1.0210        12.87
      1.0220        12.81
      1.0230        12.84
      1.0240        12.94
      1.0250        13.08
      1.0260        13.01
      1.0270        12.92
      1.0280        12.92
      1.0290        12.86
      1.0300        12.89
      1.0310        12.84
      1.0320        12.99
      1.0330        12.96
      1.0340        13.00
      1.0350        12.89
      1.0360        13.09
      1.0370        13.07
      1.0380        13.02
      1.0390        13.09
      1.0400        13.13
      1.0410        13.15
      1.0420        13.24
      1.0430        13.28
      1.0440        13.21
      1.0450        13.26
      1.0460        13.32
      1.0470        13.47
      1.0480        13.51
      1.0490        13.60
      1.0500        13.68
      1.0510        13.73
      1.0520        13.62
      1.0530        13.70
      1.0540        13.64
      1.0550        13.76
      1.0560        13.68
      1.0570        13.67
      1.0580        13.81
      1.0590        13.80
      1.0600        13.77
      1.0610        13.78
      1.0620        13.92
      1.0630        14.00
      1.0640        14.08
      1.0650        13.95
      1.0660        13.98
      1.0670        13.95
      1.0680        13.93
      1.0690        14.01
      1.0700        14.01
      1.0710        14.03
      1.0720        14.08
      1.0730        14.02
      1.0740        14.10
      1.0750        14.10
      1.0760        14.10
      1.0770        14.20
      1.0780        14.09
      1.0790        14.05
      1.0800        14.15
      1.0810        14.24
      1.0820        14.16
      1.0830        14.25
      1.0840        14.26
      1.0850        14.44
      1.0860        14.44
      1.0870        14.41
      1.0880        14.44
      1.0890        14.33
      1.0900        14.24
      1.0910        14.37
      1.0920        14.28
      1.0930        14.26
      1.0940        14.28
      1.0950        14.26
      1.0960        14.33
      1.0970        14.32
      1.0980        14.49
      1.0990        14.37
      1.1000        14.24
      1.1010        14.21
      1.1020        14.32
      1.1030        14.29
      1.1040        14.43
      1.1050        14.44
      1.1060        14.53
      1.1070        14.61
      1.1080        14.65
      1.1090        14.73
      1.1100        14.87
      1.1110        14.87
      1.1120        14.92
      1.1130        14.97
      1.1140        15.04
      1.1150        15.00
      1.1160        15.05
      1.1170        15.19
      1.1180        15.15
      1.1190        15.35
      1.1200        15.43
      1.1210        15.42
      1.1220        15.37
      1.1230        15.27
      1.1240        15.21
      1.1250        15.24
      1.1260        15.14
      1.1270        15.09
      1.1280        15.17
      1.1290        15.21
      1.1300        15.12
      1.1310        15.03
      1.1320        15.15
      1.1330        15.24
      1.1340        15.21
      1.1350        15.29
      1.1360        15.25
      1.1370        15.26
      1.1380        15.24
      1.1390        15.24
      1.1400        15.22
      1.1410        15.23
      1.1420        15.21
      1.1430        15.30
      1.1440        15.31
      1.1450        15.28
      1.1460        15.34
      1.1470        15.44
      1.1480        15.40
      1.1490        15.32
      1.1500        15.38
      1.1510        15.46
      1.1520        15.48
      1.1530        15.52
      1.1540        15.53
      1.1550        15.46
      1.1560        15.38
      1.1570        15.30
      1.1580        15.32
      1.1590        15.32
      1.1600        15.37
      1.1610        15.40
      1.1620        15.40
      1.1630        15.52
      1.1640        15.50
      1.1650        15.54
      1.1660        15.47
      1.1670        15.49
      1.1680        15.47
      1.1690        15.51
      1.1700        15.62
      1.1710        15.69
      1.1720        15.55
      1.1730        15.45
      1.1740        15.47
      1.1750        15.56
      1.1760        15.57
      1.1770        15.69
      1.1780        15.66
      1.1790        15.59
      1.1800        15.59
      1.1810        15.55
      1.1820        15.70
      1.1830        15.63
      1.1840        15.62
      1.1850        15.66
      1.1860        15.66
      1.1870        15.70
      1.1880        15.69
      1.1890        15.71
      1.1900        15.70
      1.1910        15.62
      1.1920        15.78
      1.1930        15.90
      1.1940        15.93
      1.1950        16.00
      1.1960        16.09
      1.1970        15.98
      1.1980        16.07
      1.1990        16.14
      1.2000        16.08
      1.2010        16.06
      1.2020        15.98
      1.2030        15.99
      1.2040        16.05
      1.2050        16.09
      1.2060        16.21
      1.2070        16.21
      1.2080        16.30
      1.2090        16.26
      1.2100        16.28
      1.2110        16.43
      1.2120        16.52
      1.2130        16.54
      1.2140        16.47
      1.2150        16.38
      1.2160        16.41
      1.2170        16.51
      1.2180        16.54
      1.2190        16.66
      1.2200        16.68
      1.2210        16.76
      1.2220        16.87
      1.2230        16.79
      1.2240        16.82
      1.2250        16.80
      1.2260        16.78
      1.2270        16.84
      1.2280        16.81
      1.2290        16.96
      1.2300        17.01
      1.2310        17.02
      1.2320        16.84
      1.2330        16.77
      1.2340        16.82
      1.2350        16.82
      1.2360        16.86
      1.2370        16.89
      1.2380        16.91
      1.2390        16.84
      1.2400        16.96
      1.2410        17.05
      1.2420        16.96
      1.2430        17.00
      1.2440        17.04
      1.2450        17.11
      1.2460        17.21
      1.2470        17.22
      1.2480        17.25
      1.2490        17.18
      1.2500        17.17
      1.2510        17.10
      1.2520        17.30
      1.2530        17.38
      1.2540        17.53
      1.2550        17.61
      1.2560        17.62
      1.2570        17.73
      1.2580        17.67
      1.2590        17.77
      1.2600        17.91
      1.2610        18.06
      1.2620        18.14
      1.2630        18.14
      1.2640        18.12
      1.2650        18.06
      1.2660        17.96
      1.2670        17.92
      1.2680        18.00
      1.2690        18.00
      1.2700        17.99
      1.2710        18.03
      1.2720        17.87
      1.2730        17.83
      1.2740        17.82
      1.2750        17.88
      1.2760        17.96
      1.2770        17.90
      1.2780        18.06
      1.2790        18.04
      1.2800        17.86
      1.2810        17.79
      1.2820        17.84
      1.2830        17.95
      1.2840        18.07
      1.2850        18.09
      1.2860        18.12
      1.2870        18.16
      1.2880        18.17
      1.2890        18.19
      1.2900        18.24
      1.2910        18.21
      1.2920        18.32
      1.2930        18.41
      1.2940        18.37
      1.2950        18.41
      1.2960        18.37
      1.2970        18.35
      1.2980        18.30
      1.2990        18.28
      1.3000        18.30
      1.3010        18.23
      1.3020        18.20
      1.3030        18.20
      1.3040        18.16
      1.3050        18.26
      1.3060        18.36
      1.3070        18.35
      1.3080        18.43
      1.3090        18.59
      1.3100        18.55
      1.3110        18.64
      1.3120        18.75
      1.3130        18.80
      1.3140        18.79
      1.3150        18.66
      1.3160        18.75
      1.3170        18.81
      1.3180        18.78
      1.3190        18.89
      1.3200        19.15
      1.3210        19.21
      1.3220        19.17
      1.3230        19.09
      1.3240        19.09
      1.3250        19.00
      1.3260        18.95
      1.3270        18.96
      1.3280        18.90
      1.3290        18.82
      1.3300        18.84
      1.3310        18.81
      1.3320        18.68
      1.3330        18.58
      1.3340        18.63
      1.3350        18.79
      1.3360        18.90
      1.3370        18.82
      1.3380        18.93
      1.3390        18.82
      1.3400        18.62
      1.3410        18.52
      1.3420        18.64
      1.3430        18.73
      1.3440        18.84
      1.3450        19.00
      1.3460        19.13
      1.3470        19.23
      1.3480        19.19
      1.3490        19.21
      1.3500        19.22
      1.3510        19.19
      1.3520        19.28
      1.3530        19.25
      1.3540        19.28
      1.3550        19.23
      1.3560        19.10
      1.3570        19.18
      1.3580        19.06
      1.3590        19.06
      1.3600        19.14
      1.3610        19.22
      1.3620        19.21
      1.3630        19.16
      1.3640        19.12
      1.3650        18.94
      1.3660        18.95
      1.3670        18.92
      1.3680        18.85
      1.3690        18.90
      1.3700        18.93
      1.3710        18.94
      1.3720        18.88
      1.3730        18.99
      1.3740        18.91
      1.3750        18.87
      1.3760        18.88
      1.3770        18.98
      1.3780        19.04
      1.3790        19.15
      1.3800        19.10
      1.3810        19.22
      1.3820        19.33
      1.3830        19.48
      1.3840        19.44
      1.3850        19.56
      1.3860        19.46
      1.3870        19.52
      1.3880        19.72
      1.3890        19.71
      1.3900        19.77
      1.3910        20.00
      1.3920        20.01
      1.3930        20.08
      1.3940        20.15
      1.3950        20.19
      1.3960        20.21
      1.3970        20.19
      1.3980        20.20
      1.3990        20.24
      1.4000        20.39
      1.4010        20.36
      1.4020        20.21
      1.4030        20.26
      1.4040        20.28
      1.4050        20.26
      1.4060        20.30
      1.4070        20.24
      1.4080        20.28
      1.4090        20.20
      1.4100        20.23
      1.4110        20.15
      1.4120        20.15
      1.4130        20.07
      1.4140        20.19
      1.4150        20.18
      1.4160        20.24
      1.4170        20.26
      1.4180        20.31
      1.4190        20.27
      1.4200        20.26
      1.4210        20.35
      1.4220        20.34
      1.4230        20.30
      1.4240        20.37
      1.4250        20.55
      1.4260        20.74
      1.4270        20.95
      1.4280        20.92
      1.4290        20.98
      1.4300        20.98
      1.4310        21.08
      1.4320        21.12
      1.4330        21.16
      1.4340        21.15
      1.4350        21.31
      1.4360        21.25
      1.4370        21.19
      1.4380        21.25
      1.4390        21.30
      1.4400        21.20
      1.4410        21.20
      1.4420        21.32
      1.4430        21.39
      1.4440        21.42
      1.4450        21.35
      1.4460        21.31
      1.4470        21.23
      1.4480        21.16
      1.4490        21.26
      1.4500        21.23
      1.4510        21.08
      1.4520        21.12
      1.4530        21.19
      1.4540        21.14
      1.4550        21.04
      1.4560        21.20
      1.4570        21.38
      1.4580        21.36
      1.4590        21.36
      1.4600        21.52
      1.4610        21.52
      1.4620        21.56
      1.4630        21.53
      1.4640        21.52
      1.4650        21.46
      1.4660        21.36
      1.4670        21.33
      1.4680        21.37
      1.4690        21.39
      1.4700        21.44
      1.4710        21.60
      1.4720        21.63
      1.4730        21.45
      1.4740        21.50
      1.4750        21.67
      1.4760        21.47
      1.4770        21.26
      1.4780        21.25
      1.4790        21.26
      1.4800        21.19
      1.4810        21.03
      1.4820        20.99
      1.4830        20.92
      1.4840        20.87
      1.4850        20.80
      1.4860        20.66
      1.4870        20.72
      1.4880        20.74
      1.4890        20.63
      1.4900        20.62
      1.4910        20.63
      1.4920        20.66
      1.4930        20.70
      1.4940        20.71
      1.4950        20.71
      1.4960        20.83
      1.4970        20.87
      1.4980        20.93
      1.4990        20.83
      1.5000        20.79
      1.5010        21.00
      1.5020        20.94
      1.5030        20.96
      1.5040        21.02
      1.5050        20.98
      1.5060        21.07
      1.5070        21.13
      1.5080        21.13
      1.5090        21.29
      1.5100        21.29
      1.5110        21.14
      1.5120        21.20
      1.5130        21.30
      1.5140        21.31
      1.5150        21.24
      1.5160        21.25
      1.5170        21.28
      1.5180        21.32
      1.5190        21.37
      1.5200        21.42
      1.5210        21.33
      1.5220        21.34
      1.5230        21.41
      1.5240        21.49
      1.5250        21.69
      1.5260        21.83
      1.5270        21.75
      1.5280        21.78
      1.5290        21.75
      1.5300        21.82
      1.5310        21.86
      1.5320        21.82
      1.5330        21.82
      1.5340        21.82
      1.5350        21.78
      1.5360        21.77
      1.5370        21.70
      1.5380        21.64
      1.5390        21.72
      1.5400        21.79
      1.5410        21.91
      1.5420        21.96
      1.5430        22.04
      1.5440        22.02
      1.5450        22.00
      1.5460        22.03
      1.5470        22.14
      1.5480        22.03
      1.5490        21.98
      1.5500        22.03
      1.5510        22.23
      1.5520        22.24
      1.5530        22.30
      1.5540        22.30
      1.5550        22.26
      1.5560        22.18
      1.5570        22.22
      1.5580        22.29
      1.5590        22.30
      1.5600        22.27
      1.5610        22.11
      1.5620        22.18
      1.5630        22.09
      1.5640        22.04
      1.5650        21.90
      1.5660        21.88
      1.5670        21.77
      1.5680        21.93
      1.5690        21.98
      1.5700        21.88
      1.5710        21.66
      1.5720        21.65
      1.5730        21.69
      1.5740        21.74
      1.5750        21.95
      1.5760        22.04
      1.5770        22.19
      1.5780        22.05
      1.5790        21.95
      1.5800        21.88
      1.5810        21.91
      1.5820        21.85
      1.5830        21.91
      1.5840        21.91
      1.5850        22.03
      1.5860        22.10
      1.5870        22.23
      1.5880        22.14
      1.5890        22.10
      1.5900        22.06
      1.5910        22.11
      1.5920        22.06
      1.5930        21.97
      1.5940        21.93
      1.5950        21.77
      1.5960        21.84
      1.5970        21.76
      1.5980        21.85
      1.5990        21.90
      1.6000        22.01
      1.6010        22.00
      1.6020        22.12
      1.6030        22.13
      1.6040        22.16
      1.6050        22.21
      1.6060        22.23
      1.6070        22.21
      1.6080        22.34
      1.6090        22.33
      1.6100        22.46
      1.6110        22.56
      1.6120        22.65
      1.6130        22.77
      1.6140        22.89
      1.6150        22.91
      1.6160        22.84
      1.6170        22.83
      1.6180        22.90
      1.6190        22.93
      1.6200        22.82
      1.6210        22.96
      1.6220        22.97
      1.6230        22.93
      1.6240        23.00
      1.6250        23.06
      1.6260        22.96
      1.6270        22.92
      1.6280        23.02
      1.6290        23.13
      1.6300        23.23
      1.6310        23.19
      1.6320        23.29
      1.6330        23.21
      1.6340        23.10
      1.6350        23.06
      1.6360        23.06
      1.6370        22.96
      1.6380        22.91
      1.6390        22.87
      1.6400        22.95
      1.6410        22.95
      1.6420        22.83
      1.6430        22.92
      1.6440        22.98
      1.6450        22.82
      1.6460        22.83
      1.6470        22.79
      1.6480        22.59
      1.6490        22.61
      1.6500        22.50
      1.6510        22.54
      1.6520        22.43
      1.6530        22.57
      1.6540        22.70
      1.6550        22.70
      1.6560        22.81
      1.6570        22.90
      1.6580        22.78
      1.6590        22.84
      1.6600        22.87
      1.6610        22.87
      1.6620        22.77
      1.6630        22.72
      1.6640        22.60
      1.6650        22.58
      1.6660        22.61
      1.6670        22.65
      1.6680        22.81
      1.6690        22.82
      1.6700        22.82
      1.6710        22.78
      1.6720        22.92
      1.6730        22.89
      1.6740        22.83
      1.6750        22.91
      1.6760        22.93
      1.6770        23.01
      1.6780        23.16
      1.6790        23.14
      1.6800        23.15
      1.6810        23.10
      1.6820        23.34
      1.6830        23.26
      1.6840        23.34
      1.6850        23.35
      1.6860        23.47
      1.6870        23.49
      1.6880        23.33
      1.6890        23.31
      1.6900        23.33
      1.6910        23.30
      1.6920        23.28
      1.6930        23.27
      1.6940        23.20
      1.6950        23.27
      1.6960        23.15
      1.6970        23.16
      1.6980        23.16
      1.6990        23.19
      1.7000        23.20
      1.7010        23.26
      1.7020        23.18
      1.7030        23.31
      1.7040        23.32
      1.7050        23.27
      1.7060        23.15
      1.7070        23.07
      1.7080        23.11
      1.7090        23.03
      1.7100        23.04
      1.7110        23.06
      1.7120        22.84
      1.7130        22.84
      1.7140        22.91
      1.7150        22.95
      1.7160        22.91
      1.7170        22.92
      1.7180        22.95
      1.7190        22.90
      1.7200        22.87
      1.7210        22.75
      1.7220        22.64
      1.7230        22.63
      1.7240        22.60
      1.7250        22.77
      1.7260        22.85
      1.7270        23.01
      1.7280        23.04
      1.7290        23.00
      1.7300        22.95
      1.7310        22.94
      1.7320        23.14
      1.7330        23.03
      1.7340        23.10
      1.7350        23.06
      1.7360        23.22
      1.7370        23.23
      1.7380        23.33
      1.7390        23.44
      1.7400        23.53
      1.7410        23.62
      1.7420        23.70
      1.7430        23.65
      1.7440        23.64
      1.7450        23.55
      1.7460        23.53
      1.7470        23.48
      1.7480        23.54
      1.7490        23.54
      1.7500        23.59
      1.7510        23.71
      1.7520        23.54
      1.7530        23.77
      1.7540        23.75
      1.7550        23.82
      1.7560        23.63
      1.7570        23.58
      1.7580        23.63
      1.7590        23.48
      1.7600        23.46
      1.7610        23.56
      1.7620        23.62
      1.7630        23.58
      1.7640        23.53
      1.7650        23.54
      1.7660        23.49
      1.7670        23.45
      1.7680        23.23
      1.7690        23.23
      1.7700        23.10
      1.7710        22.80
      1.7720        22.78
      1.7730        22.63
      1.7740        22.51
      1.7750        22.45
      1.7760        22.48
      1.7770        22.44
      1.7780        22.22
      1.7790        22.33
      1.7800        22.29
      1.7810        22.10
      1.7820        22.03
      1.7830        22.13
      1.7840        22.17
      1.7850        22.23
      1.7860        22.17
      1.7870        22.15
      1.7880        22.26
      1.7890        22.30
      1.7900        22.30
      1.7910        22.45
      1.7920        22.60
      1.7930        22.63
      1.7940        22.69
      1.7950        22.59
      1.7960        22.64
      1.7970        22.71
      1.7980        22.74
      1.7990        22.68
      1.8000        22.60
      1.8010        22.83
      1.8020        22.86
      1.8030        22.76
      1.8040        22.76
      1.8050        22.73
      1.8060        22.75
      1.8070        22.69
      1.8080        22.78
      1.8090        22.77
      1.8100        22.84
      1.8110        22.85
      1.8120        22.94
      1.8130        22.94
      1.8140        22.94
      1.8150        22.92
      1.8160        23.00
      1.8170        22.96
      1.8180        22.85
      1.8190        22.84
      1.8200        22.78
      1.8210        22.49
      1.8220        22.50
      1.8230        22.57
      1.8240        22.71
      1.8250        22.61
      1.8260        22.77
      1.8270        22.85
      1.8280        22.83
      1.8290        22.95
      1.8300        23.06
      1.8310        23.11
      1.8320        23.08
      1.8330        23.15
      1.8340        23.16
      1.8350        23.28
      1.8360        23.24
      1.8370        23.29
      1.8380        23.40
      1.8390        23.59
      1.8400        23.75
      1.8410        23.95
      1.8420        23.96
      1.8430        23.86
      1.8440        23.69
      1.8450        23.64
      1.8460        23.49
      1.8470        23.46
      1.8480        23.47
      1.8490        23.48
      1.8500        23.28
      1.8510        23.30
      1.8520        23.14
      1.8530        23.10
      1.8540        23.09
      1.8550        23.10
      1.8560        23.06
      1.8570        23.05
      1.8580        23.02
      1.8590        22.83
      1.8600        22.80
      1.8610        22.83
      1.8620        22.87
      1.8630        22.98
      1.8640        23.06
      1.8650        23.18
      1.8660        23.18
      1.8670        23.22
      1.8680        23.21
      1.8690        23.24
      1.8700        23.41
      1.8710        23.44
      1.8720        23.57
      1.8730        23.56
      1.8740        23.58
      1.8750        23.49
      1.8760        23.57
      1.8770        23.68
      1.8780        23.72
      1.8790        23.65
      1.8800        23.51
      1.8810        23.36
      1.8820        23.15
      1.8830        23.12
      1.8840        23.08
      1.8850        23.28
      1.8860        23.36
      1.8870        23.30
      1.8880        23.29
      1.8890        23.29
      1.8900        23.36
      1.8910        23.28
      1.8920        23.29
      1.8930        23.21
      1.8940        23.10
      1.8950        23.12
      1.8960        23.10
      1.8970        22.97
      1.8980        22.94
      1.8990        23.10
      1.9000        23.17
      1.9010        23.18
      1.9020        23.29
      1.9030        23.38
      1.9040        23.29
      1.9050        22.96
      1.9060        22.90
      1.9070        22.96
      1.9080        22.90
      1.9090        22.76
      1.9100        22.55
      1.9110        22.59
      1.9120        22.50
      1.9130        22.51
      1.9140        22.57
      1.9150        22.53
      1.9160        22.46
      1.9170        22.42
      1.9180        22.44
      1.9190        22.39
      1.9200        22.44
      1.9210        22.52
      1.9220        22.44
      1.9230        22.25
      1.9240        22.33
      1.9250        22.33
      1.9260        22.19
      1.9270        22.08
      1.9280        22.04
      1.9290        21.94
      1.9300        21.92
      1.9310        21.91
      1.9320        21.85
      1.9330        21.84
      1.9340        21.79
      1.9350        21.71
      1.9360        21.63
      1.9370        21.61
      1.9380        21.51
      1.9390        21.41
      1.9400        21.32
      1.9410        21.26
      1.9420        21.26
      1.9430        21.36
      1.9440        21.36
      1.9450        21.35
      1.9460        21.40
      1.9470        21.35
      1.9480        21.40
      1.9490        21.46
      1.9500        21.54
      1.9510        21.43
      1.9520        21.44
      1.9530        21.40
      1.9540        21.43
      1.9550        21.44
      1.9560        21.49
      1.9570        21.48
      1.9580        21.48
      1.9590        21.41
      1.9600        21.43
      1.9610        21.36
      1.9620        21.32
      1.9630        21.13
      1.9640        21.10
      1.9650        21.21
      1.9660        21.09
      1.9670        21.16
      1.9680        21.08
      1.9690        21.04
      1.9700        20.95
      1.9710        20.90
      1.9720        20.89
      1.9730        20.73
      1.9740        20.68
      1.9750        20.73
      1.9760        20.67
      1.9770        20.63
      1.9780        20.66
      1.9790        20.75
      1.9800        20.79
      1.9810        20.79
      1.9820        20.89
      1.9830        21.04
      1.9840        20.88
      1.9850        20.80
      1.9860        20.93
      1.9870        20.94
      1.9880        20.84
      1.9890        20.78
      1.9900        20.77
      1.9910        20.77
      1.9920        20.80
      1.9930        20.86
      1.9940        20.89
      1.9950        20.84
      1.9960        20.80
      1.9970        20.80
      1.9980        20.69
      1.9990        20.57
      2.0000        20.48
      2.0010        20.35
      2.0020        20.15
      2.0030        20.05
      2.0040        20.09
      2.0050        20.07
      2.0060        20.01
      2.0070        19.95
      2.0080        19.94
      2.0090        20.05
      2.0100        20.04
      2.0110        20.07
      2.0120        19.99
      2.0130        20.03
      2.0140        19.94
      2.0150        20.04
      2.0160        20.00
      2.0170        19.91
      2.0180        19.91
      2.0190        19.88
      2.0200        19.99
      2.0210        20.06
      2.0220        20.19
      2.0230        20.27
      2.0240        20.23
      2.0250        20.26
      2.0260        20.24
      2.0270        20.18
      2.0280        20.09
      2.0290        19.92
      2.0300        19.90
      2.0310        19.68
      2.0320        19.64
      2.0330        19.64
      2.0340        19.63
      2.0350        19.47
      2.0360        19.45
      2.0370        19.45
      2.0380        19.38
      2.0390        19.42
      2.0400        19.30
      2.0410        19.24
      2.0420        19.13
      2.0430        19.02
      2.0440        19.07
      2.0450        18.85
      2.0460        18.85
      2.0470        18.95
      2.0480        19.14
      2.0490        19.19
      2.0500        19.15
      2.0510        19.34
      2.0520        19.22
      2.0530        19.13
      2.0540        19.13
      2.0550        19.05
      2.0560        19.06
      2.0570        19.11
      2.0580        19.19
      2.0590        19.14
      2.0600        19.09
      2.0610        19.05
      2.0620        19.13
      2.0630        18.98
      2.0640        18.90
      2.0650        18.95
      2.0660        18.85
      2.0670        18.75
      2.0680        18.56
      2.0690        18.51
      2.0700        18.44
      2.0710        18.23
      2.0720        18.17
      2.0730        18.29
      2.0740        18.20
      2.0750        18.23
      2.0760        18.11
      2.0770        17.99
      2.0780        17.90
      2.0790        17.91
      2.0800        17.79
      2.0810        17.73
      2.0820        17.66
      2.0830        17.70
      2.0840        17.68
      2.0850        17.72
      2.0860        17.76
      2.0870        17.54
      2.0880        17.51
      2.0890        17.51
      2.0900        17.39
      2.0910        17.48
      2.0920        17.54
      2.0930        17.33
      2.0940        17.33
      2.0950        17.17
      2.0960        17.14
      2.0970        17.14
      2.0980        17.13
      2.0990        17.10
      2.1000        17.19
      2.1010        17.25
      2.1020        17.15
      2.1030        17.05
      2.1040        17.02
      2.1050        16.95
      2.1060        16.94
      2.1070        17.10
      2.1080        17.15
      2.1090        17.04
      2.1100        17.09
      2.1110        17.05
      2.1120        17.05
      2.1130        17.07
      2.1140        17.05
      2.1150        17.13
      2.1160        17.09
      2.1170        17.03
      2.1180        17.09
      2.1190        17.03
      2.1200        16.90
      2.1210        16.84
      2.1220        16.80
      2.1230        16.84
      2.1240        16.76
      2.1250        16.58
      2.1260        16.61
      2.1270        16.53
      2.1280        16.50
      2.1290        16.56
      2.1300        16.56
      2.1310        16.52
      2.1320        16.37
      2.1330        16.25
      2.1340        16.17
      2.1350        16.17
      2.1360        16.06
      2.1370        16.01
      2.1380        15.76
      2.1390        15.73
      2.1400        15.67
      2.1410        15.62
      2.1420        15.64
      2.1430        15.56
      2.1440        15.46
      2.1450        15.48
      2.1460        15.34
      2.1470        15.39
      2.1480        15.36
      2.1490        15.39
      2.1500        15.40
      2.1510        15.48
      2.1520        15.52
      2.1530        15.59
      2.1540        15.68
      2.1550        15.52
      2.1560        15.56
      2.1570        15.52
      2.1580        15.62
      2.1590        15.62
      2.1600        15.76
      2.1610        15.78
      2.1620        15.70
      2.1630        15.57
      2.1640        15.67
      2.1650        15.65
      2.1660        15.58
      2.1670        15.47
      2.1680        15.34
      2.1690        15.18
      2.1700        15.17
      2.1710        15.17
      2.1720        15.05
      2.1730        15.08
      2.1740        14.92
      2.1750        15.01
      2.1760        15.10
      2.1770        15.17
      2.1780        15.29
      2.1790        15.27
      2.1800        15.09
      2.1810        15.09
      2.1820        15.16
      2.1830        15.32
      2.1840        15.29
      2.1850        15.46
      2.1860        15.54
      2.1870        15.63
      2.1880        15.79
      2.1890        15.82
      2.1900        15.72
      2.1910        15.62
      2.1920        15.64
      2.1930        15.52
      2.1940        15.51
      2.1950        15.52
      2.1960        15.48
      2.1970        15.39
      2.1980        15.24
      2.1990        15.16
      2.2000        15.30
      2.2010        15.25
      2.2020        15.13
      2.2030        15.07
      2.2040        15.05
      2.2050        14.99
      2.2060        15.10
      2.2070        14.97
      2.2080        14.71
      2.2090        14.63
      2.2100        14.58
      2.2110        14.68
      2.2120        14.73
      2.2130        14.61
      2.2140        14.64
      2.2150        14.60
      2.2160        14.61
      2.2170        14.65
      2.2180        14.62
      2.2190        14.58
      2.2200        14.58
      2.2210        14.58
      2.2220        14.63
      2.2230        14.77
      2.2240        14.79
      2.2250        14.67
      2.2260        14.47
      2.2270        14.38
      2.2280        14.41
      2.2290        14.41
      2.2300        14.49
      2.2310        14.34
      2.2320        14.25
      2.2330        14.25
      2.2340        14.26
      2.2350        14.25
      2.2360        14.07
      2.2370        14.09
      2.2380        14.03
      2.2390        14.06
      2.2400        13.94
      2.2410        13.87
      2.2420        13.86
      2.2430        13.70
      2.2440        13.64
      2.2450        13.77
      2.2460        13.86
      2.2470        13.96
      2.2480        14.19
      2.2490        14.15
      2.2500        14.24
      2.2510        14.35
      2.2520        14.34
      2.2530        14.47
      2.2540        14.43
      2.2550        14.39
      2.2560        14.57
      2.2570        14.57
      2.2580        14.76
      2.2590        14.65
      2.2600        14.72
      2.2610        14.81
      2.2620        14.80
      2.2630        14.77
      2.2640        14.63
      2.2650        14.48
      2.2660        14.36
      2.2670        14.44
      2.2680        14.27
      2.2690        14.37
      2.2700        14.26
      2.2710        14.34
      2.2720        14.41
      2.2730        14.37
      2.2740        14.38
      2.2750        14.40
      2.2760        14.33
      2.2770        14.30
      2.2780        14.10
      2.2790        14.14
      2.2800        14.05
      2.2810        14.10
      2.2820        14.10
      2.2830        14.19
      2.2840        14.39
      2.2850        14.54
      2.2860        14.54
      2.2870        14.43
      2.2880        14.38
      2.2890        14.29
      2.2900        14.31
      2.2910        14.18
      2.2920        14.22
      2.2930        14.18
      2.2940        14.14
      2.2950        14.14
      2.2960        14.10
      2.2970        14.14
      2.2980        14.15
      2.2990        14.30
      2.3000        14.38
      2.3010        14.27
      2.3020        14.27
      2.3030        14.24
      2.3040        14.16
      2.3050        13.99
      2.3060        14.05
      2.3070        13.97
      2.3080        14.07
      2.3090        14.07
      2.3100        14.00
      2.3110        13.81
      2.3120        13.79
      2.3130        13.79
      2.3140        13.79
      2.3150        13.68
      2.3160        13.71
      2.3170        13.61
      2.3180        13.65
      2.3190        13.56
      2.3200        13.52
      2.3210        13.43
      2.3220        13.38
      2.3230        13.32
      2.3240        13.26
      2.3250        13.26
      2.3260        13.27
      2.3270        13.42
      2.3280        13.34
      2.3290        13.44
      2.3300        13.41
      2.3310        13.58
      2.3320        13.46
      2.3330        13.44
      2.3340        13.43
      2.3350        13.50
      2.3360        13.51
      2.3370        13.46
      2.3380        13.47
      2.3390        13.39
      2.3400        13.38
      2.3410        13.45
      2.3420        13.27
      2.3430        13.25
      2.3440        13.24
      2.3450        13.17
      2.3460        13.17
      2.3470        13.09
      2.3480        13.17
      2.3490        13.08
      2.3500        13.07
      2.3510        13.08
      2.3520        13.15
      2.3530        13.11
      2.3540        13.12
      2.3550        13.05
      2.3560        13.05
      2.3570        13.03
      2.3580        12.99
      2.3590        13.09
      2.3600        13.05
      2.3610        13.06
      2.3620        13.20
      2.3630        13.30
      2.3640        13.40
      2.3650        13.56
      2.3660        13.39
      2.3670        13.38
      2.3680        13.44
      2.3690        13.45
      2.3700        13.46
      2.3710        13.32
      2.3720        13.29
      2.3730        13.34
      2.3740        13.29
      2.3750        13.21
      2.3760        13.20
      2.3770        13.21
      2.3780        13.00
      2.3790        12.92
      2.3800        12.90
      2.3810        12.93
      2.3820        12.89
      2.3830        12.66
      2.3840        12.51
      2.3850        12.38
      2.3860        12.47
      2.3870        12.53
      2.3880        12.38
      2.3890        12.44
      2.3900        12.47
      2.3910        12.48
      2.3920        12.51
      2.3930        12.50
      2.3940        12.55
      2.3950        12.65
      2.3960        12.51
      2.3970        12.46
      2.3980        12.65
      2.3990        12.67
      2.4000        12.57
      2.4010        12.38
      2.4020        12.39
      2.4030        12.57
      2.4040        12.69
      2.4050        12.82
      2.4060        12.74
      2.4070        12.61
      2.4080        12.53
      2.4090        12.39
      2.4100        12.31
      2.4110        12.27
      2.4120        12.23
      2.4130        12.05
      2.4140        12.01
      2.4150        11.94
      2.4160        12.10
      2.4170        12.05
      2.4180        12.02
      2.4190        11.97
      2.4200        12.05
      2.4210        12.15
      2.4220        12.23
      2.4230        12.15
      2.4240        12.05
      2.4250        12.03
      2.4260        12.06
      2.4270        12.15
      2.4280        12.20
      2.4290        12.17
      2.4300        12.06
      2.4310        12.07
      2.4320        12.08
      2.4330        12.27
      2.4340        12.32
      2.4350        12.42
      2.4360        12.30
      2.4370        12.47
      2.4380        12.46
      2.4390        12.53
      2.4400        12.48
      2.4410        12.41
      2.4420        12.29
      2.4430        12.37
      2.4440        12.42
      2.4450        12.28
      2.4460        12.37
      2.4470        12.31
      2.4480        12.37
      2.4490        12.37
      2.4500        12.54
      2.4510        12.49
      2.4520        12.45
      2.4530        12.38
      2.4540        12.26
      2.4550        12.25
      2.4560        12.24
      2.4570        12.29
      2.4580        12.33
      2.4590        12.25
      2.4600        12.33
      2.4610        12.37
      2.4620        12.56
      2.4630        12.48
      2.4640        12.47
      2.4650        12.54
      2.4660        12.47
      2.4670        11.82
      2.4680        11.83
      2.4690        11.89
      2.4700        11.89
      2.4710        11.93
      2.4720        11.97
      2.4730        12.01
      2.4740        12.05
      2.4750        11.99
      2.4760        12.47
      2.4770        12.34
      2.4780        12.40
      2.4790        12.51
      2.4800        12.50
      2.4810        12.47
      2.4820        12.31
      2.4830        12.33
      2.4840        12.43
      2.4850        12.41
      2.4860        12.45
      2.4870        12.73
      2.4880        12.84
      2.4890        12.68
      2.4900        12.69
      2.4910        12.76
      2.4920        12.69
      2.4930        12.69
      2.4940        12.65
      2.4950        12.61
      2.4960        12.55
      2.4970        12.43
      2.4980        12.33
      2.4990        12.24
      2.5000        12.21
      2.5010        12.22
      2.5020        12.20
      2.5030        12.11
      2.5040        12.13
      2.5050        12.10
      2.5060        12.06
      2.5070        11.91
      2.5080        11.76
      2.5090        11.80
      2.5100        11.74
      2.5110        11.64
      2.5120        11.55
      2.5130        11.47
      2.5140        11.36
      2.5150        11.35
      2.5160        11.34
      2.5170        11.37
      2.5180        10.77
      2.5190        10.86
      2.5200        11.30
      2.5210        10.69
      2.5220        10.66
      2.5230        10.68
      2.5240        10.55
      2.5250        10.51
      2.5260        10.28
      2.5270        10.35
      2.5280        10.45
      2.5290        10.39
      2.5300        10.38
      2.5310        10.34
      2.5320        10.53
      2.5330        10.51
      2.5340        10.53
      2.5350        10.53
      2.5360        10.48
      2.5370        10.56
      2.5380        11.04
      2.5390        10.43
      2.5400        10.55
      2.5410        10.69
      2.5420        10.64
      2.5430        10.74
      2.5440        10.83
      2.5450        10.94
      2.5460        11.13
      2.5470        11.04
      2.5480        11.02
      2.5490        11.02
      2.5500        10.87
      2.5510        10.89
      2.5520        10.74
      2.5530        10.69
      2.5540        10.73
      2.5550        10.71
      2.5560        10.75
      2.5570        10.74
      2.5580        10.78
      2.5590        10.81
      2.5600        10.66
      2.5610        10.63
      2.5620        10.64
      2.5630        10.51
      2.5640        10.37
      2.5650        10.32
      2.5660        10.28
      2.5670        10.24
      2.5680        10.20
      2.5690        10.20
      2.5700        10.21
      2.5710        10.09
      2.5720        10.14
      2.5730        10.16
      2.5740        10.09
      2.5750        10.09
      2.5760        10.06
      2.5770         9.98
      2.5780         9.96
      2.5790         9.89
      2.5800         9.85
      2.5810         9.79
      2.5820         9.82
      2.5830         9.77
      2.5840         9.71
      2.5850         9.55
      2.5860         9.47
      2.5870         9.46
      2.5880         9.36
      2.5890         9.32
      2.5900         9.38
      2.5910         9.32
      2.5920         9.19
      2.5930         9.08
      2.5940         9.01
      2.5950         9.46
      2.5960         8.90
      2.5970         8.74
      2.5980         8.69
      2.5990         9.07
      2.6000         9.08
      2.6010         9.12
      2.6020         9.08
      2.6030         8.54
      2.6040         8.55
      2.6050         8.59
      2.6060         8.55
      2.6070         8.55
      2.6080         8.62
      2.6090         8.58
      2.6100         8.51
      2.6110         8.65
      2.6120         8.73
      2.6130         8.82
      2.6140         8.77
      2.6150         8.82
      2.6160         8.66
      2.6170         8.82
      2.6180         8.67
      2.6190         8.66
      2.6200         8.54
      2.6210         8.46
      2.6220         8.42
      2.6230         8.41
      2.6240         8.34
      2.6250         8.36
      2.6260         8.36
      2.6270         8.38
      2.6280         8.27
      2.6290         8.22
      2.6300         8.18
      2.6310         8.07
      2.6320         8.00
      2.6330         7.96
      2.6340         7.96
      2.6350         7.94
      2.6360         8.05
      2.6370         7.98
      2.6380         8.13
      2.6390         8.19
      2.6400         8.30
      2.6410         8.33
      2.6420         8.18
      2.6430         8.13
      2.6440         8.28
      2.6450         8.16
      2.6460         8.13
      2.6470         7.66
      2.6480         7.67
      2.6490         7.73
      2.6500         7.67
      2.6510         7.66
      2.6520         7.66
      2.6530         7.58
      2.6540         7.58
      2.6550         7.52
      2.6560         7.47
      2.6570         7.46
      2.6580         7.43
      2.6590         7.43
      2.6600         7.40
      2.6610         7.39
      2.6620         7.43
      2.6630         7.51
      2.6640         7.44
      2.6650         7.53
      2.6660         7.65
      2.6670         7.67
      2.6680         7.73
      2.6690         7.78
      2.6700         7.85
      2.6710         7.94
      2.6720         7.90
      2.6730         7.92
      2.6740         8.01
      2.6750         8.11
      2.6760         8.12
      2.6770         8.12
      2.6780         8.09
      2.6790         8.07
      2.6800         8.05
      2.6810         8.08
      2.6820         8.00
      2.6830         7.92
      2.6840         7.80
      2.6850         7.64
      2.6860         7.46
      2.6870         7.29
      2.6880         7.15
      2.6890         6.95
      2.6900         6.81
      2.6910         6.57
      2.6920         6.44
      2.6930         5.80
      2.6940         5.55
      2.6950         5.12
      2.6960         4.94
      2.6970         4.70
      2.6980         4.49
      2.6990         3.85
      2.7000         3.78
      2.7010         3.58
      2.7020         3.47
      2.7030         3.39
      2.7040         3.51
      2.7050         3.46
      2.7060         3.67
      2.7070         4.36
      2.7080         4.46
      2.7090         4.58
      2.7100         5.11
      2.7110         5.19
      2.7120         5.24
      2.7130         5.27
      2.7140         5.32
      2.7150         5.39
      2.7160         5.41
      2.7170         5.42
      2.7180         5.41
      2.7190         5.42
      2.7200         5.41
      2.7210         5.37
      2.7220         5.35
      2.7230         5.31
      2.7240         5.26
      2.7250         5.17
      2.7260         4.99
      2.7270         4.99
      2.7280         4.92
      2.7290         4.75
      2.7300         4.73
      2.7310         4.71
      2.7320         4.65
      2.7330         4.63
      2.7340         4.52
      2.7350         4.00
      2.7360         3.88
      2.7370         4.42
      2.7380         4.39
      2.7390         4.24
      2.7400         4.22
      2.7410         4.14
      2.7420         4.09
      2.7430         4.12
      2.7440         4.12
      2.7450         4.15
      2.7460         4.24
      2.7470         4.20
      2.7480         4.18
      2.7490         4.27
      2.7500         4.22
      2.7510         4.20
      2.7520         4.22
      2.7530         4.16
      2.7540         4.20
      2.7550         4.19
      2.7560         4.24
      2.7570         4.12
      2.7580         4.12
      2.7590         4.15
      2.7600         4.08
      2.7610         4.07
      2.7620         4.04
      2.7630         3.45
      2.7640         3.46
      2.7650         3.30
      2.7660         3.23
      2.7670         3.70
      2.7680         3.65
      2.7690         3.57
      2.7700         3.53
      2.7710         3.43
      2.7720         3.34
      2.7730         3.33
      2.7740         3.25
      2.7750         3.16
      2.7760         3.07
      2.7770         3.04
      2.7780         2.94
      2.7790         2.88
      2.7800         2.83
      2.7810         2.84
      2.7820         2.73
      2.7830         2.63
      2.7840         2.49
      2.7850         2.48
      2.7860         2.38
      2.7870         2.38
      2.7880         2.32
      2.7890         2.29
      2.7900         2.22
      2.7910         2.09
      2.7920         2.02
      2.7930         1.92
      2.7940         1.95
      2.7950         1.90
      2.7960         1.84
      2.7970         1.76
      2.7980         1.70
      2.7990         1.69
      2.8000         1.73
      2.8010         1.62
      2.8020         1.60
      2.8030         1.62
      2.8040         1.65
      2.8050         1.64
      2.8060         1.60
      2.8070         1.63
      2.8080         1.61
      2.8090         1.63
      2.8100         1.67
      2.8110         1.78
      2.8120         1.80
      2.8130         1.86
      2.8140         1.86
      2.8150         1.84
      2.8160         1.90
      2.8170         1.95
      2.8180         1.82
      2.8190         1.78
      2.8200         1.69
      2.8210         1.75
      2.8220         1.76
      2.8230         1.72
      2.8240         1.65
      2.8250         1.67
      2.8260         1.68
      2.8270         1.60
      2.8280         1.54
      2.8290         1.54
      2.8300         1.50
      2.8310         1.37
      2.8320         1.39
      2.8330         1.27
      2.8340         1.21
      2.8350         1.18
      2.8360         1.16
      2.8370         1.12
      2.8380         1.26
      2.8390         1.29
      2.8400         1.27
      2.8410         1.25
      2.8420         1.00
      2.8430         1.00
      2.8440         1.00
      2.8450         1.00
      2.8460         1.00
      2.8470         1.00
      2.8480         1.00
      2.8490         1.00
      2.8500         1.00
      2.8510         1.00
      2.8520         1.00
      2.8530         1.00
      2.8540         1.00
      2.8550         1.00
      2.8560         1.00
      2.8570         1.00
      2.8580         1.00
      2.8590         1.00
      2.8600         1.00
      2.8610         1.00
      2.8620         1.00
      2.8630         1.00
      2.8640         1.00
      2.8650         1.00
      2.8660         1.00
      2.8670         1.00
      2.8680         1.00
      2.8690         1.00
      2.8700         1.00
      2.8710         1.00
      2.8720         1.00
      2.8730         1.00
      2.8740         1.00
      2.8750         1.00
      2.8760         1.00
      2.8770         1.00
      2.8780         1.00
      2.8790         1.00
      2.8800         1.00
      2.8810         1.00
      2.8820         1.00
      2.8830         1.00
      2.8840         1.00
      2.8850         1.00
      2.8860         1.00
      2.8870         1.00
      2.8880         1.00
      2.8890         1.00
      2.8900         1.00
      2.8910         1.00
      2.8920         1.00
      2.8930         1.00
      2.8940         1.00
      2.8950         1.00
      2.8960         1.00
      2.8970         1.00
      2.8980         1.00
      2.8990         1.00
      2.9000         1.00
      2.9010         1.00
      2.9020         1.00
      2.9030         1.00
      2.9040         1.00
      2.9050         1.00
      2.9060         1.00
      2.9070         1.00
      2.9080         1.00
      2.9090         1.00
      2.9100         1.00
      2.9110         1.00
      2.9120         1.00
      2.9130         1.00
      2.9140         1.00
      2.9150         1.00
      2.9160         1.00
      2.9170         1.00
      2.9180         1.00
      2.9190         1.00
      2.9200         1.00
      2.9210         1.00
      2.9220         1.00
      2.9230         1.00
      2.9240         1.00
      2.9250         1.00
      2.9260         1.00
      2.9270         1.00
      2.9280         1.00
      2.9290         1.00
      2.9300         1.00
      2.9310         1.00
      2.9320         1.00
      2.9330         1.00
      2.9340         1.00
      2.9350         1.00
      2.9360         1.00
      2.9370         1.00
      2.9380         1.00
      2.9390         1.00
      2.9400         1.00
      2.9410         1.00
      2.9420         1.00
      2.9430         1.00
      2.9440         1.00
      2.9450         1.00
      2.9460         1.00
      2.9470         1.00
      2.9480         1.00
      2.9490         1.00
      2.9500         1.00
      2.9510         1.00
      2.9520         1.00
      2.9530         1.00
      2.9540         1.00
      2.9550         1.00
      2.9560         1.00
      2.9570         1.00
      2.9580         1.00
      2.9590         1.00
      2.9600         1.00
      2.9610         1.00
      2.9620         1.00
      2.9630         1.00
      2.9640         1.00
      2.9650         1.00
      2.9660         1.00
      2.9670         1.00
      2.9680         1.00
      2.9690         1.00
      2.9700         1.00
      2.9710         1.00
      2.9720         1.00
      2.9730         1.00
      2.9740         1.00
      2.9750         1.00
      2.9760         1.00
      2.9770         1.00
      2.9780         1.00
      2.9790         1.00
      2.9800         1.00
      2.9810         1.00
      2.9820         1.00
      2.9830         1.00
      2.9840         1.00
      2.9850         1.00
      2.9860         1.00
      2.9870         1.00
      2.9880         1.00
      2.9890         1.00
      2.9900         1.00
      2.9910         1.00
      2.9920         1.00
      2.9930         1.00
      2.9940         1.00
      2.9950         1.00
      2.9960         1.00
      2.9970         1.00
      2.9980         1.00
      2.9990         1.00
