        Time   Palpation Force
      0.0000         1.00
      0.0010         1.00
      0.0020         1.00
      0.0030         1.00
      0.0040         1.00
      0.0050         1.00
      0.0060         1.00
      0.0070         1.00
      0.0080         1.00
      0.0090         1.00
      0.0100         1.00
      0.0110         1.00
      0.0120         1.00
      0.0130         1.00
      0.0140         1.00
      0.0150         1.00
      0.0160         1.00
      0.0170         1.00
      0.0180         1.00
      0.0190         1.00
      0.0200         1.00
      0.0210         1.00
      0.0220         1.00
      0.0230         1.00
      0.0240         1.00
      0.0250         1.00
      0.0260         1.00
      0.0270         1.00
      0.0280         1.00
      0.0290         1.00
      0.0300         1.00
      0.0310         1.00
      0.0320         1.00
      0.0330         1.00
      0.0340         1.00
      0.0350         1.00
      0.0360         1.00
      0.0370         1.00
      0.0380         1.00
      0.0390         1.00
      0.0400         1.00
      0.0410         1.00
      0.0420         1.00
      0.0430         1.00
      0.0440         1.00
      0.0450         1.00
      0.0460         1.00
      0.0470         1.00
      0.0480         1.00
      0.0490         1.00
      0.0500         1.00
      0.0510         1.00
      0.0520         1.00
      0.0530         1.00
      0.0540         1.00
      0.0550         1.00
      0.0560         1.00
      0.0570         1.00
      0.0580         1.00
      0.0590         1.00
      0.0600         1.00
      0.0610         1.00
      0.0620         1.00
      0.0630         1.00
      0.0640         1.00
      0.0650         1.00
      0.0660         1.00
      0.0670         1.00
      0.0680         1.00
      0.0690         1.00
      0.0700         1.00
      0.0710         1.00
      0.0720         1.00
      0.0730         1.00
      0.0740         1.00
      0.0750         1.00
      0.0760         1.00
      0.0770         1.00
      0.0780         1.00
      0.0790         1.00
      0.0800         1.00
      0.0810         1.00
      0.0820         1.00
      0.0830         1.00
      0.0840         1.00
      0.0850         1.00
      0.0860         1.00
      0.0870         1.00
      0.0880         1.00
      0.0890         1.00
      0.0900         1.00
      0.0910         1.00
      0.0920         1.00
      0.0930         1.00
      0.0940         1.00
      0.0950         1.00
      0.0960         1.00
      0.0970         1.00
      0.0980         1.00
      0.0990         1.00
      0.1000         1.00
      0.1010         1.00
      0.1020         1.00
      0.1030         1.00
      0.1040         1.00
      0.1050         1.00
      0.1060         1.00
      0.1070         1.00
      0.1080         1.00
      0.1090         1.00
      0.1100         1.00
      0.1110         1.00
      0.1120         1.00
      0.1130         1.00
      0.1140         1.00
      0.1150         1.00
      0.1160         1.00
      0.1170         1.00
      0.1180         1.00
      0.1190         1.00
      0.1200         1.00
      0.1210         1.00
      0.1220         1.00
      0.1230         1.00
      0.1240         1.00
      0.1250         1.00
      0.1260         1.00
      0.1270         1.00
      0.1280         1.00
      0.1290         1.00
      0.1300         1.00
      0.1310         1.00
      0.1320         1.00
      0.1330         1.00
      0.1340         1.00
      0.1350         1.00
      0.1360         1.00
      0.1370         1.00
      0.1380         1.00
      0.1390         1.00
      0.1400         1.00
      0.1410         1.00
      0.1420         1.00
      0.1430         1.00
      0.1440         1.00
      0.1450         1.00
      0.1460         1.00
      0.1470         1.00
      0.1480         1.00
      0.1490         1.00
      0.1500         1.00
      0.1510         1.00
      0.1520         1.00
      0.1530         1.00
      0.1540         1.00
      0.1550         1.00
      0.1560         1.00
      0.1570         1.00
      0.1580         1.00
      0.1590         1.00
      0.1600         1.00
      0.1610         1.00
      0.1620         1.00
      0.1630         1.00
      0.1640         1.00
      0.1650         1.00
      0.1660         1.00
      0.1670         1.00
      0.1680         1.00
      0.1690         1.00
      0.1700         1.00
      0.1710         1.00
      0.1720         1.00
      0.1730         1.00
      0.1740         1.00
      0.1750         1.00
      0.1760         1.00
      0.1770         1.00
      0.1780         1.00
      0.1790         1.00
      0.1800         1.00
      0.1810         1.00
      0.1820         1.00
      0.1830         1.00
      0.1840         1.00
      0.1850         1.00
      0.1860         1.00
      0.1870         1.00
      0.1880         1.00
      0.1890         1.00
      0.1900         1.00
      0.1910         1.00
      0.1920         1.00
      0.1930         1.00
      0.1940         1.00
      0.1950         1.00
      0.1960         1.00
      0.1970         1.00
      0.1980         1.00
      0.1990         1.00
      0.2000         1.00
      0.2010         1.00
      0.2020         1.00
      0.2030         1.00
      0.2040         1.00
      0.2050         1.00
      0.2060         1.00
      0.2070         1.00
      0.2080         1.00
      0.2090         1.00
      0.2100         1.00
      0.2110         1.00
      0.2120         1.00
      0.2130         1.00
      0.2140         1.00
      0.2150         1.00
      0.2160         1.00
      0.2170         1.00
      0.2180         1.00
      0.2190         1.00
      0.2200         1.00
      0.2210         1.00
      0.2220         1.00
      0.2230         1.00
      0.2240         1.00
      0.2250         1.00
      0.2260         1.00
      0.2270         1.00
      0.2280         1.00
      0.2290         1.00
      0.2300         1.00
      0.2310         1.00
      0.2320         1.00
      0.2330         1.00
      0.2340         1.00
      0.2350         1.00
      0.2360         1.00
      0.2370         1.00
      0.2380         1.00
      0.2390         1.00
      0.2400         1.00
      0.2410         1.00
      0.2420         1.00
      0.2430         1.00
      0.2440         1.00
      0.2450         1.00
      0.2460         1.00
      0.2470         1.00
      0.2480         1.00
      0.2490         1.00
      0.2500         1.00
      0.2510         1.00
      0.2520         1.00
      0.2530         1.00
      0.2540         1.00
      0.2550         1.00
      0.2560         1.00
      0.2570         1.00
      0.2580         1.00
      0.2590         1.00
      0.2600         1.00
      0.2610         1.00
      0.2620         1.00
      0.2630         1.00
      0.2640         1.00
      0.2650         1.00
      0.2660         1.00
      0.2670         1.00
      0.2680         1.00
      0.2690         1.00
      0.2700         1.00
      0.2710         1.00
      0.2720         1.00
      0.2730         1.00
      0.2740         1.00
      0.2750         1.00
      0.2760         1.00
      0.2770         1.00
      0.2780         1.00
      0.2790         1.00
      0.2800         1.00
      0.2810         1.00
      0.2820         1.00
      0.2830         1.00
      0.2840         1.00
      0.2850         1.00
      0.2860         1.00
      0.2870         1.00
      0.2880         1.00
      0.2890         1.00
      0.2900         1.00
      0.2910         1.00
      0.2920         1.00
      0.2930         1.00
      0.2940         1.00
      0.2950         1.00
      0.2960         1.00
      0.2970         1.00
      0.2980         1.00
      0.2990         1.00
      0.3000         1.00
      0.3010         1.00
      0.3020         1.00
      0.3030         1.00
      0.3040         1.00
      0.3050         1.00
      0.3060         1.00
      0.3070         1.00
      0.3080         1.00
      0.3090         1.00
      0.3100         1.00
      0.3110         1.00
      0.3120         1.00
      0.3130         1.00
      0.3140         1.00
      0.3150         1.00
      0.3160         1.00
      0.3170         1.00
      0.3180         1.00
      0.3190         1.00
      0.3200         1.00
      0.3210         1.00
      0.3220         1.00
      0.3230         1.00
      0.3240         1.00
      0.3250         1.00
      0.3260         1.00
      0.3270         1.00
      0.3280         1.00
      0.3290         1.00
      0.3300         1.00
      0.3310         1.00
      0.3320         1.00
      0.3330         1.00
      0.3340         1.00
      0.3350         1.00
      0.3360         1.00
      0.3370         1.00
      0.3380         1.00
      0.3390         1.00
      0.3400         1.00
      0.3410         1.00
      0.3420         1.00
      0.3430         1.00
      0.3440         1.00
      0.3450         1.00
      0.3460         1.00
      0.3470         1.00
      0.3480         1.00
      0.3490         1.00
      0.3500         1.00
      0.3510         1.00
      0.3520         1.00
      0.3530         1.00
      0.3540         1.00
      0.3550         1.00
      0.3560         1.00
      0.3570         1.00
      0.3580         1.00
      0.3590         1.00
      0.3600         1.00
      0.3610         1.00
      0.3620         1.00
      0.3630         1.00
      0.3640         1.00
      0.3650         1.00
      0.3660         1.00
      0.3670         1.00
      0.3680         1.00
      0.3690         1.00
      0.3700         1.00
      0.3710         1.00
      0.3720         1.00
      0.3730         1.00
      0.3740         1.00
      0.3750         1.00
      0.3760         1.00
      0.3770         1.00
      0.3780         1.00
      0.3790         1.00
      0.3800         1.00
      0.3810         1.00
      0.3820         1.00
      0.3830         1.00
      0.3840         1.00
      0.3850         1.00
      0.3860         1.00
      0.3870         1.00
      0.3880         1.00
      0.3890         1.00
      0.3900         1.00
      0.3910         1.00
      0.3920         1.00
      0.3930         1.00
      0.3940         1.00
      0.3950         1.00
      0.3960         1.00
      0.3970         1.00
      0.3980         1.00
      0.3990         1.00
      0.4000         1.00
      0.4010         1.00
      0.4020         1.00
      0.4030         1.00
      0.4040         1.00
      0.4050         1.00
      0.4060         1.00
      0.4070         1.00
      0.4080         1.00
      0.4090         1.00
      0.4100         1.00
      0.4110         1.00
      0.4120         1.00
      0.4130         1.00
      0.4140         1.00
      0.4150         1.00
      0.4160         1.00
      0.4170         1.00
      0.4180         1.00
      0.4190         1.00
      0.4200         1.00
      0.4210         1.00
      0.4220         1.00
      0.4230         1.00
      0.4240         1.00
      0.4250         1.00
      0.4260         1.00
      0.4270         1.00
      0.4280         1.00
      0.4290         1.00
      0.4300         1.00
      0.4310         1.00
      0.4320         1.00
      0.4330         1.00
      0.4340         1.00
      0.4350         1.00
      0.4360         1.00
      0.4370         1.00
      0.4380         1.00
      0.4390         1.00
      0.4400         1.00
      0.4410         1.00
      0.4420         1.00
      0.4430         1.00
      0.4440         1.00
      0.4450         1.00
      0.4460         1.00
      0.4470         1.00
      0.4480         1.00
      0.4490         1.00
      0.4500         1.00
      0.4510         1.00
      0.4520         1.00
      0.4530         1.00
      0.4540         1.00
      0.4550         1.00
      0.4560         1.00
      0.4570         1.00
      0.4580         1.00
      0.4590         1.00
      0.4600         1.00
      0.4610         1.00
      0.4620         1.00
      0.4630         1.00
      0.4640         1.00
      0.4650         1.00
      0.4660         1.00
      0.4670         1.00
      0.4680         1.00
      0.4690         1.00
      0.4700         1.00
      0.4710         1.00
      0.4720         1.00
      0.4730         1.00
      0.4740         1.00
      0.4750         1.00
      0.4760         1.00
      0.4770         1.00
      0.4780         1.00
      0.4790         1.00
      0.4800         1.00
      0.4810         1.00
      0.4820         1.00
      0.4830         1.00
      0.4840         1.00
      0.4850         1.00
      0.4860         1.00
      0.4870         1.00
      0.4880         1.00
      0.4890         1.00
      0.4900         1.00
      0.4910         1.00
      0.4920         1.00
      0.4930         1.00
      0.4940         1.00
      0.4950         1.00
      0.4960         1.00
      0.4970         1.00
      0.4980         1.00
      0.4990         1.00
      0.5000         1.00
      0.5010         1.00
      0.5020         1.00
      0.5030         1.00
      0.5040         1.00
      0.5050         1.00
      0.5060         1.00
      0.5070         1.00
      0.5080         1.00
      0.5090         1.00
      0.5100         1.00
      0.5110         1.00
      0.5120         1.00
      0.5130         1.00
      0.5140         1.00
      0.5150         1.00
      0.5160         1.00
      0.5170         1.00
      0.5180         1.00
      0.5190         1.00
      0.5200         1.00
      0.5210         1.00
      0.5220         1.00
      0.5230         1.00
      0.5240         1.00
      0.5250         1.00
      0.5260         1.00
      0.5270         1.00
      0.5280         1.00
      0.5290         1.00
      0.5300         1.00
      0.5310         1.00
      0.5320         1.00
      0.5330         1.00
      0.5340         1.00
      0.5350         1.00
      0.5360         1.00
      0.5370         1.00
      0.5380         1.00
      0.5390         1.00
      0.5400         1.00
      0.5410         1.00
      0.5420         1.00
      0.5430         1.00
      0.5440         1.11
      0.5450         1.15
      0.5460         1.17
      0.5470         1.16
      0.5480         1.00
      0.5490         1.00
      0.5500         1.00
      0.5510         1.00
      0.5520         1.00
      0.5530         1.00
      0.5540         1.00
      0.5550         1.00
      0.5560         1.00
      0.5570         1.00
      0.5580         1.00
      0.5590         1.00
      0.5600         1.30
      0.5610         1.38
      0.5620         1.32
      0.5630         1.47
      0.5640         1.48
      0.5650         1.50
      0.5660         2.04
      0.5670         2.08
      0.5680         2.14
      0.5690         2.20
      0.5700         2.18
      0.5710         2.20
      0.5720         2.32
      0.5730         2.35
      0.5740         2.46
      0.5750         2.54
      0.5760         2.56
      0.5770         2.56
      0.5780         2.47
      0.5790         2.36
      0.5800         1.87
      0.5810         1.85
      0.5820         1.89
      0.5830         1.89
      0.5840         1.89
      0.5850         1.91
      0.5860         1.92
      0.5870         1.99
      0.5880         1.97
      0.5890         2.00
      0.5900         2.05
      0.5910         2.03
      0.5920         1.93
      0.5930         1.95
      0.5940         2.48
      0.5950         2.48
      0.5960         2.40
      0.5970         2.56
      0.5980         2.63
      0.5990         2.83
      0.6000         2.87
      0.6010         2.94
      0.6020         2.90
      0.6030         2.93
      0.6040         2.96
      0.6050         2.99
      0.6060         3.01
      0.6070         3.00
      0.6080         3.07
      0.6090         3.12
      0.6100         3.15
      0.6110         3.20
      0.6120         2.76
      0.6130         2.87
      0.6140         2.92
      0.6150         2.96
      0.6160         3.08
      0.6170         3.62
      0.6180         3.64
      0.6190         4.21
      0.6200         4.26
      0.6210         4.38
      0.6220         4.48
      0.6230         4.56
      0.6240         4.72
      0.6250         4.82
      0.6260         4.93
      0.6270         5.11
      0.6280         5.25
      0.6290         5.35
      0.6300         5.54
      0.6310         5.68
      0.6320         5.85
      0.6330         5.97
      0.6340         6.01
      0.6350         6.13
      0.6360         6.24
      0.6370         6.35
      0.6380         6.39
      0.6390         6.47
      0.6400         6.51
      0.6410         6.58
      0.6420         6.71
      0.6430         6.75
      0.6440         6.68
      0.6450         6.84
      0.6460         6.93
      0.6470         7.03
      0.6480         6.95
      0.6490         7.03
      0.6500         6.95
      0.6510         6.95
      0.6520         6.98
      0.6530         6.94
      0.6540         6.98
      0.6550         7.07
      0.6560         7.06
      0.6570         7.14
      0.6580         7.28
      0.6590         7.30
      0.6600         7.41
      0.6610         7.43
      0.6620         7.53
      0.6630         7.64
      0.6640         7.74
      0.6650         7.81
      0.6660         7.88
      0.6670         7.95
      0.6680         8.07
      0.6690         8.03
      0.6700         8.12
      0.6710         8.24
      0.6720         8.40
      0.6730         8.43
      0.6740         8.52
      0.6750         8.48
      0.6760         8.53
      0.6770         8.61
      0.6780         8.71
      0.6790         8.87
      0.6800         8.95
      0.6810         9.11
      0.6820         9.19
      0.6830         9.24
      0.6840         9.31
      0.6850         9.40
      0.6860         9.41
      0.6870         9.48
      0.6880         9.68
      0.6890         9.86
      0.6900         9.91
      0.6910         9.90
      0.6920         9.79
      0.6930         9.95
      0.6940        10.02
      0.6950        10.18
      0.6960        10.34
      0.6970        10.30
      0.6980        10.33
      0.6990        10.37
      0.7000        10.39
      0.7010        10.43
      0.7020        10.49
      0.7030        10.58
      0.7040        10.69
      0.7050        10.76
      0.7060        10.96
      0.7070        11.05
      0.7080        11.08
      0.7090        11.19
      0.7100        11.25
      0.7110        11.37
      0.7120        11.61
      0.7130        11.74
      0.7140        11.83
      0.7150        11.98
      0.7160        12.17
      0.7170        12.26
      0.7180        12.34
      0.7190        12.46
      0.7200        12.59
      0.7210        12.68
      0.7220        12.77
      0.7230        12.87
      0.7240        12.99
      0.7250        13.07
      0.7260        13.13
      0.7270        13.15
      0.7280        13.18
      0.7290        13.32
      0.7300        13.45
      0.7310        13.50
      0.7320        13.64
      0.7330        13.68
      0.7340        13.88
      0.7350        13.88
      0.7360        13.87
      0.7370        14.00
      0.7380        14.12
      0.7390        14.27
      0.7400        14.43
      0.7410        14.54
      0.7420        14.71
      0.7430        14.83
      0.7440        14.99
      0.7450        14.99
      0.7460        15.03
      0.7470        15.19
      0.7480        15.38
      0.7490        15.37
      0.7500        15.46
      0.7510        15.68
      0.7520        15.69
      0.7530        15.93
      0.7540        16.09
      0.7550        16.20
      0.7560        16.31
      0.7570        16.50
      0.7580        16.65
      0.7590        16.66
      0.7600        16.71
      0.7610        16.75
      0.7620        16.83
      0.7630        16.83
      0.7640        16.81
      0.7650        16.97
      0.7660        17.17
      0.7670        17.22
      0.7680        17.34
      0.7690        17.49
      0.7700        17.58
      0.7710        17.64
      0.7720        17.83
      0.7730        17.91
      0.7740        17.87
      0.7750        18.04
      0.7760        18.18
      0.7770        18.19
      0.7780        18.23
      0.7790        18.34
      0.7800        18.41
      0.7810        18.57
      0.7820        18.54
      0.7830        18.71
      0.7840        18.83
      0.7850        18.92
      0.7860        19.03
      0.7870        19.06
      0.7880        19.19
      0.7890        19.22
      0.7900        19.32
      0.7910        19.49
      0.7920        19.50
      0.7930        19.58
      0.7940        19.74
      0.7950        19.77
      0.7960        19.86
      0.7970        20.01
      0.7980        20.18
      0.7990        20.30
      0.8000        20.43
      0.8010        20.49
      0.8020        20.70
      0.8030        20.85
      0.8040        20.90
      0.8050        21.08
      0.8060        21.11
      0.8070        21.25
      0.8080        21.37
      0.8090        21.56
      0.8100        21.67
      0.8110        21.71
      0.8120        21.87
      0.8130        21.93
      0.8140        22.05
      0.8150        22.25
      0.8160        22.36
      0.8170        22.52
      0.8180        22.61
      0.8190        22.73
      0.8200        22.87
      0.8210        23.10
      0.8220        23.19
      0.8230        23.34
      0.8240        23.51
      0.8250        23.56
      0.8260        23.75
      0.8270        23.92
      0.8280        23.92
      0.8290        23.97
      0.8300        24.12
      0.8310        24.22
      0.8320        24.23
      0.8330        24.30
      0.8340        24.32
      0.8350        24.30
      0.8360        24.43
      0.8370        24.43
      0.8380        24.42
      0.8390        24.50
      0.8400        24.55
      0.8410        24.54
      0.8420        24.68
      0.8430        24.66
      0.8440        24.76
      0.8450        24.81
      0.8460        24.93
      0.8470        25.07
      0.8480        25.19
      0.8490        25.32
      0.8500        25.36
      0.8510        25.51
      0.8520        25.66
      0.8530        25.82
      0.8540        25.98
      0.8550        26.10
      0.8560        26.04
      0.8570        26.15
      0.8580        26.25
      0.8590        26.17
      0.8600        26.23
      0.8610        26.33
      0.8620        26.34
      0.8630        26.44
      0.8640        26.48
      0.8650        26.67
      0.8660        26.72
      0.8670        26.83
      0.8680        26.86
      0.8690        26.86
      0.8700        26.86
      0.8710        26.86
      0.8720        26.86
      0.8730        26.94
      0.8740        26.98
      0.8750        27.02
      0.8760        27.11
      0.8770        27.21
      0.8780        27.37
      0.8790        27.58
      0.8800        27.70
      0.8810        27.78
      0.8820        27.81
      0.8830        27.81
      0.8840        27.89
      0.8850        27.85
      0.8860        27.87
      0.8870        27.86
      0.8880        28.01
      0.8890        28.07
      0.8900        28.18
      0.8910        28.23
      0.8920        28.32
      0.8930        28.29
      0.8940        28.25
      0.8950        28.39
      0.8960        28.51
      0.8970        28.51
      0.8980        28.46
      0.8990        28.56
      0.9000        28.58
      0.9010        28.66
      0.9020        28.68
      0.9030        28.78
      0.9040        28.82
      0.9050        28.97
      0.9060        29.02
      0.9070        29.09
      0.9080        29.17
      0.9090        29.19
      0.9100        29.27
      0.9110        29.37
      0.9120        29.43
      0.9130        29.54
      0.9140        29.63
      0.9150        29.67
      0.9160        29.70
      0.9170        29.77
      0.9180        29.98
      0.9190        29.90
      0.9200        29.97
      0.9210        29.90
      0.9220        30.01
      0.9230        30.01
      0.9240        30.02
      0.9250        29.94
      0.9260        29.97
      0.9270        30.01
      0.9280        29.97
      0.9290        30.07
      0.9300        30.05
      0.9310        29.99
      0.9320        30.00
      0.9330        30.04
      0.9340        30.06
      0.9350        30.01
      0.9360        30.01
      0.9370        30.03
      0.9380        30.05
      0.9390        30.15
      0.9400        30.20
      0.9410        30.35
      0.9420        30.33
      0.9430        30.44
      0.9440        30.52
      0.9450        30.57
      0.9460        30.62
      0.9470        30.60
      0.9480        30.64
      0.9490        30.60
      0.9500        30.72
      0.9510        30.80
      0.9520        30.86
      0.9530        30.84
      0.9540        30.98
      0.9550        31.01
      0.9560        31.03
      0.9570        31.10
      0.9580        30.98
      0.9590        31.01
      0.9600        31.04
      0.9610        31.08
      0.9620        31.05
      0.9630        31.00
      0.9640        31.03
      0.9650        31.11
      0.9660        31.16
      0.9670        31.24
      0.9680        31.29
      0.9690        31.34
      0.9700        31.34
      0.9710        31.37
      0.9720        31.41
      0.9730        31.53
      0.9740        31.47
      0.9750        31.57
      0.9760        31.61
      0.9770        31.66
      0.9780        31.80
      0.9790        31.77
      0.9800        31.77
      0.9810        31.73
      0.9820        31.83
      0.9830        32.04
      0.9840        32.09
      0.9850        32.07
      0.9860        32.04
      0.9870        32.10
      0.9880        32.10
      0.9890        32.29
      0.9900        32.33
      0.9910        32.33
      0.9920        32.33
      0.9930        32.31
      0.9940        32.39
      0.9950        32.41
      0.9960        32.49
      0.9970        32.55
      0.9980        32.54
      0.9990        32.78
      1.0000        32.80
      1.0010        32.93
      1.0020        32.99
      1.0030        32.99
      1.0040        32.94
      1.0050        33.03
      1.0060        33.13
      1.0070        33.11
      1.0080        33.14
      1.0090        33.05
      1.0100        33.06
      1.0110        33.13
      1.0120        33.25
      1.0130        33.26
      1.0140        33.18
      1.0150        33.16
      1.0160        33.24
      1.0170        33.25
      1.0180        33.21
      1.0190        33.07
      1.0200        32.92
      1.0210        32.89
      1.0220        32.89
      1.0230        32.78
      1.0240        32.85
      1.0250        32.86
      1.0260        32.90
      1.0270        32.85
      1.0280        32.86
      1.0290        32.86
      1.0300        32.95
      1.0310        33.02
      1.0320        32.95
      1.0330        32.92
      1.0340        32.99
      1.0350        32.95
      1.0360        32.84
      1.0370        32.75
      1.0380        32.80
      1.0390        32.91
      1.0400        33.07
      1.0410        33.11
      1.0420        33.11
      1.0430        33.15
      1.0440        33.15
      1.0450        33.13
      1.0460        33.03
      1.0470        33.02
      1.0480        33.01
      1.0490        33.00
      1.0500        33.00
      1.0510        32.92
      1.0520        33.01
      1.0530        33.08
      1.0540        33.09
      1.0550        33.22
      1.0560        33.34
      1.0570        33.41
      1.0580        33.41
      1.0590        33.32
      1.0600        33.35
      1.0610        33.34
      1.0620        33.33
      1.0630        33.37
      1.0640        33.46
      1.0650        33.46
      1.0660        33.52
      1.0670        33.61
      1.0680        33.57
      1.0690        33.55
      1.0700        33.48
      1.0710        33.55
      1.0720        33.48
      1.0730        33.44
      1.0740        33.47
      1.0750        33.32
      1.0760        33.37
      1.0770        33.37
      1.0780        33.38
      1.0790        33.31
      1.0800        33.26
      1.0810        33.22
      1.0820        33.23
      1.0830        33.28
      1.0840        33.26
      1.0850        33.26
      1.0860        33.25
      1.0870        33.27
      1.0880        33.18
      1.0890        33.22
      1.0900        33.28
      1.0910        33.21
      1.0920        33.29
      1.0930        33.32
      1.0940        33.22
      1.0950        33.29
      1.0960        33.20
      1.0970        33.20
      1.0980        33.25
      1.0990        33.41
      1.1000        33.41
      1.1010        33.40
      1.1020        33.37
      1.1030        33.25
      1.1040        33.20
      1.1050        33.20
      1.1060        33.11
      1.1070        32.99
      1.1080        33.11
      1.1090        33.08
      1.1100        33.03
      1.1110        33.11
      1.1120        33.05
      1.1130        33.00
      1.1140        32.95
      1.1150        33.06
      1.1160        33.09
      1.1170        33.13
      1.1180        33.17
      1.1190        33.05
      1.1200        33.11
      1.1210        33.13
      1.1220        33.15
      1.1230        33.19
      1.1240        33.17
      1.1250        33.20
      1.1260        33.27
      1.1270        33.29
      1.1280        33.25
      1.1290        33.24
      1.1300        33.24
      1.1310        33.18
      1.1320        33.02
      1.1330        33.06
      1.1340        33.17
      1.1350        33.11
      1.1360        32.97
      1.1370        32.99
      1.1380        32.87
      1.1390        32.89
      1.1400        32.84
      1.1410        32.82
      1.1420        32.82
      1.1430        32.74
      1.1440        32.81
      1.1450        32.74
      1.1460        32.66
      1.1470        32.67
      1.1480        32.77
      1.1490        32.77
      1.1500        32.71
      1.1510        32.75
      1.1520        32.83
      1.1530        32.79
      1.1540        32.85
      1.1550        32.85
      1.1560        32.99
      1.1570        32.86
      1.1580        32.89
      1.1590        33.02
      1.1600        33.00
      1.1610        32.97
      1.1620        32.95
      1.1630        32.92
      1.1640        32.82
      1.1650        32.81
      1.1660        32.89
      1.1670        32.90
      1.1680        32.86
      1.1690        32.88
      1.1700        32.90
      1.1710        32.90
      1.1720        32.90
      1.1730        32.91
      1.1740        32.97
      1.1750        32.98
      1.1760        32.83
      1.1770        32.82
      1.1780        32.76
      1.1790        32.65
      1.1800        32.68
      1.1810        32.71
      1.1820        32.81
      1.1830        32.87
      1.1840        32.91
      1.1850        32.99
      1.1860        32.93
      1.1870        32.93
      1.1880        32.81
      1.1890        32.87
      1.1900        32.83
      1.1910        32.76
      1.1920        32.80
      1.1930        32.71
      1.1940        32.49
      1.1950        32.41
      1.1960        32.47
      1.1970        32.53
      1.1980        32.59
      1.1990        32.49
      1.2000        32.41
      1.2010        32.37
      1.2020        32.17
      1.2030        32.28
      1.2040        32.32
      1.2050        32.24
      1.2060        32.30
      1.2070        32.28
      1.2080        32.41
      1.2090        32.37
      1.2100        32.45
      1.2110        32.40
      1.2120        32.38
      1.2130        32.46
      1.2140        32.49
      1.2150        32.49
      1.2160        32.48
      1.2170        32.56
      1.2180        32.49
      1.2190        32.51
      1.2200        32.58
      1.2210        32.56
      1.2220        32.58
      1.2230        32.44
      1.2240        32.36
      1.2250        32.36
      1.2260        32.34
      1.2270        32.38
      1.2280        32.37
      1.2290        32.35
      1.2300        32.23
      1.2310        32.37
      1.2320        32.35
      1.2330        32.45
      1.2340        32.40
      1.2350        32.33
      1.2360        32.33
      1.2370        32.17
      1.2380        32.20
      1.2390        32.21
      1.2400        32.12
      1.2410        32.09
      1.2420        32.09
      1.2430        32.09
      1.2440        31.88
      1.2450        31.92
      1.2460        31.81
      1.2470        31.69
      1.2480        31.57
      1.2490        31.48
      1.2500        31.51
      1.2510        31.41
      1.2520        31.46
      1.2530        31.31
      1.2540        31.31
      1.2550        31.32
      1.2560        31.28
      1.2570        31.25
      1.2580        31.27
      1.2590        31.33
      1.2600        31.36
      1.2610        31.48
      1.2620        31.58
      1.2630        31.68
      1.2640        31.81
      1.2650        31.83
      1.2660        31.97
      1.2670        32.04
      1.2680        32.06
      1.2690        32.24
      1.2700        32.25
      1.2710        32.22
      1.2720        32.10
      1.2730        32.02
      1.2740        31.99
      1.2750        31.98
      1.2760        32.00
      1.2770        32.01
      1.2780        31.92
      1.2790        31.76
      1.2800        31.77
      1.2810        31.69
      1.2820        31.63
      1.2830        31.47
      1.2840        31.49
      1.2850        31.43
      1.2860        31.33
      1.2870        31.33
      1.2880        31.29
      1.2890        31.22
      1.2900        31.24
      1.2910        31.19
      1.2920        31.29
      1.2930        31.31
      1.2940        31.45
      1.2950        31.46
      1.2960        31.47
      1.2970        31.40
      1.2980        31.48
      1.2990        31.62
      1.3000        31.58
      1.3010        31.55
      1.3020        31.51
      1.3030        31.53
      1.3040        31.50
      1.3050        31.47
      1.3060        31.33
      1.3070        31.31
      1.3080        31.29
      1.3090        31.34
      1.3100        31.32
      1.3110        31.36
      1.3120        31.25
      1.3130        31.28
      1.3140        31.16
      1.3150        31.13
      1.3160        31.12
      1.3170        31.23
      1.3180        31.14
      1.3190        31.09
      1.3200        31.25
      1.3210        31.14
      1.3220        31.10
      1.3230        31.13
      1.3240        31.17
      1.3250        31.19
      1.3260        31.30
      1.3270        31.21
      1.3280        31.21
      1.3290        31.07
      1.3300        30.97
      1.3310        30.92
      1.3320        31.00
      1.3330        30.96
      1.3340        30.95
      1.3350        30.95
      1.3360        30.89
      1.3370        30.90
      1.3380        30.89
      1.3390        30.79
      1.3400        30.61
      1.3410        30.65
      1.3420        30.69
      1.3430        30.73
      1.3440        30.74
      1.3450        30.59
      1.3460        30.60
      1.3470        30.66
      1.3480        30.73
      1.3490        30.77
      1.3500        30.83
      1.3510        30.81
      1.3520        30.81
      1.3530        30.88
      1.3540        30.93
      1.3550        31.03
      1.3560        31.03
      1.3570        30.93
      1.3580        30.98
      1.3590        31.02
      1.3600        31.14
      1.3610        31.17
      1.3620        31.16
      1.3630        31.12
      1.3640        31.12
      1.3650        31.12
      1.3660        31.11
      1.3670        31.10
      1.3680        30.98
      1.3690        30.97
      1.3700        30.98
      1.3710        30.89
      1.3720        30.79
      1.3730        30.66
      1.3740        30.59
      1.3750        30.47
      1.3760        30.48
      1.3770        30.41
      1.3780        30.39
      1.3790        30.33
      1.3800        30.20
      1.3810        30.20
      1.3820        30.20
      1.3830        30.13
      1.3840        30.11
      1.3850        30.15
      1.3860        30.06
      1.3870        30.12
      1.3880        30.09
      1.3890        30.05
      1.3900        30.08
      1.3910        30.07
      1.3920        30.04
      1.3930        30.08
      1.3940        30.11
      1.3950        30.11
      1.3960        30.11
      1.3970        30.14
      1.3980        30.03
      1.3990        30.06
      1.4000        30.15
      1.4010        30.13
      1.4020        30.07
      1.4030        30.01
      1.4040        30.00
      1.4050        29.93
      1.4060        29.97
      1.4070        30.00
      1.4080        30.06
      1.4090        30.13
      1.4100        30.05
      1.4110        30.16
      1.4120        30.23
      1.4130        30.14
      1.4140        30.05
      1.4150        30.02
      1.4160        29.96
      1.4170        29.92
      1.4180        29.92
      1.4190        29.82
      1.4200        29.74
      1.4210        29.68
      1.4220        29.65
      1.4230        29.69
      1.4240        29.67
      1.4250        29.69
      1.4260        29.59
      1.4270        29.41
      1.4280        29.31
      1.4290        29.19
      1.4300        29.16
      1.4310        29.10
      1.4320        28.97
      1.4330        28.96
      1.4340        29.01
      1.4350        29.03
      1.4360        29.05
      1.4370        29.15
      1.4380        29.22
      1.4390        29.39
      1.4400        29.29
      1.4410        29.26
      1.4420        29.26
      1.4430        29.27
      1.4440        29.24
      1.4450        29.20
      1.4460        29.26
      1.4470        29.34
      1.4480        29.35
      1.4490        29.31
      1.4500        29.19
      1.4510        29.14
      1.4520        29.22
      1.4530        29.25
      1.4540        29.27
      1.4550        29.18
      1.4560        29.15
      1.4570        29.09
      1.4580        29.02
      1.4590        28.93
      1.4600        29.01
      1.4610        29.00
      1.4620        29.08
      1.4630        29.14
      1.4640        29.09
      1.4650        29.09
      1.4660        29.09
      1.4670        29.03
      1.4680        29.02
      1.4690        29.10
      1.4700        29.18
      1.4710        29.12
      1.4720        29.16
      1.4730        29.19
      1.4740        29.11
      1.4750        29.13
      1.4760        29.09
      1.4770        29.06
      1.4780        29.10
      1.4790        29.03
      1.4800        28.91
      1.4810        28.84
      1.4820        28.67
      1.4830        28.50
      1.4840        28.50
      1.4850        28.52
      1.4860        28.48
      1.4870        28.42
      1.4880        28.45
      1.4890        28.42
      1.4900        28.45
      1.4910        28.47
      1.4920        28.34
      1.4930        28.27
      1.4940        28.16
      1.4950        28.20
      1.4960        28.22
      1.4970        28.10
      1.4980        28.04
      1.4990        28.08
      1.5000        28.13
      1.5010        28.15
      1.5020        28.15
      1.5030        28.16
      1.5040        28.05
      1.5050        27.92
      1.5060        27.91
      1.5070        27.88
      1.5080        27.81
      1.5090        27.79
      1.5100        27.73
      1.5110        27.76
      1.5120        27.72
      1.5130        27.79
      1.5140        27.75
      1.5150        27.72
      1.5160        27.72
      1.5170        27.88
      1.5180        27.73
      1.5190        27.68
      1.5200        27.60
      1.5210        27.58
      1.5220        27.66
      1.5230        27.66
      1.5240        27.80
      1.5250        27.84
      1.5260        27.77
      1.5270        27.79
      1.5280        27.79
      1.5290        27.77
      1.5300        27.77
      1.5310        27.76
      1.5320        27.86
      1.5330        27.74
      1.5340        27.83
      1.5350        27.78
      1.5360        27.64
      1.5370        27.51
      1.5380        27.64
      1.5390        27.54
      1.5400        27.62
      1.5410        27.68
      1.5420        27.57
      1.5430        27.58
      1.5440        27.49
      1.5450        27.41
      1.5460        27.30
      1.5470        27.28
      1.5480        27.28
      1.5490        27.10
      1.5500        27.03
      1.5510        26.89
      1.5520        26.74
      1.5530        26.71
      1.5540        26.67
      1.5550        26.59
      1.5560        26.63
      1.5570        26.55
      1.5580        26.52
      1.5590        26.52
      1.5600        26.34
      1.5610        26.21
      1.5620        26.25
      1.5630        26.15
      1.5640        25.96
      1.5650        25.97
      1.5660        25.97
      1.5670        25.81
      1.5680        25.75
      1.5690        25.72
      1.5700        25.68
      1.5710        25.68
      1.5720        25.59
      1.5730        25.53
      1.5740        25.45
      1.5750        25.41
      1.5760        25.37
      1.5770        25.34
      1.5780        25.22
      1.5790        25.19
      1.5800        25.23
      1.5810        25.18
      1.5820        25.05
      1.5830        24.93
      1.5840        24.91
      1.5850        24.93
      1.5860        24.95
      1.5870        25.00
      1.5880        24.92
      1.5890        24.85
      1.5900        24.72
      1.5910        24.66
      1.5920        24.62
      1.5930        24.57
      1.5940        24.60
      1.5950        24.45
      1.5960        24.35
      1.5970        24.27
      1.5980        24.13
      1.5990        24.02
      1.6000        23.93
      1.6010        23.90
      1.6020        23.85
      1.6030        23.82
      1.6040        23.79
      1.6050        23.57
      1.6060        23.49
      1.6070        23.36
      1.6080        23.31
      1.6090        23.24
      1.6100        23.26
      1.6110        23.17
      1.6120        23.11
      1.6130        23.01
      1.6140        22.81
      1.6150        22.89
      1.6160        22.84
      1.6170        22.73
      1.6180        22.70
      1.6190        22.63
      1.6200        22.55
      1.6210        22.51
      1.6220        22.45
      1.6230        22.29
      1.6240        22.26
      1.6250        22.29
      1.6260        22.19
      1.6270        22.11
      1.6280        22.06
      1.6290        21.95
      1.6300        21.82
      1.6310        21.76
      1.6320        21.70
      1.6330        21.63
      1.6340        21.58
      1.6350        21.43
      1.6360        21.33
      1.6370        21.29
      1.6380        21.23
      1.6390        21.12
      1.6400        21.03
      1.6410        20.93
      1.6420        20.76
      1.6430        20.77
      1.6440        20.61
      1.6450        20.46
      1.6460        20.35
      1.6470        20.31
      1.6480        20.15
      1.6490        20.01
      1.6500        19.97
      1.6510        19.69
      1.6520        19.63
      1.6530        19.44
      1.6540        19.32
      1.6550        19.14
      1.6560        18.98
      1.6570        18.90
      1.6580        18.76
      1.6590        18.53
      1.6600        18.42
      1.6610        18.18
      1.6620        18.14
      1.6630        18.06
      1.6640        18.00
      1.6650        17.94
      1.6660        17.82
      1.6670        17.71
      1.6680        17.60
      1.6690        17.56
      1.6700        17.39
      1.6710        17.42
      1.6720        17.30
      1.6730        17.23
      1.6740        17.12
      1.6750        17.16
      1.6760        17.05
      1.6770        16.88
      1.6780        16.83
      1.6790        16.83
      1.6800        16.64
      1.6810        16.56
      1.6820        16.38
      1.6830        16.24
      1.6840        16.04
      1.6850        15.94
      1.6860        15.77
      1.6870        15.55
      1.6880        15.41
      1.6890        15.33
      1.6900        15.23
      1.6910        15.07
      1.6920        14.94
      1.6930        14.86
      1.6940        14.67
      1.6950        14.51
      1.6960        14.51
      1.6970        14.36
      1.6980        14.26
      1.6990        14.14
      1.7000        14.16
      1.7010        14.12
      1.7020        14.01
      1.7030        13.78
      1.7040        13.74
      1.7050        13.60
      1.7060        13.58
      1.7070        13.51
      1.7080        13.48
      1.7090        13.33
      1.7100        13.27
      1.7110        13.17
      1.7120        13.08
      1.7130        12.88
      1.7140        12.84
      1.7150        12.65
      1.7160        12.49
      1.7170        12.40
      1.7180        12.17
      1.7190        12.07
      1.7200        11.86
      1.7210        11.66
      1.7220        11.51
      1.7230        11.51
      1.7240        11.36
      1.7250        11.16
      1.7260        11.06
      1.7270        10.98
      1.7280        10.87
      1.7290        10.87
      1.7300        10.75
      1.7310        10.66
      1.7320        10.45
      1.7330        10.44
      1.7340        10.31
      1.7350        10.20
      1.7360         9.99
      1.7370         9.87
      1.7380         9.82
      1.7390         9.67
      1.7400         9.55
      1.7410         9.55
      1.7420         9.49
      1.7430         9.31
      1.7440         9.26
      1.7450         9.23
      1.7460         9.07
      1.7470         8.94
      1.7480         8.76
      1.7490         8.60
      1.7500         8.37
      1.7510         8.24
      1.7520         8.20
      1.7530         8.16
      1.7540         8.11
      1.7550         8.04
      1.7560         8.05
      1.7570         8.01
      1.7580         7.94
      1.7590         7.81
      1.7600         7.73
      1.7610         7.54
      1.7620         7.47
      1.7630         7.43
      1.7640         7.39
      1.7650         7.32
      1.7660         7.24
      1.7670         7.24
      1.7680         7.30
      1.7690         7.15
      1.7700         7.12
      1.7710         7.11
      1.7720         7.10
      1.7730         6.86
      1.7740         6.77
      1.7750         6.73
      1.7760         6.56
      1.7770         6.43
      1.7780         6.35
      1.7790         6.39
      1.7800         6.35
      1.7810         6.37
      1.7820         6.32
      1.7830         6.27
      1.7840         6.12
      1.7850         6.00
      1.7860         5.98
      1.7870         5.77
      1.7880         5.55
      1.7890         5.47
      1.7900         5.45
      1.7910         5.37
      1.7920         5.24
      1.7930         5.28
      1.7940         5.27
      1.7950         5.23
      1.7960         5.24
      1.7970         5.22
      1.7980         5.16
      1.7990         5.07
      1.8000         5.07
      1.8010         4.95
      1.8020         4.83
      1.8030         4.68
      1.8040         4.20
      1.8050         4.13
      1.8060         4.09
      1.8070         4.06
      1.8080         4.09
      1.8090         4.01
      1.8100         3.98
      1.8110         3.90
      1.8120         3.80
      1.8130         3.76
      1.8140         3.58
      1.8150         4.03
      1.8160         3.95
      1.8170         3.88
      1.8180         3.78
      1.8190         3.74
      1.8200         3.59
      1.8210         3.60
      1.8220         3.70
      1.8230         3.75
      1.8240         3.68
      1.8250         3.73
      1.8260         3.68
      1.8270         3.59
      1.8280         3.44
      1.8290         3.37
      1.8300         3.28
      1.8310         3.20
      1.8320         2.69
      1.8330         2.59
      1.8340         2.65
      1.8350         2.60
      1.8360         2.55
      1.8370         2.53
      1.8380         2.51
      1.8390         2.46
      1.8400         2.42
      1.8410         2.31
      1.8420         2.15
      1.8430         2.13
      1.8440         1.59
      1.8450         1.58
      1.8460         1.61
      1.8470         1.67
      1.8480         1.71
      1.8490         1.77
      1.8500         1.73
      1.8510         1.71
      1.8520         1.67
      1.8530         1.62
      1.8540         1.59
      1.8550         1.54
      1.8560         1.49
      1.8570         1.49
      1.8580         1.42
      1.8590         1.34
      1.8600         1.32
      1.8610         1.24
      1.8620         1.22
      1.8630         1.00
      1.8640         1.15
      1.8650         1.16
      1.8660         1.10
      1.8670         1.04
      1.8680         1.00
      1.8690         1.08
      1.8700         1.13
      1.8710         1.17
      1.8720         1.19
      1.8730         1.00
      1.8740         1.00
      1.8750         1.00
      1.8760         1.00
      1.8770         1.00
      1.8780         1.00
      1.8790         1.00
      1.8800         1.00
      1.8810         1.00
      1.8820         1.00
      1.8830         1.00
      1.8840         1.00
      1.8850         1.00
      1.8860         1.00
      1.8870         1.00
      1.8880         1.00
      1.8890         1.00
      1.8900         1.00
      1.8910         1.00
      1.8920         1.00
      1.8930         1.00
      1.8940         1.00
      1.8950         1.00
      1.8960         1.00
      1.8970         1.00
      1.8980         1.00
      1.8990         1.00
      1.9000         1.00
      1.9010         1.00
      1.9020         1.00
      1.9030         1.00
      1.9040         1.00
      1.9050         1.00
      1.9060         1.00
      1.9070         1.00
      1.9080         1.00
      1.9090         1.00
      1.9100         1.00
      1.9110         1.00
      1.9120         1.00
      1.9130         1.00
      1.9140         1.00
      1.9150         1.00
      1.9160         1.00
      1.9170         1.00
      1.9180         1.00
      1.9190         1.00
      1.9200         1.00
      1.9210         1.00
      1.9220         1.00
      1.9230         1.00
      1.9240         1.00
      1.9250         1.00
      1.9260         1.00
      1.9270         1.00
      1.9280         1.00
      1.9290         1.00
      1.9300         1.00
      1.9310         1.00
      1.9320         1.00
      1.9330         1.00
      1.9340         1.00
      1.9350         1.00
      1.9360         1.00
      1.9370         1.00
      1.9380         1.00
      1.9390         1.00
      1.9400         1.00
      1.9410         1.00
      1.9420         1.00
      1.9430         1.00
      1.9440         1.00
      1.9450         1.00
      1.9460         1.00
      1.9470         1.00
      1.9480         1.00
      1.9490         1.00
      1.9500         1.00
      1.9510         1.00
      1.9520         1.00
      1.9530         1.00
      1.9540         1.00
      1.9550         1.00
      1.9560         1.00
      1.9570         1.00
      1.9580         1.00
      1.9590         1.00
      1.9600         1.00
      1.9610         1.00
      1.9620         1.00
      1.9630         1.00
      1.9640         1.00
      1.9650         1.00
      1.9660         1.00
      1.9670         1.00
      1.9680         1.00
      1.9690         1.00
      1.9700         1.00
      1.9710         1.00
      1.9720         1.00
      1.9730         1.00
      1.9740         1.00
      1.9750         1.00
      1.9760         1.00
      1.9770         1.00
      1.9780         1.00
      1.9790         1.00
      1.9800         1.00
      1.9810         1.00
      1.9820         1.00
      1.9830         1.00
      1.9840         1.00
      1.9850         1.00
      1.9860         1.00
      1.9870         1.00
      1.9880         1.00
      1.9890         1.00
      1.9900         1.00
      1.9910         1.00
      1.9920         1.00
      1.9930         1.00
      1.9940         1.00
      1.9950         1.00
      1.9960         1.00
      1.9970         1.00
      1.9980         1.00
      1.9990         1.00
      2.0000         1.00
      2.0010         1.00
      2.0020         1.00
      2.0030         1.00
      2.0040         1.00
      2.0050         1.00
      2.0060         1.00
      2.0070         1.00
      2.0080         1.00
      2.0090         1.00
      2.0100         1.00
      2.0110         1.00
      2.0120         1.00
      2.0130         1.00
      2.0140         1.00
      2.0150         1.00
      2.0160         1.00
      2.0170         1.00
      2.0180         1.00
      2.0190         1.00
      2.0200         1.00
      2.0210         1.00
      2.0220         1.00
      2.0230         1.00
      2.0240         1.00
      2.0250         1.00
      2.0260         1.00
      2.0270         1.00
      2.0280         1.00
      2.0290         1.00
      2.0300         1.00
      2.0310         1.00
      2.0320         1.00
      2.0330         1.00
      2.0340         1.00
      2.0350         1.00
      2.0360         1.00
      2.0370         1.00
      2.0380         1.00
      2.0390         1.00
      2.0400         1.00
      2.0410         1.00
      2.0420         1.00
      2.0430         1.00
      2.0440         1.00
      2.0450         1.00
      2.0460         1.00
      2.0470         1.00
      2.0480         1.00
      2.0490         1.00
      2.0500         1.00
      2.0510         1.00
      2.0520         1.00
      2.0530         1.00
      2.0540         1.00
      2.0550         1.00
      2.0560         1.00
      2.0570         1.00
      2.0580         1.00
      2.0590         1.00
      2.0600         1.00
      2.0610         1.00
      2.0620         1.00
      2.0630         1.00
      2.0640         1.00
      2.0650         1.00
      2.0660         1.00
      2.0670         1.00
      2.0680         1.00
      2.0690         1.00
      2.0700         1.00
      2.0710         1.00
      2.0720         1.00
      2.0730         1.00
      2.0740         1.00
      2.0750         1.00
      2.0760         1.00
      2.0770         1.00
      2.0780         1.00
      2.0790         1.00
      2.0800         1.00
      2.0810         1.00
      2.0820         1.00
      2.0830         1.00
      2.0840         1.00
      2.0850         1.00
      2.0860         1.00
      2.0870         1.00
      2.0880         1.00
      2.0890         1.00
      2.0900         1.00
      2.0910         1.00
      2.0920         1.00
      2.0930         1.00
      2.0940         1.00
      2.0950         1.00
      2.0960         1.00
      2.0970         1.00
      2.0980         1.00
      2.0990         1.00
      2.1000         1.00
      2.1010         1.00
      2.1020         1.00
      2.1030         1.00
      2.1040         1.00
      2.1050         1.00
      2.1060         1.00
      2.1070         1.00
      2.1080         1.00
      2.1090         1.00
      2.1100         1.00
      2.1110         1.00
      2.1120         1.00
      2.1130         1.00
      2.1140         1.00
      2.1150         1.00
      2.1160         1.00
      2.1170         1.00
      2.1180         1.00
      2.1190         1.00
      2.1200         1.00
      2.1210         1.00
      2.1220         1.00
      2.1230         1.00
      2.1240         1.00
      2.1250         1.00
      2.1260         1.00
      2.1270         1.00
      2.1280         1.00
      2.1290         1.00
      2.1300         1.00
      2.1310         1.00
      2.1320         1.00
      2.1330         1.00
      2.1340         1.00
      2.1350         1.00
      2.1360         1.00
      2.1370         1.00
      2.1380         1.00
      2.1390         1.00
      2.1400         1.00
      2.1410         1.00
      2.1420         1.00
      2.1430         1.00
      2.1440         1.00
      2.1450         1.00
      2.1460         1.00
      2.1470         1.00
      2.1480         1.00
      2.1490         1.00
      2.1500         1.00
      2.1510         1.00
      2.1520         1.00
      2.1530         1.00
      2.1540         1.00
      2.1550         1.00
      2.1560         1.00
      2.1570         1.00
      2.1580         1.00
      2.1590         1.00
      2.1600         1.00
      2.1610         1.00
      2.1620         1.00
      2.1630         1.00
      2.1640         1.00
      2.1650         1.00
      2.1660         1.00
      2.1670         1.00
      2.1680         1.00
      2.1690         1.00
      2.1700         1.00
      2.1710         1.00
      2.1720         1.00
      2.1730         1.00
      2.1740         1.00
      2.1750         1.00
      2.1760         1.00
      2.1770         1.00
      2.1780         1.00
      2.1790         1.00
      2.1800         1.00
      2.1810         1.00
      2.1820         1.00
      2.1830         1.00
      2.1840         1.00
      2.1850         1.00
      2.1860         1.00
      2.1870         1.00
      2.1880         1.00
      2.1890         1.00
      2.1900         1.00
      2.1910         1.00
      2.1920         1.00
      2.1930         1.00
      2.1940         1.00
      2.1950         1.00
      2.1960         1.00
      2.1970         1.00
      2.1980         1.00
      2.1990         1.00
      2.2000         1.00
      2.2010         1.00
      2.2020         1.00
      2.2030         1.00
      2.2040         1.00
      2.2050         1.00
      2.2060         1.00
      2.2070         1.00
      2.2080         1.00
      2.2090         1.00
      2.2100         1.00
      2.2110         1.00
      2.2120         1.00
      2.2130         1.00
      2.2140         1.00
      2.2150         1.00
      2.2160         1.00
      2.2170         1.00
      2.2180         1.00
      2.2190         1.00
      2.2200         1.00
      2.2210         1.00
      2.2220         1.00
      2.2230         1.00
      2.2240         1.00
      2.2250         1.00
      2.2260         1.00
      2.2270         1.00
      2.2280         1.00
      2.2290         1.00
      2.2300         1.00
      2.2310         1.00
      2.2320         1.00
      2.2330         1.00
      2.2340         1.00
      2.2350         1.00
      2.2360         1.00
      2.2370         1.00
      2.2380         1.00
      2.2390         1.00
      2.2400         1.00
      2.2410         1.00
      2.2420         1.00
      2.2430         1.00
      2.2440         1.00
      2.2450         1.00
      2.2460         1.00
      2.2470         1.00
      2.2480         1.00
      2.2490         1.00
      2.2500         1.00
      2.2510         1.00
      2.2520         1.00
      2.2530         1.00
      2.2540         1.00
      2.2550         1.00
      2.2560         1.00
      2.2570         1.00
      2.2580         1.00
      2.2590         1.00
      2.2600         1.00
      2.2610         1.00
      2.2620         1.00
      2.2630         1.00
      2.2640         1.00
      2.2650         1.00
      2.2660         1.00
      2.2670         1.00
      2.2680         1.00
      2.2690         1.00
      2.2700         1.00
      2.2710         1.00
      2.2720         1.00
      2.2730         1.00
      2.2740         1.00
      2.2750         1.00
      2.2760         1.00
      2.2770         1.00
      2.2780         1.00
      2.2790         1.00
      2.2800         1.00
      2.2810         1.00
      2.2820         1.00
      2.2830         1.00
      2.2840         1.00
      2.2850         1.00
      2.2860         1.00
      2.2870         1.00
      2.2880         1.00
      2.2890         1.00
      2.2900         1.00
      2.2910         1.00
      2.2920         1.00
      2.2930         1.00
      2.2940         1.00
      2.2950         1.00
      2.2960         1.00
      2.2970         1.00
      2.2980         1.00
      2.2990         1.00
      2.3000         1.00
      2.3010         1.00
      2.3020         1.00
      2.3030         1.00
      2.3040         1.00
      2.3050         1.00
      2.3060         1.00
      2.3070         1.00
      2.3080         1.00
      2.3090         1.00
      2.3100         1.00
      2.3110         1.00
      2.3120         1.00
      2.3130         1.00
      2.3140         1.00
      2.3150         1.00
      2.3160         1.00
      2.3170         1.00
      2.3180         1.00
      2.3190         1.00
      2.3200         1.00
      2.3210         1.00
      2.3220         1.00
      2.3230         1.00
      2.3240         1.00
      2.3250         1.00
      2.3260         1.00
      2.3270         1.00
      2.3280         1.00
      2.3290         1.00
      2.3300         1.00
      2.3310         1.00
      2.3320         1.00
      2.3330         1.00
      2.3340         1.00
      2.3350         1.00
      2.3360         1.00
      2.3370         1.00
      2.3380         1.00
      2.3390         1.00
      2.3400         1.00
      2.3410         1.00
      2.3420         1.00
      2.3430         1.00
      2.3440         1.00
      2.3450         1.00
      2.3460         1.00
      2.3470         1.00
      2.3480         1.00
      2.3490         1.00
      2.3500         1.00
      2.3510         1.00
      2.3520         1.00
      2.3530         1.00
      2.3540         1.00
      2.3550         1.00
      2.3560         1.00
      2.3570         1.00
      2.3580         1.00
      2.3590         1.00
      2.3600         1.00
      2.3610         1.00
      2.3620         1.00
      2.3630         1.00
      2.3640         1.00
      2.3650         1.00
      2.3660         1.00
      2.3670         1.00
      2.3680         1.00
      2.3690         1.00
      2.3700         1.00
      2.3710         1.00
      2.3720         1.00
      2.3730         1.00
      2.3740         1.00
      2.3750         1.00
      2.3760         1.00
      2.3770         1.00
      2.3780         1.00
      2.3790         1.00
      2.3800         1.00
      2.3810         1.00
      2.3820         1.00
      2.3830         1.00
      2.3840         1.00
      2.3850         1.00
      2.3860         1.00
      2.3870         1.00
      2.3880         1.00
      2.3890         1.00
      2.3900         1.00
      2.3910         1.00
      2.3920         1.00
      2.3930         1.00
      2.3940         1.00
      2.3950         1.00
      2.3960         1.00
      2.3970         1.00
      2.3980         1.00
      2.3990         1.00
      2.4000         1.00
      2.4010         1.00
      2.4020         1.00
      2.4030         1.00
      2.4040         1.00
      2.4050         1.00
      2.4060         1.00
      2.4070         1.00
      2.4080         1.00
      2.4090         1.00
      2.4100         1.00
      2.4110         1.00
      2.4120         1.00
      2.4130         1.00
      2.4140         1.00
      2.4150         1.00
      2.4160         1.00
      2.4170         1.00
      2.4180         1.00
      2.4190         1.00
      2.4200         1.00
      2.4210         1.00
      2.4220         1.00
      2.4230         1.00
      2.4240         1.00
      2.4250         1.00
      2.4260         1.00
      2.4270         1.00
      2.4280         1.00
      2.4290         1.00
      2.4300         1.00
      2.4310         1.00
      2.4320         1.00
      2.4330         1.00
      2.4340         1.00
      2.4350         1.00
      2.4360         1.00
      2.4370         1.00
      2.4380         1.00
      2.4390         1.00
      2.4400         1.00
      2.4410         1.00
      2.4420         1.00
      2.4430         1.00
      2.4440         1.00
      2.4450         1.00
      2.4460         1.00
      2.4470         1.00
      2.4480         1.00
      2.4490         1.00
      2.4500         1.00
      2.4510         1.00
      2.4520         1.00
      2.4530         1.00
      2.4540         1.00
      2.4550         1.00
      2.4560         1.00
      2.4570         1.00
      2.4580         1.00
      2.4590         1.00
      2.4600         1.00
      2.4610         1.00
      2.4620         1.00
      2.4630         1.00
      2.4640         1.00
      2.4650         1.00
      2.4660         1.00
      2.4670         1.00
      2.4680         1.00
      2.4690         1.00
      2.4700         1.00
      2.4710         1.00
      2.4720         1.00
      2.4730         1.00
      2.4740         1.00
      2.4750         1.00
      2.4760         1.00
      2.4770         1.00
      2.4780         1.00
      2.4790         1.00
      2.4800         1.00
      2.4810         1.00
      2.4820         1.00
      2.4830         1.00
      2.4840         1.00
      2.4850         1.00
      2.4860         1.00
      2.4870         1.00
      2.4880         1.00
      2.4890         1.00
      2.4900         1.00
      2.4910         1.00
      2.4920         1.00
      2.4930         1.00
      2.4940         1.00
      2.4950         1.00
      2.4960         1.00
      2.4970         1.00
      2.4980         1.00
      2.4990         1.00
      2.5000         1.00
      2.5010         1.00
      2.5020         1.00
      2.5030         1.00
      2.5040         1.00
      2.5050         1.00
      2.5060         1.00
      2.5070         1.00
      2.5080         1.00
      2.5090         1.00
      2.5100         1.00
      2.5110         1.00
      2.5120         1.00
      2.5130         1.00
      2.5140         1.00
      2.5150         1.00
      2.5160         1.00
      2.5170         1.00
      2.5180         1.00
      2.5190         1.00
      2.5200         1.00
      2.5210         1.00
      2.5220         1.00
      2.5230         1.00
      2.5240         1.00
      2.5250         1.00
      2.5260         1.00
      2.5270         1.00
      2.5280         1.00
      2.5290         1.00
      2.5300         1.00
      2.5310         1.00
      2.5320         1.00
      2.5330         1.00
      2.5340         1.00
      2.5350         1.00
      2.5360         1.00
      2.5370         1.00
      2.5380         1.00
      2.5390         1.00
      2.5400         1.00
      2.5410         1.00
      2.5420         1.00
      2.5430         1.00
      2.5440         1.00
      2.5450         1.00
      2.5460         1.00
      2.5470         1.00
      2.5480         1.00
      2.5490         1.00
      2.5500         1.00
      2.5510         1.00
      2.5520         1.00
      2.5530         1.00
      2.5540         1.00
      2.5550         1.00
      2.5560         1.00
      2.5570         1.00
      2.5580         1.00
      2.5590         1.00
      2.5600         1.00
      2.5610         1.00
      2.5620         1.00
      2.5630         1.00
      2.5640         1.00
      2.5650         1.00
      2.5660         1.00
      2.5670         1.00
      2.5680         1.00
      2.5690         1.00
      2.5700         1.00
      2.5710         1.00
      2.5720         1.00
      2.5730         1.00
      2.5740         1.00
      2.5750         1.00
      2.5760         1.00
      2.5770         1.00
      2.5780         1.00
      2.5790         1.00
      2.5800         1.00
      2.5810         1.00
      2.5820         1.00
      2.5830         1.00
      2.5840         1.00
      2.5850         1.00
      2.5860         1.00
      2.5870         1.00
      2.5880         1.00
      2.5890         1.00
      2.5900         1.00
      2.5910         1.00
      2.5920         1.00
      2.5930         1.00
      2.5940         1.00
      2.5950         1.00
      2.5960         1.00
      2.5970         1.00
      2.5980         1.00
      2.5990         1.00
      2.6000         1.00
      2.6010         1.00
      2.6020         1.00
      2.6030         1.00
      2.6040         1.00
      2.6050         1.00
      2.6060         1.00
      2.6070         1.00
      2.6080         1.00
      2.6090         1.00
      2.6100         1.00
      2.6110         1.00
      2.6120         1.00
      2.6130         1.00
      2.6140         1.00
      2.6150         1.00
      2.6160         1.00
      2.6170         1.00
      2.6180         1.00
      2.6190         1.00
      2.6200         1.00
      2.6210         1.00
      2.6220         1.00
      2.6230         1.00
      2.6240         1.00
      2.6250         1.00
      2.6260         1.00
      2.6270         1.00
      2.6280         1.00
      2.6290         1.00
      2.6300         1.00
      2.6310         1.00
      2.6320         1.00
      2.6330         1.00
      2.6340         1.00
      2.6350         1.00
      2.6360         1.00
      2.6370         1.00
      2.6380         1.00
      2.6390         1.00
      2.6400         1.00
      2.6410         1.00
      2.6420         1.00
      2.6430         1.00
      2.6440         1.00
      2.6450         1.00
      2.6460         1.00
      2.6470         1.00
      2.6480         1.00
      2.6490         1.00
      2.6500         1.00
      2.6510         1.00
      2.6520         1.00
      2.6530         1.00
      2.6540         1.00
      2.6550         1.00
      2.6560         1.00
      2.6570         1.00
      2.6580         1.00
      2.6590         1.00
      2.6600         1.00
      2.6610         1.00
      2.6620         1.00
      2.6630         1.00
      2.6640         1.00
      2.6650         1.00
      2.6660         1.00
      2.6670         1.00
      2.6680         1.00
      2.6690         1.00
      2.6700         1.00
      2.6710         1.00
      2.6720         1.00
      2.6730         1.00
      2.6740         1.00
      2.6750         1.00
      2.6760         1.00
      2.6770         1.00
      2.6780         1.00
      2.6790         1.00
      2.6800         1.00
      2.6810         1.00
      2.6820         1.00
      2.6830         1.00
      2.6840         1.00
      2.6850         1.00
      2.6860         1.00
      2.6870         1.00
      2.6880         1.00
      2.6890         1.00
      2.6900         1.00
      2.6910         1.00
      2.6920         1.00
      2.6930         1.00
      2.6940         1.00
      2.6950         1.00
      2.6960         1.00
      2.6970         1.00
      2.6980         1.00
      2.6990         1.00
      2.7000         1.00
      2.7010         1.00
      2.7020         1.00
      2.7030         1.00
      2.7040         1.00
      2.7050         1.00
      2.7060         1.00
      2.7070         1.00
      2.7080         1.00
      2.7090         1.00
      2.7100         1.00
      2.7110         1.00
      2.7120         1.00
      2.7130         1.00
      2.7140         1.00
      2.7150         1.00
      2.7160         1.00
      2.7170         1.00
      2.7180         1.00
      2.7190         1.00
      2.7200         1.00
      2.7210         1.00
      2.7220         1.00
      2.7230         1.00
      2.7240         1.00
      2.7250         1.00
      2.7260         1.00
      2.7270         1.00
      2.7280         1.00
      2.7290         1.00
      2.7300         1.00
      2.7310         1.00
      2.7320         1.00
      2.7330         1.00
      2.7340         1.00
      2.7350         1.00
      2.7360         1.00
      2.7370         1.00
      2.7380         1.00
      2.7390         1.00
      2.7400         1.00
      2.7410         1.00
      2.7420         1.00
      2.7430         1.00
      2.7440         1.00
      2.7450         1.00
      2.7460         1.00
      2.7470         1.00
      2.7480         1.00
      2.7490         1.00
      2.7500         1.00
      2.7510         1.00
      2.7520         1.00
      2.7530         1.00
      2.7540         1.00
      2.7550         1.00
      2.7560         1.00
      2.7570         1.00
      2.7580         1.00
      2.7590         1.00
      2.7600         1.00
      2.7610         1.00
      2.7620         1.00
      2.7630         1.00
      2.7640         1.00
      2.7650         1.00
      2.7660         1.00
      2.7670         1.00
      2.7680         1.00
      2.7690         1.00
      2.7700         1.00
      2.7710         1.00
      2.7720         1.00
      2.7730         1.00
      2.7740         1.00
      2.7750         1.00
      2.7760         1.00
      2.7770         1.00
      2.7780         1.00
      2.7790         1.00
      2.7800         1.00
      2.7810         1.00
      2.7820         1.00
      2.7830         1.00
      2.7840         1.00
      2.7850         1.00
      2.7860         1.00
      2.7870         1.00
      2.7880         1.00
      2.7890         1.00
      2.7900         1.00
      2.7910         1.00
      2.7920         1.00
      2.7930         1.00
      2.7940         1.00
      2.7950         1.00
      2.7960         1.00
      2.7970         1.00
      2.7980         1.00
      2.7990         1.00
      2.8000         1.00
      2.8010         1.00
      2.8020         1.00
      2.8030         1.00
      2.8040         1.00
      2.8050         1.00
      2.8060         1.00
      2.8070         1.00
      2.8080         1.00
      2.8090         1.00
      2.8100         1.00
      2.8110         1.00
      2.8120         1.00
      2.8130         1.00
      2.8140         1.00
      2.8150         1.00
      2.8160         1.00
      2.8170         1.00
      2.8180         1.00
      2.8190         1.00
      2.8200         1.00
      2.8210         1.00
      2.8220         1.00
      2.8230         1.00
      2.8240         1.00
      2.8250         1.00
      2.8260         1.00
      2.8270         1.00
      2.8280         1.00
      2.8290         1.00
      2.8300         1.00
      2.8310         1.00
      2.8320         1.00
      2.8330         1.00
      2.8340         1.00
      2.8350         1.00
      2.8360         1.00
      2.8370         1.00
      2.8380         1.00
      2.8390         1.00
      2.8400         1.00
      2.8410         1.00
      2.8420         1.00
      2.8430         1.00
      2.8440         1.00
      2.8450         1.00
      2.8460         1.00
      2.8470         1.00
      2.8480         1.00
      2.8490         1.00
      2.8500         1.00
      2.8510         1.00
      2.8520         1.00
      2.8530         1.00
      2.8540         1.00
      2.8550         1.00
      2.8560         1.00
      2.8570         1.00
      2.8580         1.00
      2.8590         1.00
      2.8600         1.00
      2.8610         1.00
      2.8620         1.00
      2.8630         1.00
      2.8640         1.00
      2.8650         1.00
      2.8660         1.00
      2.8670         1.00
      2.8680         1.00
      2.8690         1.00
      2.8700         1.00
      2.8710         1.00
      2.8720         1.00
      2.8730         1.00
      2.8740         1.00
      2.8750         1.00
      2.8760         1.00
      2.8770         1.00
      2.8780         1.00
      2.8790         1.00
      2.8800         1.00
      2.8810         1.00
      2.8820         1.00
      2.8830         1.00
      2.8840         1.00
      2.8850         1.00
      2.8860         1.00
      2.8870         1.00
      2.8880         1.00
      2.8890         1.00
      2.8900         1.00
      2.8910         1.00
      2.8920         1.00
      2.8930         1.00
      2.8940         1.00
      2.8950         1.00
      2.8960         1.00
      2.8970         1.00
      2.8980         1.00
      2.8990         1.00
      2.9000         1.00
      2.9010         1.00
      2.9020         1.00
      2.9030         1.00
      2.9040         1.00
      2.9050         1.00
      2.9060         1.00
      2.9070         1.00
      2.9080         1.00
      2.9090         1.00
      2.9100         1.00
      2.9110         1.00
      2.9120         1.00
      2.9130         1.00
      2.9140         1.00
      2.9150         1.00
      2.9160         1.00
      2.9170         1.00
      2.9180         1.00
      2.9190         1.00
      2.9200         1.00
      2.9210         1.00
      2.9220         1.00
      2.9230         1.00
      2.9240         1.00
      2.9250         1.00
      2.9260         1.00
      2.9270         1.00
      2.9280         1.00
      2.9290         1.00
      2.9300         1.00
      2.9310         1.00
      2.9320         1.00
      2.9330         1.00
      2.9340         1.00
      2.9350         1.00
      2.9360         1.00
      2.9370         1.00
      2.9380         1.00
      2.9390         1.00
      2.9400         1.00
      2.9410         1.00
      2.9420         1.00
      2.9430         1.00
      2.9440         1.00
      2.9450         1.00
      2.9460         1.00
      2.9470         1.00
      2.9480         1.00
      2.9490         1.00
      2.9500         1.00
      2.9510         1.00
      2.9520         1.00
      2.9530         1.00
      2.9540         1.00
      2.9550         1.00
      2.9560         1.00
      2.9570         1.00
      2.9580         1.00
      2.9590         1.00
      2.9600         1.00
      2.9610         1.00
      2.9620         1.00
      2.9630         1.00
      2.9640         1.00
      2.9650         1.00
      2.9660         1.00
      2.9670         1.00
      2.9680         1.00
      2.9690         1.00
      2.9700         1.00
      2.9710         1.00
      2.9720         1.00
      2.9730         1.00
      2.9740         1.00
      2.9750         1.00
      2.9760         1.00
      2.9770         1.00
      2.9780         1.00
      2.9790         1.00
      2.9800         1.00
      2.9810         1.00
      2.9820         1.00
      2.9830         1.00
      2.9840         1.00
      2.9850         1.00
      2.9860         1.00
      2.9870         1.00
      2.9880         1.00
      2.9890         1.00
      2.9900         1.00
      2.9910         1.00
      2.9920         1.00
      2.9930         1.00
      2.9940         1.00
      2.9950         1.00
      2.9960         1.00
      2.9970         1.00
      2.9980         1.00
      2.9990         1.00
