        Time   Palpation Force
      0.0000         1.00
      0.0010         1.00
      0.0020         1.00
      0.0030         1.00
      0.0040         1.00
      0.0050         1.00
      0.0060         1.00
      0.0070         1.00
      0.0080         1.00
      0.0090         1.00
      0.0100         1.00
      0.0110         1.00
      0.0120         1.00
      0.0130         1.00
      0.0140         1.00
      0.0150         1.00
      0.0160         1.00
      0.0170         1.00
      0.0180         1.00
      0.0190         1.00
      0.0200         1.00
      0.0210         1.00
      0.0220         1.00
      0.0230         1.00
      0.0240         1.00
      0.0250         1.00
      0.0260         1.00
      0.0270         1.00
      0.0280         1.00
      0.0290         1.00
      0.0300         1.00
      0.0310         1.00
      0.0320         1.00
      0.0330         1.00
      0.0340         1.00
      0.0350         1.00
      0.0360         1.00
      0.0370         1.00
      0.0380         1.00
      0.0390         1.00
      0.0400         1.00
      0.0410         1.00
      0.0420         1.00
      0.0430         1.00
      0.0440         1.00
      0.0450         1.00
      0.0460         1.00
      0.0470         1.00
      0.0480         1.00
      0.0490         1.00
      0.0500         1.00
      0.0510         1.00
      0.0520         1.00
      0.0530         1.00
      0.0540         1.00
      0.0550         1.00
      0.0560         1.00
      0.0570         1.00
      0.0580         1.00
      0.0590         1.00
      0.0600         1.00
      0.0610         1.00
      0.0620         1.00
      0.0630         1.00
      0.0640         1.00
      0.0650         1.00
      0.0660         1.00
      0.0670         1.00
      0.0680         1.00
      0.0690         1.00
      0.0700         1.00
      0.0710         1.00
      0.0720         1.00
      0.0730         1.00
      0.0740         1.00
      0.0750         1.00
      0.0760         1.00
      0.0770         1.00
      0.0780         1.00
      0.0790         1.00
      0.0800         1.00
      0.0810         1.00
      0.0820         1.00
      0.0830         1.00
      0.0840         1.00
      0.0850         1.00
      0.0860         1.00
      0.0870         1.00
      0.0880         1.00
      0.0890         1.00
      0.0900         1.00
      0.0910         1.00
      0.0920         1.00
      0.0930         1.00
      0.0940         1.00
      0.0950         1.00
      0.0960         1.00
      0.0970         1.00
      0.0980         1.00
      0.0990         1.00
      0.1000         1.00
      0.1010         1.00
      0.1020         1.00
      0.1030         1.00
      0.1040         1.00
      0.1050         1.00
      0.1060         1.00
      0.1070         1.00
      0.1080         1.00
      0.1090         1.00
      0.1100         1.00
      0.1110         1.00
      0.1120         1.00
      0.1130         1.00
      0.1140         1.00
      0.1150         1.00
      0.1160         1.00
      0.1170         1.00
      0.1180         1.00
      0.1190         1.00
      0.1200         1.00
      0.1210         1.00
      0.1220         1.00
      0.1230         1.00
      0.1240         1.00
      0.1250         1.00
      0.1260         1.00
      0.1270         1.00
      0.1280         1.00
      0.1290         1.00
      0.1300         1.00
      0.1310         1.00
      0.1320         1.00
      0.1330         1.00
      0.1340         1.00
      0.1350         1.00
      0.1360         1.00
      0.1370         1.00
      0.1380         1.00
      0.1390         1.00
      0.1400         1.00
      0.1410         1.00
      0.1420         1.00
      0.1430         1.00
      0.1440         1.00
      0.1450         1.00
      0.1460         1.00
      0.1470         1.00
      0.1480         1.00
      0.1490         1.00
      0.1500         1.00
      0.1510         1.00
      0.1520         1.00
      0.1530         1.00
      0.1540         1.00
      0.1550         1.00
      0.1560         1.00
      0.1570         1.00
      0.1580         1.00
      0.1590         1.00
      0.1600         1.00
      0.1610         1.00
      0.1620         1.00
      0.1630         1.00
      0.1640         1.00
      0.1650         1.00
      0.1660         1.00
      0.1670         1.00
      0.1680         1.00
      0.1690         1.00
      0.1700         1.00
      0.1710         1.00
      0.1720         1.00
      0.1730         1.00
      0.1740         1.00
      0.1750         1.00
      0.1760         1.00
      0.1770         1.00
      0.1780         1.00
      0.1790         1.00
      0.1800         1.00
      0.1810         1.00
      0.1820         1.00
      0.1830         1.00
      0.1840         1.00
      0.1850         1.00
      0.1860         1.00
      0.1870         1.00
      0.1880         1.00
      0.1890         1.00
      0.1900         1.00
      0.1910         1.00
      0.1920         1.00
      0.1930         1.00
      0.1940         1.00
      0.1950         1.00
      0.1960         1.00
      0.1970         1.00
      0.1980         1.00
      0.1990         1.00
      0.2000         1.00
      0.2010         1.00
      0.2020         1.00
      0.2030         1.00
      0.2040         1.00
      0.2050         1.00
      0.2060         1.00
      0.2070         1.00
      0.2080         1.00
      0.2090         1.00
      0.2100         1.00
      0.2110         1.00
      0.2120         1.00
      0.2130         1.00
      0.2140         1.00
      0.2150         1.00
      0.2160         1.00
      0.2170         1.00
      0.2180         1.00
      0.2190         1.00
      0.2200         1.00
      0.2210         1.00
      0.2220         1.00
      0.2230         1.00
      0.2240         1.00
      0.2250         1.00
      0.2260         1.00
      0.2270         1.00
      0.2280         1.00
      0.2290         1.00
      0.2300         1.00
      0.2310         1.00
      0.2320         1.00
      0.2330         1.00
      0.2340         1.00
      0.2350         1.00
      0.2360         1.00
      0.2370         1.00
      0.2380         1.00
      0.2390         1.00
      0.2400         1.00
      0.2410         1.00
      0.2420         1.00
      0.2430         1.00
      0.2440         1.00
      0.2450         1.00
      0.2460         1.00
      0.2470         1.00
      0.2480         1.00
      0.2490         1.00
      0.2500         1.00
      0.2510         1.00
      0.2520         1.00
      0.2530         1.00
      0.2540         1.00
      0.2550         1.00
      0.2560         1.00
      0.2570         1.00
      0.2580         1.00
      0.2590         1.00
      0.2600         1.00
      0.2610         1.00
      0.2620         1.00
      0.2630         1.00
      0.2640         1.00
      0.2650         1.00
      0.2660         1.00
      0.2670         1.00
      0.2680         1.00
      0.2690         1.00
      0.2700         1.00
      0.2710         1.00
      0.2720         1.00
      0.2730         1.00
      0.2740         1.00
      0.2750         1.00
      0.2760         1.00
      0.2770         1.00
      0.2780         1.00
      0.2790         1.00
      0.2800         1.00
      0.2810         1.00
      0.2820         1.00
      0.2830         1.00
      0.2840         1.00
      0.2850         1.00
      0.2860         1.00
      0.2870         1.00
      0.2880         1.00
      0.2890         1.00
      0.2900         1.00
      0.2910         1.00
      0.2920         1.00
      0.2930         1.00
      0.2940         1.00
      0.2950         1.00
      0.2960         1.00
      0.2970         1.00
      0.2980         1.00
      0.2990         1.00
      0.3000         1.00
      0.3010         1.00
      0.3020         1.00
      0.3030         1.00
      0.3040         1.00
      0.3050         1.00
      0.3060         1.00
      0.3070         1.00
      0.3080         1.00
      0.3090         1.00
      0.3100         1.00
      0.3110         1.00
      0.3120         1.00
      0.3130         1.00
      0.3140         1.00
      0.3150         1.00
      0.3160         1.00
      0.3170         1.00
      0.3180         1.00
      0.3190         1.00
      0.3200         1.00
      0.3210         1.00
      0.3220         1.00
      0.3230         1.00
      0.3240         1.00
      0.3250         1.00
      0.3260         1.00
      0.3270         1.00
      0.3280         1.00
      0.3290         1.00
      0.3300         1.00
      0.3310         1.00
      0.3320         1.00
      0.3330         1.00
      0.3340         1.00
      0.3350         1.00
      0.3360         1.00
      0.3370         1.00
      0.3380         1.00
      0.3390         1.00
      0.3400         1.00
      0.3410         1.00
      0.3420         1.00
      0.3430         1.00
      0.3440         1.00
      0.3450         1.00
      0.3460         1.00
      0.3470         1.00
      0.3480         1.00
      0.3490         1.00
      0.3500         1.00
      0.3510         1.00
      0.3520         1.00
      0.3530         1.00
      0.3540         1.00
      0.3550         1.00
      0.3560         1.00
      0.3570         1.00
      0.3580         1.00
      0.3590         1.00
      0.3600         1.00
      0.3610         1.00
      0.3620         1.00
      0.3630         1.00
      0.3640         1.00
      0.3650         1.00
      0.3660         1.00
      0.3670         1.00
      0.3680         1.00
      0.3690         1.00
      0.3700         1.00
      0.3710         1.00
      0.3720         1.00
      0.3730         1.00
      0.3740         1.00
      0.3750         1.00
      0.3760         1.00
      0.3770         1.00
      0.3780         1.00
      0.3790         1.00
      0.3800         1.00
      0.3810         1.00
      0.3820         1.00
      0.3830         1.00
      0.3840         1.00
      0.3850         1.00
      0.3860         1.00
      0.3870         1.00
      0.3880         1.00
      0.3890         1.00
      0.3900         1.00
      0.3910         1.00
      0.3920         1.00
      0.3930         1.00
      0.3940         1.00
      0.3950         1.00
      0.3960         1.00
      0.3970         1.00
      0.3980         1.00
      0.3990         1.00
      0.4000         1.00
      0.4010         1.00
      0.4020         1.00
      0.4030         1.00
      0.4040         1.00
      0.4050         1.00
      0.4060         1.00
      0.4070         1.00
      0.4080         1.00
      0.4090         1.00
      0.4100         1.00
      0.4110         1.00
      0.4120         1.00
      0.4130         1.00
      0.4140         1.00
      0.4150         1.00
      0.4160         1.00
      0.4170         1.00
      0.4180         1.00
      0.4190         1.00
      0.4200         1.00
      0.4210         1.00
      0.4220         1.00
      0.4230         1.00
      0.4240         1.00
      0.4250         1.00
      0.4260         1.00
      0.4270         1.00
      0.4280         1.00
      0.4290         1.00
      0.4300         1.00
      0.4310         1.00
      0.4320         1.00
      0.4330         1.00
      0.4340         1.00
      0.4350         1.00
      0.4360         1.00
      0.4370         1.00
      0.4380         1.00
      0.4390         1.00
      0.4400         1.00
      0.4410         1.00
      0.4420         1.00
      0.4430         1.00
      0.4440         1.00
      0.4450         1.00
      0.4460         1.00
      0.4470         1.00
      0.4480         1.00
      0.4490         1.00
      0.4500         1.00
      0.4510         1.00
      0.4520         1.00
      0.4530         1.00
      0.4540         1.00
      0.4550         1.00
      0.4560         1.00
      0.4570         1.00
      0.4580         1.00
      0.4590         1.00
      0.4600         1.00
      0.4610         1.00
      0.4620         1.00
      0.4630         1.00
      0.4640         1.00
      0.4650         1.00
      0.4660         1.00
      0.4670         1.00
      0.4680         1.00
      0.4690         1.00
      0.4700         1.00
      0.4710         1.00
      0.4720         1.00
      0.4730         1.00
      0.4740         1.00
      0.4750         1.00
      0.4760         1.00
      0.4770         1.00
      0.4780         1.00
      0.4790         1.00
      0.4800         1.00
      0.4810         1.00
      0.4820         1.00
      0.4830         1.00
      0.4840         1.00
      0.4850         1.00
      0.4860         1.00
      0.4870         1.00
      0.4880         1.00
      0.4890         1.00
      0.4900         1.00
      0.4910         1.00
      0.4920         1.00
      0.4930         1.00
      0.4940         1.00
      0.4950         1.00
      0.4960         1.00
      0.4970         1.00
      0.4980         1.00
      0.4990         1.00
      0.5000         1.00
      0.5010         1.00
      0.5020         1.00
      0.5030         1.00
      0.5040         1.00
      0.5050         1.00
      0.5060         1.00
      0.5070         1.00
      0.5080         1.00
      0.5090         1.00
      0.5100         1.00
      0.5110         1.00
      0.5120         1.00
      0.5130         1.00
      0.5140         1.00
      0.5150         1.00
      0.5160         1.00
      0.5170         1.00
      0.5180         1.00
      0.5190         1.00
      0.5200         1.00
      0.5210         1.00
      0.5220         1.00
      0.5230         1.00
      0.5240         1.00
      0.5250         1.00
      0.5260         1.00
      0.5270         1.00
      0.5280         1.00
      0.5290         1.00
      0.5300         1.00
      0.5310         1.00
      0.5320         1.00
      0.5330         1.00
      0.5340         1.00
      0.5350         1.00
      0.5360         1.00
      0.5370         1.00
      0.5380         1.00
      0.5390         1.00
      0.5400         1.00
      0.5410         1.00
      0.5420         1.00
      0.5430         1.00
      0.5440         1.00
      0.5450         1.00
      0.5460         1.00
      0.5470         1.00
      0.5480         1.00
      0.5490         1.00
      0.5500         1.00
      0.5510         1.00
      0.5520         1.00
      0.5530         1.00
      0.5540         1.00
      0.5550         1.00
      0.5560         1.00
      0.5570         1.00
      0.5580         1.00
      0.5590         1.00
      0.5600         1.00
      0.5610         1.00
      0.5620         1.00
      0.5630         1.00
      0.5640         1.00
      0.5650         1.00
      0.5660         1.00
      0.5670         1.00
      0.5680         1.00
      0.5690         1.00
      0.5700         1.00
      0.5710         1.00
      0.5720         1.00
      0.5730         1.00
      0.5740         1.00
      0.5750         1.00
      0.5760         1.00
      0.5770         1.00
      0.5780         1.00
      0.5790         1.00
      0.5800         1.00
      0.5810         1.00
      0.5820         1.00
      0.5830         1.00
      0.5840         1.00
      0.5850         1.00
      0.5860         1.00
      0.5870         1.00
      0.5880         1.00
      0.5890         1.00
      0.5900         1.00
      0.5910         1.00
      0.5920         1.00
      0.5930         1.00
      0.5940         1.00
      0.5950         1.00
      0.5960         1.00
      0.5970         1.00
      0.5980         1.00
      0.5990         1.00
      0.6000         1.00
      0.6010         1.00
      0.6020         1.00
      0.6030         1.00
      0.6040         1.00
      0.6050         1.00
      0.6060         1.00
      0.6070         1.00
      0.6080         1.00
      0.6090         1.00
      0.6100         1.00
      0.6110         1.00
      0.6120         1.00
      0.6130         1.00
      0.6140         1.00
      0.6150         1.00
      0.6160         1.00
      0.6170         1.00
      0.6180         1.00
      0.6190         1.00
      0.6200         1.00
      0.6210         1.00
      0.6220         1.00
      0.6230         1.00
      0.6240         1.00
      0.6250         1.00
      0.6260         1.00
      0.6270         1.00
      0.6280         1.00
      0.6290         1.00
      0.6300         1.00
      0.6310         1.00
      0.6320         1.00
      0.6330         1.00
      0.6340         1.00
      0.6350         1.00
      0.6360         1.00
      0.6370         1.00
      0.6380         1.00
      0.6390         1.00
      0.6400         1.00
      0.6410         1.00
      0.6420         1.00
      0.6430         1.00
      0.6440         1.00
      0.6450         1.00
      0.6460         1.00
      0.6470         1.00
      0.6480         1.00
      0.6490         1.00
      0.6500         1.00
      0.6510         1.00
      0.6520         1.00
      0.6530         1.00
      0.6540         1.00
      0.6550         1.00
      0.6560         1.00
      0.6570         1.00
      0.6580         1.00
      0.6590         1.00
      0.6600         1.00
      0.6610         1.00
      0.6620         1.00
      0.6630         1.00
      0.6640         1.00
      0.6650         1.00
      0.6660         1.00
      0.6670         1.00
      0.6680         1.00
      0.6690         1.00
      0.6700         1.00
      0.6710         1.00
      0.6720         1.00
      0.6730         1.00
      0.6740         1.00
      0.6750         1.00
      0.6760         1.00
      0.6770         1.00
      0.6780         1.00
      0.6790         1.00
      0.6800         1.00
      0.6810         1.00
      0.6820         1.00
      0.6830         1.00
      0.6840         1.00
      0.6850         1.00
      0.6860         1.00
      0.6870         1.00
      0.6880         1.00
      0.6890         1.00
      0.6900         1.00
      0.6910         1.00
      0.6920         1.00
      0.6930         1.00
      0.6940         1.00
      0.6950         1.00
      0.6960         1.00
      0.6970         1.00
      0.6980         1.00
      0.6990         1.00
      0.7000         1.00
      0.7010         1.00
      0.7020         1.00
      0.7030         1.00
      0.7040         1.00
      0.7050         1.00
      0.7060         1.00
      0.7070         1.00
      0.7080         1.00
      0.7090         1.00
      0.7100         1.00
      0.7110         1.00
      0.7120         1.00
      0.7130         1.00
      0.7140         1.00
      0.7150         1.00
      0.7160         1.00
      0.7170         1.00
      0.7180         1.00
      0.7190         1.00
      0.7200         1.00
      0.7210         1.00
      0.7220         1.00
      0.7230         1.00
      0.7240         1.00
      0.7250         1.00
      0.7260         1.00
      0.7270         1.00
      0.7280         1.00
      0.7290         1.00
      0.7300         1.00
      0.7310         1.00
      0.7320         1.00
      0.7330         1.00
      0.7340         1.00
      0.7350         1.00
      0.7360         1.00
      0.7370         1.00
      0.7380         1.00
      0.7390         1.00
      0.7400         1.00
      0.7410         1.00
      0.7420         1.00
      0.7430         1.00
      0.7440         1.00
      0.7450         1.00
      0.7460         1.00
      0.7470         1.00
      0.7480         1.00
      0.7490         1.00
      0.7500         1.00
      0.7510         1.00
      0.7520         1.00
      0.7530         1.00
      0.7540         1.00
      0.7550         1.00
      0.7560         1.00
      0.7570         1.00
      0.7580         1.00
      0.7590         1.00
      0.7600         1.00
      0.7610         1.00
      0.7620         1.00
      0.7630         1.00
      0.7640         1.00
      0.7650         1.00
      0.7660         1.00
      0.7670         1.00
      0.7680         1.00
      0.7690         1.00
      0.7700         1.00
      0.7710         1.00
      0.7720         1.00
      0.7730         1.00
      0.7740         1.00
      0.7750         1.00
      0.7760         1.00
      0.7770         1.00
      0.7780         1.00
      0.7790         1.00
      0.7800         1.00
      0.7810         1.00
      0.7820         1.00
      0.7830         1.00
      0.7840         1.00
      0.7850         1.00
      0.7860         1.00
      0.7870         1.00
      0.7880         1.00
      0.7890         1.00
      0.7900         1.00
      0.7910         1.00
      0.7920         1.00
      0.7930         1.00
      0.7940         1.00
      0.7950         1.00
      0.7960         1.00
      0.7970         1.00
      0.7980         1.00
      0.7990         1.00
      0.8000         1.00
      0.8010         1.00
      0.8020         1.00
      0.8030         1.00
      0.8040         1.00
      0.8050         1.00
      0.8060         1.00
      0.8070         1.00
      0.8080         1.00
      0.8090         1.00
      0.8100         1.00
      0.8110         1.00
      0.8120         1.00
      0.8130         1.00
      0.8140         1.00
      0.8150         1.00
      0.8160         1.00
      0.8170         1.00
      0.8180         1.00
      0.8190         1.00
      0.8200         1.00
      0.8210         1.00
      0.8220         1.00
      0.8230         1.00
      0.8240         1.00
      0.8250         1.00
      0.8260         1.00
      0.8270         1.00
      0.8280         1.00
      0.8290         1.00
      0.8300         1.00
      0.8310         1.00
      0.8320         1.00
      0.8330         1.00
      0.8340         1.00
      0.8350         1.00
      0.8360         1.00
      0.8370         1.00
      0.8380         1.00
      0.8390         1.00
      0.8400         1.00
      0.8410         1.00
      0.8420         1.00
      0.8430         1.00
      0.8440         1.00
      0.8450         1.00
      0.8460         1.00
      0.8470         1.00
      0.8480         1.00
      0.8490         1.00
      0.8500         1.00
      0.8510         1.00
      0.8520         1.00
      0.8530         1.00
      0.8540         1.00
      0.8550         1.02
      0.8560         1.05
      0.8570         1.00
      0.8580         1.00
      0.8590         1.00
      0.8600         1.00
      0.8610         1.00
      0.8620         1.00
      0.8630         1.00
      0.8640         1.00
      0.8650         1.00
      0.8660         1.31
      0.8670         1.33
      0.8680         1.37
      0.8690         1.89
      0.8700         1.93
      0.8710         2.59
      0.8720         2.70
      0.8730         2.66
      0.8740         2.12
      0.8750         2.16
      0.8760         2.22
      0.8770         2.24
      0.8780         2.34
      0.8790         2.37
      0.8800         2.25
      0.8810         2.18
      0.8820         2.23
      0.8830         2.23
      0.8840         2.15
      0.8850         2.19
      0.8860         2.23
      0.8870         1.78
      0.8880         1.79
      0.8890         1.25
      0.8900         1.83
      0.8910         1.29
      0.8920         1.26
      0.8930         2.34
      0.8940         2.88
      0.8950         2.44
      0.8960         2.52
      0.8970         2.97
      0.8980         3.01
      0.8990         3.08
      0.9000         3.20
      0.9010         3.37
      0.9020         3.43
      0.9030         3.55
      0.9040         3.64
      0.9050         3.64
      0.9060         3.66
      0.9070         3.58
      0.9080         3.64
      0.9090         3.74
      0.9100         3.78
      0.9110         3.75
      0.9120         3.69
      0.9130         3.81
      0.9140         3.77
      0.9150         3.89
      0.9160         3.86
      0.9170         3.88
      0.9180         3.94
      0.9190         3.99
      0.9200         4.04
      0.9210         4.03
      0.9220         4.06
      0.9230         4.07
      0.9240         4.24
      0.9250         4.24
      0.9260         4.27
      0.9270         4.46
      0.9280         4.52
      0.9290         4.54
      0.9300         4.58
      0.9310         4.69
      0.9320         4.73
      0.9330         4.74
      0.9340         4.97
      0.9350         4.97
      0.9360         5.04
      0.9370         5.16
      0.9380         5.20
      0.9390         5.28
      0.9400         5.37
      0.9410         5.37
      0.9420         5.38
      0.9430         5.45
      0.9440         5.42
      0.9450         5.61
      0.9460         5.65
      0.9470         5.68
      0.9480         5.69
      0.9490         5.84
      0.9500         5.93
      0.9510         5.94
      0.9520         6.14
      0.9530         6.26
      0.9540         6.32
      0.9550         6.42
      0.9560         6.46
      0.9570         6.62
      0.9580         6.72
      0.9590         6.79
      0.9600         6.87
      0.9610         7.00
      0.9620         7.13
      0.9630         7.20
      0.9640         7.30
      0.9650         7.27
      0.9660         7.33
      0.9670         7.39
      0.9680         7.47
      0.9690         7.54
      0.9700         7.62
      0.9710         7.77
      0.9720         7.82
      0.9730         7.86
      0.9740         7.91
      0.9750         7.92
      0.9760         8.13
      0.9770         8.16
      0.9780         8.16
      0.9790         8.19
      0.9800         8.27
      0.9810         8.25
      0.9820         8.35
      0.9830         8.41
      0.9840         8.40
      0.9850         8.45
      0.9860         8.55
      0.9870         8.58
      0.9880         8.59
      0.9890         8.60
      0.9900         8.60
      0.9910         8.64
      0.9920         8.70
      0.9930         8.77
      0.9940         8.79
      0.9950         8.83
      0.9960         8.81
      0.9970         8.86
      0.9980         8.89
      0.9990         8.90
      1.0000         8.88
      1.0010         8.93
      1.0020         8.91
      1.0030         9.00
      1.0040         9.12
      1.0050         9.20
      1.0060         9.33
      1.0070         9.38
      1.0080         9.44
      1.0090         9.45
      1.0100         9.53
      1.0110         9.55
      1.0120         9.53
      1.0130         9.52
      1.0140         9.66
      1.0150         9.74
      1.0160         9.77
      1.0170         9.92
      1.0180        10.03
      1.0190        10.04
      1.0200        10.11
      1.0210        10.24
      1.0220        10.28
      1.0230        10.20
      1.0240        10.13
      1.0250        10.18
      1.0260        10.14
      1.0270        10.14
      1.0280        10.29
      1.0290        10.34
      1.0300        10.45
      1.0310        10.63
      1.0320        10.66
      1.0330        10.78
      1.0340        10.71
      1.0350        10.82
      1.0360        10.82
      1.0370        10.73
      1.0380        10.82
      1.0390        10.93
      1.0400        10.99
      1.0410        11.13
      1.0420        11.15
      1.0430        11.26
      1.0440        11.49
      1.0450        11.52
      1.0460        11.60
      1.0470        11.78
      1.0480        11.69
      1.0490        11.80
      1.0500        11.75
      1.0510        11.64
      1.0520        11.67
      1.0530        11.66
      1.0540        11.67
      1.0550        11.72
      1.0560        11.80
      1.0570        11.82
      1.0580        11.74
      1.0590        11.86
      1.0600        11.93
      1.0610        11.87
      1.0620        11.98
      1.0630        12.10
      1.0640        12.08
      1.0650        12.18
      1.0660        12.20
      1.0670        12.17
      1.0680        12.35
      1.0690        12.47
      1.0700        12.53
      1.0710        12.68
      1.0720        12.71
      1.0730        12.71
      1.0740        12.86
      1.0750        12.81
      1.0760        12.88
      1.0770        12.98
      1.0780        13.06
      1.0790        13.13
      1.0800        13.14
      1.0810        13.17
      1.0820        13.06
      1.0830        13.00
      1.0840        13.00
      1.0850        13.01
      1.0860        13.04
      1.0870        13.12
      1.0880        13.08
      1.0890        12.98
      1.0900        12.92
      1.0910        13.00
      1.0920        13.22
      1.0930        13.30
      1.0940        13.24
      1.0950        13.32
      1.0960        13.32
      1.0970        13.32
      1.0980        13.38
      1.0990        13.35
      1.1000        13.43
      1.1010        13.43
      1.1020        13.52
      1.1030        13.59
      1.1040        13.67
      1.1050        13.65
      1.1060        13.67
      1.1070        13.66
      1.1080        13.74
      1.1090        13.79
      1.1100        13.84
      1.1110        13.77
      1.1120        13.78
      1.1130        13.75
      1.1140        13.87
      1.1150        13.89
      1.1160        13.87
      1.1170        13.92
      1.1180        13.99
      1.1190        14.05
      1.1200        14.08
      1.1210        14.12
      1.1220        14.16
      1.1230        14.32
      1.1240        14.39
      1.1250        14.45
      1.1260        14.48
      1.1270        14.57
      1.1280        14.56
      1.1290        14.68
      1.1300        14.78
      1.1310        14.84
      1.1320        14.79
      1.1330        14.80
      1.1340        14.73
      1.1350        14.73
      1.1360        14.84
      1.1370        14.90
      1.1380        14.90
      1.1390        14.94
      1.1400        14.90
      1.1410        14.94
      1.1420        14.98
      1.1430        14.95
      1.1440        14.90
      1.1450        14.91
      1.1460        14.98
      1.1470        14.89
      1.1480        14.90
      1.1490        14.87
      1.1500        14.90
      1.1510        14.88
      1.1520        14.88
      1.1530        14.96
      1.1540        15.04
      1.1550        15.11
      1.1560        15.09
      1.1570        15.19
      1.1580        15.24
      1.1590        15.27
      1.1600        15.37
      1.1610        15.51
      1.1620        15.57
      1.1630        15.59
      1.1640        15.60
      1.1650        15.70
      1.1660        15.71
      1.1670        15.75
      1.1680        15.80
      1.1690        15.76
      1.1700        15.78
      1.1710        15.83
      1.1720        16.02
      1.1730        16.01
      1.1740        16.05
      1.1750        16.14
      1.1760        16.29
      1.1770        16.17
      1.1780        16.23
      1.1790        16.21
      1.1800        16.25
      1.1810        16.20
      1.1820        16.30
      1.1830        16.35
      1.1840        16.51
      1.1850        16.47
      1.1860        16.52
      1.1870        16.66
      1.1880        16.75
      1.1890        16.94
      1.1900        16.99
      1.1910        17.07
      1.1920        16.94
      1.1930        16.99
      1.1940        16.99
      1.1950        16.93
      1.1960        16.91
      1.1970        17.03
      1.1980        16.95
      1.1990        16.90
      1.2000        16.91
      1.2010        16.89
      1.2020        16.83
      1.2030        16.83
      1.2040        16.67
      1.2050        16.70
      1.2060        16.64
      1.2070        16.58
      1.2080        16.48
      1.2090        16.45
      1.2100        16.40
      1.2110        16.43
      1.2120        16.60
      1.2130        16.64
      1.2140        16.67
      1.2150        16.74
      1.2160        16.72
      1.2170        16.74
      1.2180        16.95
      1.2190        16.98
      1.2200        17.04
      1.2210        17.09
      1.2220        17.13
      1.2230        17.13
      1.2240        17.25
      1.2250        17.29
      1.2260        17.35
      1.2270        17.35
      1.2280        17.36
      1.2290        17.26
      1.2300        17.31
      1.2310        17.20
      1.2320        17.06
      1.2330        17.12
      1.2340        17.14
      1.2350        17.08
      1.2360        17.03
      1.2370        16.98
      1.2380        16.92
      1.2390        17.03
      1.2400        17.06
      1.2410        17.12
      1.2420        17.15
      1.2430        17.14
      1.2440        17.15
      1.2450        17.21
      1.2460        17.19
      1.2470        17.21
      1.2480        17.32
      1.2490        17.43
      1.2500        17.32
      1.2510        17.36
      1.2520        17.47
      1.2530        17.42
      1.2540        17.36
      1.2550        17.34
      1.2560        17.38
      1.2570        17.51
      1.2580        17.43
      1.2590        17.47
      1.2600        17.35
      1.2610        17.35
      1.2620        17.31
      1.2630        17.31
      1.2640        17.36
      1.2650        17.32
      1.2660        17.37
      1.2670        17.49
      1.2680        17.47
      1.2690        17.47
      1.2700        17.65
      1.2710        17.74
      1.2720        17.70
      1.2730        17.81
      1.2740        17.87
      1.2750        17.95
      1.2760        18.02
      1.2770        17.97
      1.2780        18.10
      1.2790        18.10
      1.2800        18.15
      1.2810        18.13
      1.2820        18.20
      1.2830        18.24
      1.2840        18.24
      1.2850        18.29
      1.2860        18.24
      1.2870        18.15
      1.2880        18.34
      1.2890        18.27
      1.2900        18.30
      1.2910        18.34
      1.2920        18.41
      1.2930        18.42
      1.2940        18.50
      1.2950        18.62
      1.2960        18.66
      1.2970        18.73
      1.2980        18.70
      1.2990        18.67
      1.3000        18.61
      1.3010        18.60
      1.3020        18.62
      1.3030        18.73
      1.3040        18.75
      1.3050        18.77
      1.3060        18.89
      1.3070        18.91
      1.3080        18.68
      1.3090        18.83
      1.3100        18.75
      1.3110        18.76
      1.3120        18.77
      1.3130        18.69
      1.3140        18.57
      1.3150        18.48
      1.3160        18.45
      1.3170        18.35
      1.3180        18.27
      1.3190        18.20
      1.3200        18.27
      1.3210        18.32
      1.3220        18.28
      1.3230        18.11
      1.3240        18.03
      1.3250        18.00
      1.3260        17.96
      1.3270        17.92
      1.3280        17.98
      1.3290        18.06
      1.3300        18.13
      1.3310        18.12
      1.3320        18.05
      1.3330        18.09
      1.3340        18.20
      1.3350        18.25
      1.3360        18.25
      1.3370        18.24
      1.3380        18.40
      1.3390        18.48
      1.3400        18.46
      1.3410        18.42
      1.3420        18.46
      1.3430        18.50
      1.3440        18.50
      1.3450        18.49
      1.3460        18.44
      1.3470        18.64
      1.3480        18.53
      1.3490        18.33
      1.3500        18.29
      1.3510        18.26
      1.3520        18.33
      1.3530        18.36
      1.3540        18.34
      1.3550        18.29
      1.3560        18.33
      1.3570        18.46
      1.3580        18.43
      1.3590        18.39
      1.3600        18.47
      1.3610        18.47
      1.3620        18.41
      1.3630        18.50
      1.3640        18.54
      1.3650        18.56
      1.3660        18.64
      1.3670        18.62
      1.3680        18.78
      1.3690        18.83
      1.3700        18.83
      1.3710        18.86
      1.3720        18.88
      1.3730        18.76
      1.3740        18.66
      1.3750        18.62
      1.3760        18.44
      1.3770        18.37
      1.3780        18.30
      1.3790        18.38
      1.3800        18.35
      1.3810        18.43
      1.3820        18.53
      1.3830        18.56
      1.3840        18.56
      1.3850        18.59
      1.3860        18.62
      1.3870        18.58
      1.3880        18.52
      1.3890        18.64
      1.3900        18.68
      1.3910        18.71
      1.3920        18.70
      1.3930        18.87
      1.3940        18.98
      1.3950        19.03
      1.3960        19.23
      1.3970        19.30
      1.3980        19.27
      1.3990        19.24
      1.4000        19.23
      1.4010        19.19
      1.4020        19.18
      1.4030        19.08
      1.4040        19.09
      1.4050        19.10
      1.4060        19.03
      1.4070        19.06
      1.4080        19.10
      1.4090        19.01
      1.4100        18.99
      1.4110        18.91
      1.4120        18.89
      1.4130        18.82
      1.4140        18.90
      1.4150        18.91
      1.4160        18.99
      1.4170        18.91
      1.4180        18.96
      1.4190        19.00
      1.4200        19.08
      1.4210        19.12
      1.4220        19.13
      1.4230        19.21
      1.4240        19.39
      1.4250        19.43
      1.4260        19.52
      1.4270        19.43
      1.4280        19.40
      1.4290        19.51
      1.4300        19.55
      1.4310        19.58
      1.4320        19.65
      1.4330        19.65
      1.4340        19.61
      1.4350        19.43
      1.4360        19.37
      1.4370        19.49
      1.4380        19.48
      1.4390        19.42
      1.4400        19.47
      1.4410        19.50
      1.4420        19.54
      1.4430        19.51
      1.4440        19.41
      1.4450        19.41
      1.4460        19.43
      1.4470        19.51
      1.4480        19.47
      1.4490        19.39
      1.4500        19.42
      1.4510        19.47
      1.4520        19.52
      1.4530        19.51
      1.4540        19.44
      1.4550        19.62
      1.4560        19.58
      1.4570        19.60
      1.4580        19.59
      1.4590        19.65
      1.4600        19.59
      1.4610        19.53
      1.4620        19.51
      1.4630        19.45
      1.4640        19.50
      1.4650        19.45
      1.4660        19.39
      1.4670        19.41
      1.4680        19.46
      1.4690        19.46
      1.4700        19.38
      1.4710        19.39
      1.4720        19.30
      1.4730        19.38
      1.4740        19.46
      1.4750        19.46
      1.4760        19.48
      1.4770        19.49
      1.4780        19.59
      1.4790        19.57
      1.4800        19.61
      1.4810        19.62
      1.4820        19.62
      1.4830        19.76
      1.4840        19.75
      1.4850        19.70
      1.4860        19.70
      1.4870        19.59
      1.4880        19.67
      1.4890        19.75
      1.4900        19.90
      1.4910        19.86
      1.4920        19.93
      1.4930        19.86
      1.4940        19.86
      1.4950        19.83
      1.4960        19.94
      1.4970        19.87
      1.4980        19.77
      1.4990        19.81
      1.5000        19.83
      1.5010        19.89
      1.5020        19.89
      1.5030        19.74
      1.5040        19.68
      1.5050        19.68
      1.5060        19.70
      1.5070        19.71
      1.5080        19.71
      1.5090        19.67
      1.5100        19.57
      1.5110        19.59
      1.5120        19.49
      1.5130        19.49
      1.5140        19.39
      1.5150        19.40
      1.5160        19.24
      1.5170        19.09
      1.5180        19.13
      1.5190        19.01
      1.5200        19.03
      1.5210        18.96
      1.5220        18.87
      1.5230        18.98
      1.5240        19.03
      1.5250        19.10
      1.5260        19.13
      1.5270        19.17
      1.5280        19.15
      1.5290        19.14
      1.5300        19.18
      1.5310        19.27
      1.5320        19.24
      1.5330        19.28
      1.5340        19.29
      1.5350        19.36
      1.5360        19.49
      1.5370        19.65
      1.5380        19.72
      1.5390        19.81
      1.5400        19.75
      1.5410        19.81
      1.5420        19.92
      1.5430        19.95
      1.5440        19.85
      1.5450        19.79
      1.5460        19.79
      1.5470        19.76
      1.5480        19.79
      1.5490        19.76
      1.5500        19.69
      1.5510        19.64
      1.5520        19.68
      1.5530        19.64
      1.5540        19.65
      1.5550        19.55
      1.5560        19.44
      1.5570        19.40
      1.5580        19.26
      1.5590        19.20
      1.5600        19.17
      1.5610        19.19
      1.5620        19.15
      1.5630        19.05
      1.5640        19.05
      1.5650        19.06
      1.5660        19.05
      1.5670        19.17
      1.5680        19.09
      1.5690        19.06
      1.5700        19.08
      1.5710        19.04
      1.5720        19.09
      1.5730        19.21
      1.5740        19.31
      1.5750        19.33
      1.5760        19.33
      1.5770        19.40
      1.5780        19.47
      1.5790        19.47
      1.5800        19.47
      1.5810        19.38
      1.5820        19.27
      1.5830        19.36
      1.5840        19.32
      1.5850        19.30
      1.5860        19.24
      1.5870        19.16
      1.5880        19.16
      1.5890        19.18
      1.5900        19.26
      1.5910        19.30
      1.5920        19.23
      1.5930        19.15
      1.5940        19.17
      1.5950        19.23
      1.5960        19.24
      1.5970        19.12
      1.5980        19.12
      1.5990        19.12
      1.6000        19.21
      1.6010        19.25
      1.6020        19.29
      1.6030        19.16
      1.6040        19.23
      1.6050        19.28
      1.6060        19.35
      1.6070        19.35
      1.6080        19.34
      1.6090        19.30
      1.6100        19.24
      1.6110        19.22
      1.6120        19.22
      1.6130        19.19
      1.6140        19.03
      1.6150        18.91
      1.6160        18.87
      1.6170        18.86
      1.6180        18.84
      1.6190        18.88
      1.6200        18.77
      1.6210        18.76
      1.6220        18.80
      1.6230        18.84
      1.6240        18.82
      1.6250        18.81
      1.6260        18.74
      1.6270        18.69
      1.6280        18.78
      1.6290        18.93
      1.6300        18.82
      1.6310        18.80
      1.6320        18.85
      1.6330        18.83
      1.6340        18.85
      1.6350        19.04
      1.6360        19.14
      1.6370        19.19
      1.6380        19.27
      1.6390        19.22
      1.6400        19.24
      1.6410        19.20
      1.6420        19.16
      1.6430        19.18
      1.6440        19.19
      1.6450        19.18
      1.6460        19.23
      1.6470        19.23
      1.6480        19.10
      1.6490        19.07
      1.6500        19.16
      1.6510        19.15
      1.6520        19.13
      1.6530        19.15
      1.6540        19.17
      1.6550        19.09
      1.6560        19.03
      1.6570        19.04
      1.6580        18.91
      1.6590        18.88
      1.6600        18.79
      1.6610        18.79
      1.6620        18.81
      1.6630        18.73
      1.6640        18.61
      1.6650        18.63
      1.6660        18.59
      1.6670        18.61
      1.6680        18.65
      1.6690        18.53
      1.6700        18.47
      1.6710        18.46
      1.6720        18.38
      1.6730        18.33
      1.6740        18.36
      1.6750        18.31
      1.6760        18.27
      1.6770        18.33
      1.6780        18.38
      1.6790        18.41
      1.6800        18.39
      1.6810        18.30
      1.6820        18.31
      1.6830        18.45
      1.6840        18.57
      1.6850        18.54
      1.6860        18.59
      1.6870        18.57
      1.6880        18.57
      1.6890        18.63
      1.6900        18.70
      1.6910        18.76
      1.6920        18.79
      1.6930        18.78
      1.6940        18.75
      1.6950        18.75
      1.6960        18.73
      1.6970        18.58
      1.6980        18.54
      1.6990        18.49
      1.7000        18.53
      1.7010        18.57
      1.7020        18.60
      1.7030        18.54
      1.7040        18.50
      1.7050        18.53
      1.7060        18.43
      1.7070        18.35
      1.7080        18.39
      1.7090        18.30
      1.7100        18.25
      1.7110        18.26
      1.7120        18.32
      1.7130        18.31
      1.7140        18.27
      1.7150        18.24
      1.7160        18.28
      1.7170        18.39
      1.7180        18.35
      1.7190        18.40
      1.7200        18.32
      1.7210        18.35
      1.7220        18.27
      1.7230        18.25
      1.7240        18.23
      1.7250        18.15
      1.7260        18.15
      1.7270        18.29
      1.7280        18.14
      1.7290        18.17
      1.7300        18.15
      1.7310        18.13
      1.7320        18.05
      1.7330        18.14
      1.7340        18.14
      1.7350        18.13
      1.7360        18.11
      1.7370        18.07
      1.7380        18.13
      1.7390        18.22
      1.7400        18.24
      1.7410        18.24
      1.7420        18.22
      1.7430        18.22
      1.7440        18.30
      1.7450        18.39
      1.7460        18.35
      1.7470        18.33
      1.7480        18.39
      1.7490        18.38
      1.7500        18.39
      1.7510        18.33
      1.7520        18.39
      1.7530        18.30
      1.7540        18.31
      1.7550        18.30
      1.7560        18.25
      1.7570        18.20
      1.7580        18.28
      1.7590        18.21
      1.7600        18.20
      1.7610        18.21
      1.7620        18.24
      1.7630        18.21
      1.7640        18.13
      1.7650        18.04
      1.7660        18.05
      1.7670        18.06
      1.7680        18.01
      1.7690        18.09
      1.7700        18.12
      1.7710        18.15
      1.7720        18.03
      1.7730        18.10
      1.7740        18.15
      1.7750        18.22
      1.7760        18.11
      1.7770        18.16
      1.7780        18.02
      1.7790        17.96
      1.7800        17.98
      1.7810        17.98
      1.7820        18.02
      1.7830        18.01
      1.7840        18.01
      1.7850        18.11
      1.7860        18.07
      1.7870        17.94
      1.7880        17.93
      1.7890        17.83
      1.7900        17.75
      1.7910        17.70
      1.7920        17.71
      1.7930        17.60
      1.7940        17.50
      1.7950        17.40
      1.7960        17.50
      1.7970        17.48
      1.7980        17.51
      1.7990        17.51
      1.8000        17.52
      1.8010        17.53
      1.8020        17.41
      1.8030        17.44
      1.8040        17.47
      1.8050        17.36
      1.8060        17.43
      1.8070        17.48
      1.8080        17.63
      1.8090        17.71
      1.8100        17.74
      1.8110        17.71
      1.8120        17.64
      1.8130        17.66
      1.8140        17.67
      1.8150        17.64
      1.8160        17.58
      1.8170        17.58
      1.8180        17.55
      1.8190        17.49
      1.8200        17.40
      1.8210        17.40
      1.8220        17.44
      1.8230        17.38
      1.8240        17.36
      1.8250        17.44
      1.8260        17.37
      1.8270        17.33
      1.8280        17.20
      1.8290        17.14
      1.8300        17.13
      1.8310        17.16
      1.8320        17.21
      1.8330        17.25
      1.8340        17.32
      1.8350        17.40
      1.8360        17.45
      1.8370        17.39
      1.8380        17.33
      1.8390        17.37
      1.8400        17.45
      1.8410        17.41
      1.8420        17.37
      1.8430        17.35
      1.8440        17.31
      1.8450        17.13
      1.8460        17.17
      1.8470        17.19
      1.8480        17.24
      1.8490        17.20
      1.8500        17.19
      1.8510        17.19
      1.8520        17.23
      1.8530        17.21
      1.8540        17.11
      1.8550        17.12
      1.8560        17.08
      1.8570        17.00
      1.8580        17.09
      1.8590        17.05
      1.8600        17.08
      1.8610        17.06
      1.8620        17.13
      1.8630        17.13
      1.8640        17.09
      1.8650        17.08
      1.8660        16.98
      1.8670        16.98
      1.8680        16.89
      1.8690        16.85
      1.8700        16.72
      1.8710        16.68
      1.8720        16.61
      1.8730        16.48
      1.8740        16.44
      1.8750        16.28
      1.8760        16.30
      1.8770        16.36
      1.8780        16.40
      1.8790        16.37
      1.8800        16.33
      1.8810        16.29
      1.8820        16.28
      1.8830        16.24
      1.8840        16.24
      1.8850        16.25
      1.8860        16.30
      1.8870        16.34
      1.8880        16.35
      1.8890        16.38
      1.8900        16.55
      1.8910        16.50
      1.8920        16.42
      1.8930        16.57
      1.8940        16.54
      1.8950        16.62
      1.8960        16.58
      1.8970        16.58
      1.8980        16.50
      1.8990        16.51
      1.9000        16.43
      1.9010        16.36
      1.9020        16.32
      1.9030        16.34
      1.9040        16.35
      1.9050        16.37
      1.9060        16.30
      1.9070        16.13
      1.9080        16.16
      1.9090        16.07
      1.9100        15.94
      1.9110        16.01
      1.9120        16.10
      1.9130        16.13
      1.9140        16.15
      1.9150        16.14
      1.9160        16.10
      1.9170        16.11
      1.9180        16.04
      1.9190        15.98
      1.9200        15.91
      1.9210        15.95
      1.9220        15.96
      1.9230        15.98
      1.9240        15.78
      1.9250        15.82
      1.9260        15.82
      1.9270        15.90
      1.9280        15.88
      1.9290        15.91
      1.9300        15.86
      1.9310        15.71
      1.9320        15.58
      1.9330        15.40
      1.9340        15.38
      1.9350        15.36
      1.9360        15.46
      1.9370        15.41
      1.9380        15.38
      1.9390        15.41
      1.9400        15.44
      1.9410        15.49
      1.9420        15.52
      1.9430        15.48
      1.9440        15.64
      1.9450        15.57
      1.9460        15.64
      1.9470        15.53
      1.9480        15.48
      1.9490        15.48
      1.9500        15.46
      1.9510        15.46
      1.9520        15.51
      1.9530        15.52
      1.9540        15.48
      1.9550        15.43
      1.9560        15.36
      1.9570        15.33
      1.9580        15.35
      1.9590        15.25
      1.9600        15.24
      1.9610        15.09
      1.9620        15.00
      1.9630        14.97
      1.9640        14.96
      1.9650        14.91
      1.9660        14.85
      1.9670        14.88
      1.9680        14.80
      1.9690        14.74
      1.9700        14.69
      1.9710        14.75
      1.9720        14.74
      1.9730        14.74
      1.9740        14.70
      1.9750        14.67
      1.9760        14.65
      1.9770        14.67
      1.9780        14.61
      1.9790        14.63
      1.9800        14.60
      1.9810        14.61
      1.9820        14.57
      1.9830        14.55
      1.9840        14.41
      1.9850        14.41
      1.9860        14.27
      1.9870        14.25
      1.9880        14.25
      1.9890        14.30
      1.9900        14.30
      1.9910        14.24
      1.9920        14.20
      1.9930        14.12
      1.9940        14.12
      1.9950        14.04
      1.9960        13.97
      1.9970        13.87
      1.9980        13.89
      1.9990        13.89
      2.0000        13.90
      2.0010        13.85
      2.0020        13.85
      2.0030        13.89
      2.0040        13.94
      2.0050        13.93
      2.0060        13.92
      2.0070        13.93
      2.0080        13.90
      2.0090        13.73
      2.0100        13.71
      2.0110        13.66
      2.0120        13.59
      2.0130        13.57
      2.0140        13.57
      2.0150        13.54
      2.0160        13.49
      2.0170        13.42
      2.0180        13.37
      2.0190        13.24
      2.0200        13.02
      2.0210        13.02
      2.0220        12.90
      2.0230        12.82
      2.0240        12.73
      2.0250        12.66
      2.0260        12.66
      2.0270        12.50
      2.0280        12.46
      2.0290        12.49
      2.0300        12.49
      2.0310        12.49
      2.0320        12.52
      2.0330        12.48
      2.0340        12.39
      2.0350        12.39
      2.0360        12.44
      2.0370        12.40
      2.0380        12.41
      2.0390        12.48
      2.0400        12.47
      2.0410        12.41
      2.0420        12.43
      2.0430        12.37
      2.0440        12.38
      2.0450        12.30
      2.0460        12.13
      2.0470        12.14
      2.0480        12.05
      2.0490        12.02
      2.0500        11.96
      2.0510        11.82
      2.0520        11.65
      2.0530        11.64
      2.0540        11.57
      2.0550        11.51
      2.0560        11.30
      2.0570        11.34
      2.0580        11.20
      2.0590        11.12
      2.0600        11.24
      2.0610        11.25
      2.0620        11.22
      2.0630        11.26
      2.0640        11.25
      2.0650        11.28
      2.0660        11.30
      2.0670        11.28
      2.0680        11.38
      2.0690        11.26
      2.0700        11.22
      2.0710        11.22
      2.0720        11.22
      2.0730        11.22
      2.0740        11.22
      2.0750        11.21
      2.0760        11.24
      2.0770        11.12
      2.0780        11.12
      2.0790        11.05
      2.0800        10.96
      2.0810        10.77
      2.0820        10.73
      2.0830        10.54
      2.0840        10.42
      2.0850        10.30
      2.0860        10.24
      2.0870        10.24
      2.0880        10.07
      2.0890        10.14
      2.0900        10.01
      2.0910         9.99
      2.0920        10.03
      2.0930         9.91
      2.0940         9.80
      2.0950         9.76
      2.0960         9.68
      2.0970         9.74
      2.0980         9.55
      2.0990         9.52
      2.1000         9.46
      2.1010         9.44
      2.1020         9.38
      2.1030         9.30
      2.1040         9.21
      2.1050         9.22
      2.1060         9.22
      2.1070         9.11
      2.1080         9.02
      2.1090         8.89
      2.1100         8.84
      2.1110         8.75
      2.1120         8.63
      2.1130         8.59
      2.1140         8.74
      2.1150         8.71
      2.1160         8.83
      2.1170         8.78
      2.1180         8.85
      2.1190         8.90
      2.1200         8.95
      2.1210         8.99
      2.1220         8.95
      2.1230         9.03
      2.1240         9.07
      2.1250         9.05
      2.1260         9.17
      2.1270         9.11
      2.1280         9.16
      2.1290         9.23
      2.1300         9.23
      2.1310         9.16
      2.1320         9.11
      2.1330         9.07
      2.1340         8.92
      2.1350         8.84
      2.1360         8.70
      2.1370         8.66
      2.1380         8.62
      2.1390         8.51
      2.1400         8.41
      2.1410         8.35
      2.1420         8.27
      2.1430         8.23
      2.1440         8.18
      2.1450         8.19
      2.1460         8.11
      2.1470         8.15
      2.1480         8.17
      2.1490         8.05
      2.1500         8.06
      2.1510         8.15
      2.1520         8.09
      2.1530         8.13
      2.1540         8.13
      2.1550         8.08
      2.1560         8.05
      2.1570         7.89
      2.1580         7.96
      2.1590         7.87
      2.1600         7.74
      2.1610         7.67
      2.1620         7.73
      2.1630         7.59
      2.1640         7.55
      2.1650         7.54
      2.1660         7.45
      2.1670         7.41
      2.1680         7.29
      2.1690         7.33
      2.1700         7.29
      2.1710         7.23
      2.1720         7.19
      2.1730         7.06
      2.1740         6.95
      2.1750         6.94
      2.1760         6.98
      2.1770         7.00
      2.1780         6.95
      2.1790         6.98
      2.1800         7.04
      2.1810         7.00
      2.1820         6.88
      2.1830         6.92
      2.1840         6.87
      2.1850         6.65
      2.1860         6.57
      2.1870         6.56
      2.1880         6.48
      2.1890         6.41
      2.1900         6.35
      2.1910         6.27
      2.1920         6.27
      2.1930         6.31
      2.1940         6.37
      2.1950         6.43
      2.1960         6.29
      2.1970         6.21
      2.1980         6.05
      2.1990         6.05
      2.2000         6.02
      2.2010         6.02
      2.2020         6.10
      2.2030         6.09
      2.2040         6.09
      2.2050         6.15
      2.2060         6.14
      2.2070         6.04
      2.2080         6.04
      2.2090         6.04
      2.2100         6.08
      2.2110         6.18
      2.2120         6.17
      2.2130         6.18
      2.2140         6.13
      2.2150         6.01
      2.2160         5.92
      2.2170         5.91
      2.2180         5.95
      2.2190         5.73
      2.2200         5.69
      2.2210         5.72
      2.2220         5.59
      2.2230         5.43
      2.2240         5.29
      2.2250         5.21
      2.2260         5.19
      2.2270         5.24
      2.2280         5.28
      2.2290         5.17
      2.2300         5.19
      2.2310         5.04
      2.2320         4.99
      2.2330         4.95
      2.2340         4.85
      2.2350         4.81
      2.2360         4.78
      2.2370         4.84
      2.2380         4.78
      2.2390         4.85
      2.2400         4.82
      2.2410         4.69
      2.2420         4.63
      2.2430         4.73
      2.2440         4.84
      2.2450         4.84
      2.2460         4.81
      2.2470         4.73
      2.2480         4.64
      2.2490         4.56
      2.2500         3.91
      2.2510         3.88
      2.2520         3.86
      2.2530         3.75
      2.2540         3.74
      2.2550         3.72
      2.2560         3.71
      2.2570         3.67
      2.2580         3.63
      2.2590         3.66
      2.2600         3.59
      2.2610         3.60
      2.2620         3.60
      2.2630         3.45
      2.2640         3.48
      2.2650         3.39
      2.2660         3.43
      2.2670         3.40
      2.2680         3.87
      2.2690         4.00
      2.2700         4.03
      2.2710         4.03
      2.2720         4.09
      2.2730         4.16
      2.2740         4.12
      2.2750         4.08
      2.2760         4.04
      2.2770         3.92
      2.2780         3.87
      2.2790         3.85
      2.2800         3.89
      2.2810         3.83
      2.2820         3.74
      2.2830         3.78
      2.2840         3.71
      2.2850         3.71
      2.2860         3.10
      2.2870         3.14
      2.2880         3.11
      2.2890         2.52
      2.2900         2.46
      2.2910         2.46
      2.2920         2.45
      2.2930         2.38
      2.2940         2.36
      2.2950         2.33
      2.2960         2.44
      2.2970         3.03
      2.2980         3.01
      2.2990         3.07
      2.3000         3.04
      2.3010         3.59
      2.3020         3.56
      2.3030         3.55
      2.3040         3.51
      2.3050         3.48
      2.3060         3.48
      2.3070         2.97
      2.3080         2.93
      2.3090         2.96
      2.3100         3.00
      2.3110         3.02
      2.3120         2.97
      2.3130         2.94
      2.3140         2.92
      2.3150         2.93
      2.3160         2.84
      2.3170         2.26
      2.3180         2.71
      2.3190         2.10
      2.3200         1.54
      2.3210         1.53
      2.3220         1.46
      2.3230         1.43
      2.3240         1.38
      2.3250         1.34
      2.3260         1.82
      2.3270         1.30
      2.3280         1.34
      2.3290         1.31
      2.3300         1.26
      2.3310         1.23
      2.3320         1.22
      2.3330         1.72
      2.3340         1.69
      2.3350         1.17
      2.3360         1.67
      2.3370         1.66
      2.3380         1.68
      2.3390         1.71
      2.3400         1.76
      2.3410         1.74
      2.3420         1.80
      2.3430         1.79
      2.3440         1.83
      2.3450         1.76
      2.3460         1.76
      2.3470         1.79
      2.3480         1.74
      2.3490         1.71
      2.3500         1.14
      2.3510         1.10
      2.3520         1.10
      2.3530         1.11
      2.3540         1.13
      2.3550         1.15
      2.3560         1.18
      2.3570         1.21
      2.3580         1.18
      2.3590         1.15
      2.3600         1.14
      2.3610         1.11
      2.3620         1.05
      2.3630         1.05
      2.3640         1.01
      2.3650         1.02
      2.3660         1.00
      2.3670         1.00
      2.3680         1.00
      2.3690         1.00
      2.3700         1.00
      2.3710         1.00
      2.3720         1.00
      2.3730         1.00
      2.3740         1.00
      2.3750         1.00
      2.3760         1.00
      2.3770         1.00
      2.3780         1.01
      2.3790         1.00
      2.3800         1.00
      2.3810         1.00
      2.3820         1.00
      2.3830         1.00
      2.3840         1.00
      2.3850         1.43
      2.3860         1.43
      2.3870         1.51
      2.3880         1.49
      2.3890         1.39
      2.3900         1.00
      2.3910         1.00
      2.3920         1.00
      2.3930         1.00
      2.3940         1.00
      2.3950         1.00
      2.3960         1.00
      2.3970         1.00
      2.3980         1.00
      2.3990         1.00
      2.4000         1.00
      2.4010         1.00
      2.4020         1.00
      2.4030         1.00
      2.4040         1.00
      2.4050         1.00
      2.4060         1.00
      2.4070         1.00
      2.4080         1.00
      2.4090         1.00
      2.4100         1.00
      2.4110         1.00
      2.4120         1.00
      2.4130         1.00
      2.4140         1.00
      2.4150         1.00
      2.4160         1.00
      2.4170         1.00
      2.4180         1.00
      2.4190         1.00
      2.4200         1.00
      2.4210         1.00
      2.4220         1.00
      2.4230         1.00
      2.4240         1.00
      2.4250         1.00
      2.4260         1.00
      2.4270         1.00
      2.4280         1.00
      2.4290         1.00
      2.4300         1.00
      2.4310         1.00
      2.4320         1.00
      2.4330         1.00
      2.4340         1.00
      2.4350         1.00
      2.4360         1.00
      2.4370         1.00
      2.4380         1.00
      2.4390         1.00
      2.4400         1.00
      2.4410         1.00
      2.4420         1.00
      2.4430         1.00
      2.4440         1.00
      2.4450         1.00
      2.4460         1.00
      2.4470         1.00
      2.4480         1.00
      2.4490         1.00
      2.4500         1.00
      2.4510         1.00
      2.4520         1.00
      2.4530         1.00
      2.4540         1.00
      2.4550         1.00
      2.4560         1.00
      2.4570         1.00
      2.4580         1.00
      2.4590         1.00
      2.4600         1.00
      2.4610         1.00
      2.4620         1.00
      2.4630         1.00
      2.4640         1.00
      2.4650         1.00
      2.4660         1.00
      2.4670         1.00
      2.4680         1.00
      2.4690         1.00
      2.4700         1.00
      2.4710         1.00
      2.4720         1.00
      2.4730         1.00
      2.4740         1.00
      2.4750         1.00
      2.4760         1.00
      2.4770         1.00
      2.4780         1.00
      2.4790         1.00
      2.4800         1.00
      2.4810         1.00
      2.4820         1.00
      2.4830         1.00
      2.4840         1.00
      2.4850         1.00
      2.4860         1.00
      2.4870         1.00
      2.4880         1.00
      2.4890         1.00
      2.4900         1.00
      2.4910         1.00
      2.4920         1.00
      2.4930         1.00
      2.4940         1.00
      2.4950         1.00
      2.4960         1.00
      2.4970         1.00
      2.4980         1.00
      2.4990         1.00
      2.5000         1.00
      2.5010         1.00
      2.5020         1.00
      2.5030         1.00
      2.5040         1.00
      2.5050         1.00
      2.5060         1.00
      2.5070         1.00
      2.5080         1.00
      2.5090         1.00
      2.5100         1.00
      2.5110         1.00
      2.5120         1.00
      2.5130         1.00
      2.5140         1.00
      2.5150         1.00
      2.5160         1.00
      2.5170         1.00
      2.5180         1.00
      2.5190         1.00
      2.5200         1.00
      2.5210         1.00
      2.5220         1.00
      2.5230         1.00
      2.5240         1.00
      2.5250         1.00
      2.5260         1.00
      2.5270         1.00
      2.5280         1.00
      2.5290         1.00
      2.5300         1.00
      2.5310         1.00
      2.5320         1.00
      2.5330         1.00
      2.5340         1.00
      2.5350         1.00
      2.5360         1.00
      2.5370         1.00
      2.5380         1.00
      2.5390         1.00
      2.5400         1.00
      2.5410         1.00
      2.5420         1.00
      2.5430         1.00
      2.5440         1.00
      2.5450         1.00
      2.5460         1.00
      2.5470         1.00
      2.5480         1.00
      2.5490         1.00
      2.5500         1.00
      2.5510         1.00
      2.5520         1.00
      2.5530         1.00
      2.5540         1.00
      2.5550         1.00
      2.5560         1.00
      2.5570         1.00
      2.5580         1.00
      2.5590         1.00
      2.5600         1.00
      2.5610         1.00
      2.5620         1.00
      2.5630         1.00
      2.5640         1.00
      2.5650         1.00
      2.5660         1.00
      2.5670         1.00
      2.5680         1.00
      2.5690         1.00
      2.5700         1.00
      2.5710         1.00
      2.5720         1.00
      2.5730         1.00
      2.5740         1.00
      2.5750         1.00
      2.5760         1.00
      2.5770         1.00
      2.5780         1.00
      2.5790         1.00
      2.5800         1.00
      2.5810         1.00
      2.5820         1.00
      2.5830         1.00
      2.5840         1.00
      2.5850         1.00
      2.5860         1.00
      2.5870         1.00
      2.5880         1.00
      2.5890         1.00
      2.5900         1.00
      2.5910         1.00
      2.5920         1.00
      2.5930         1.00
      2.5940         1.00
      2.5950         1.00
      2.5960         1.00
      2.5970         1.00
      2.5980         1.00
      2.5990         1.00
      2.6000         1.00
      2.6010         1.00
      2.6020         1.00
      2.6030         1.00
      2.6040         1.00
      2.6050         1.00
      2.6060         1.00
      2.6070         1.00
      2.6080         1.00
      2.6090         1.00
      2.6100         1.00
      2.6110         1.00
      2.6120         1.00
      2.6130         1.00
      2.6140         1.00
      2.6150         1.00
      2.6160         1.00
      2.6170         1.00
      2.6180         1.00
      2.6190         1.00
      2.6200         1.00
      2.6210         1.00
      2.6220         1.00
      2.6230         1.00
      2.6240         1.00
      2.6250         1.00
      2.6260         1.00
      2.6270         1.00
      2.6280         1.00
      2.6290         1.00
      2.6300         1.00
      2.6310         1.00
      2.6320         1.00
      2.6330         1.00
      2.6340         1.00
      2.6350         1.00
      2.6360         1.00
      2.6370         1.00
      2.6380         1.00
      2.6390         1.00
      2.6400         1.00
      2.6410         1.00
      2.6420         1.00
      2.6430         1.00
      2.6440         1.00
      2.6450         1.00
      2.6460         1.00
      2.6470         1.00
      2.6480         1.00
      2.6490         1.00
      2.6500         1.00
      2.6510         1.00
      2.6520         1.00
      2.6530         1.00
      2.6540         1.00
      2.6550         1.00
      2.6560         1.00
      2.6570         1.00
      2.6580         1.00
      2.6590         1.00
      2.6600         1.00
      2.6610         1.00
      2.6620         1.00
      2.6630         1.00
      2.6640         1.00
      2.6650         1.00
      2.6660         1.00
      2.6670         1.00
      2.6680         1.00
      2.6690         1.00
      2.6700         1.00
      2.6710         1.00
      2.6720         1.00
      2.6730         1.00
      2.6740         1.00
      2.6750         1.00
      2.6760         1.00
      2.6770         1.00
      2.6780         1.00
      2.6790         1.00
      2.6800         1.00
      2.6810         1.00
      2.6820         1.00
      2.6830         1.00
      2.6840         1.00
      2.6850         1.00
      2.6860         1.00
      2.6870         1.00
      2.6880         1.00
      2.6890         1.00
      2.6900         1.00
      2.6910         1.00
      2.6920         1.00
      2.6930         1.00
      2.6940         1.00
      2.6950         1.00
      2.6960         1.00
      2.6970         1.00
      2.6980         1.00
      2.6990         1.00
      2.7000         1.00
      2.7010         1.00
      2.7020         1.00
      2.7030         1.00
      2.7040         1.00
      2.7050         1.00
      2.7060         1.00
      2.7070         1.00
      2.7080         1.00
      2.7090         1.00
      2.7100         1.00
      2.7110         1.00
      2.7120         1.00
      2.7130         1.00
      2.7140         1.00
      2.7150         1.00
      2.7160         1.00
      2.7170         1.00
      2.7180         1.00
      2.7190         1.00
      2.7200         1.00
      2.7210         1.00
      2.7220         1.00
      2.7230         1.00
      2.7240         1.00
      2.7250         1.00
      2.7260         1.00
      2.7270         1.00
      2.7280         1.00
      2.7290         1.00
      2.7300         1.00
      2.7310         1.00
      2.7320         1.00
      2.7330         1.00
      2.7340         1.00
      2.7350         1.00
      2.7360         1.00
      2.7370         1.00
      2.7380         1.00
      2.7390         1.00
      2.7400         1.00
      2.7410         1.00
      2.7420         1.00
      2.7430         1.00
      2.7440         1.00
      2.7450         1.00
      2.7460         1.00
      2.7470         1.00
      2.7480         1.00
      2.7490         1.00
      2.7500         1.00
      2.7510         1.00
      2.7520         1.00
      2.7530         1.00
      2.7540         1.00
      2.7550         1.00
      2.7560         1.00
      2.7570         1.00
      2.7580         1.00
      2.7590         1.00
      2.7600         1.00
      2.7610         1.00
      2.7620         1.00
      2.7630         1.00
      2.7640         1.00
      2.7650         1.00
      2.7660         1.00
      2.7670         1.00
      2.7680         1.00
      2.7690         1.00
      2.7700         1.00
      2.7710         1.00
      2.7720         1.00
      2.7730         1.00
      2.7740         1.00
      2.7750         1.00
      2.7760         1.00
      2.7770         1.00
      2.7780         1.00
      2.7790         1.00
      2.7800         1.00
      2.7810         1.00
      2.7820         1.00
      2.7830         1.00
      2.7840         1.00
      2.7850         1.00
      2.7860         1.00
      2.7870         1.00
      2.7880         1.00
      2.7890         1.00
      2.7900         1.00
      2.7910         1.00
      2.7920         1.00
      2.7930         1.00
      2.7940         1.00
      2.7950         1.00
      2.7960         1.00
      2.7970         1.00
      2.7980         1.00
      2.7990         1.00
      2.8000         1.00
      2.8010         1.00
      2.8020         1.00
      2.8030         1.00
      2.8040         1.00
      2.8050         1.00
      2.8060         1.00
      2.8070         1.00
      2.8080         1.00
      2.8090         1.00
      2.8100         1.00
      2.8110         1.00
      2.8120         1.00
      2.8130         1.00
      2.8140         1.00
      2.8150         1.00
      2.8160         1.00
      2.8170         1.00
      2.8180         1.00
      2.8190         1.00
      2.8200         1.00
      2.8210         1.00
      2.8220         1.00
      2.8230         1.00
      2.8240         1.00
      2.8250         1.00
      2.8260         1.00
      2.8270         1.00
      2.8280         1.00
      2.8290         1.00
      2.8300         1.00
      2.8310         1.00
      2.8320         1.00
      2.8330         1.00
      2.8340         1.00
      2.8350         1.00
      2.8360         1.00
      2.8370         1.00
      2.8380         1.00
      2.8390         1.00
      2.8400         1.00
      2.8410         1.00
      2.8420         1.00
      2.8430         1.00
      2.8440         1.00
      2.8450         1.00
      2.8460         1.00
      2.8470         1.00
      2.8480         1.00
      2.8490         1.00
      2.8500         1.00
      2.8510         1.00
      2.8520         1.00
      2.8530         1.00
      2.8540         1.00
      2.8550         1.00
      2.8560         1.00
      2.8570         1.00
      2.8580         1.00
      2.8590         1.00
      2.8600         1.00
      2.8610         1.00
      2.8620         1.00
      2.8630         1.00
      2.8640         1.00
      2.8650         1.00
      2.8660         1.00
      2.8670         1.00
      2.8680         1.00
      2.8690         1.00
      2.8700         1.00
      2.8710         1.00
      2.8720         1.00
      2.8730         1.00
      2.8740         1.00
      2.8750         1.00
      2.8760         1.00
      2.8770         1.00
      2.8780         1.00
      2.8790         1.00
      2.8800         1.00
      2.8810         1.00
      2.8820         1.00
      2.8830         1.00
      2.8840         1.00
      2.8850         1.00
      2.8860         1.00
      2.8870         1.00
      2.8880         1.00
      2.8890         1.00
      2.8900         1.00
      2.8910         1.00
      2.8920         1.00
      2.8930         1.00
      2.8940         1.00
      2.8950         1.00
      2.8960         1.00
      2.8970         1.00
      2.8980         1.00
      2.8990         1.00
      2.9000         1.00
      2.9010         1.00
      2.9020         1.00
      2.9030         1.00
      2.9040         1.00
      2.9050         1.00
      2.9060         1.00
      2.9070         1.00
      2.9080         1.00
      2.9090         1.00
      2.9100         1.00
      2.9110         1.00
      2.9120         1.00
      2.9130         1.00
      2.9140         1.00
      2.9150         1.00
      2.9160         1.00
      2.9170         1.00
      2.9180         1.00
      2.9190         1.00
      2.9200         1.00
      2.9210         1.00
      2.9220         1.00
      2.9230         1.00
      2.9240         1.00
      2.9250         1.00
      2.9260         1.00
      2.9270         1.00
      2.9280         1.00
      2.9290         1.00
      2.9300         1.00
      2.9310         1.00
      2.9320         1.00
      2.9330         1.00
      2.9340         1.00
      2.9350         1.00
      2.9360         1.00
      2.9370         1.00
      2.9380         1.00
      2.9390         1.00
      2.9400         1.00
      2.9410         1.00
      2.9420         1.00
      2.9430         1.00
      2.9440         1.00
      2.9450         1.00
      2.9460         1.00
      2.9470         1.00
      2.9480         1.00
      2.9490         1.00
      2.9500         1.00
      2.9510         1.00
      2.9520         1.00
      2.9530         1.00
      2.9540         1.00
      2.9550         1.00
      2.9560         1.00
      2.9570         1.00
      2.9580         1.00
      2.9590         1.00
      2.9600         1.00
      2.9610         1.00
      2.9620         1.00
      2.9630         1.00
      2.9640         1.00
      2.9650         1.00
      2.9660         1.00
      2.9670         1.00
      2.9680         1.00
      2.9690         1.00
      2.9700         1.00
      2.9710         1.00
      2.9720         1.00
      2.9730         1.00
      2.9740         1.00
      2.9750         1.00
      2.9760         1.00
      2.9770         1.00
      2.9780         1.00
      2.9790         1.00
      2.9800         1.00
      2.9810         1.00
      2.9820         1.00
      2.9830         1.00
      2.9840         1.00
      2.9850         1.00
      2.9860         1.00
      2.9870         1.00
      2.9880         1.00
      2.9890         1.00
      2.9900         1.00
      2.9910         1.00
      2.9920         1.00
      2.9930         1.00
      2.9940         1.00
      2.9950         1.00
      2.9960         1.00
      2.9970         1.00
      2.9980         1.00
      2.9990         1.00
