        Time   Palpation Force
      0.0000         1.00
      0.0010         1.00
      0.0020         1.00
      0.0030         1.00
      0.0040         1.00
      0.0050         1.00
      0.0060         1.00
      0.0070         1.00
      0.0080         1.00
      0.0090         1.00
      0.0100         1.00
      0.0110         1.00
      0.0120         1.00
      0.0130         1.00
      0.0140         1.00
      0.0150         1.00
      0.0160         1.00
      0.0170         1.00
      0.0180         1.00
      0.0190         1.00
      0.0200         1.00
      0.0210         1.00
      0.0220         1.00
      0.0230         1.00
      0.0240         1.00
      0.0250         1.00
      0.0260         1.00
      0.0270         1.00
      0.0280         1.00
      0.0290         1.00
      0.0300         1.00
      0.0310         1.00
      0.0320         1.00
      0.0330         1.00
      0.0340         1.00
      0.0350         1.00
      0.0360         1.00
      0.0370         1.00
      0.0380         1.00
      0.0390         1.00
      0.0400         1.00
      0.0410         1.00
      0.0420         1.00
      0.0430         1.00
      0.0440         1.00
      0.0450         1.00
      0.0460         1.00
      0.0470         1.00
      0.0480         1.00
      0.0490         1.00
      0.0500         1.00
      0.0510         1.00
      0.0520         1.00
      0.0530         1.00
      0.0540         1.00
      0.0550         1.00
      0.0560         1.00
      0.0570         1.00
      0.0580         1.00
      0.0590         1.00
      0.0600         1.00
      0.0610         1.00
      0.0620         1.00
      0.0630         1.00
      0.0640         1.00
      0.0650         1.00
      0.0660         1.00
      0.0670         1.00
      0.0680         1.00
      0.0690         1.00
      0.0700         1.00
      0.0710         1.00
      0.0720         1.00
      0.0730         1.00
      0.0740         1.00
      0.0750         1.00
      0.0760         1.00
      0.0770         1.00
      0.0780         1.00
      0.0790         1.00
      0.0800         1.00
      0.0810         1.00
      0.0820         1.00
      0.0830         1.00
      0.0840         1.00
      0.0850         1.00
      0.0860         1.00
      0.0870         1.00
      0.0880         1.00
      0.0890         1.00
      0.0900         1.00
      0.0910         1.00
      0.0920         1.00
      0.0930         1.00
      0.0940         1.00
      0.0950         1.00
      0.0960         1.00
      0.0970         1.00
      0.0980         1.00
      0.0990         1.00
      0.1000         1.00
      0.1010         1.00
      0.1020         1.00
      0.1030         1.00
      0.1040         1.00
      0.1050         1.00
      0.1060         1.00
      0.1070         1.00
      0.1080         1.00
      0.1090         1.00
      0.1100         1.00
      0.1110         1.00
      0.1120         1.00
      0.1130         1.00
      0.1140         1.00
      0.1150         1.00
      0.1160         1.00
      0.1170         1.00
      0.1180         1.00
      0.1190         1.00
      0.1200         1.00
      0.1210         1.00
      0.1220         1.00
      0.1230         1.00
      0.1240         1.00
      0.1250         1.00
      0.1260         1.00
      0.1270         1.00
      0.1280         1.00
      0.1290         1.00
      0.1300         1.00
      0.1310         1.00
      0.1320         1.00
      0.1330         1.00
      0.1340         1.00
      0.1350         1.00
      0.1360         1.00
      0.1370         1.00
      0.1380         1.00
      0.1390         1.00
      0.1400         1.00
      0.1410         1.00
      0.1420         1.00
      0.1430         1.00
      0.1440         1.00
      0.1450         1.00
      0.1460         1.00
      0.1470         1.00
      0.1480         1.00
      0.1490         1.00
      0.1500         1.00
      0.1510         1.00
      0.1520         1.00
      0.1530         1.00
      0.1540         1.00
      0.1550         1.00
      0.1560         1.00
      0.1570         1.00
      0.1580         1.00
      0.1590         1.00
      0.1600         1.00
      0.1610         1.00
      0.1620         1.00
      0.1630         1.00
      0.1640         1.00
      0.1650         1.00
      0.1660         1.00
      0.1670         1.00
      0.1680         1.00
      0.1690         1.00
      0.1700         1.00
      0.1710         1.00
      0.1720         1.00
      0.1730         1.00
      0.1740         1.00
      0.1750         1.00
      0.1760         1.00
      0.1770         1.00
      0.1780         1.00
      0.1790         1.00
      0.1800         1.00
      0.1810         1.00
      0.1820         1.00
      0.1830         1.00
      0.1840         1.00
      0.1850         1.00
      0.1860         1.00
      0.1870         1.00
      0.1880         1.00
      0.1890         1.00
      0.1900         1.00
      0.1910         1.00
      0.1920         1.00
      0.1930         1.00
      0.1940         1.00
      0.1950         1.00
      0.1960         1.00
      0.1970         1.00
      0.1980         1.00
      0.1990         1.00
      0.2000         1.00
      0.2010         1.00
      0.2020         1.00
      0.2030         1.00
      0.2040         1.00
      0.2050         1.00
      0.2060         1.00
      0.2070         1.00
      0.2080         1.00
      0.2090         1.00
      0.2100         1.00
      0.2110         1.00
      0.2120         1.00
      0.2130         1.00
      0.2140         1.00
      0.2150         1.00
      0.2160         1.00
      0.2170         1.00
      0.2180         1.00
      0.2190         1.00
      0.2200         1.00
      0.2210         1.00
      0.2220         1.00
      0.2230         1.00
      0.2240         1.00
      0.2250         1.00
      0.2260         1.00
      0.2270         1.00
      0.2280         1.00
      0.2290         1.00
      0.2300         1.00
      0.2310         1.00
      0.2320         1.00
      0.2330         1.00
      0.2340         1.00
      0.2350         1.00
      0.2360         1.00
      0.2370         1.00
      0.2380         1.00
      0.2390         1.00
      0.2400         1.00
      0.2410         1.00
      0.2420         1.00
      0.2430         1.00
      0.2440         1.00
      0.2450         1.00
      0.2460         1.00
      0.2470         1.00
      0.2480         1.00
      0.2490         1.00
      0.2500         1.00
      0.2510         1.00
      0.2520         1.00
      0.2530         1.00
      0.2540         1.00
      0.2550         1.00
      0.2560         1.00
      0.2570         1.00
      0.2580         1.00
      0.2590         1.00
      0.2600         1.00
      0.2610         1.00
      0.2620         1.00
      0.2630         1.00
      0.2640         1.00
      0.2650         1.00
      0.2660         1.00
      0.2670         1.00
      0.2680         1.00
      0.2690         1.00
      0.2700         1.00
      0.2710         1.00
      0.2720         1.00
      0.2730         1.00
      0.2740         1.00
      0.2750         1.00
      0.2760         1.00
      0.2770         1.00
      0.2780         1.00
      0.2790         1.00
      0.2800         1.00
      0.2810         1.00
      0.2820         1.00
      0.2830         1.00
      0.2840         1.00
      0.2850         1.00
      0.2860         1.00
      0.2870         1.00
      0.2880         1.00
      0.2890         1.00
      0.2900         1.00
      0.2910         1.00
      0.2920         1.00
      0.2930         1.00
      0.2940         1.00
      0.2950         1.00
      0.2960         1.00
      0.2970         1.00
      0.2980         1.00
      0.2990         1.00
      0.3000         1.00
      0.3010         1.00
      0.3020         1.00
      0.3030         1.00
      0.3040         1.00
      0.3050         1.00
      0.3060         1.00
      0.3070         1.00
      0.3080         1.00
      0.3090         1.00
      0.3100         1.00
      0.3110         1.00
      0.3120         1.00
      0.3130         1.00
      0.3140         1.00
      0.3150         1.00
      0.3160         1.00
      0.3170         1.00
      0.3180         1.00
      0.3190         1.00
      0.3200         1.00
      0.3210         1.00
      0.3220         1.00
      0.3230         1.00
      0.3240         1.00
      0.3250         1.00
      0.3260         1.00
      0.3270         1.00
      0.3280         1.00
      0.3290         1.00
      0.3300         1.00
      0.3310         1.00
      0.3320         1.00
      0.3330         1.00
      0.3340         1.00
      0.3350         1.00
      0.3360         1.00
      0.3370         1.00
      0.3380         1.00
      0.3390         1.00
      0.3400         1.00
      0.3410         1.00
      0.3420         1.00
      0.3430         1.00
      0.3440         1.00
      0.3450         1.00
      0.3460         1.00
      0.3470         1.00
      0.3480         1.00
      0.3490         1.00
      0.3500         1.00
      0.3510         1.00
      0.3520         1.00
      0.3530         1.00
      0.3540         1.00
      0.3550         1.00
      0.3560         1.00
      0.3570         1.00
      0.3580         1.00
      0.3590         1.00
      0.3600         1.00
      0.3610         1.00
      0.3620         1.00
      0.3630         1.00
      0.3640         1.00
      0.3650         1.00
      0.3660         1.00
      0.3670         1.00
      0.3680         1.00
      0.3690         1.00
      0.3700         1.00
      0.3710         1.00
      0.3720         1.00
      0.3730         1.00
      0.3740         1.00
      0.3750         1.00
      0.3760         1.00
      0.3770         1.00
      0.3780         1.00
      0.3790         1.00
      0.3800         1.00
      0.3810         1.00
      0.3820         1.00
      0.3830         1.00
      0.3840         1.00
      0.3850         1.00
      0.3860         1.00
      0.3870         1.00
      0.3880         1.00
      0.3890         1.00
      0.3900         1.00
      0.3910         1.00
      0.3920         1.00
      0.3930         1.00
      0.3940         1.00
      0.3950         1.00
      0.3960         1.00
      0.3970         1.00
      0.3980         1.00
      0.3990         1.00
      0.4000         1.00
      0.4010         1.00
      0.4020         1.00
      0.4030         1.00
      0.4040         1.00
      0.4050         1.00
      0.4060         1.00
      0.4070         1.00
      0.4080         1.00
      0.4090         1.00
      0.4100         1.00
      0.4110         1.00
      0.4120         1.00
      0.4130         1.00
      0.4140         1.00
      0.4150         1.00
      0.4160         1.00
      0.4170         1.00
      0.4180         1.00
      0.4190         1.00
      0.4200         1.00
      0.4210         1.00
      0.4220         1.00
      0.4230         1.00
      0.4240         1.00
      0.4250         1.00
      0.4260         1.00
      0.4270         1.00
      0.4280         1.00
      0.4290         1.00
      0.4300         1.00
      0.4310         1.00
      0.4320         1.00
      0.4330         1.00
      0.4340         1.00
      0.4350         1.00
      0.4360         1.00
      0.4370         1.00
      0.4380         1.00
      0.4390         1.00
      0.4400         1.00
      0.4410         1.00
      0.4420         1.00
      0.4430         1.00
      0.4440         1.00
      0.4450         1.00
      0.4460         1.00
      0.4470         1.00
      0.4480         1.00
      0.4490         1.00
      0.4500         1.00
      0.4510         1.00
      0.4520         1.00
      0.4530         1.00
      0.4540         1.00
      0.4550         1.00
      0.4560         1.00
      0.4570         1.00
      0.4580         1.00
      0.4590         1.00
      0.4600         1.00
      0.4610         1.00
      0.4620         1.00
      0.4630         1.00
      0.4640         1.00
      0.4650         1.00
      0.4660         1.00
      0.4670         1.00
      0.4680         1.00
      0.4690         1.00
      0.4700         1.00
      0.4710         1.00
      0.4720         1.00
      0.4730         1.00
      0.4740         1.00
      0.4750         1.00
      0.4760         1.00
      0.4770         1.00
      0.4780         1.00
      0.4790         1.00
      0.4800         1.00
      0.4810         1.00
      0.4820         1.00
      0.4830         1.00
      0.4840         1.00
      0.4850         1.00
      0.4860         1.00
      0.4870         1.00
      0.4880         1.00
      0.4890         1.00
      0.4900         1.00
      0.4910         1.00
      0.4920         1.00
      0.4930         1.00
      0.4940         1.00
      0.4950         1.00
      0.4960         1.00
      0.4970         1.00
      0.4980         1.00
      0.4990         1.00
      0.5000         1.00
      0.5010         1.00
      0.5020         1.00
      0.5030         1.00
      0.5040         1.00
      0.5050         1.00
      0.5060         1.00
      0.5070         1.00
      0.5080         1.00
      0.5090         1.00
      0.5100         1.00
      0.5110         1.00
      0.5120         1.00
      0.5130         1.00
      0.5140         1.00
      0.5150         1.00
      0.5160         1.00
      0.5170         1.00
      0.5180         1.00
      0.5190         1.00
      0.5200         1.00
      0.5210         1.00
      0.5220         1.00
      0.5230         1.00
      0.5240         1.00
      0.5250         1.00
      0.5260         1.00
      0.5270         1.00
      0.5280         1.00
      0.5290         1.00
      0.5300         1.00
      0.5310         1.00
      0.5320         1.00
      0.5330         1.00
      0.5340         1.00
      0.5350         1.00
      0.5360         1.00
      0.5370         1.00
      0.5380         1.00
      0.5390         1.00
      0.5400         1.00
      0.5410         1.00
      0.5420         1.00
      0.5430         1.00
      0.5440         1.00
      0.5450         1.00
      0.5460         1.00
      0.5470         1.00
      0.5480         1.00
      0.5490         1.00
      0.5500         1.00
      0.5510         1.00
      0.5520         1.00
      0.5530         1.00
      0.5540         1.00
      0.5550         1.00
      0.5560         1.00
      0.5570         1.00
      0.5580         1.00
      0.5590         1.00
      0.5600         1.00
      0.5610         1.00
      0.5620         1.00
      0.5630         1.00
      0.5640         1.00
      0.5650         1.00
      0.5660         1.00
      0.5670         1.00
      0.5680         1.00
      0.5690         1.00
      0.5700         1.00
      0.5710         1.00
      0.5720         1.00
      0.5730         1.00
      0.5740         1.00
      0.5750         1.00
      0.5760         1.00
      0.5770         1.00
      0.5780         1.00
      0.5790         1.00
      0.5800         1.00
      0.5810         1.00
      0.5820         1.00
      0.5830         1.00
      0.5840         1.00
      0.5850         1.00
      0.5860         1.00
      0.5870         1.00
      0.5880         1.00
      0.5890         1.00
      0.5900         1.00
      0.5910         1.00
      0.5920         1.00
      0.5930         1.00
      0.5940         1.00
      0.5950         1.00
      0.5960         1.00
      0.5970         1.00
      0.5980         1.00
      0.5990         1.00
      0.6000         1.00
      0.6010         1.00
      0.6020         1.00
      0.6030         1.00
      0.6040         1.00
      0.6050         1.00
      0.6060         1.00
      0.6070         1.00
      0.6080         1.00
      0.6090         1.00
      0.6100         1.00
      0.6110         1.00
      0.6120         1.00
      0.6130         1.00
      0.6140         1.00
      0.6150         1.00
      0.6160         1.00
      0.6170         1.00
      0.6180         1.00
      0.6190         1.00
      0.6200         1.00
      0.6210         1.00
      0.6220         1.00
      0.6230         1.00
      0.6240         1.00
      0.6250         1.00
      0.6260         1.00
      0.6270         1.00
      0.6280         1.00
      0.6290         1.00
      0.6300         1.00
      0.6310         1.00
      0.6320         1.00
      0.6330         1.00
      0.6340         1.00
      0.6350         1.00
      0.6360         1.00
      0.6370         1.00
      0.6380         1.00
      0.6390         1.00
      0.6400         1.00
      0.6410         1.00
      0.6420         1.00
      0.6430         1.00
      0.6440         1.00
      0.6450         1.00
      0.6460         1.00
      0.6470         1.00
      0.6480         1.00
      0.6490         1.00
      0.6500         1.00
      0.6510         1.00
      0.6520         1.00
      0.6530         1.00
      0.6540         1.00
      0.6550         1.00
      0.6560         1.00
      0.6570         1.00
      0.6580         1.00
      0.6590         1.00
      0.6600         1.00
      0.6610         1.00
      0.6620         1.00
      0.6630         1.00
      0.6640         1.00
      0.6650         1.00
      0.6660         1.00
      0.6670         1.00
      0.6680         1.00
      0.6690         1.00
      0.6700         1.00
      0.6710         1.00
      0.6720         1.00
      0.6730         1.00
      0.6740         1.00
      0.6750         1.00
      0.6760         1.00
      0.6770         1.00
      0.6780         1.00
      0.6790         1.00
      0.6800         1.00
      0.6810         1.00
      0.6820         1.00
      0.6830         1.00
      0.6840         1.00
      0.6850         1.00
      0.6860         1.00
      0.6870         1.00
      0.6880         1.00
      0.6890         1.00
      0.6900         1.00
      0.6910         1.00
      0.6920         1.00
      0.6930         1.00
      0.6940         1.00
      0.6950         1.00
      0.6960         1.00
      0.6970         1.00
      0.6980         1.00
      0.6990         1.00
      0.7000         1.00
      0.7010         1.00
      0.7020         1.00
      0.7030         1.00
      0.7040         1.00
      0.7050         1.00
      0.7060         1.00
      0.7070         1.00
      0.7080         1.00
      0.7090         1.00
      0.7100         1.00
      0.7110         1.00
      0.7120         1.00
      0.7130         1.00
      0.7140         1.00
      0.7150         1.00
      0.7160         1.00
      0.7170         1.00
      0.7180         1.00
      0.7190         1.00
      0.7200         1.00
      0.7210         1.00
      0.7220         1.00
      0.7230         1.00
      0.7240         1.00
      0.7250         1.00
      0.7260         1.00
      0.7270         1.00
      0.7280         1.00
      0.7290         1.00
      0.7300         1.00
      0.7310         1.00
      0.7320         1.00
      0.7330         1.00
      0.7340         1.00
      0.7350         1.00
      0.7360         1.00
      0.7370         1.00
      0.7380         1.00
      0.7390         1.00
      0.7400         1.00
      0.7410         1.00
      0.7420         1.00
      0.7430         1.00
      0.7440         1.00
      0.7450         1.00
      0.7460         1.00
      0.7470         1.00
      0.7480         1.00
      0.7490         1.00
      0.7500         1.00
      0.7510         1.00
      0.7520         1.00
      0.7530         1.00
      0.7540         1.00
      0.7550         1.00
      0.7560         1.00
      0.7570         1.00
      0.7580         1.00
      0.7590         1.00
      0.7600         1.00
      0.7610         1.00
      0.7620         1.00
      0.7630         1.00
      0.7640         1.00
      0.7650         1.00
      0.7660         1.00
      0.7670         1.00
      0.7680         1.00
      0.7690         1.00
      0.7700         1.00
      0.7710         1.00
      0.7720         1.00
      0.7730         1.00
      0.7740         1.00
      0.7750         1.00
      0.7760         1.00
      0.7770         1.00
      0.7780         1.00
      0.7790         1.00
      0.7800         1.00
      0.7810         1.00
      0.7820         1.00
      0.7830         1.00
      0.7840         1.00
      0.7850         1.00
      0.7860         1.00
      0.7870         1.00
      0.7880         1.00
      0.7890         1.00
      0.7900         1.00
      0.7910         1.00
      0.7920         1.00
      0.7930         1.00
      0.7940         1.00
      0.7950         1.00
      0.7960         1.00
      0.7970         1.00
      0.7980         1.00
      0.7990         1.00
      0.8000         1.00
      0.8010         1.00
      0.8020         1.00
      0.8030         1.00
      0.8040         1.00
      0.8050         1.00
      0.8060         1.00
      0.8070         1.00
      0.8080         1.00
      0.8090         1.00
      0.8100         1.00
      0.8110         1.00
      0.8120         1.00
      0.8130         1.00
      0.8140         1.00
      0.8150         1.00
      0.8160         1.00
      0.8170         1.00
      0.8180         1.00
      0.8190         1.00
      0.8200         1.00
      0.8210         1.00
      0.8220         1.00
      0.8230         1.00
      0.8240         1.00
      0.8250         1.00
      0.8260         1.00
      0.8270         1.00
      0.8280         1.00
      0.8290         1.00
      0.8300         1.00
      0.8310         1.00
      0.8320         1.00
      0.8330         1.00
      0.8340         1.00
      0.8350         1.00
      0.8360         1.00
      0.8370         1.00
      0.8380         1.00
      0.8390         1.00
      0.8400         1.00
      0.8410         1.00
      0.8420         1.00
      0.8430         1.00
      0.8440         1.00
      0.8450         1.00
      0.8460         1.00
      0.8470         1.00
      0.8480         1.00
      0.8490         1.00
      0.8500         1.00
      0.8510         1.00
      0.8520         1.00
      0.8530         1.00
      0.8540         1.00
      0.8550         1.00
      0.8560         1.00
      0.8570         1.00
      0.8580         1.00
      0.8590         1.00
      0.8600         1.00
      0.8610         1.00
      0.8620         1.00
      0.8630         1.00
      0.8640         1.00
      0.8650         1.00
      0.8660         1.00
      0.8670         1.00
      0.8680         1.00
      0.8690         1.00
      0.8700         1.00
      0.8710         1.00
      0.8720         1.00
      0.8730         1.00
      0.8740         1.00
      0.8750         1.00
      0.8760         1.00
      0.8770         1.00
      0.8780         1.00
      0.8790         1.00
      0.8800         1.00
      0.8810         1.00
      0.8820         1.00
      0.8830         1.00
      0.8840         1.00
      0.8850         1.00
      0.8860         1.00
      0.8870         1.00
      0.8880         1.00
      0.8890         1.00
      0.8900         1.00
      0.8910         1.00
      0.8920         1.00
      0.8930         1.00
      0.8940         1.00
      0.8950         1.00
      0.8960         1.00
      0.8970         1.00
      0.8980         1.00
      0.8990         1.00
      0.9000         1.00
      0.9010         1.00
      0.9020         1.00
      0.9030         1.00
      0.9040         1.00
      0.9050         1.00
      0.9060         1.00
      0.9070         1.00
      0.9080         1.00
      0.9090         1.00
      0.9100         1.00
      0.9110         1.00
      0.9120         1.00
      0.9130         1.00
      0.9140         1.00
      0.9150         1.00
      0.9160         1.00
      0.9170         1.00
      0.9180         1.00
      0.9190         1.00
      0.9200         1.00
      0.9210         1.00
      0.9220         1.00
      0.9230         1.00
      0.9240         1.00
      0.9250         1.00
      0.9260         1.00
      0.9270         1.00
      0.9280         1.00
      0.9290         1.00
      0.9300         1.00
      0.9310         1.00
      0.9320         1.00
      0.9330         1.00
      0.9340         1.00
      0.9350         1.00
      0.9360         1.00
      0.9370         1.00
      0.9380         1.00
      0.9390         1.00
      0.9400         1.00
      0.9410         1.00
      0.9420         1.00
      0.9430         1.00
      0.9440         1.00
      0.9450         1.00
      0.9460         1.00
      0.9470         1.00
      0.9480         1.00
      0.9490         1.00
      0.9500         1.00
      0.9510         1.00
      0.9520         1.00
      0.9530         1.00
      0.9540         1.00
      0.9550         1.00
      0.9560         1.00
      0.9570         1.00
      0.9580         1.00
      0.9590         1.00
      0.9600         1.00
      0.9610         1.00
      0.9620         1.00
      0.9630         1.00
      0.9640         1.00
      0.9650         1.00
      0.9660         1.00
      0.9670         1.00
      0.9680         1.00
      0.9690         1.00
      0.9700         1.00
      0.9710         1.00
      0.9720         1.00
      0.9730         1.00
      0.9740         1.00
      0.9750         1.00
      0.9760         1.00
      0.9770         1.00
      0.9780         1.00
      0.9790         1.00
      0.9800         1.00
      0.9810         1.00
      0.9820         1.00
      0.9830         1.00
      0.9840         1.00
      0.9850         1.00
      0.9860         1.00
      0.9870         1.00
      0.9880         1.00
      0.9890         1.00
      0.9900         1.00
      0.9910         1.00
      0.9920         1.00
      0.9930         1.00
      0.9940         1.00
      0.9950         1.00
      0.9960         1.00
      0.9970         1.00
      0.9980         1.00
      0.9990         1.00
      1.0000         1.00
      1.0010         1.00
      1.0020         1.00
      1.0030         1.00
      1.0040         1.00
      1.0050         1.00
      1.0060         1.00
      1.0070         1.00
      1.0080         1.00
      1.0090         1.00
      1.0100         1.00
      1.0110         1.00
      1.0120         1.00
      1.0130         1.00
      1.0140         1.00
      1.0150         1.00
      1.0160         1.00
      1.0170         1.00
      1.0180         1.00
      1.0190         1.00
      1.0200         1.00
      1.0210         1.00
      1.0220         1.00
      1.0230         1.00
      1.0240         1.00
      1.0250         1.00
      1.0260         1.00
      1.0270         1.00
      1.0280         1.00
      1.0290         1.00
      1.0300         1.00
      1.0310         1.00
      1.0320         1.00
      1.0330         1.00
      1.0340         1.00
      1.0350         1.00
      1.0360         1.00
      1.0370         1.00
      1.0380         1.00
      1.0390         1.00
      1.0400         1.00
      1.0410         1.00
      1.0420         1.00
      1.0430         1.00
      1.0440         1.00
      1.0450         1.00
      1.0460         1.00
      1.0470         1.00
      1.0480         1.00
      1.0490         1.00
      1.0500         1.00
      1.0510         1.00
      1.0520         1.00
      1.0530         1.00
      1.0540         1.00
      1.0550         1.00
      1.0560         1.00
      1.0570         1.00
      1.0580         1.00
      1.0590         1.00
      1.0600         1.00
      1.0610         1.00
      1.0620         1.00
      1.0630         1.00
      1.0640         1.00
      1.0650         1.00
      1.0660         1.00
      1.0670         1.00
      1.0680         1.00
      1.0690         1.00
      1.0700         1.00
      1.0710         1.00
      1.0720         1.00
      1.0730         1.00
      1.0740         1.00
      1.0750         1.00
      1.0760         1.00
      1.0770         1.00
      1.0780         1.00
      1.0790         1.00
      1.0800         1.00
      1.0810         1.00
      1.0820         1.00
      1.0830         1.00
      1.0840         1.00
      1.0850         1.00
      1.0860         1.00
      1.0870         1.00
      1.0880         1.00
      1.0890         1.00
      1.0900         1.00
      1.0910         1.00
      1.0920         1.00
      1.0930         1.00
      1.0940         1.00
      1.0950         1.00
      1.0960         1.00
      1.0970         1.00
      1.0980         1.00
      1.0990         1.00
      1.1000         1.00
      1.1010         1.00
      1.1020         1.00
      1.1030         1.00
      1.1040         1.00
      1.1050         1.00
      1.1060         1.00
      1.1070         1.00
      1.1080         1.00
      1.1090         1.00
      1.1100         1.00
      1.1110         1.00
      1.1120         1.00
      1.1130         1.00
      1.1140         1.00
      1.1150         1.00
      1.1160         1.00
      1.1170         1.00
      1.1180         1.00
      1.1190         1.00
      1.1200         1.00
      1.1210         1.00
      1.1220         1.00
      1.1230         1.00
      1.1240         1.00
      1.1250         1.00
      1.1260         1.00
      1.1270         1.00
      1.1280         1.00
      1.1290         1.00
      1.1300         1.00
      1.1310         1.00
      1.1320         1.00
      1.1330         1.00
      1.1340         1.00
      1.1350         1.00
      1.1360         1.00
      1.1370         1.00
      1.1380         1.00
      1.1390         1.00
      1.1400         1.00
      1.1410         1.00
      1.1420         1.00
      1.1430         1.00
      1.1440         1.00
      1.1450         1.00
      1.1460         1.00
      1.1470         1.00
      1.1480         1.00
      1.1490         1.00
      1.1500         1.00
      1.1510         1.00
      1.1520         1.00
      1.1530         1.00
      1.1540         1.00
      1.1550         1.00
      1.1560         1.00
      1.1570         1.00
      1.1580         1.00
      1.1590         1.00
      1.1600         1.00
      1.1610         1.00
      1.1620         1.00
      1.1630         1.00
      1.1640         1.00
      1.1650         1.00
      1.1660         1.00
      1.1670         1.00
      1.1680         1.00
      1.1690         1.00
      1.1700         1.00
      1.1710         1.00
      1.1720         1.00
      1.1730         1.00
      1.1740         1.00
      1.1750         1.00
      1.1760         1.00
      1.1770         1.00
      1.1780         1.00
      1.1790         1.00
      1.1800         1.00
      1.1810         1.00
      1.1820         1.00
      1.1830         1.00
      1.1840         1.00
      1.1850         1.00
      1.1860         1.00
      1.1870         1.00
      1.1880         1.00
      1.1890         1.00
      1.1900         1.00
      1.1910         1.00
      1.1920         1.00
      1.1930         1.00
      1.1940         1.00
      1.1950         1.00
      1.1960         1.00
      1.1970         1.00
      1.1980         1.00
      1.1990         1.00
      1.2000         1.00
      1.2010         1.00
      1.2020         1.00
      1.2030         1.00
      1.2040         1.00
      1.2050         1.00
      1.2060         1.00
      1.2070         1.00
      1.2080         1.00
      1.2090         1.00
      1.2100         1.00
      1.2110         1.00
      1.2120         1.00
      1.2130         1.00
      1.2140         1.00
      1.2150         1.00
      1.2160         1.00
      1.2170         1.00
      1.2180         1.00
      1.2190         1.00
      1.2200         1.00
      1.2210         1.00
      1.2220         1.00
      1.2230         1.00
      1.2240         1.00
      1.2250         1.00
      1.2260         1.00
      1.2270         1.00
      1.2280         1.00
      1.2290         1.00
      1.2300         1.00
      1.2310         1.00
      1.2320         1.00
      1.2330         1.00
      1.2340         1.00
      1.2350         1.00
      1.2360         1.00
      1.2370         1.00
      1.2380         1.00
      1.2390         1.00
      1.2400         1.00
      1.2410         1.00
      1.2420         1.00
      1.2430         1.00
      1.2440         1.00
      1.2450         1.00
      1.2460         1.00
      1.2470         1.00
      1.2480         1.00
      1.2490         1.00
      1.2500         1.00
      1.2510         1.00
      1.2520         1.00
      1.2530         1.00
      1.2540         1.00
      1.2550         1.00
      1.2560         1.00
      1.2570         1.00
      1.2580         1.00
      1.2590         1.00
      1.2600         1.00
      1.2610         1.00
      1.2620         1.00
      1.2630         1.00
      1.2640         1.00
      1.2650         1.00
      1.2660         1.00
      1.2670         1.00
      1.2680         1.00
      1.2690         1.00
      1.2700         1.00
      1.2710         1.00
      1.2720         1.00
      1.2730         1.00
      1.2740         1.00
      1.2750         1.00
      1.2760         1.00
      1.2770         1.00
      1.2780         1.00
      1.2790         1.00
      1.2800         1.00
      1.2810         1.00
      1.2820         1.00
      1.2830         1.00
      1.2840         1.00
      1.2850         1.00
      1.2860         1.00
      1.2870         1.00
      1.2880         1.00
      1.2890         1.00
      1.2900         1.00
      1.2910         1.00
      1.2920         1.00
      1.2930         1.00
      1.2940         1.00
      1.2950         1.00
      1.2960         1.00
      1.2970         1.00
      1.2980         1.00
      1.2990         1.00
      1.3000         1.00
      1.3010         1.00
      1.3020         1.00
      1.3030         1.00
      1.3040         1.00
      1.3050         1.00
      1.3060         1.00
      1.3070         1.00
      1.3080         1.00
      1.3090         1.00
      1.3100         1.00
      1.3110         1.00
      1.3120         1.00
      1.3130         1.00
      1.3140         1.00
      1.3150         1.00
      1.3160         1.00
      1.3170         1.00
      1.3180         1.00
      1.3190         1.00
      1.3200         1.00
      1.3210         1.00
      1.3220         1.00
      1.3230         1.00
      1.3240         1.00
      1.3250         1.00
      1.3260         1.00
      1.3270         1.00
      1.3280         1.00
      1.3290         1.00
      1.3300         1.00
      1.3310         1.00
      1.3320         1.00
      1.3330         1.00
      1.3340         1.00
      1.3350         1.00
      1.3360         1.00
      1.3370         1.00
      1.3380         1.00
      1.3390         1.00
      1.3400         1.00
      1.3410         1.00
      1.3420         1.00
      1.3430         1.00
      1.3440         1.00
      1.3450         1.00
      1.3460         1.00
      1.3470         1.00
      1.3480         1.00
      1.3490         1.00
      1.3500         1.00
      1.3510         1.00
      1.3520         1.00
      1.3530         1.00
      1.3540         1.00
      1.3550         1.00
      1.3560         1.00
      1.3570         1.00
      1.3580         1.00
      1.3590         1.00
      1.3600         1.00
      1.3610         1.00
      1.3620         1.00
      1.3630         1.00
      1.3640         1.00
      1.3650         1.00
      1.3660         1.00
      1.3670         1.00
      1.3680         1.00
      1.3690         1.00
      1.3700         1.00
      1.3710         1.00
      1.3720         1.00
      1.3730         1.00
      1.3740         1.00
      1.3750         1.00
      1.3760         1.00
      1.3770         1.00
      1.3780         1.00
      1.3790         1.00
      1.3800         1.00
      1.3810         1.00
      1.3820         1.00
      1.3830         1.00
      1.3840         1.00
      1.3850         1.00
      1.3860         1.00
      1.3870         1.00
      1.3880         1.00
      1.3890         1.00
      1.3900         1.00
      1.3910         1.00
      1.3920         1.00
      1.3930         1.00
      1.3940         1.00
      1.3950         1.00
      1.3960         1.00
      1.3970         1.00
      1.3980         1.00
      1.3990         1.00
      1.4000         1.00
      1.4010         1.00
      1.4020         1.00
      1.4030         1.00
      1.4040         1.00
      1.4050         1.00
      1.4060         1.00
      1.4070         1.00
      1.4080         1.00
      1.4090         1.00
      1.4100         1.00
      1.4110         1.00
      1.4120         1.00
      1.4130         1.00
      1.4140         1.00
      1.4150         1.00
      1.4160         1.00
      1.4170         1.00
      1.4180         1.00
      1.4190         1.00
      1.4200         1.00
      1.4210         1.00
      1.4220         1.00
      1.4230         1.00
      1.4240         1.00
      1.4250         1.00
      1.4260         1.00
      1.4270         1.00
      1.4280         1.00
      1.4290         1.00
      1.4300         1.00
      1.4310         1.00
      1.4320         1.00
      1.4330         1.00
      1.4340         1.00
      1.4350         1.00
      1.4360         1.00
      1.4370         1.00
      1.4380         1.00
      1.4390         1.00
      1.4400         1.00
      1.4410         1.00
      1.4420         1.00
      1.4430         1.00
      1.4440         1.00
      1.4450         1.00
      1.4460         1.00
      1.4470         1.00
      1.4480         1.00
      1.4490         1.00
      1.4500         1.00
      1.4510         1.00
      1.4520         1.00
      1.4530         1.00
      1.4540         1.00
      1.4550         1.00
      1.4560         1.00
      1.4570         1.00
      1.4580         1.00
      1.4590         1.00
      1.4600         1.00
      1.4610         1.00
      1.4620         1.00
      1.4630         1.00
      1.4640         1.00
      1.4650         1.00
      1.4660         1.00
      1.4670         1.00
      1.4680         1.00
      1.4690         1.00
      1.4700         1.00
      1.4710         1.00
      1.4720         1.00
      1.4730         1.00
      1.4740         1.00
      1.4750         1.00
      1.4760         1.00
      1.4770         1.00
      1.4780         1.00
      1.4790         1.00
      1.4800         1.00
      1.4810         1.00
      1.4820         1.00
      1.4830         1.00
      1.4840         1.00
      1.4850         1.00
      1.4860         1.00
      1.4870         1.00
      1.4880         1.00
      1.4890         1.00
      1.4900         1.00
      1.4910         1.00
      1.4920         1.00
      1.4930         1.00
      1.4940         1.00
      1.4950         1.00
      1.4960         1.00
      1.4970         1.00
      1.4980         1.00
      1.4990         1.00
      1.5000         1.00
      1.5010         1.00
      1.5020         1.00
      1.5030         1.00
      1.5040         1.00
      1.5050         1.00
      1.5060         1.00
      1.5070         1.00
      1.5080         1.00
      1.5090         1.00
      1.5100         1.00
      1.5110         1.00
      1.5120         1.00
      1.5130         1.00
      1.5140         1.00
      1.5150         1.00
      1.5160         1.00
      1.5170         1.00
      1.5180         1.00
      1.5190         1.00
      1.5200         1.00
      1.5210         1.00
      1.5220         1.00
      1.5230         1.00
      1.5240         1.00
      1.5250         1.00
      1.5260         1.00
      1.5270         1.00
      1.5280         1.00
      1.5290         1.00
      1.5300         1.00
      1.5310         1.00
      1.5320         1.00
      1.5330         1.00
      1.5340         1.00
      1.5350         1.00
      1.5360         1.00
      1.5370         1.00
      1.5380         1.00
      1.5390         1.00
      1.5400         1.00
      1.5410         1.00
      1.5420         1.00
      1.5430         1.00
      1.5440         1.00
      1.5450         1.00
      1.5460         1.00
      1.5470         1.00
      1.5480         1.00
      1.5490         1.00
      1.5500         1.00
      1.5510         1.00
      1.5520         1.00
      1.5530         1.00
      1.5540         1.00
      1.5550         1.00
      1.5560         1.00
      1.5570         1.00
      1.5580         1.00
      1.5590         1.00
      1.5600         1.00
      1.5610         1.00
      1.5620         1.00
      1.5630         1.00
      1.5640         1.00
      1.5650         1.00
      1.5660         1.00
      1.5670         1.00
      1.5680         1.00
      1.5690         1.00
      1.5700         1.00
      1.5710         1.00
      1.5720         1.00
      1.5730         1.00
      1.5740         1.00
      1.5750         1.00
      1.5760         1.00
      1.5770         1.00
      1.5780         1.00
      1.5790         1.00
      1.5800         1.00
      1.5810         1.00
      1.5820         1.00
      1.5830         1.00
      1.5840         1.00
      1.5850         1.00
      1.5860         1.00
      1.5870         1.00
      1.5880         1.00
      1.5890         1.00
      1.5900         1.00
      1.5910         1.00
      1.5920         1.00
      1.5930         1.00
      1.5940         1.00
      1.5950         1.00
      1.5960         1.00
      1.5970         1.00
      1.5980         1.00
      1.5990         1.00
      1.6000         1.00
      1.6010         1.00
      1.6020         1.00
      1.6030         1.36
      1.6040         1.00
      1.6050         1.34
      1.6060         1.30
      1.6070         1.39
      1.6080         1.42
      1.6090         1.50
      1.6100         1.50
      1.6110         1.45
      1.6120         1.50
      1.6130         1.53
      1.6140         1.51
      1.6150         1.49
      1.6160         1.50
      1.6170         1.54
      1.6180         1.59
      1.6190         1.61
      1.6200         2.17
      1.6210         1.70
      1.6220         1.70
      1.6230         1.70
      1.6240         2.28
      1.6250         2.38
      1.6260         2.48
      1.6270         2.49
      1.6280         2.60
      1.6290         2.67
      1.6300         2.75
      1.6310         2.38
      1.6320         2.96
      1.6330         2.44
      1.6340         2.51
      1.6350         2.54
      1.6360         2.66
      1.6370         2.67
      1.6380         2.74
      1.6390         2.81
      1.6400         2.86
      1.6410         3.45
      1.6420         3.05
      1.6430         3.12
      1.6440         3.18
      1.6450         3.18
      1.6460         3.25
      1.6470         3.84
      1.6480         3.91
      1.6490         3.97
      1.6500         4.63
      1.6510         4.67
      1.6520         4.73
      1.6530         4.98
      1.6540         5.15
      1.6550         5.35
      1.6560         5.45
      1.6570         5.62
      1.6580         5.73
      1.6590         5.85
      1.6600         5.89
      1.6610         5.91
      1.6620         6.00
      1.6630         6.10
      1.6640         6.25
      1.6650         6.37
      1.6660         6.42
      1.6670         6.44
      1.6680         6.64
      1.6690         6.58
      1.6700         6.69
      1.6710         6.85
      1.6720         6.95
      1.6730         6.92
      1.6740         6.95
      1.6750         7.00
      1.6760         7.06
      1.6770         7.17
      1.6780         7.29
      1.6790         7.41
      1.6800         7.51
      1.6810         7.74
      1.6820         7.97
      1.6830         8.08
      1.6840         8.16
      1.6850         8.36
      1.6860         8.54
      1.6870         8.68
      1.6880         8.64
      1.6890         9.05
      1.6900         9.10
      1.6910         9.24
      1.6920         9.54
      1.6930         9.71
      1.6940         9.90
      1.6950        10.04
      1.6960        10.25
      1.6970        10.43
      1.6980        10.59
      1.6990        10.76
      1.7000        10.95
      1.7010        11.11
      1.7020        11.22
      1.7030        11.48
      1.7040        11.78
      1.7050        11.89
      1.7060        12.00
      1.7070        12.22
      1.7080        12.42
      1.7090        12.50
      1.7100        12.74
      1.7110        12.88
      1.7120        12.90
      1.7130        13.09
      1.7140        13.31
      1.7150        13.52
      1.7160        13.70
      1.7170        13.84
      1.7180        13.97
      1.7190        14.22
      1.7200        14.40
      1.7210        14.57
      1.7220        14.82
      1.7230        14.96
      1.7240        15.09
      1.7250        15.36
      1.7260        15.66
      1.7270        15.86
      1.7280        16.10
      1.7290        16.27
      1.7300        16.50
      1.7310        16.70
      1.7320        16.99
      1.7330        17.21
      1.7340        17.40
      1.7350        17.48
      1.7360        17.64
      1.7370        17.94
      1.7380        18.11
      1.7390        18.21
      1.7400        18.27
      1.7410        18.47
      1.7420        18.70
      1.7430        18.85
      1.7440        19.01
      1.7450        19.11
      1.7460        19.27
      1.7470        19.47
      1.7480        19.63
      1.7490        19.88
      1.7500        20.01
      1.7510        20.21
      1.7520        20.34
      1.7530        20.54
      1.7540        20.69
      1.7550        21.10
      1.7560        21.37
      1.7570        21.55
      1.7580        21.82
      1.7590        22.04
      1.7600        22.33
      1.7610        22.44
      1.7620        22.50
      1.7630        22.81
      1.7640        23.02
      1.7650        23.20
      1.7660        23.40
      1.7670        23.51
      1.7680        23.75
      1.7690        23.81
      1.7700        23.96
      1.7710        24.13
      1.7720        24.25
      1.7730        24.32
      1.7740        24.52
      1.7750        24.54
      1.7760        24.57
      1.7770        24.65
      1.7780        24.86
      1.7790        25.00
      1.7800        25.11
      1.7810        25.30
      1.7820        25.46
      1.7830        25.45
      1.7840        25.61
      1.7850        25.74
      1.7860        25.84
      1.7870        26.00
      1.7880        26.12
      1.7890        26.27
      1.7900        26.44
      1.7910        26.58
      1.7920        26.79
      1.7930        27.00
      1.7940        27.13
      1.7950        27.27
      1.7960        27.46
      1.7970        27.64
      1.7980        27.72
      1.7990        27.79
      1.8000        27.93
      1.8010        28.08
      1.8020        28.20
      1.8030        28.43
      1.8040        28.48
      1.8050        28.69
      1.8060        28.67
      1.8070        28.70
      1.8080        28.86
      1.8090        29.04
      1.8100        29.12
      1.8110        29.27
      1.8120        29.40
      1.8130        29.46
      1.8140        29.57
      1.8150        29.66
      1.8160        29.77
      1.8170        29.89
      1.8180        29.95
      1.8190        30.10
      1.8200        30.23
      1.8210        30.36
      1.8220        30.54
      1.8230        30.61
      1.8240        30.76
      1.8250        30.83
      1.8260        31.01
      1.8270        31.15
      1.8280        31.12
      1.8290        31.18
      1.8300        31.24
      1.8310        31.31
      1.8320        31.34
      1.8330        31.41
      1.8340        31.50
      1.8350        31.64
      1.8360        31.76
      1.8370        31.72
      1.8380        31.91
      1.8390        31.95
      1.8400        32.10
      1.8410        32.16
      1.8420        32.22
      1.8430        32.30
      1.8440        32.46
      1.8450        32.58
      1.8460        32.73
      1.8470        32.98
      1.8480        33.17
      1.8490        33.29
      1.8500        33.53
      1.8510        33.62
      1.8520        33.72
      1.8530        33.87
      1.8540        33.89
      1.8550        34.08
      1.8560        34.23
      1.8570        34.48
      1.8580        34.53
      1.8590        34.73
      1.8600        34.73
      1.8610        34.77
      1.8620        34.87
      1.8630        34.93
      1.8640        35.06
      1.8650        35.13
      1.8660        35.24
      1.8670        35.21
      1.8680        35.29
      1.8690        35.40
      1.8700        35.36
      1.8710        35.55
      1.8720        35.61
      1.8730        35.68
      1.8740        35.93
      1.8750        36.04
      1.8760        36.11
      1.8770        36.18
      1.8780        36.32
      1.8790        36.47
      1.8800        36.64
      1.8810        36.84
      1.8820        36.91
      1.8830        37.14
      1.8840        37.14
      1.8850        37.22
      1.8860        37.26
      1.8870        37.35
      1.8880        37.46
      1.8890        37.58
      1.8900        37.69
      1.8910        37.71
      1.8920        37.81
      1.8930        37.94
      1.8940        37.93
      1.8950        37.90
      1.8960        38.01
      1.8970        38.02
      1.8980        38.04
      1.8990        38.10
      1.9000        38.24
      1.9010        38.30
      1.9020        38.46
      1.9030        38.54
      1.9040        38.79
      1.9050        38.84
      1.9060        38.97
      1.9070        39.05
      1.9080        39.17
      1.9090        39.27
      1.9100        39.48
      1.9110        39.52
      1.9120        39.63
      1.9130        39.68
      1.9140        39.80
      1.9150        39.84
      1.9160        39.83
      1.9170        40.03
      1.9180        40.08
      1.9190        40.12
      1.9200        40.15
      1.9210        40.22
      1.9220        40.30
      1.9230        40.30
      1.9240        40.25
      1.9250        40.40
      1.9260        40.44
      1.9270        40.51
      1.9280        40.51
      1.9290        40.55
      1.9300        40.56
      1.9310        40.76
      1.9320        40.92
      1.9330        41.07
      1.9340        41.18
      1.9350        41.31
      1.9360        41.46
      1.9370        41.44
      1.9380        41.56
      1.9390        41.68
      1.9400        41.78
      1.9410        41.93
      1.9420        41.97
      1.9430        41.98
      1.9440        42.00
      1.9450        42.14
      1.9460        42.23
      1.9470        42.35
      1.9480        42.50
      1.9490        42.62
      1.9500        42.65
      1.9510        42.60
      1.9520        42.66
      1.9530        42.73
      1.9540        42.78
      1.9550        42.85
      1.9560        42.84
      1.9570        43.01
      1.9580        43.09
      1.9590        43.11
      1.9600        43.16
      1.9610        43.16
      1.9620        43.24
      1.9630        43.36
      1.9640        43.45
      1.9650        43.54
      1.9660        43.60
      1.9670        43.64
      1.9680        43.73
      1.9690        43.73
      1.9700        43.87
      1.9710        44.00
      1.9720        44.08
      1.9730        44.15
      1.9740        44.19
      1.9750        44.15
      1.9760        44.31
      1.9770        44.37
      1.9780        44.38
      1.9790        44.45
      1.9800        44.43
      1.9810        44.49
      1.9820        44.49
      1.9830        44.56
      1.9840        44.67
      1.9850        44.68
      1.9860        44.83
      1.9870        44.84
      1.9880        44.81
      1.9890        44.92
      1.9900        45.00
      1.9910        45.01
      1.9920        45.03
      1.9930        45.07
      1.9940        45.15
      1.9950        45.25
      1.9960        45.29
      1.9970        45.33
      1.9980        45.43
      1.9990        45.47
      2.0000        45.59
      2.0010        45.67
      2.0020        45.72
      2.0030        45.79
      2.0040        45.80
      2.0050        45.78
      2.0060        45.73
      2.0070        45.89
      2.0080        45.89
      2.0090        45.90
      2.0100        45.92
      2.0110        46.05
      2.0120        46.03
      2.0130        46.00
      2.0140        45.98
      2.0150        46.02
      2.0160        46.14
      2.0170        46.16
      2.0180        46.26
      2.0190        46.32
      2.0200        46.32
      2.0210        46.35
      2.0220        46.40
      2.0230        46.47
      2.0240        46.51
      2.0250        46.60
      2.0260        46.73
      2.0270        46.82
      2.0280        46.96
      2.0290        47.08
      2.0300        47.15
      2.0310        47.20
      2.0320        47.35
      2.0330        47.48
      2.0340        47.55
      2.0350        47.69
      2.0360        47.65
      2.0370        47.74
      2.0380        47.73
      2.0390        47.78
      2.0400        47.81
      2.0410        47.82
      2.0420        47.88
      2.0430        47.85
      2.0440        47.89
      2.0450        47.91
      2.0460        47.84
      2.0470        47.86
      2.0480        47.85
      2.0490        47.77
      2.0500        47.73
      2.0510        47.66
      2.0520        47.67
      2.0530        47.62
      2.0540        47.61
      2.0550        47.58
      2.0560        47.55
      2.0570        47.57
      2.0580        47.58
      2.0590        47.62
      2.0600        47.69
      2.0610        47.82
      2.0620        47.97
      2.0630        48.04
      2.0640        48.01
      2.0650        48.02
      2.0660        48.03
      2.0670        47.96
      2.0680        48.04
      2.0690        48.03
      2.0700        48.10
      2.0710        48.15
      2.0720        48.07
      2.0730        48.14
      2.0740        48.18
      2.0750        48.16
      2.0760        48.16
      2.0770        48.17
      2.0780        48.16
      2.0790        48.18
      2.0800        48.15
      2.0810        47.99
      2.0820        47.93
      2.0830        47.99
      2.0840        48.08
      2.0850        48.13
      2.0860        48.20
      2.0870        48.24
      2.0880        48.17
      2.0890        48.21
      2.0900        48.20
      2.0910        48.21
      2.0920        48.28
      2.0930        48.24
      2.0940        48.24
      2.0950        48.28
      2.0960        48.35
      2.0970        48.35
      2.0980        48.31
      2.0990        48.26
      2.1000        48.26
      2.1010        48.29
      2.1020        48.22
      2.1030        48.21
      2.1040        48.18
      2.1050        48.18
      2.1060        48.22
      2.1070        48.22
      2.1080        48.27
      2.1090        48.38
      2.1100        48.41
      2.1110        48.45
      2.1120        48.51
      2.1130        48.58
      2.1140        48.71
      2.1150        48.73
      2.1160        48.78
      2.1170        48.79
      2.1180        48.90
      2.1190        48.94
      2.1200        49.05
      2.1210        49.19
      2.1220        49.22
      2.1230        49.22
      2.1240        49.26
      2.1250        49.26
      2.1260        49.27
      2.1270        49.20
      2.1280        49.23
      2.1290        49.20
      2.1300        49.20
      2.1310        49.22
      2.1320        49.18
      2.1330        49.20
      2.1340        49.18
      2.1350        49.26
      2.1360        49.23
      2.1370        49.19
      2.1380        49.21
      2.1390        49.20
      2.1400        49.25
      2.1410        49.14
      2.1420        49.25
      2.1430        49.28
      2.1440        49.28
      2.1450        49.22
      2.1460        49.13
      2.1470        49.18
      2.1480        49.18
      2.1490        49.16
      2.1500        49.18
      2.1510        49.16
      2.1520        49.14
      2.1530        49.13
      2.1540        49.17
      2.1550        49.13
      2.1560        49.13
      2.1570        49.19
      2.1580        49.06
      2.1590        49.03
      2.1600        49.00
      2.1610        48.98
      2.1620        48.87
      2.1630        48.79
      2.1640        48.80
      2.1650        48.92
      2.1660        49.02
      2.1670        48.95
      2.1680        48.91
      2.1690        48.99
      2.1700        49.10
      2.1710        49.10
      2.1720        49.08
      2.1730        49.17
      2.1740        49.05
      2.1750        48.96
      2.1760        48.88
      2.1770        48.88
      2.1780        49.00
      2.1790        49.09
      2.1800        49.11
      2.1810        49.20
      2.1820        49.28
      2.1830        49.39
      2.1840        49.32
      2.1850        49.23
      2.1860        49.19
      2.1870        49.36
      2.1880        49.34
      2.1890        49.23
      2.1900        49.12
      2.1910        49.13
      2.1920        49.21
      2.1930        49.11
      2.1940        49.19
      2.1950        49.27
      2.1960        49.44
      2.1970        49.50
      2.1980        49.48
      2.1990        49.39
      2.2000        49.33
      2.2010        49.39
      2.2020        49.42
      2.2030        49.42
      2.2040        49.50
      2.2050        49.67
      2.2060        49.74
      2.2070        49.70
      2.2080        49.77
      2.2090        49.77
      2.2100        49.74
      2.2110        49.76
      2.2120        49.74
      2.2130        49.80
      2.2140        49.74
      2.2150        49.76
      2.2160        49.64
      2.2170        49.54
      2.2180        49.56
      2.2190        49.57
      2.2200        49.64
      2.2210        49.65
      2.2220        49.62
      2.2230        49.58
      2.2240        49.57
      2.2250        49.49
      2.2260        49.54
      2.2270        49.55
      2.2280        49.58
      2.2290        49.67
      2.2300        49.74
      2.2310        49.67
      2.2320        49.70
      2.2330        49.71
      2.2340        49.82
      2.2350        49.90
      2.2360        49.90
      2.2370        49.96
      2.2380        50.00
      2.2390        50.06
      2.2400        50.03
      2.2410        49.94
      2.2420        49.90
      2.2430        49.86
      2.2440        49.86
      2.2450        49.71
      2.2460        49.62
      2.2470        49.61
      2.2480        49.57
      2.2490        49.52
      2.2500        49.42
      2.2510        49.46
      2.2520        49.42
      2.2530        49.43
      2.2540        49.45
      2.2550        49.35
      2.2560        49.41
      2.2570        49.43
      2.2580        49.46
      2.2590        49.44
      2.2600        49.47
      2.2610        49.47
      2.2620        49.47
      2.2630        49.54
      2.2640        49.58
      2.2650        49.63
      2.2660        49.67
      2.2670        49.56
      2.2680        49.55
      2.2690        49.60
      2.2700        49.68
      2.2710        49.66
      2.2720        49.63
      2.2730        49.57
      2.2740        49.47
      2.2750        49.57
      2.2760        49.59
      2.2770        49.58
      2.2780        49.42
      2.2790        49.38
      2.2800        49.30
      2.2810        49.34
      2.2820        49.30
      2.2830        49.27
      2.2840        49.21
      2.2850        49.25
      2.2860        49.21
      2.2870        49.37
      2.2880        49.39
      2.2890        49.42
      2.2900        49.43
      2.2910        49.50
      2.2920        49.42
      2.2930        49.48
      2.2940        49.46
      2.2950        49.34
      2.2960        49.36
      2.2970        49.34
      2.2980        49.39
      2.2990        49.42
      2.3000        49.46
      2.3010        49.35
      2.3020        49.33
      2.3030        49.31
      2.3040        49.34
      2.3050        49.29
      2.3060        49.22
      2.3070        49.11
      2.3080        49.05
      2.3090        49.01
      2.3100        49.01
      2.3110        49.02
      2.3120        49.15
      2.3130        49.10
      2.3140        49.20
      2.3150        49.22
      2.3160        49.12
      2.3170        49.08
      2.3180        49.10
      2.3190        49.10
      2.3200        49.09
      2.3210        49.23
      2.3220        49.22
      2.3230        49.19
      2.3240        49.19
      2.3250        49.24
      2.3260        49.31
      2.3270        49.27
      2.3280        49.32
      2.3290        49.27
      2.3300        49.27
      2.3310        49.23
      2.3320        49.22
      2.3330        49.18
      2.3340        49.05
      2.3350        49.05
      2.3360        49.03
      2.3370        49.05
      2.3380        49.04
      2.3390        49.07
      2.3400        49.02
      2.3410        48.96
      2.3420        49.14
      2.3430        49.22
      2.3440        49.27
      2.3450        49.20
      2.3460        49.23
      2.3470        49.33
      2.3480        49.36
      2.3490        49.41
      2.3500        49.40
      2.3510        49.40
      2.3520        49.31
      2.3530        49.41
      2.3540        49.46
      2.3550        49.41
      2.3560        49.40
      2.3570        49.39
      2.3580        49.32
      2.3590        49.27
      2.3600        49.22
      2.3610        49.22
      2.3620        49.07
      2.3630        49.00
      2.3640        48.94
      2.3650        48.88
      2.3660        48.84
      2.3670        48.75
      2.3680        48.72
      2.3690        48.69
      2.3700        48.74
      2.3710        48.71
      2.3720        48.73
      2.3730        48.67
      2.3740        48.64
      2.3750        48.68
      2.3760        48.70
      2.3770        48.69
      2.3780        48.77
      2.3790        48.84
      2.3800        48.92
      2.3810        48.89
      2.3820        48.88
      2.3830        48.90
      2.3840        48.83
      2.3850        48.93
      2.3860        48.97
      2.3870        48.87
      2.3880        48.81
      2.3890        48.78
      2.3900        48.69
      2.3910        48.65
      2.3920        48.67
      2.3930        48.54
      2.3940        48.52
      2.3950        48.56
      2.3960        48.45
      2.3970        48.38
      2.3980        48.32
      2.3990        48.22
      2.4000        48.09
      2.4010        47.98
      2.4020        47.95
      2.4030        47.79
      2.4040        47.83
      2.4050        47.75
      2.4060        47.73
      2.4070        47.79
      2.4080        47.77
      2.4090        47.75
      2.4100        47.73
      2.4110        47.74
      2.4120        47.70
      2.4130        47.77
      2.4140        47.87
      2.4150        47.77
      2.4160        47.81
      2.4170        47.87
      2.4180        47.82
      2.4190        47.81
      2.4200        47.83
      2.4210        47.83
      2.4220        47.74
      2.4230        47.91
      2.4240        47.87
      2.4250        47.83
      2.4260        47.76
      2.4270        47.76
      2.4280        47.76
      2.4290        47.75
      2.4300        47.69
      2.4310        47.60
      2.4320        47.61
      2.4330        47.51
      2.4340        47.36
      2.4350        47.44
      2.4360        47.46
      2.4370        47.43
      2.4380        47.49
      2.4390        47.52
      2.4400        47.46
      2.4410        47.52
      2.4420        47.65
      2.4430        47.45
      2.4440        47.47
      2.4450        47.54
      2.4460        47.51
      2.4470        47.47
      2.4480        47.41
      2.4490        47.35
      2.4500        47.33
      2.4510        47.35
      2.4520        47.33
      2.4530        47.39
      2.4540        47.42
      2.4550        47.38
      2.4560        47.48
      2.4570        47.46
      2.4580        47.47
      2.4590        47.47
      2.4600        47.49
      2.4610        47.48
      2.4620        47.44
      2.4630        47.56
      2.4640        47.52
      2.4650        47.51
      2.4660        47.58
      2.4670        47.71
      2.4680        47.76
      2.4690        47.79
      2.4700        47.79
      2.4710        47.77
      2.4720        47.73
      2.4730        47.71
      2.4740        47.71
      2.4750        47.69
      2.4760        47.53
      2.4770        47.51
      2.4780        47.44
      2.4790        47.32
      2.4800        47.39
      2.4810        47.42
      2.4820        47.27
      2.4830        47.26
      2.4840        47.26
      2.4850        47.23
      2.4860        47.08
      2.4870        46.97
      2.4880        46.96
      2.4890        46.89
      2.4900        46.90
      2.4910        46.96
      2.4920        47.01
      2.4930        46.91
      2.4940        46.93
      2.4950        46.83
      2.4960        46.83
      2.4970        46.82
      2.4980        46.76
      2.4990        46.86
      2.5000        46.74
      2.5010        46.76
      2.5020        46.86
      2.5030        46.92
      2.5040        46.93
      2.5050        46.82
      2.5060        46.88
      2.5070        46.84
      2.5080        46.83
      2.5090        46.87
      2.5100        46.82
      2.5110        46.76
      2.5120        46.74
      2.5130        46.76
      2.5140        46.69
      2.5150        46.79
      2.5160        46.79
      2.5170        46.88
      2.5180        46.94
      2.5190        46.90
      2.5200        46.98
      2.5210        46.88
      2.5220        46.84
      2.5230        46.74
      2.5240        46.77
      2.5250        46.93
      2.5260        46.91
      2.5270        46.97
      2.5280        47.06
      2.5290        47.05
      2.5300        47.05
      2.5310        47.03
      2.5320        47.06
      2.5330        47.05
      2.5340        47.02
      2.5350        46.96
      2.5360        46.82
      2.5370        46.69
      2.5380        46.68
      2.5390        46.62
      2.5400        46.58
      2.5410        46.51
      2.5420        46.52
      2.5430        46.46
      2.5440        46.35
      2.5450        46.15
      2.5460        46.08
      2.5470        45.99
      2.5480        45.91
      2.5490        45.90
      2.5500        45.89
      2.5510        45.83
      2.5520        45.76
      2.5530        45.72
      2.5540        45.78
      2.5550        45.80
      2.5560        45.86
      2.5570        45.81
      2.5580        45.75
      2.5590        45.71
      2.5600        45.59
      2.5610        45.65
      2.5620        45.55
      2.5630        45.57
      2.5640        45.57
      2.5650        45.62
      2.5660        45.66
      2.5670        45.64
      2.5680        45.50
      2.5690        45.44
      2.5700        45.45
      2.5710        45.35
      2.5720        45.33
      2.5730        45.34
      2.5740        45.22
      2.5750        45.07
      2.5760        45.04
      2.5770        45.08
      2.5780        45.04
      2.5790        45.02
      2.5800        45.06
      2.5810        44.99
      2.5820        45.06
      2.5830        44.96
      2.5840        44.92
      2.5850        44.85
      2.5860        44.89
      2.5870        44.81
      2.5880        44.83
      2.5890        44.72
      2.5900        44.56
      2.5910        44.49
      2.5920        44.30
      2.5930        44.20
      2.5940        44.12
      2.5950        44.12
      2.5960        44.02
      2.5970        43.93
      2.5980        43.81
      2.5990        43.80
      2.6000        43.65
      2.6010        43.54
      2.6020        43.30
      2.6030        43.22
      2.6040        43.15
      2.6050        43.18
      2.6060        42.96
      2.6070        42.92
      2.6080        42.84
      2.6090        42.85
      2.6100        42.78
      2.6110        42.84
      2.6120        42.86
      2.6130        42.87
      2.6140        42.77
      2.6150        42.67
      2.6160        42.67
      2.6170        42.42
      2.6180        42.31
      2.6190        42.04
      2.6200        42.00
      2.6210        41.80
      2.6220        41.72
      2.6230        41.58
      2.6240        41.41
      2.6250        41.26
      2.6260        41.14
      2.6270        41.02
      2.6280        40.91
      2.6290        40.70
      2.6300        40.52
      2.6310        40.20
      2.6320        40.04
      2.6330        39.75
      2.6340        39.63
      2.6350        39.39
      2.6360        39.15
      2.6370        39.12
      2.6380        38.88
      2.6390        38.77
      2.6400        38.58
      2.6410        38.50
      2.6420        38.33
      2.6430        38.21
      2.6440        37.91
      2.6450        37.63
      2.6460        37.40
      2.6470        37.08
      2.6480        36.75
      2.6490        36.46
      2.6500        36.13
      2.6510        35.91
      2.6520        35.55
      2.6530        35.33
      2.6540        34.98
      2.6550        34.72
      2.6560        34.43
      2.6570        34.11
      2.6580        33.85
      2.6590        33.60
      2.6600        33.25
      2.6610        32.88
      2.6620        32.65
      2.6630        32.31
      2.6640        32.02
      2.6650        31.70
      2.6660        31.35
      2.6670        31.05
      2.6680        30.82
      2.6690        30.56
      2.6700        30.40
      2.6710        30.09
      2.6720        29.85
      2.6730        29.59
      2.6740        29.36
      2.6750        29.16
      2.6760        28.78
      2.6770        28.46
      2.6780        28.17
      2.6790        27.89
      2.6800        27.56
      2.6810        27.33
      2.6820        26.90
      2.6830        26.59
      2.6840        26.29
      2.6850        25.97
      2.6860        25.84
      2.6870        25.57
      2.6880        25.23
      2.6890        24.89
      2.6900        24.65
      2.6910        24.41
      2.6920        24.23
      2.6930        23.91
      2.6940        23.70
      2.6950        23.45
      2.6960        23.26
      2.6970        23.06
      2.6980        22.80
      2.6990        22.61
      2.7000        22.44
      2.7010        22.25
      2.7020        22.10
      2.7030        21.80
      2.7040        21.61
      2.7050        21.44
      2.7060        21.07
      2.7070        20.90
      2.7080        20.64
      2.7090        20.43
      2.7100        20.15
      2.7110        19.89
      2.7120        19.63
      2.7130        19.40
      2.7140        18.99
      2.7150        18.65
      2.7160        18.30
      2.7170        18.08
      2.7180        17.81
      2.7190        17.51
      2.7200        17.19
      2.7210        16.89
      2.7220        16.66
      2.7230        16.54
      2.7240        16.41
      2.7250        16.12
      2.7260        15.92
      2.7270        15.66
      2.7280        15.48
      2.7290        15.41
      2.7300        15.23
      2.7310        15.18
      2.7320        14.95
      2.7330        14.79
      2.7340        14.60
      2.7350        14.61
      2.7360        14.57
      2.7370        14.32
      2.7380        14.16
      2.7390        13.94
      2.7400        13.86
      2.7410        13.68
      2.7420        13.53
      2.7430        13.27
      2.7440        13.03
      2.7450        12.89
      2.7460        12.72
      2.7470        12.56
      2.7480        12.34
      2.7490        12.06
      2.7500        11.81
      2.7510        11.54
      2.7520        11.36
      2.7530        11.16
      2.7540        11.09
      2.7550        10.77
      2.7560        10.57
      2.7570        10.39
      2.7580        10.30
      2.7590        10.06
      2.7600         9.97
      2.7610         9.83
      2.7620         9.64
      2.7630         9.56
      2.7640         9.37
      2.7650         9.18
      2.7660         9.14
      2.7670         8.98
      2.7680         8.86
      2.7690         8.70
      2.7700         8.71
      2.7710         8.62
      2.7720         8.39
      2.7730         8.21
      2.7740         8.05
      2.7750         7.89
      2.7760         7.80
      2.7770         7.69
      2.7780         7.53
      2.7790         7.51
      2.7800         7.26
      2.7810         7.05
      2.7820         6.83
      2.7830         6.59
      2.7840         6.47
      2.7850         6.42
      2.7860         6.26
      2.7870         6.17
      2.7880         6.11
      2.7890         5.95
      2.7900         5.66
      2.7910         5.48
      2.7920         5.48
      2.7930         5.38
      2.7940         5.27
      2.7950         5.26
      2.7960         5.13
      2.7970         4.54
      2.7980         4.41
      2.7990         3.75
      2.8000         3.64
      2.8010         3.58
      2.8020         4.05
      2.8030         4.08
      2.8040         3.96
      2.8050         3.40
      2.8060         3.32
      2.8070         3.26
      2.8080         3.14
      2.8090         3.62
      2.8100         3.14
      2.8110         3.12
      2.8120         2.99
      2.8130         3.50
      2.8140         3.43
      2.8150         3.34
      2.8160         2.70
      2.8170         2.60
      2.8180         2.62
      2.8190         2.59
      2.8200         2.59
      2.8210         3.02
      2.8220         2.95
      2.8230         2.40
      2.8240         2.42
      2.8250         2.33
      2.8260         2.32
      2.8270         2.24
      2.8280         2.21
      2.8290         2.15
      2.8300         2.04
      2.8310         1.96
      2.8320         1.90
      2.8330         1.77
      2.8340         1.77
      2.8350         1.69
      2.8360         1.69
      2.8370         1.62
      2.8380         1.02
      2.8390         1.00
      2.8400         1.00
      2.8410         1.00
      2.8420         1.00
      2.8430         1.00
      2.8440         1.00
      2.8450         1.00
      2.8460         1.00
      2.8470         1.00
      2.8480         1.00
      2.8490         1.00
      2.8500         1.00
      2.8510         1.00
      2.8520         1.00
      2.8530         1.00
      2.8540         1.00
      2.8550         1.00
      2.8560         1.00
      2.8570         1.00
      2.8580         1.00
      2.8590         1.00
      2.8600         1.00
      2.8610         1.00
      2.8620         1.00
      2.8630         1.00
      2.8640         1.00
      2.8650         1.00
      2.8660         1.00
      2.8670         1.00
      2.8680         1.00
      2.8690         1.00
      2.8700         1.00
      2.8710         1.00
      2.8720         1.00
      2.8730         1.00
      2.8740         1.00
      2.8750         1.00
      2.8760         1.00
      2.8770         1.00
      2.8780         1.00
      2.8790         1.00
      2.8800         1.00
      2.8810         1.00
      2.8820         1.00
      2.8830         1.00
      2.8840         1.00
      2.8850         1.00
      2.8860         1.00
      2.8870         1.00
      2.8880         1.00
      2.8890         1.00
      2.8900         1.00
      2.8910         1.00
      2.8920         1.00
      2.8930         1.00
      2.8940         1.00
      2.8950         1.00
      2.8960         1.00
      2.8970         1.00
      2.8980         1.00
      2.8990         1.00
      2.9000         1.00
      2.9010         1.00
      2.9020         1.00
      2.9030         1.00
      2.9040         1.00
      2.9050         1.00
      2.9060         1.00
      2.9070         1.00
      2.9080         1.00
      2.9090         1.00
      2.9100         1.00
      2.9110         1.00
      2.9120         1.00
      2.9130         1.00
      2.9140         1.00
      2.9150         1.00
      2.9160         1.00
      2.9170         1.00
      2.9180         1.00
      2.9190         1.00
      2.9200         1.00
      2.9210         1.00
      2.9220         1.00
      2.9230         1.00
      2.9240         1.00
      2.9250         1.00
      2.9260         1.00
      2.9270         1.00
      2.9280         1.00
      2.9290         1.00
      2.9300         1.00
      2.9310         1.00
      2.9320         1.00
      2.9330         1.00
      2.9340         1.00
      2.9350         1.00
      2.9360         1.00
      2.9370         1.00
      2.9380         1.00
      2.9390         1.00
      2.9400         1.00
      2.9410         1.00
      2.9420         1.00
      2.9430         1.00
      2.9440         1.00
      2.9450         1.00
      2.9460         1.00
      2.9470         1.00
      2.9480         1.00
      2.9490         1.00
      2.9500         1.00
      2.9510         1.00
      2.9520         1.00
      2.9530         1.00
      2.9540         1.00
      2.9550         1.00
      2.9560         1.00
      2.9570         1.00
      2.9580         1.00
      2.9590         1.00
      2.9600         1.00
      2.9610         1.00
      2.9620         1.00
      2.9630         1.00
      2.9640         1.00
      2.9650         1.00
      2.9660         1.00
      2.9670         1.00
      2.9680         1.00
      2.9690         1.00
      2.9700         1.00
      2.9710         1.00
      2.9720         1.00
      2.9730         1.00
      2.9740         1.00
      2.9750         1.00
      2.9760         1.00
      2.9770         1.00
      2.9780         1.00
      2.9790         1.00
      2.9800         1.00
      2.9810         1.00
      2.9820         1.00
      2.9830         1.00
      2.9840         1.00
      2.9850         1.00
      2.9860         1.00
      2.9870         1.00
      2.9880         1.00
      2.9890         1.00
      2.9900         1.00
      2.9910         1.00
      2.9920         1.00
      2.9930         1.00
      2.9940         1.00
      2.9950         1.00
      2.9960         1.00
      2.9970         1.00
      2.9980         1.00
      2.9990         1.00
