        Time   Palpation Force
      0.0000         1.00
      0.0010         1.00
      0.0020         1.00
      0.0030         1.00
      0.0040         1.00
      0.0050         1.00
      0.0060         1.00
      0.0070         1.00
      0.0080         1.00
      0.0090         1.00
      0.0100         1.00
      0.0110         1.00
      0.0120         1.00
      0.0130         1.00
      0.0140         1.00
      0.0150         1.00
      0.0160         1.00
      0.0170         1.00
      0.0180         1.00
      0.0190         1.00
      0.0200         1.00
      0.0210         1.00
      0.0220         1.00
      0.0230         1.00
      0.0240         1.00
      0.0250         1.00
      0.0260         1.00
      0.0270         1.00
      0.0280         1.00
      0.0290         1.00
      0.0300         1.00
      0.0310         1.00
      0.0320         1.00
      0.0330         1.00
      0.0340         1.00
      0.0350         1.00
      0.0360         1.00
      0.0370         1.00
      0.0380         1.00
      0.0390         1.00
      0.0400         1.00
      0.0410         1.00
      0.0420         1.00
      0.0430         1.00
      0.0440         1.00
      0.0450         1.00
      0.0460         1.00
      0.0470         1.00
      0.0480         1.00
      0.0490         1.00
      0.0500         1.00
      0.0510         1.00
      0.0520         1.00
      0.0530         1.00
      0.0540         1.00
      0.0550         1.00
      0.0560         1.00
      0.0570         1.00
      0.0580         1.00
      0.0590         1.00
      0.0600         1.00
      0.0610         1.00
      0.0620         1.00
      0.0630         1.00
      0.0640         1.00
      0.0650         1.00
      0.0660         1.00
      0.0670         1.00
      0.0680         1.00
      0.0690         1.00
      0.0700         1.00
      0.0710         1.00
      0.0720         1.00
      0.0730         1.00
      0.0740         1.00
      0.0750         1.00
      0.0760         1.00
      0.0770         1.00
      0.0780         1.00
      0.0790         1.00
      0.0800         1.00
      0.0810         1.00
      0.0820         1.00
      0.0830         1.00
      0.0840         1.00
      0.0850         1.00
      0.0860         1.00
      0.0870         1.00
      0.0880         1.00
      0.0890         1.00
      0.0900         1.00
      0.0910         1.00
      0.0920         1.00
      0.0930         1.00
      0.0940         1.00
      0.0950         1.00
      0.0960         1.00
      0.0970         1.00
      0.0980         1.00
      0.0990         1.00
      0.1000         1.00
      0.1010         1.00
      0.1020         1.00
      0.1030         1.00
      0.1040         1.00
      0.1050         1.00
      0.1060         1.00
      0.1070         1.00
      0.1080         1.00
      0.1090         1.00
      0.1100         1.00
      0.1110         1.00
      0.1120         1.00
      0.1130         1.00
      0.1140         1.00
      0.1150         1.00
      0.1160         1.00
      0.1170         1.00
      0.1180         1.00
      0.1190         1.00
      0.1200         1.00
      0.1210         1.00
      0.1220         1.00
      0.1230         1.00
      0.1240         1.00
      0.1250         1.00
      0.1260         1.00
      0.1270         1.00
      0.1280         1.00
      0.1290         1.00
      0.1300         1.00
      0.1310         1.00
      0.1320         1.00
      0.1330         1.00
      0.1340         1.00
      0.1350         1.00
      0.1360         1.00
      0.1370         1.00
      0.1380         1.00
      0.1390         1.00
      0.1400         1.00
      0.1410         1.00
      0.1420         1.00
      0.1430         1.00
      0.1440         1.00
      0.1450         1.00
      0.1460         1.00
      0.1470         1.00
      0.1480         1.00
      0.1490         1.00
      0.1500         1.00
      0.1510         1.00
      0.1520         1.00
      0.1530         1.00
      0.1540         1.00
      0.1550         1.00
      0.1560         1.00
      0.1570         1.00
      0.1580         1.00
      0.1590         1.00
      0.1600         1.00
      0.1610         1.00
      0.1620         1.00
      0.1630         1.00
      0.1640         1.00
      0.1650         1.00
      0.1660         1.00
      0.1670         1.00
      0.1680         1.00
      0.1690         1.00
      0.1700         1.00
      0.1710         1.00
      0.1720         1.00
      0.1730         1.00
      0.1740         1.00
      0.1750         1.00
      0.1760         1.00
      0.1770         1.00
      0.1780         1.00
      0.1790         1.00
      0.1800         1.00
      0.1810         1.00
      0.1820         1.00
      0.1830         1.00
      0.1840         1.00
      0.1850         1.00
      0.1860         1.00
      0.1870         1.00
      0.1880         1.00
      0.1890         1.00
      0.1900         1.00
      0.1910         1.00
      0.1920         1.00
      0.1930         1.00
      0.1940         1.00
      0.1950         1.00
      0.1960         1.00
      0.1970         1.00
      0.1980         1.00
      0.1990         1.00
      0.2000         1.00
      0.2010         1.00
      0.2020         1.00
      0.2030         1.00
      0.2040         1.00
      0.2050         1.00
      0.2060         1.00
      0.2070         1.00
      0.2080         1.00
      0.2090         1.00
      0.2100         1.00
      0.2110         1.00
      0.2120         1.00
      0.2130         1.00
      0.2140         1.00
      0.2150         1.00
      0.2160         1.00
      0.2170         1.00
      0.2180         1.00
      0.2190         1.00
      0.2200         1.00
      0.2210         1.00
      0.2220         1.00
      0.2230         1.00
      0.2240         1.00
      0.2250         1.00
      0.2260         1.00
      0.2270         1.00
      0.2280         1.00
      0.2290         1.00
      0.2300         1.00
      0.2310         1.00
      0.2320         1.00
      0.2330         1.00
      0.2340         1.00
      0.2350         1.00
      0.2360         1.00
      0.2370         1.00
      0.2380         1.00
      0.2390         1.00
      0.2400         1.00
      0.2410         1.00
      0.2420         1.00
      0.2430         1.00
      0.2440         1.00
      0.2450         1.00
      0.2460         1.00
      0.2470         1.00
      0.2480         1.00
      0.2490         1.00
      0.2500         1.00
      0.2510         1.00
      0.2520         1.00
      0.2530         1.00
      0.2540         1.00
      0.2550         1.00
      0.2560         1.00
      0.2570         1.00
      0.2580         1.00
      0.2590         1.00
      0.2600         1.00
      0.2610         1.00
      0.2620         1.00
      0.2630         1.00
      0.2640         1.00
      0.2650         1.00
      0.2660         1.00
      0.2670         1.00
      0.2680         1.00
      0.2690         1.00
      0.2700         1.00
      0.2710         1.00
      0.2720         1.00
      0.2730         1.00
      0.2740         1.00
      0.2750         1.00
      0.2760         1.00
      0.2770         1.00
      0.2780         1.00
      0.2790         1.00
      0.2800         1.00
      0.2810         1.00
      0.2820         1.00
      0.2830         1.00
      0.2840         1.00
      0.2850         1.00
      0.2860         1.00
      0.2870         1.00
      0.2880         1.00
      0.2890         1.00
      0.2900         1.00
      0.2910         1.00
      0.2920         1.00
      0.2930         1.00
      0.2940         1.00
      0.2950         1.00
      0.2960         1.00
      0.2970         1.00
      0.2980         1.00
      0.2990         1.00
      0.3000         1.00
      0.3010         1.00
      0.3020         1.00
      0.3030         1.00
      0.3040         1.00
      0.3050         1.00
      0.3060         1.00
      0.3070         1.00
      0.3080         1.00
      0.3090         1.00
      0.3100         1.00
      0.3110         1.00
      0.3120         1.00
      0.3130         1.00
      0.3140         1.00
      0.3150         1.00
      0.3160         1.00
      0.3170         1.00
      0.3180         1.00
      0.3190         1.00
      0.3200         1.00
      0.3210         1.00
      0.3220         1.00
      0.3230         1.00
      0.3240         1.00
      0.3250         1.00
      0.3260         1.00
      0.3270         1.00
      0.3280         1.00
      0.3290         1.00
      0.3300         1.00
      0.3310         1.00
      0.3320         1.00
      0.3330         1.00
      0.3340         1.00
      0.3350         1.00
      0.3360         1.00
      0.3370         1.00
      0.3380         1.00
      0.3390         1.00
      0.3400         1.00
      0.3410         1.00
      0.3420         1.00
      0.3430         1.00
      0.3440         1.00
      0.3450         1.00
      0.3460         1.00
      0.3470         1.00
      0.3480         1.00
      0.3490         1.00
      0.3500         1.00
      0.3510         1.00
      0.3520         1.00
      0.3530         1.00
      0.3540         1.00
      0.3550         1.00
      0.3560         1.00
      0.3570         1.00
      0.3580         1.00
      0.3590         1.00
      0.3600         1.00
      0.3610         1.00
      0.3620         1.00
      0.3630         1.00
      0.3640         1.00
      0.3650         1.00
      0.3660         1.00
      0.3670         1.00
      0.3680         1.00
      0.3690         1.00
      0.3700         1.00
      0.3710         1.00
      0.3720         1.00
      0.3730         1.00
      0.3740         1.00
      0.3750         1.00
      0.3760         1.00
      0.3770         1.00
      0.3780         1.00
      0.3790         1.00
      0.3800         1.00
      0.3810         1.00
      0.3820         1.00
      0.3830         1.00
      0.3840         1.00
      0.3850         1.00
      0.3860         1.00
      0.3870         1.00
      0.3880         1.00
      0.3890         1.00
      0.3900         1.00
      0.3910         1.00
      0.3920         1.00
      0.3930         1.00
      0.3940         1.00
      0.3950         1.00
      0.3960         1.00
      0.3970         1.00
      0.3980         1.00
      0.3990         1.00
      0.4000         1.00
      0.4010         1.00
      0.4020         1.00
      0.4030         1.00
      0.4040         1.00
      0.4050         1.00
      0.4060         1.00
      0.4070         1.00
      0.4080         1.00
      0.4090         1.00
      0.4100         1.00
      0.4110         1.00
      0.4120         1.00
      0.4130         1.00
      0.4140         1.00
      0.4150         1.00
      0.4160         1.00
      0.4170         1.00
      0.4180         1.00
      0.4190         1.00
      0.4200         1.00
      0.4210         1.00
      0.4220         1.00
      0.4230         1.00
      0.4240         1.00
      0.4250         1.00
      0.4260         1.00
      0.4270         1.00
      0.4280         1.00
      0.4290         1.00
      0.4300         1.00
      0.4310         1.00
      0.4320         1.00
      0.4330         1.00
      0.4340         1.00
      0.4350         1.00
      0.4360         1.00
      0.4370         1.00
      0.4380         1.00
      0.4390         1.00
      0.4400         1.00
      0.4410         1.00
      0.4420         1.00
      0.4430         1.00
      0.4440         1.00
      0.4450         1.00
      0.4460         1.00
      0.4470         1.00
      0.4480         1.00
      0.4490         1.00
      0.4500         1.00
      0.4510         1.00
      0.4520         1.00
      0.4530         1.00
      0.4540         1.00
      0.4550         1.00
      0.4560         1.00
      0.4570         1.00
      0.4580         1.00
      0.4590         1.00
      0.4600         1.00
      0.4610         1.00
      0.4620         1.00
      0.4630         1.00
      0.4640         1.00
      0.4650         1.00
      0.4660         1.00
      0.4670         1.00
      0.4680         1.00
      0.4690         1.00
      0.4700         1.00
      0.4710         1.00
      0.4720         1.00
      0.4730         1.00
      0.4740         1.00
      0.4750         1.00
      0.4760         1.00
      0.4770         1.00
      0.4780         1.00
      0.4790         1.00
      0.4800         1.00
      0.4810         1.00
      0.4820         1.00
      0.4830         1.00
      0.4840         1.00
      0.4850         1.00
      0.4860         1.00
      0.4870         1.00
      0.4880         1.00
      0.4890         1.00
      0.4900         1.00
      0.4910         1.00
      0.4920         1.00
      0.4930         1.00
      0.4940         1.00
      0.4950         1.00
      0.4960         1.00
      0.4970         1.00
      0.4980         1.00
      0.4990         1.00
      0.5000         1.00
      0.5010         1.00
      0.5020         1.00
      0.5030         1.00
      0.5040         1.00
      0.5050         1.00
      0.5060         1.00
      0.5070         1.00
      0.5080         1.00
      0.5090         1.00
      0.5100         1.00
      0.5110         1.00
      0.5120         1.00
      0.5130         1.00
      0.5140         1.00
      0.5150         1.00
      0.5160         1.00
      0.5170         1.00
      0.5180         1.00
      0.5190         1.00
      0.5200         1.00
      0.5210         1.00
      0.5220         1.00
      0.5230         1.00
      0.5240         1.00
      0.5250         1.00
      0.5260         1.00
      0.5270         1.00
      0.5280         1.00
      0.5290         1.00
      0.5300         1.00
      0.5310         1.00
      0.5320         1.00
      0.5330         1.00
      0.5340         1.00
      0.5350         1.00
      0.5360         1.00
      0.5370         1.00
      0.5380         1.00
      0.5390         1.00
      0.5400         1.00
      0.5410         1.00
      0.5420         1.00
      0.5430         1.00
      0.5440         1.00
      0.5450         1.00
      0.5460         1.00
      0.5470         1.00
      0.5480         1.00
      0.5490         1.00
      0.5500         1.00
      0.5510         1.00
      0.5520         1.00
      0.5530         1.00
      0.5540         1.00
      0.5550         1.00
      0.5560         1.00
      0.5570         1.00
      0.5580         1.00
      0.5590         1.00
      0.5600         1.00
      0.5610         1.00
      0.5620         1.00
      0.5630         1.00
      0.5640         1.00
      0.5650         1.00
      0.5660         1.00
      0.5670         1.00
      0.5680         1.00
      0.5690         1.00
      0.5700         1.00
      0.5710         1.00
      0.5720         1.00
      0.5730         1.00
      0.5740         1.00
      0.5750         1.00
      0.5760         1.00
      0.5770         1.00
      0.5780         1.00
      0.5790         1.00
      0.5800         1.00
      0.5810         1.00
      0.5820         1.00
      0.5830         1.00
      0.5840         1.00
      0.5850         1.00
      0.5860         1.00
      0.5870         1.00
      0.5880         1.00
      0.5890         1.00
      0.5900         1.00
      0.5910         1.00
      0.5920         1.00
      0.5930         1.00
      0.5940         1.00
      0.5950         1.00
      0.5960         1.00
      0.5970         1.00
      0.5980         1.00
      0.5990         1.00
      0.6000         1.00
      0.6010         1.00
      0.6020         1.00
      0.6030         1.00
      0.6040         1.00
      0.6050         1.00
      0.6060         1.00
      0.6070         1.00
      0.6080         1.00
      0.6090         1.00
      0.6100         1.00
      0.6110         1.00
      0.6120         1.00
      0.6130         1.00
      0.6140         1.00
      0.6150         1.00
      0.6160         1.00
      0.6170         1.00
      0.6180         1.00
      0.6190         1.00
      0.6200         1.00
      0.6210         1.00
      0.6220         1.00
      0.6230         1.00
      0.6240         1.00
      0.6250         1.00
      0.6260         1.00
      0.6270         1.00
      0.6280         1.00
      0.6290         1.00
      0.6300         1.00
      0.6310         1.00
      0.6320         1.00
      0.6330         1.00
      0.6340         1.00
      0.6350         1.00
      0.6360         1.00
      0.6370         1.00
      0.6380         1.00
      0.6390         1.00
      0.6400         1.00
      0.6410         1.00
      0.6420         1.00
      0.6430         1.00
      0.6440         1.00
      0.6450         1.00
      0.6460         1.00
      0.6470         1.00
      0.6480         1.00
      0.6490         1.00
      0.6500         1.00
      0.6510         1.00
      0.6520         1.00
      0.6530         1.00
      0.6540         1.00
      0.6550         1.00
      0.6560         1.00
      0.6570         1.00
      0.6580         1.00
      0.6590         1.00
      0.6600         1.00
      0.6610         1.00
      0.6620         1.00
      0.6630         1.00
      0.6640         1.00
      0.6650         1.00
      0.6660         1.00
      0.6670         1.00
      0.6680         1.00
      0.6690         1.00
      0.6700         1.00
      0.6710         1.00
      0.6720         1.00
      0.6730         1.00
      0.6740         1.00
      0.6750         1.00
      0.6760         1.00
      0.6770         1.00
      0.6780         1.00
      0.6790         1.00
      0.6800         1.00
      0.6810         1.00
      0.6820         1.00
      0.6830         1.00
      0.6840         1.00
      0.6850         1.00
      0.6860         1.00
      0.6870         1.00
      0.6880         1.00
      0.6890         1.00
      0.6900         1.00
      0.6910         1.00
      0.6920         1.00
      0.6930         1.00
      0.6940         1.00
      0.6950         1.00
      0.6960         1.00
      0.6970         1.00
      0.6980         1.00
      0.6990         1.00
      0.7000         1.00
      0.7010         1.00
      0.7020         1.00
      0.7030         1.00
      0.7040         1.00
      0.7050         1.00
      0.7060         1.00
      0.7070         1.00
      0.7080         1.00
      0.7090         1.00
      0.7100         1.00
      0.7110         1.00
      0.7120         1.00
      0.7130         1.00
      0.7140         1.00
      0.7150         1.00
      0.7160         1.00
      0.7170         1.00
      0.7180         1.00
      0.7190         1.00
      0.7200         1.00
      0.7210         1.00
      0.7220         1.00
      0.7230         1.00
      0.7240         1.00
      0.7250         1.00
      0.7260         1.00
      0.7270         1.00
      0.7280         1.00
      0.7290         1.00
      0.7300         1.00
      0.7310         1.00
      0.7320         1.00
      0.7330         1.00
      0.7340         1.00
      0.7350         1.00
      0.7360         1.00
      0.7370         1.00
      0.7380         1.00
      0.7390         1.00
      0.7400         1.00
      0.7410         1.00
      0.7420         1.00
      0.7430         1.00
      0.7440         1.00
      0.7450         1.00
      0.7460         1.00
      0.7470         1.00
      0.7480         1.00
      0.7490         1.00
      0.7500         1.00
      0.7510         1.00
      0.7520         1.00
      0.7530         1.00
      0.7540         1.00
      0.7550         1.00
      0.7560         1.00
      0.7570         1.00
      0.7580         1.00
      0.7590         1.00
      0.7600         1.00
      0.7610         1.00
      0.7620         1.00
      0.7630         1.00
      0.7640         1.00
      0.7650         1.00
      0.7660         1.00
      0.7670         1.00
      0.7680         1.00
      0.7690         1.00
      0.7700         1.00
      0.7710         1.00
      0.7720         1.00
      0.7730         1.00
      0.7740         1.00
      0.7750         1.00
      0.7760         1.00
      0.7770         1.00
      0.7780         1.00
      0.7790         1.00
      0.7800         1.00
      0.7810         1.00
      0.7820         1.00
      0.7830         1.00
      0.7840         1.00
      0.7850         1.00
      0.7860         1.00
      0.7870         1.00
      0.7880         1.00
      0.7890         1.00
      0.7900         1.00
      0.7910         1.00
      0.7920         1.00
      0.7930         1.00
      0.7940         1.00
      0.7950         1.00
      0.7960         1.00
      0.7970         1.00
      0.7980         1.00
      0.7990         1.00
      0.8000         1.00
      0.8010         1.00
      0.8020         1.00
      0.8030         1.00
      0.8040         1.00
      0.8050         1.00
      0.8060         1.00
      0.8070         1.00
      0.8080         1.00
      0.8090         1.00
      0.8100         1.00
      0.8110         1.00
      0.8120         1.00
      0.8130         1.00
      0.8140         1.00
      0.8150         1.00
      0.8160         1.00
      0.8170         1.00
      0.8180         1.00
      0.8190         1.00
      0.8200         1.00
      0.8210         1.00
      0.8220         1.00
      0.8230         1.00
      0.8240         1.00
      0.8250         1.00
      0.8260         1.00
      0.8270         1.00
      0.8280         1.00
      0.8290         1.00
      0.8300         1.00
      0.8310         1.00
      0.8320         1.00
      0.8330         1.00
      0.8340         1.00
      0.8350         1.00
      0.8360         1.00
      0.8370         1.00
      0.8380         1.00
      0.8390         1.00
      0.8400         1.00
      0.8410         1.00
      0.8420         1.00
      0.8430         1.00
      0.8440         1.00
      0.8450         1.00
      0.8460         1.00
      0.8470         1.00
      0.8480         1.00
      0.8490         1.00
      0.8500         1.00
      0.8510         1.00
      0.8520         1.00
      0.8530         1.00
      0.8540         1.00
      0.8550         1.00
      0.8560         1.00
      0.8570         1.00
      0.8580         1.00
      0.8590         1.00
      0.8600         1.00
      0.8610         1.00
      0.8620         1.00
      0.8630         1.00
      0.8640         1.00
      0.8650         1.00
      0.8660         1.00
      0.8670         1.00
      0.8680         1.00
      0.8690         1.00
      0.8700         1.00
      0.8710         1.00
      0.8720         1.00
      0.8730         1.00
      0.8740         1.00
      0.8750         1.00
      0.8760         1.00
      0.8770         1.00
      0.8780         1.08
      0.8790         1.14
      0.8800         1.19
      0.8810         1.12
      0.8820         1.00
      0.8830         1.00
      0.8840         1.00
      0.8850         1.00
      0.8860         1.00
      0.8870         1.00
      0.8880         1.00
      0.8890         1.00
      0.8900         1.00
      0.8910         1.00
      0.8920         1.00
      0.8930         1.00
      0.8940         1.00
      0.8950         1.00
      0.8960         1.26
      0.8970         1.30
      0.8980         1.25
      0.8990         1.20
      0.9000         1.22
      0.9010         1.20
      0.9020         1.24
      0.9030         1.18
      0.9040         1.00
      0.9050         1.00
      0.9060         1.00
      0.9070         1.65
      0.9080         1.14
      0.9090         1.61
      0.9100         1.64
      0.9110         1.65
      0.9120         1.60
      0.9130         1.08
      0.9140         1.16
      0.9150         1.12
      0.9160         1.15
      0.9170         1.00
      0.9180         1.00
      0.9190         1.00
      0.9200         1.00
      0.9210         1.00
      0.9220         1.00
      0.9230         1.00
      0.9240         1.00
      0.9250         1.00
      0.9260         1.00
      0.9270         1.11
      0.9280         1.16
      0.9290         1.11
      0.9300         1.12
      0.9310         1.15
      0.9320         1.16
      0.9330         1.20
      0.9340         1.18
      0.9350         1.19
      0.9360         1.12
      0.9370         1.20
      0.9380         1.22
      0.9390         1.23
      0.9400         1.30
      0.9410         1.32
      0.9420         1.36
      0.9430         1.38
      0.9440         1.45
      0.9450         1.45
      0.9460         1.47
      0.9470         1.45
      0.9480         1.39
      0.9490         1.46
      0.9500         1.52
      0.9510         1.52
      0.9520         1.60
      0.9530         1.61
      0.9540         1.68
      0.9550         1.66
      0.9560         1.60
      0.9570         1.57
      0.9580         1.58
      0.9590         1.58
      0.9600         1.54
      0.9610         1.50
      0.9620         1.43
      0.9630         1.41
      0.9640         1.37
      0.9650         1.34
      0.9660         1.34
      0.9670         1.38
      0.9680         1.92
      0.9690         1.99
      0.9700         1.98
      0.9710         1.88
      0.9720         1.85
      0.9730         1.91
      0.9740         1.77
      0.9750         1.31
      0.9760         1.42
      0.9770         1.42
      0.9780         1.00
      0.9790         1.00
      0.9800         1.00
      0.9810         1.04
      0.9820         1.02
      0.9830         1.61
      0.9840         1.61
      0.9850         1.65
      0.9860         1.67
      0.9870         1.76
      0.9880         1.75
      0.9890         1.72
      0.9900         1.71
      0.9910         1.75
      0.9920         2.29
      0.9930         2.27
      0.9940         2.32
      0.9950         2.28
      0.9960         2.83
      0.9970         2.91
      0.9980         2.41
      0.9990         2.92
      1.0000         2.42
      1.0010         2.35
      1.0020         2.38
      1.0030         2.36
      1.0040         1.94
      1.0050         1.94
      1.0060         1.92
      1.0070         1.83
      1.0080         1.88
      1.0090         1.91
      1.0100         1.94
      1.0110         1.94
      1.0120         1.98
      1.0130         2.03
      1.0140         2.03
      1.0150         2.04
      1.0160         2.04
      1.0170         2.04
      1.0180         2.04
      1.0190         2.07
      1.0200         2.10
      1.0210         2.08
      1.0220         2.11
      1.0230         2.06
      1.0240         2.61
      1.0250         2.58
      1.0260         2.61
      1.0270         2.65
      1.0280         3.12
      1.0290         3.14
      1.0300         2.54
      1.0310         2.61
      1.0320         2.62
      1.0330         2.57
      1.0340         2.60
      1.0350         2.60
      1.0360         2.03
      1.0370         2.07
      1.0380         2.14
      1.0390         2.11
      1.0400         2.10
      1.0410         2.21
      1.0420         2.12
      1.0430         2.19
      1.0440         2.18
      1.0450         2.26
      1.0460         2.33
      1.0470         2.29
      1.0480         2.34
      1.0490         2.31
      1.0500         2.43
      1.0510         2.49
      1.0520         2.46
      1.0530         2.45
      1.0540         2.96
      1.0550         2.98
      1.0560         2.43
      1.0570         3.49
      1.0580         3.53
      1.0590         3.57
      1.0600         3.66
      1.0610         3.62
      1.0620         3.68
      1.0630         3.12
      1.0640         3.04
      1.0650         3.09
      1.0660         3.11
      1.0670         3.24
      1.0680         3.27
      1.0690         3.28
      1.0700         3.32
      1.0710         3.23
      1.0720         3.28
      1.0730         3.34
      1.0740         3.42
      1.0750         3.47
      1.0760         3.46
      1.0770         3.43
      1.0780         3.50
      1.0790         3.50
      1.0800         4.00
      1.0810         4.10
      1.0820         4.22
      1.0830         4.32
      1.0840         4.30
      1.0850         4.31
      1.0860         4.39
      1.0870         4.39
      1.0880         4.39
      1.0890         4.44
      1.0900         4.43
      1.0910         4.38
      1.0920         4.37
      1.0930         4.41
      1.0940         4.42
      1.0950         4.52
      1.0960         4.49
      1.0970         4.05
      1.0980         4.41
      1.0990         4.43
      1.1000         4.56
      1.1010         4.03
      1.1020         3.97
      1.1030         4.49
      1.1040         4.57
      1.1050         4.63
      1.1060         4.57
      1.1070         4.58
      1.1080         4.62
      1.1090         4.65
      1.1100         4.56
      1.1110         4.62
      1.1120         4.56
      1.1130         4.50
      1.1140         4.52
      1.1150         4.47
      1.1160         4.57
      1.1170         4.59
      1.1180         4.69
      1.1190         4.78
      1.1200         4.78
      1.1210         4.80
      1.1220         4.35
      1.1230         4.36
      1.1240         4.42
      1.1250         4.38
      1.1260         4.47
      1.1270         4.50
      1.1280         4.54
      1.1290         4.57
      1.1300         4.61
      1.1310         4.69
      1.1320         4.69
      1.1330         5.15
      1.1340         5.11
      1.1350         5.12
      1.1360         5.20
      1.1370         5.21
      1.1380         5.24
      1.1390         5.16
      1.1400         5.17
      1.1410         5.20
      1.1420         5.22
      1.1430         5.32
      1.1440         5.40
      1.1450         5.44
      1.1460         5.46
      1.1470         5.65
      1.1480         5.73
      1.1490         5.80
      1.1500         5.75
      1.1510         5.71
      1.1520         5.72
      1.1530         5.83
      1.1540         5.90
      1.1550         5.93
      1.1560         5.87
      1.1570         5.94
      1.1580         5.91
      1.1590         5.90
      1.1600         5.87
      1.1610         5.97
      1.1620         6.05
      1.1630         6.09
      1.1640         6.04
      1.1650         6.12
      1.1660         6.18
      1.1670         6.24
      1.1680         6.16
      1.1690         6.20
      1.1700         6.31
      1.1710         6.38
      1.1720         6.54
      1.1730         6.59
      1.1740         6.63
      1.1750         6.67
      1.1760         6.67
      1.1770         6.65
      1.1780         6.65
      1.1790         6.76
      1.1800         6.79
      1.1810         6.80
      1.1820         6.77
      1.1830         6.72
      1.1840         6.87
      1.1850         6.88
      1.1860         6.89
      1.1870         6.80
      1.1880         6.86
      1.1890         6.92
      1.1900         6.95
      1.1910         6.95
      1.1920         6.88
      1.1930         6.92
      1.1940         7.00
      1.1950         7.08
      1.1960         7.23
      1.1970         7.23
      1.1980         7.44
      1.1990         7.42
      1.2000         7.52
      1.2010         7.59
      1.2020         7.71
      1.2030         7.78
      1.2040         7.67
      1.2050         7.70
      1.2060         7.73
      1.2070         7.74
      1.2080         7.77
      1.2090         7.79
      1.2100         7.83
      1.2110         7.79
      1.2120         7.85
      1.2130         7.81
      1.2140         7.78
      1.2150         7.84
      1.2160         7.78
      1.2170         7.89
      1.2180         7.84
      1.2190         7.88
      1.2200         7.82
      1.2210         7.71
      1.2220         7.65
      1.2230         7.62
      1.2240         7.77
      1.2250         7.70
      1.2260         7.82
      1.2270         7.91
      1.2280         7.93
      1.2290         7.93
      1.2300         7.89
      1.2310         7.97
      1.2320         7.87
      1.2330         7.98
      1.2340         8.05
      1.2350         7.93
      1.2360         7.97
      1.2370         7.93
      1.2380         7.86
      1.2390         7.82
      1.2400         7.81
      1.2410         7.85
      1.2420         7.81
      1.2430         7.93
      1.2440         7.85
      1.2450         7.91
      1.2460         7.81
      1.2470         7.79
      1.2480         7.89
      1.2490         7.96
      1.2500         8.02
      1.2510         8.19
      1.2520         8.28
      1.2530         8.28
      1.2540         8.20
      1.2550         8.32
      1.2560         8.39
      1.2570         8.37
      1.2580         8.52
      1.2590         8.69
      1.2600         8.75
      1.2610         8.83
      1.2620         8.93
      1.2630         8.91
      1.2640         8.96
      1.2650         8.99
      1.2660         8.95
      1.2670         8.91
      1.2680         8.92
      1.2690         8.88
      1.2700         8.92
      1.2710         8.87
      1.2720         8.91
      1.2730         8.94
      1.2740         8.97
      1.2750         8.95
      1.2760         8.91
      1.2770         9.03
      1.2780         8.99
      1.2790         8.95
      1.2800         9.05
      1.2810         9.12
      1.2820         9.02
      1.2830         9.10
      1.2840         9.17
      1.2850         9.29
      1.2860         9.34
      1.2870         9.31
      1.2880         9.38
      1.2890         9.45
      1.2900         9.50
      1.2910         9.53
      1.2920         9.51
      1.2930         9.51
      1.2940         9.61
      1.2950         9.61
      1.2960         9.74
      1.2970         9.70
      1.2980         9.73
      1.2990         9.65
      1.3000         9.59
      1.3010         9.57
      1.3020         9.63
      1.3030         9.59
      1.3040         9.60
      1.3050         9.57
      1.3060         9.68
      1.3070         9.83
      1.3080         9.82
      1.3090         9.75
      1.3100         9.63
      1.3110         9.64
      1.3120         9.57
      1.3130         9.57
      1.3140         9.60
      1.3150         9.64
      1.3160         9.66
      1.3170         9.70
      1.3180         9.78
      1.3190         9.97
      1.3200        10.01
      1.3210        10.05
      1.3220        10.08
      1.3230        10.03
      1.3240        10.07
      1.3250        10.03
      1.3260        10.04
      1.3270        10.04
      1.3280        10.04
      1.3290        10.08
      1.3300        10.15
      1.3310        10.09
      1.3320        10.26
      1.3330        10.30
      1.3340        10.35
      1.3350        10.39
      1.3360        10.34
      1.3370        10.31
      1.3380        10.33
      1.3390        10.31
      1.3400        10.34
      1.3410        10.38
      1.3420        10.49
      1.3430        10.54
      1.3440        10.53
      1.3450        10.61
      1.3460        10.62
      1.3470        10.66
      1.3480        10.65
      1.3490        10.73
      1.3500        10.86
      1.3510        10.86
      1.3520        10.82
      1.3530        10.81
      1.3540        10.84
      1.3550        10.96
      1.3560        10.95
      1.3570        11.00
      1.3580        10.96
      1.3590        10.94
      1.3600        10.95
      1.3610        10.98
      1.3620        10.92
      1.3630        10.95
      1.3640        10.93
      1.3650        10.97
      1.3660        10.97
      1.3670        10.95
      1.3680        11.07
      1.3690        11.04
      1.3700        11.08
      1.3710        11.12
      1.3720        11.13
      1.3730        11.18
      1.3740        11.14
      1.3750        11.05
      1.3760        11.10
      1.3770        11.01
      1.3780        10.98
      1.3790        10.91
      1.3800        10.93
      1.3810        10.94
      1.3820        10.97
      1.3830        10.95
      1.3840        10.95
      1.3850        10.97
      1.3860        10.90
      1.3870        11.00
      1.3880        10.89
      1.3890        10.85
      1.3900        10.83
      1.3910        10.81
      1.3920        10.85
      1.3930        10.93
      1.3940        10.94
      1.3950        10.97
      1.3960        11.00
      1.3970        11.27
      1.3980        11.37
      1.3990        11.45
      1.4000        11.49
      1.4010        11.51
      1.4020        11.63
      1.4030        11.69
      1.4040        11.80
      1.4050        11.83
      1.4060        11.99
      1.4070        12.03
      1.4080        12.16
      1.4090        12.24
      1.4100        12.24
      1.4110        12.36
      1.4120        12.32
      1.4130        12.24
      1.4140        12.28
      1.4150        12.34
      1.4160        12.31
      1.4170        12.16
      1.4180        12.20
      1.4190        12.28
      1.4200        12.30
      1.4210        12.29
      1.4220        12.22
      1.4230        12.30
      1.4240        12.33
      1.4250        12.33
      1.4260        12.26
      1.4270        12.22
      1.4280        12.11
      1.4290        12.18
      1.4300        12.18
      1.4310        12.17
      1.4320        12.22
      1.4330        12.34
      1.4340        12.43
      1.4350        12.52
      1.4360        12.50
      1.4370        12.56
      1.4380        12.57
      1.4390        12.49
      1.4400        12.50
      1.4410        12.50
      1.4420        12.52
      1.4430        12.45
      1.4440        12.48
      1.4450        12.52
      1.4460        12.52
      1.4470        12.53
      1.4480        12.67
      1.4490        12.71
      1.4500        12.71
      1.4510        12.73
      1.4520        12.83
      1.4530        12.79
      1.4540        12.84
      1.4550        12.73
      1.4560        12.84
      1.4570        12.94
      1.4580        12.94
      1.4590        13.06
      1.4600        13.11
      1.4610        13.12
      1.4620        13.20
      1.4630        13.29
      1.4640        13.28
      1.4650        13.20
      1.4660        13.25
      1.4670        13.34
      1.4680        13.26
      1.4690        13.32
      1.4700        13.40
      1.4710        13.40
      1.4720        13.46
      1.4730        13.48
      1.4740        13.41
      1.4750        13.39
      1.4760        13.41
      1.4770        13.37
      1.4780        13.42
      1.4790        13.37
      1.4800        13.40
      1.4810        13.42
      1.4820        13.42
      1.4830        13.44
      1.4840        13.48
      1.4850        13.58
      1.4860        13.61
      1.4870        13.57
      1.4880        13.60
      1.4890        13.57
      1.4900        13.60
      1.4910        13.58
      1.4920        13.61
      1.4930        13.72
      1.4940        13.74
      1.4950        13.81
      1.4960        13.73
      1.4970        13.73
      1.4980        13.65
      1.4990        13.65
      1.5000        13.69
      1.5010        13.68
      1.5020        13.62
      1.5030        13.56
      1.5040        13.56
      1.5050        13.60
      1.5060        13.70
      1.5070        13.81
      1.5080        13.90
      1.5090        13.89
      1.5100        13.76
      1.5110        13.86
      1.5120        13.80
      1.5130        13.73
      1.5140        13.77
      1.5150        13.82
      1.5160        13.92
      1.5170        13.90
      1.5180        14.06
      1.5190        14.10
      1.5200        14.10
      1.5210        14.14
      1.5220        14.24
      1.5230        14.44
      1.5240        14.45
      1.5250        14.45
      1.5260        14.44
      1.5270        14.39
      1.5280        14.43
      1.5290        14.40
      1.5300        14.53
      1.5310        14.48
      1.5320        14.52
      1.5330        14.47
      1.5340        14.49
      1.5350        14.55
      1.5360        14.60
      1.5370        14.75
      1.5380        14.64
      1.5390        14.70
      1.5400        14.84
      1.5410        14.92
      1.5420        14.92
      1.5430        14.83
      1.5440        14.94
      1.5450        14.94
      1.5460        14.89
      1.5470        14.85
      1.5480        14.84
      1.5490        14.94
      1.5500        14.93
      1.5510        15.04
      1.5520        15.10
      1.5530        15.18
      1.5540        15.10
      1.5550        15.04
      1.5560        14.97
      1.5570        14.84
      1.5580        14.91
      1.5590        14.92
      1.5600        14.79
      1.5610        14.80
      1.5620        14.84
      1.5630        14.79
      1.5640        14.69
      1.5650        14.67
      1.5660        14.69
      1.5670        14.79
      1.5680        14.85
      1.5690        14.81
      1.5700        14.78
      1.5710        14.78
      1.5720        14.80
      1.5730        14.87
      1.5740        14.90
      1.5750        14.95
      1.5760        14.98
      1.5770        15.03
      1.5780        15.07
      1.5790        15.18
      1.5800        15.22
      1.5810        15.28
      1.5820        15.23
      1.5830        15.31
      1.5840        15.27
      1.5850        15.32
      1.5860        15.46
      1.5870        15.36
      1.5880        15.28
      1.5890        15.27
      1.5900        15.25
      1.5910        15.16
      1.5920        15.13
      1.5930        14.95
      1.5940        15.00
      1.5950        14.98
      1.5960        15.04
      1.5970        15.06
      1.5980        14.99
      1.5990        14.88
      1.6000        14.90
      1.6010        14.80
      1.6020        14.84
      1.6030        14.85
      1.6040        15.01
      1.6050        14.95
      1.6060        14.83
      1.6070        14.92
      1.6080        14.93
      1.6090        14.97
      1.6100        15.07
      1.6110        15.20
      1.6120        15.19
      1.6130        15.34
      1.6140        15.38
      1.6150        15.35
      1.6160        15.27
      1.6170        15.22
      1.6180        15.33
      1.6190        15.38
      1.6200        15.37
      1.6210        15.37
      1.6220        15.41
      1.6230        15.45
      1.6240        15.44
      1.6250        15.49
      1.6260        15.52
      1.6270        15.41
      1.6280        15.45
      1.6290        15.50
      1.6300        15.49
      1.6310        15.52
      1.6320        15.52
      1.6330        15.60
      1.6340        15.63
      1.6350        15.75
      1.6360        15.93
      1.6370        16.09
      1.6380        16.02
      1.6390        15.99
      1.6400        15.95
      1.6410        15.93
      1.6420        15.90
      1.6430        15.80
      1.6440        15.79
      1.6450        15.83
      1.6460        15.75
      1.6470        15.91
      1.6480        15.94
      1.6490        15.87
      1.6500        15.96
      1.6510        15.85
      1.6520        15.93
      1.6530        15.92
      1.6540        15.94
      1.6550        15.92
      1.6560        15.81
      1.6570        15.69
      1.6580        15.79
      1.6590        15.81
      1.6600        15.88
      1.6610        16.01
      1.6620        15.97
      1.6630        16.01
      1.6640        16.05
      1.6650        16.12
      1.6660        16.15
      1.6670        16.16
      1.6680        16.15
      1.6690        16.25
      1.6700        16.09
      1.6710        16.13
      1.6720        16.07
      1.6730        16.05
      1.6740        16.00
      1.6750        15.99
      1.6760        16.01
      1.6770        16.03
      1.6780        15.91
      1.6790        16.04
      1.6800        16.05
      1.6810        16.08
      1.6820        16.09
      1.6830        16.20
      1.6840        16.12
      1.6850        16.08
      1.6860        16.13
      1.6870        16.08
      1.6880        16.22
      1.6890        16.25
      1.6900        16.33
      1.6910        16.36
      1.6920        16.40
      1.6930        16.40
      1.6940        16.42
      1.6950        16.45
      1.6960        16.52
      1.6970        16.61
      1.6980        16.72
      1.6990        16.66
      1.7000        16.72
      1.7010        16.64
      1.7020        16.73
      1.7030        16.69
      1.7040        16.79
      1.7050        16.79
      1.7060        16.86
      1.7070        16.89
      1.7080        16.74
      1.7090        16.78
      1.7100        16.81
      1.7110        16.83
      1.7120        16.92
      1.7130        16.96
      1.7140        17.00
      1.7150        17.12
      1.7160        17.21
      1.7170        17.30
      1.7180        17.38
      1.7190        17.50
      1.7200        17.52
      1.7210        17.56
      1.7220        17.64
      1.7230        17.70
      1.7240        17.84
      1.7250        17.92
      1.7260        18.06
      1.7270        18.22
      1.7280        18.37
      1.7290        18.41
      1.7300        18.45
      1.7310        18.53
      1.7320        18.54
      1.7330        18.57
      1.7340        18.59
      1.7350        18.61
      1.7360        18.60
      1.7370        18.55
      1.7380        18.51
      1.7390        18.33
      1.7400        18.35
      1.7410        18.43
      1.7420        18.52
      1.7430        18.48
      1.7440        18.44
      1.7450        18.48
      1.7460        18.38
      1.7470        18.34
      1.7480        18.27
      1.7490        18.24
      1.7500        18.25
      1.7510        18.36
      1.7520        18.32
      1.7530        18.40
      1.7540        18.43
      1.7550        18.33
      1.7560        18.21
      1.7570        18.28
      1.7580        18.37
      1.7590        18.55
      1.7600        18.62
      1.7610        18.64
      1.7620        18.54
      1.7630        18.58
      1.7640        18.55
      1.7650        18.52
      1.7660        18.57
      1.7670        18.57
      1.7680        18.59
      1.7690        18.58
      1.7700        18.62
      1.7710        18.45
      1.7720        18.45
      1.7730        18.46
      1.7740        18.53
      1.7750        18.58
      1.7760        18.64
      1.7770        18.70
      1.7780        18.76
      1.7790        18.68
      1.7800        18.66
      1.7810        18.63
      1.7820        18.71
      1.7830        18.85
      1.7840        18.85
      1.7850        18.91
      1.7860        18.94
      1.7870        19.02
      1.7880        19.02
      1.7890        19.05
      1.7900        19.11
      1.7910        19.26
      1.7920        19.35
      1.7930        19.29
      1.7940        19.30
      1.7950        19.34
      1.7960        19.41
      1.7970        19.32
      1.7980        19.20
      1.7990        19.13
      1.8000        19.24
      1.8010        19.36
      1.8020        19.39
      1.8030        19.35
      1.8040        19.39
      1.8050        19.39
      1.8060        19.41
      1.8070        19.30
      1.8080        19.33
      1.8090        19.26
      1.8100        19.32
      1.8110        19.26
      1.8120        19.31
      1.8130        19.45
      1.8140        19.41
      1.8150        19.45
      1.8160        19.43
      1.8170        19.43
      1.8180        19.38
      1.8190        19.55
      1.8200        19.47
      1.8210        19.49
      1.8220        19.42
      1.8230        19.35
      1.8240        19.33
      1.8250        19.27
      1.8260        19.26
      1.8270        19.35
      1.8280        19.37
      1.8290        19.49
      1.8300        19.46
      1.8310        19.42
      1.8320        19.44
      1.8330        19.44
      1.8340        19.47
      1.8350        19.47
      1.8360        19.52
      1.8370        19.61
      1.8380        19.85
      1.8390        19.99
      1.8400        20.08
      1.8410        20.12
      1.8420        20.27
      1.8430        20.37
      1.8440        20.55
      1.8450        20.71
      1.8460        20.72
      1.8470        20.70
      1.8480        20.66
      1.8490        20.70
      1.8500        20.74
      1.8510        20.83
      1.8520        20.77
      1.8530        20.67
      1.8540        20.71
      1.8550        20.67
      1.8560        20.74
      1.8570        20.73
      1.8580        20.68
      1.8590        20.54
      1.8600        20.56
      1.8610        20.54
      1.8620        20.51
      1.8630        20.51
      1.8640        20.48
      1.8650        20.48
      1.8660        20.46
      1.8670        20.54
      1.8680        20.72
      1.8690        20.73
      1.8700        20.79
      1.8710        20.85
      1.8720        20.91
      1.8730        21.07
      1.8740        21.09
      1.8750        21.20
      1.8760        21.18
      1.8770        21.14
      1.8780        21.25
      1.8790        21.21
      1.8800        21.25
      1.8810        21.17
      1.8820        21.12
      1.8830        21.05
      1.8840        20.95
      1.8850        20.95
      1.8860        20.95
      1.8870        20.92
      1.8880        20.98
      1.8890        20.96
      1.8900        21.00
      1.8910        21.03
      1.8920        21.14
      1.8930        21.14
      1.8940        21.17
      1.8950        21.21
      1.8960        21.29
      1.8970        21.39
      1.8980        21.35
      1.8990        21.44
      1.9000        21.43
      1.9010        21.49
      1.9020        21.55
      1.9030        21.63
      1.9040        21.72
      1.9050        21.74
      1.9060        21.90
      1.9070        21.94
      1.9080        21.84
      1.9090        21.88
      1.9100        21.89
      1.9110        21.89
      1.9120        21.76
      1.9130        21.67
      1.9140        21.69
      1.9150        21.68
      1.9160        21.61
      1.9170        21.66
      1.9180        21.62
      1.9190        21.64
      1.9200        21.68
      1.9210        21.72
      1.9220        21.81
      1.9230        21.86
      1.9240        21.94
      1.9250        21.98
      1.9260        21.90
      1.9270        21.95
      1.9280        22.01
      1.9290        22.11
      1.9300        22.03
      1.9310        22.19
      1.9320        22.33
      1.9330        22.37
      1.9340        22.40
      1.9350        22.45
      1.9360        22.57
      1.9370        22.54
      1.9380        22.59
      1.9390        22.61
      1.9400        22.59
      1.9410        22.57
      1.9420        22.59
      1.9430        22.59
      1.9440        22.48
      1.9450        22.50
      1.9460        22.54
      1.9470        22.54
      1.9480        22.54
      1.9490        22.52
      1.9500        22.63
      1.9510        22.64
      1.9520        22.64
      1.9530        22.79
      1.9540        22.86
      1.9550        22.87
      1.9560        22.85
      1.9570        22.93
      1.9580        23.04
      1.9590        23.03
      1.9600        23.23
      1.9610        23.32
      1.9620        23.27
      1.9630        23.25
      1.9640        23.40
      1.9650        23.48
      1.9660        23.48
      1.9670        23.40
      1.9680        23.48
      1.9690        23.44
      1.9700        23.43
      1.9710        23.36
      1.9720        23.32
      1.9730        23.23
      1.9740        23.24
      1.9750        23.18
      1.9760        23.18
      1.9770        23.11
      1.9780        23.04
      1.9790        23.14
      1.9800        22.96
      1.9810        22.95
      1.9820        23.00
      1.9830        23.08
      1.9840        23.01
      1.9850        22.98
      1.9860        23.10
      1.9870        23.16
      1.9880        23.14
      1.9890        23.24
      1.9900        23.25
      1.9910        23.32
      1.9920        23.41
      1.9930        23.42
      1.9940        23.45
      1.9950        23.51
      1.9960        23.52
      1.9970        23.57
      1.9980        23.69
      1.9990        23.75
      2.0000        23.84
      2.0010        23.84
      2.0020        23.91
      2.0030        23.99
      2.0040        24.12
      2.0050        24.16
      2.0060        24.17
      2.0070        24.26
      2.0080        24.37
      2.0090        24.37
      2.0100        24.40
      2.0110        24.34
      2.0120        24.29
      2.0130        24.44
      2.0140        24.45
      2.0150        24.48
      2.0160        24.50
      2.0170        24.60
      2.0180        24.50
      2.0190        24.42
      2.0200        24.40
      2.0210        24.38
      2.0220        24.34
      2.0230        24.37
      2.0240        24.34
      2.0250        24.32
      2.0260        24.34
      2.0270        24.36
      2.0280        24.33
      2.0290        24.28
      2.0300        24.31
      2.0310        24.40
      2.0320        24.46
      2.0330        24.34
      2.0340        24.31
      2.0350        24.36
      2.0360        24.32
      2.0370        24.34
      2.0380        24.40
      2.0390        24.47
      2.0400        24.56
      2.0410        24.64
      2.0420        24.73
      2.0430        24.72
      2.0440        24.72
      2.0450        24.76
      2.0460        24.77
      2.0470        24.83
      2.0480        24.79
      2.0490        24.87
      2.0500        24.93
      2.0510        24.95
      2.0520        25.00
      2.0530        25.11
      2.0540        25.19
      2.0550        25.20
      2.0560        25.36
      2.0570        25.26
      2.0580        25.22
      2.0590        25.27
      2.0600        25.23
      2.0610        25.30
      2.0620        25.28
      2.0630        25.25
      2.0640        25.33
      2.0650        25.26
      2.0660        25.24
      2.0670        25.34
      2.0680        25.47
      2.0690        25.52
      2.0700        25.55
      2.0710        25.57
      2.0720        25.64
      2.0730        25.66
      2.0740        25.66
      2.0750        25.68
      2.0760        25.66
      2.0770        25.81
      2.0780        25.90
      2.0790        25.93
      2.0800        26.00
      2.0810        26.02
      2.0820        26.10
      2.0830        26.13
      2.0840        26.10
      2.0850        26.22
      2.0860        26.16
      2.0870        25.97
      2.0880        25.94
      2.0890        25.98
      2.0900        26.00
      2.0910        26.03
      2.0920        25.92
      2.0930        25.96
      2.0940        25.99
      2.0950        26.07
      2.0960        26.12
      2.0970        26.19
      2.0980        26.13
      2.0990        26.20
      2.1000        26.24
      2.1010        26.27
      2.1020        26.21
      2.1030        26.25
      2.1040        26.27
      2.1050        26.32
      2.1060        26.44
      2.1070        26.60
      2.1080        26.75
      2.1090        26.69
      2.1100        26.79
      2.1110        26.83
      2.1120        26.89
      2.1130        26.92
      2.1140        26.91
      2.1150        26.84
      2.1160        26.75
      2.1170        26.70
      2.1180        26.80
      2.1190        26.75
      2.1200        26.79
      2.1210        26.72
      2.1220        26.79
      2.1230        26.79
      2.1240        26.84
      2.1250        26.94
      2.1260        26.98
      2.1270        26.94
      2.1280        26.87
      2.1290        26.91
      2.1300        27.06
      2.1310        27.01
      2.1320        27.04
      2.1330        27.00
      2.1340        27.07
      2.1350        27.22
      2.1360        27.26
      2.1370        27.26
      2.1380        27.28
      2.1390        27.30
      2.1400        27.18
      2.1410        27.26
      2.1420        27.18
      2.1430        27.17
      2.1440        27.19
      2.1450        27.10
      2.1460        27.10
      2.1470        27.15
      2.1480        27.14
      2.1490        27.18
      2.1500        26.95
      2.1510        26.99
      2.1520        27.03
      2.1530        27.05
      2.1540        27.02
      2.1550        26.94
      2.1560        27.01
      2.1570        27.09
      2.1580        27.01
      2.1590        27.03
      2.1600        27.15
      2.1610        27.12
      2.1620        27.23
      2.1630        27.32
      2.1640        27.26
      2.1650        27.27
      2.1660        27.37
      2.1670        27.30
      2.1680        27.26
      2.1690        27.26
      2.1700        27.31
      2.1710        27.29
      2.1720        27.22
      2.1730        27.21
      2.1740        27.21
      2.1750        27.18
      2.1760        27.07
      2.1770        26.98
      2.1780        26.97
      2.1790        26.82
      2.1800        26.71
      2.1810        26.66
      2.1820        26.63
      2.1830        26.66
      2.1840        26.63
      2.1850        26.62
      2.1860        26.51
      2.1870        26.60
      2.1880        26.59
      2.1890        26.55
      2.1900        26.52
      2.1910        26.52
      2.1920        26.63
      2.1930        26.71
      2.1940        26.66
      2.1950        26.67
      2.1960        26.76
      2.1970        26.76
      2.1980        26.89
      2.1990        26.98
      2.2000        26.99
      2.2010        26.96
      2.2020        27.05
      2.2030        27.03
      2.2040        27.14
      2.2050        27.10
      2.2060        27.19
      2.2070        27.15
      2.2080        27.23
      2.2090        27.27
      2.2100        27.30
      2.2110        27.29
      2.2120        27.22
      2.2130        27.19
      2.2140        27.18
      2.2150        27.21
      2.2160        27.22
      2.2170        27.23
      2.2180        27.19
      2.2190        27.16
      2.2200        27.10
      2.2210        27.24
      2.2220        27.10
      2.2230        27.07
      2.2240        27.03
      2.2250        26.99
      2.2260        26.91
      2.2270        26.92
      2.2280        26.92
      2.2290        26.89
      2.2300        26.84
      2.2310        26.75
      2.2320        26.69
      2.2330        26.72
      2.2340        26.74
      2.2350        26.75
      2.2360        26.76
      2.2370        26.74
      2.2380        26.63
      2.2390        26.65
      2.2400        26.70
      2.2410        26.63
      2.2420        26.70
      2.2430        26.65
      2.2440        26.73
      2.2450        26.86
      2.2460        26.78
      2.2470        26.79
      2.2480        26.78
      2.2490        26.78
      2.2500        26.75
      2.2510        26.87
      2.2520        26.87
      2.2530        26.76
      2.2540        26.83
      2.2550        26.84
      2.2560        26.88
      2.2570        26.98
      2.2580        27.08
      2.2590        27.18
      2.2600        27.18
      2.2610        27.23
      2.2620        27.25
      2.2630        27.21
      2.2640        27.09
      2.2650        27.01
      2.2660        27.03
      2.2670        26.95
      2.2680        26.89
      2.2690        26.85
      2.2700        26.90
      2.2710        26.97
      2.2720        27.01
      2.2730        27.11
      2.2740        27.18
      2.2750        27.22
      2.2760        27.14
      2.2770        27.17
      2.2780        27.13
      2.2790        27.11
      2.2800        27.23
      2.2810        27.17
      2.2820        27.18
      2.2830        27.29
      2.2840        27.44
      2.2850        27.41
      2.2860        27.36
      2.2870        27.38
      2.2880        27.47
      2.2890        27.52
      2.2900        27.48
      2.2910        27.35
      2.2920        27.34
      2.2930        27.30
      2.2940        27.20
      2.2950        27.18
      2.2960        27.21
      2.2970        27.12
      2.2980        27.18
      2.2990        27.11
      2.3000        27.04
      2.3010        26.97
      2.3020        26.92
      2.3030        26.92
      2.3040        26.93
      2.3050        27.02
      2.3060        27.18
      2.3070        27.18
      2.3080        27.19
      2.3090        27.18
      2.3100        27.14
      2.3110        27.17
      2.3120        27.22
      2.3130        27.26
      2.3140        27.34
      2.3150        27.35
      2.3160        27.37
      2.3170        27.31
      2.3180        27.23
      2.3190        27.33
      2.3200        27.26
      2.3210        27.37
      2.3220        27.42
      2.3230        27.48
      2.3240        27.28
      2.3250        27.21
      2.3260        27.15
      2.3270        27.17
      2.3280        27.23
      2.3290        27.31
      2.3300        27.32
      2.3310        27.43
      2.3320        27.43
      2.3330        27.48
      2.3340        27.40
      2.3350        27.37
      2.3360        27.44
      2.3370        27.53
      2.3380        27.60
      2.3390        27.57
      2.3400        27.60
      2.3410        27.70
      2.3420        27.81
      2.3430        27.73
      2.3440        27.81
      2.3450        27.78
      2.3460        27.89
      2.3470        27.94
      2.3480        27.85
      2.3490        27.74
      2.3500        27.74
      2.3510        27.65
      2.3520        27.68
      2.3530        27.64
      2.3540        27.57
      2.3550        27.59
      2.3560        27.59
      2.3570        27.64
      2.3580        27.67
      2.3590        27.69
      2.3600        27.80
      2.3610        27.67
      2.3620        27.57
      2.3630        27.60
      2.3640        27.64
      2.3650        27.77
      2.3660        27.74
      2.3670        27.76
      2.3680        27.74
      2.3690        27.85
      2.3700        27.93
      2.3710        27.95
      2.3720        27.89
      2.3730        27.83
      2.3740        27.85
      2.3750        27.85
      2.3760        27.72
      2.3770        27.60
      2.3780        27.56
      2.3790        27.42
      2.3800        27.36
      2.3810        27.33
      2.3820        27.26
      2.3830        27.24
      2.3840        27.23
      2.3850        27.27
      2.3860        27.33
      2.3870        27.24
      2.3880        27.29
      2.3890        27.19
      2.3900        27.19
      2.3910        27.16
      2.3920        27.12
      2.3930        27.14
      2.3940        27.14
      2.3950        27.22
      2.3960        27.29
      2.3970        27.38
      2.3980        27.41
      2.3990        27.48
      2.4000        27.56
      2.4010        27.62
      2.4020        27.66
      2.4030        27.68
      2.4040        27.64
      2.4050        27.57
      2.4060        27.49
      2.4070        27.56
      2.4080        27.60
      2.4090        27.58
      2.4100        27.60
      2.4110        27.59
      2.4120        27.61
      2.4130        27.67
      2.4140        27.76
      2.4150        27.70
      2.4160        27.68
      2.4170        27.65
      2.4180        27.69
      2.4190        27.69
      2.4200        27.60
      2.4210        27.59
      2.4220        27.64
      2.4230        27.67
      2.4240        27.72
      2.4250        27.60
      2.4260        27.61
      2.4270        27.55
      2.4280        27.52
      2.4290        27.55
      2.4300        27.53
      2.4310        27.60
      2.4320        27.55
      2.4330        27.55
      2.4340        27.51
      2.4350        27.48
      2.4360        27.45
      2.4370        27.37
      2.4380        27.23
      2.4390        27.21
      2.4400        27.19
      2.4410        27.12
      2.4420        27.05
      2.4430        27.05
      2.4440        27.01
      2.4450        27.09
      2.4460        26.99
      2.4470        27.05
      2.4480        27.05
      2.4490        27.13
      2.4500        27.08
      2.4510        27.02
      2.4520        27.08
      2.4530        27.00
      2.4540        27.02
      2.4550        27.01
      2.4560        26.97
      2.4570        26.96
      2.4580        26.97
      2.4590        26.96
      2.4600        26.95
      2.4610        27.01
      2.4620        26.91
      2.4630        26.81
      2.4640        26.78
      2.4650        26.71
      2.4660        26.77
      2.4670        26.66
      2.4680        26.57
      2.4690        26.47
      2.4700        26.51
      2.4710        26.53
      2.4720        26.51
      2.4730        26.42
      2.4740        26.38
      2.4750        26.29
      2.4760        26.35
      2.4770        26.42
      2.4780        26.38
      2.4790        26.31
      2.4800        26.35
      2.4810        26.30
      2.4820        26.34
      2.4830        26.32
      2.4840        26.24
      2.4850        26.21
      2.4860        26.12
      2.4870        26.21
      2.4880        26.19
      2.4890        26.14
      2.4900        25.93
      2.4910        25.78
      2.4920        25.87
      2.4930        25.82
      2.4940        25.76
      2.4950        25.80
      2.4960        25.68
      2.4970        25.52
      2.4980        25.45
      2.4990        25.47
      2.5000        25.36
      2.5010        25.33
      2.5020        25.24
      2.5030        25.20
      2.5040        25.23
      2.5050        25.17
      2.5060        25.12
      2.5070        24.92
      2.5080        24.77
      2.5090        24.73
      2.5100        24.77
      2.5110        24.82
      2.5120        24.60
      2.5130        24.57
      2.5140        24.47
      2.5150        24.34
      2.5160        24.26
      2.5170        24.30
      2.5180        24.26
      2.5190        24.22
      2.5200        24.06
      2.5210        23.98
      2.5220        23.84
      2.5230        23.72
      2.5240        23.51
      2.5250        23.28
      2.5260        23.20
      2.5270        23.02
      2.5280        22.98
      2.5290        22.81
      2.5300        22.55
      2.5310        22.29
      2.5320        22.13
      2.5330        21.99
      2.5340        21.95
      2.5350        21.80
      2.5360        21.71
      2.5370        21.56
      2.5380        21.38
      2.5390        21.13
      2.5400        21.02
      2.5410        20.82
      2.5420        20.59
      2.5430        20.52
      2.5440        20.53
      2.5450        20.56
      2.5460        20.40
      2.5470        20.40
      2.5480        20.17
      2.5490        20.01
      2.5500        20.05
      2.5510        19.91
      2.5520        19.78
      2.5530        19.66
      2.5540        19.38
      2.5550        19.20
      2.5560        19.00
      2.5570        18.76
      2.5580        18.57
      2.5590        18.38
      2.5600        18.21
      2.5610        17.91
      2.5620        17.89
      2.5630        17.54
      2.5640        17.27
      2.5650        17.01
      2.5660        16.80
      2.5670        16.50
      2.5680        16.34
      2.5690        16.26
      2.5700        16.06
      2.5710        15.85
      2.5720        15.71
      2.5730        15.53
      2.5740        15.36
      2.5750        15.15
      2.5760        14.93
      2.5770        14.71
      2.5780        14.59
      2.5790        14.47
      2.5800        14.33
      2.5810        14.19
      2.5820        13.95
      2.5830        13.82
      2.5840        13.70
      2.5850        13.64
      2.5860        13.49
      2.5870        13.34
      2.5880        13.18
      2.5890        12.90
      2.5900        12.69
      2.5910        12.51
      2.5920        12.32
      2.5930        12.15
      2.5940        12.10
      2.5950        11.91
      2.5960        11.76
      2.5970        11.61
      2.5980        11.37
      2.5990        11.23
      2.6000        11.14
      2.6010        11.12
      2.6020        11.07
      2.6030        11.00
      2.6040        10.76
      2.6050        10.54
      2.6060        10.34
      2.6070        10.17
      2.6080         9.99
      2.6090         9.84
      2.6100         9.72
      2.6110         9.62
      2.6120         9.43
      2.6130         9.19
      2.6140         8.93
      2.6150         8.85
      2.6160         8.73
      2.6170         8.67
      2.6180         8.67
      2.6190         8.48
      2.6200         8.32
      2.6210         8.07
      2.6220         7.86
      2.6230         7.70
      2.6240         7.71
      2.6250         7.55
      2.6260         7.46
      2.6270         7.43
      2.6280         7.43
      2.6290         7.36
      2.6300         7.24
      2.6310         7.22
      2.6320         7.12
      2.6330         7.09
      2.6340         7.06
      2.6350         6.93
      2.6360         6.91
      2.6370         6.81
      2.6380         6.63
      2.6390         6.73
      2.6400         6.49
      2.6410         6.43
      2.6420         6.31
      2.6430         6.17
      2.6440         6.03
      2.6450         5.99
      2.6460         5.91
      2.6470         5.80
      2.6480         5.64
      2.6490         5.60
      2.6500         5.51
      2.6510         5.48
      2.6520         5.39
      2.6530         5.35
      2.6540         5.25
      2.6550         5.19
      2.6560         5.01
      2.6570         4.92
      2.6580         4.85
      2.6590         4.63
      2.6600         4.63
      2.6610         4.57
      2.6620         4.60
      2.6630         4.63
      2.6640         4.55
      2.6650         4.54
      2.6660         4.47
      2.6670         4.35
      2.6680         4.28
      2.6690         4.17
      2.6700         4.17
      2.6710         4.04
      2.6720         3.99
      2.6730         3.48
      2.6740         3.45
      2.6750         3.42
      2.6760         3.45
      2.6770         3.45
      2.6780         3.34
      2.6790         3.30
      2.6800         3.29
      2.6810         3.24
      2.6820         3.19
      2.6830         3.11
      2.6840         3.08
      2.6850         2.91
      2.6860         2.91
      2.6870         2.90
      2.6880         2.92
      2.6890         2.89
      2.6900         3.32
      2.6910         2.78
      2.6920         2.79
      2.6930         2.76
      2.6940         2.72
      2.6950         2.69
      2.6960         2.65
      2.6970         2.70
      2.6980         2.73
      2.6990         2.64
      2.7000         2.56
      2.7010         2.45
      2.7020         2.29
      2.7030         2.25
      2.7040         2.14
      2.7050         2.20
      2.7060         1.67
      2.7070         1.63
      2.7080         1.71
      2.7090         1.77
      2.7100         1.80
      2.7110         1.73
      2.7120         1.72
      2.7130         1.68
      2.7140         1.67
      2.7150         1.68
      2.7160         1.58
      2.7170         1.52
      2.7180         1.53
      2.7190         1.56
      2.7200         1.57
      2.7210         2.11
      2.7220         2.19
      2.7230         2.19
      2.7240         2.15
      2.7250         2.09
      2.7260         2.03
      2.7270         2.01
      2.7280         1.48
      2.7290         1.00
      2.7300         1.00
      2.7310         1.00
      2.7320         1.00
      2.7330         1.00
      2.7340         1.00
      2.7350         1.00
      2.7360         1.00
      2.7370         1.00
      2.7380         1.00
      2.7390         1.00
      2.7400         1.00
      2.7410         1.00
      2.7420         1.00
      2.7430         1.00
      2.7440         1.00
      2.7450         1.00
      2.7460         1.00
      2.7470         1.00
      2.7480         1.00
      2.7490         1.00
      2.7500         1.00
      2.7510         1.00
      2.7520         1.00
      2.7530         1.00
      2.7540         1.00
      2.7550         1.00
      2.7560         1.00
      2.7570         1.00
      2.7580         1.00
      2.7590         1.00
      2.7600         1.00
      2.7610         1.00
      2.7620         1.00
      2.7630         1.00
      2.7640         1.00
      2.7650         1.00
      2.7660         1.00
      2.7670         1.00
      2.7680         1.00
      2.7690         1.00
      2.7700         1.00
      2.7710         1.00
      2.7720         1.00
      2.7730         1.00
      2.7740         1.00
      2.7750         1.00
      2.7760         1.00
      2.7770         1.00
      2.7780         1.00
      2.7790         1.00
      2.7800         1.00
      2.7810         1.00
      2.7820         1.00
      2.7830         1.00
      2.7840         1.00
      2.7850         1.00
      2.7860         1.00
      2.7870         1.00
      2.7880         1.00
      2.7890         1.00
      2.7900         1.00
      2.7910         1.00
      2.7920         1.00
      2.7930         1.00
      2.7940         1.00
      2.7950         1.00
      2.7960         1.00
      2.7970         1.00
      2.7980         1.00
      2.7990         1.00
      2.8000         1.00
      2.8010         1.00
      2.8020         1.00
      2.8030         1.00
      2.8040         1.00
      2.8050         1.00
      2.8060         1.00
      2.8070         1.00
      2.8080         1.00
      2.8090         1.00
      2.8100         1.00
      2.8110         1.00
      2.8120         1.00
      2.8130         1.00
      2.8140         1.00
      2.8150         1.00
      2.8160         1.00
      2.8170         1.00
      2.8180         1.00
      2.8190         1.00
      2.8200         1.00
      2.8210         1.00
      2.8220         1.00
      2.8230         1.00
      2.8240         1.00
      2.8250         1.00
      2.8260         1.00
      2.8270         1.00
      2.8280         1.00
      2.8290         1.00
      2.8300         1.00
      2.8310         1.00
      2.8320         1.00
      2.8330         1.00
      2.8340         1.00
      2.8350         1.00
      2.8360         1.00
      2.8370         1.00
      2.8380         1.00
      2.8390         1.00
      2.8400         1.00
      2.8410         1.00
      2.8420         1.00
      2.8430         1.00
      2.8440         1.00
      2.8450         1.00
      2.8460         1.00
      2.8470         1.00
      2.8480         1.00
      2.8490         1.00
      2.8500         1.00
      2.8510         1.00
      2.8520         1.00
      2.8530         1.00
      2.8540         1.00
      2.8550         1.00
      2.8560         1.00
      2.8570         1.00
      2.8580         1.00
      2.8590         1.00
      2.8600         1.00
      2.8610         1.00
      2.8620         1.00
      2.8630         1.00
      2.8640         1.00
      2.8650         1.00
      2.8660         1.00
      2.8670         1.00
      2.8680         1.00
      2.8690         1.00
      2.8700         1.00
      2.8710         1.00
      2.8720         1.00
      2.8730         1.00
      2.8740         1.00
      2.8750         1.00
      2.8760         1.00
      2.8770         1.00
      2.8780         1.00
      2.8790         1.00
      2.8800         1.00
      2.8810         1.00
      2.8820         1.00
      2.8830         1.00
      2.8840         1.00
      2.8850         1.00
      2.8860         1.00
      2.8870         1.00
      2.8880         1.00
      2.8890         1.00
      2.8900         1.00
      2.8910         1.00
      2.8920         1.00
      2.8930         1.00
      2.8940         1.00
      2.8950         1.00
      2.8960         1.00
      2.8970         1.00
      2.8980         1.00
      2.8990         1.00
      2.9000         1.00
      2.9010         1.00
      2.9020         1.00
      2.9030         1.00
      2.9040         1.00
      2.9050         1.00
      2.9060         1.00
      2.9070         1.00
      2.9080         1.00
      2.9090         1.00
      2.9100         1.00
      2.9110         1.00
      2.9120         1.00
      2.9130         1.00
      2.9140         1.00
      2.9150         1.00
      2.9160         1.00
      2.9170         1.00
      2.9180         1.00
      2.9190         1.00
      2.9200         1.00
      2.9210         1.00
      2.9220         1.00
      2.9230         1.00
      2.9240         1.00
      2.9250         1.00
      2.9260         1.00
      2.9270         1.00
      2.9280         1.00
      2.9290         1.00
      2.9300         1.00
      2.9310         1.00
      2.9320         1.00
      2.9330         1.00
      2.9340         1.00
      2.9350         1.00
      2.9360         1.00
      2.9370         1.00
      2.9380         1.00
      2.9390         1.00
      2.9400         1.00
      2.9410         1.00
      2.9420         1.00
      2.9430         1.00
      2.9440         1.00
      2.9450         1.00
      2.9460         1.00
      2.9470         1.00
      2.9480         1.00
      2.9490         1.00
      2.9500         1.00
      2.9510         1.00
      2.9520         1.00
      2.9530         1.00
      2.9540         1.00
      2.9550         1.00
      2.9560         1.00
      2.9570         1.00
      2.9580         1.00
      2.9590         1.00
      2.9600         1.00
      2.9610         1.00
      2.9620         1.00
      2.9630         1.00
      2.9640         1.00
      2.9650         1.00
      2.9660         1.00
      2.9670         1.00
      2.9680         1.00
      2.9690         1.00
      2.9700         1.00
      2.9710         1.00
      2.9720         1.00
      2.9730         1.00
      2.9740         1.00
      2.9750         1.00
      2.9760         1.00
      2.9770         1.00
      2.9780         1.00
      2.9790         1.00
      2.9800         1.00
      2.9810         1.00
      2.9820         1.00
      2.9830         1.00
      2.9840         1.00
      2.9850         1.00
      2.9860         1.00
      2.9870         1.00
      2.9880         1.00
      2.9890         1.00
      2.9900         1.00
      2.9910         1.00
      2.9920         1.00
      2.9930         1.00
      2.9940         1.00
      2.9950         1.00
      2.9960         1.00
      2.9970         1.00
      2.9980         1.00
      2.9990         1.00
