        Time   Palpation Force
      0.0000         1.00
      0.0010         1.00
      0.0020         1.00
      0.0030         1.00
      0.0040         1.00
      0.0050         1.00
      0.0060         1.00
      0.0070         1.00
      0.0080         1.00
      0.0090         1.00
      0.0100         1.00
      0.0110         1.00
      0.0120         1.00
      0.0130         1.17
      0.0140         1.24
      0.0150         1.25
      0.0160         1.33
      0.0170         1.39
      0.0180         1.48
      0.0190         1.58
      0.0200         1.56
      0.0210         1.58
      0.0220         1.48
      0.0230         1.42
      0.0240         1.44
      0.0250         1.42
      0.0260         1.40
      0.0270         1.33
      0.0280         1.31
      0.0290         1.40
      0.0300         1.42
      0.0310         1.35
      0.0320         1.31
      0.0330         1.27
      0.0340         1.23
      0.0350         1.25
      0.0360         1.00
      0.0370         1.00
      0.0380         1.00
      0.0390         1.00
      0.0400         1.00
      0.0410         1.00
      0.0420         1.00
      0.0430         1.51
      0.0440         1.51
      0.0450         1.52
      0.0460         1.51
      0.0470         1.48
      0.0480         1.51
      0.0490         1.47
      0.0500         1.47
      0.0510         1.58
      0.0520         1.60
      0.0530         1.54
      0.0540         1.55
      0.0550         1.56
      0.0560         1.54
      0.0570         1.60
      0.0580         1.56
      0.0590         1.54
      0.0600         1.51
      0.0610         1.47
      0.0620         1.44
      0.0630         1.43
      0.0640         1.33
      0.0650         1.38
      0.0660         1.29
      0.0670         1.32
      0.0680         1.28
      0.0690         1.28
      0.0700         1.33
      0.0710         1.00
      0.0720         1.00
      0.0730         1.33
      0.0740         1.00
      0.0750         1.00
      0.0760         1.00
      0.0770         1.00
      0.0780         1.35
      0.0790         1.31
      0.0800         1.28
      0.0810         1.27
      0.0820         1.25
      0.0830         1.24
      0.0840         1.29
      0.0850         1.29
      0.0860         1.38
      0.0870         1.40
      0.0880         1.47
      0.0890         1.44
      0.0900         1.40
      0.0910         1.40
      0.0920         1.38
      0.0930         1.40
      0.0940         1.44
      0.0950         1.39
      0.0960         1.35
      0.0970         1.34
      0.0980         1.33
      0.0990         1.32
      0.1000         1.24
      0.1010         1.24
      0.1020         1.24
      0.1030         1.24
      0.1040         1.24
      0.1050         1.19
      0.1060         1.00
      0.1070         1.00
      0.1080         1.04
      0.1090         1.17
      0.1100         1.21
      0.1110         1.17
      0.1120         1.21
      0.1130         1.13
      0.1140         1.21
      0.1150         1.17
      0.1160         1.20
      0.1170         1.20
      0.1180         1.17
      0.1190         1.21
      0.1200         1.39
      0.1210         1.39
      0.1220         1.43
      0.1230         1.42
      0.1240         1.46
      0.1250         1.52
      0.1260         1.59
      0.1270         1.60
      0.1280         1.62
      0.1290         1.01
      0.1300         1.01
      0.1310         1.00
      0.1320         1.00
      0.1330         1.00
      0.1340         1.00
      0.1350         1.01
      0.1360         1.00
      0.1370         1.00
      0.1380         1.00
      0.1390         1.00
      0.1400         1.00
      0.1410         1.00
      0.1420         1.00
      0.1430         1.00
      0.1440         1.00
      0.1450         1.00
      0.1460         1.00
      0.1470         1.20
      0.1480         1.00
      0.1490         1.15
      0.1500         1.16
      0.1510         1.19
      0.1520         1.19
      0.1530         1.00
      0.1540         1.00
      0.1550         1.00
      0.1560         1.00
      0.1570         1.00
      0.1580         1.00
      0.1590         1.00
      0.1600         1.00
      0.1610         1.00
      0.1620         1.00
      0.1630         1.19
      0.1640         1.16
      0.1650         1.20
      0.1660         1.16
      0.1670         1.17
      0.1680         1.23
      0.1690         1.28
      0.1700         1.31
      0.1710         1.36
      0.1720         1.39
      0.1730         1.51
      0.1740         1.50
      0.1750         1.50
      0.1760         1.48
      0.1770         1.47
      0.1780         1.44
      0.1790         1.46
      0.1800         1.44
      0.1810         1.42
      0.1820         1.41
      0.1830         1.36
      0.1840         1.00
      0.1850         1.00
      0.1860         1.00
      0.1870         1.00
      0.1880         1.00
      0.1890         1.00
      0.1900         1.00
      0.1910         1.00
      0.1920         1.00
      0.1930         1.00
      0.1940         1.00
      0.1950         1.00
      0.1960         1.00
      0.1970         1.00
      0.1980         1.00
      0.1990         1.00
      0.2000         1.00
      0.2010         1.00
      0.2020         1.19
      0.2030         1.23
      0.2040         1.27
      0.2050         1.24
      0.2060         1.23
      0.2070         1.27
      0.2080         1.20
      0.2090         1.23
      0.2100         1.25
      0.2110         1.21
      0.2120         1.32
      0.2130         1.33
      0.2140         1.36
      0.2150         1.37
      0.2160         1.44
      0.2170         1.43
      0.2180         1.41
      0.2190         1.46
      0.2200         1.44
      0.2210         1.48
      0.2220         1.52
      0.2230         1.48
      0.2240         1.51
      0.2250         1.47
      0.2260         1.51
      0.2270         1.47
      0.2280         1.48
      0.2290         1.43
      0.2300         1.40
      0.2310         1.44
      0.2320         1.39
      0.2330         1.35
      0.2340         1.33
      0.2350         1.28
      0.2360         1.28
      0.2370         1.32
      0.2380         1.37
      0.2390         1.00
      0.2400         1.00
      0.2410         1.00
      0.2420         1.00
      0.2430         1.00
      0.2440         1.00
      0.2450         1.00
      0.2460         1.00
      0.2470         1.00
      0.2480         1.00
      0.2490         1.00
      0.2500         1.00
      0.2510         1.00
      0.2520         1.00
      0.2530         1.00
      0.2540         1.00
      0.2550         1.00
      0.2560         1.00
      0.2570         1.00
      0.2580         1.08
      0.2590         1.13
      0.2600         1.19
      0.2610         1.11
      0.2620         1.12
      0.2630         1.00
      0.2640         1.00
      0.2650         1.00
      0.2660         1.00
      0.2670         1.00
      0.2680         1.23
      0.2690         1.00
      0.2700         1.00
      0.2710         1.00
      0.2720         1.00
      0.2730         1.00
      0.2740         1.00
      0.2750         1.00
      0.2760         1.00
      0.2770         1.00
      0.2780         1.00
      0.2790         1.00
      0.2800         1.00
      0.2810         1.00
      0.2820         1.00
      0.2830         1.00
      0.2840         1.29
      0.2850         1.00
      0.2860         1.00
      0.2870         1.00
      0.2880         1.00
      0.2890         1.33
      0.2900         1.31
      0.2910         1.36
      0.2920         1.33
      0.2930         1.31
      0.2940         1.36
      0.2950         1.31
      0.2960         1.33
      0.2970         1.31
      0.2980         1.32
      0.2990         1.24
      0.3000         1.25
      0.3010         1.27
      0.3020         1.27
      0.3030         1.00
      0.3040         1.00
      0.3050         1.00
      0.3060         1.00
      0.3070         1.00
      0.3080         1.00
      0.3090         1.00
      0.3100         1.35
      0.3110         1.41
      0.3120         1.44
      0.3130         1.46
      0.3140         1.50
      0.3150         1.47
      0.3160         1.46
      0.3170         1.41
      0.3180         1.43
      0.3190         1.46
      0.3200         1.37
      0.3210         1.35
      0.3220         1.00
      0.3230         1.32
      0.3240         1.31
      0.3250         1.00
      0.3260         1.00
      0.3270         1.00
      0.3280         1.00
      0.3290         1.00
      0.3300         1.00
      0.3310         1.00
      0.3320         1.00
      0.3330         1.00
      0.3340         1.00
      0.3350         1.00
      0.3360         1.00
      0.3370         1.00
      0.3380         1.00
      0.3390         1.00
      0.3400         1.39
      0.3410         1.37
      0.3420         1.43
      0.3430         1.42
      0.3440         1.48
      0.3450         1.55
      0.3460         1.48
      0.3470         1.47
      0.3480         1.48
      0.3490         1.47
      0.3500         1.48
      0.3510         1.51
      0.3520         1.52
      0.3530         1.59
      0.3540         1.52
      0.3550         1.55
      0.3560         1.02
      0.3570         1.00
      0.3580         1.03
      0.3590         1.07
      0.3600         1.07
      0.3610         1.06
      0.3620         1.05
      0.3630         1.03
      0.3640         1.00
      0.3650         1.00
      0.3660         1.03
      0.3670         1.06
      0.3680         1.06
      0.3690         1.05
      0.3700         1.00
      0.3710         1.00
      0.3720         1.00
      0.3730         1.00
      0.3740         1.31
      0.3750         1.31
      0.3760         1.32
      0.3770         1.29
      0.3780         1.31
      0.3790         1.25
      0.3800         1.28
      0.3810         1.24
      0.3820         1.23
      0.3830         1.23
      0.3840         1.28
      0.3850         1.23
      0.3860         1.25
      0.3870         1.21
      0.3880         1.20
      0.3890         1.00
      0.3900         1.24
      0.3910         1.27
      0.3920         1.29
      0.3930         1.31
      0.3940         1.38
      0.3950         1.35
      0.3960         1.35
      0.3970         1.35
      0.3980         1.34
      0.3990         1.39
      0.4000         1.38
      0.4010         1.35
      0.4020         1.36
      0.4030         1.42
      0.4040         1.47
      0.4050         1.48
      0.4060         1.47
      0.4070         1.51
      0.4080         1.51
      0.4090         1.58
      0.4100         1.57
      0.4110         1.54
      0.4120         1.54
      0.4130         1.50
      0.4140         1.48
      0.4150         1.48
      0.4160         1.48
      0.4170         1.50
      0.4180         1.54
      0.4190         1.46
      0.4200         1.41
      0.4210         1.46
      0.4220         1.43
      0.4230         1.00
      0.4240         1.00
      0.4250         1.00
      0.4260         1.00
      0.4270         1.00
      0.4280         1.00
      0.4290         1.00
      0.4300         1.00
      0.4310         1.00
      0.4320         1.00
      0.4330         1.00
      0.4340         1.00
      0.4350         1.00
      0.4360         1.00
      0.4370         1.00
      0.4380         1.00
      0.4390         1.00
      0.4400         1.00
      0.4410         1.00
      0.4420         1.00
      0.4430         1.00
      0.4440         1.00
      0.4450         1.00
      0.4460         1.00
      0.4470         1.00
      0.4480         1.00
      0.4490         1.00
      0.4500         1.00
      0.4510         1.00
      0.4520         1.00
      0.4530         1.00
      0.4540         1.00
      0.4550         1.00
      0.4560         1.00
      0.4570         1.00
      0.4580         1.00
      0.4590         1.00
      0.4600         1.00
      0.4610         1.31
      0.4620         1.44
      0.4630         1.46
      0.4640         1.48
      0.4650         1.48
      0.4660         1.46
      0.4670         1.47
      0.4680         1.46
      0.4690         1.47
      0.4700         1.54
      0.4710         1.55
      0.4720         1.55
      0.4730         1.51
      0.4740         1.55
      0.4750         1.52
      0.4760         1.48
      0.4770         1.45
      0.4780         1.40
      0.4790         1.48
      0.4800         1.43
      0.4810         1.42
      0.4820         1.33
      0.4830         1.35
      0.4840         1.34
      0.4850         1.32
      0.4860         1.40
      0.4870         1.44
      0.4880         1.43
      0.4890         1.43
      0.4900         1.38
      0.4910         1.35
      0.4920         1.34
      0.4930         1.00
      0.4940         1.00
      0.4950         1.00
      0.4960         1.30
      0.4970         1.30
      0.4980         1.34
      0.4990         1.28
      0.5000         1.28
      0.5010         1.28
      0.5020         1.29
      0.5030         1.28
      0.5040         1.29
      0.5050         1.31
      0.5060         1.24
      0.5070         1.19
      0.5080         1.17
      0.5090         1.21
      0.5100         1.29
      0.5110         1.33
      0.5120         1.35
      0.5130         1.36
      0.5140         1.34
      0.5150         1.30
      0.5160         1.34
      0.5170         1.30
      0.5180         1.34
      0.5190         1.28
      0.5200         1.28
      0.5210         1.30
      0.5220         1.28
      0.5230         1.30
      0.5240         1.27
      0.5250         1.21
      0.5260         1.24
      0.5270         1.16
      0.5280         1.16
      0.5290         1.00
      0.5300         1.00
      0.5310         1.00
      0.5320         1.00
      0.5330         1.00
      0.5340         1.00
      0.5350         1.00
      0.5360         1.00
      0.5370         1.00
      0.5380         1.00
      0.5390         1.00
      0.5400         1.00
      0.5410         1.00
      0.5420         1.00
      0.5430         1.00
      0.5440         1.00
      0.5450         1.00
      0.5460         1.00
      0.5470         1.36
      0.5480         1.33
      0.5490         1.37
      0.5500         1.35
      0.5510         1.35
      0.5520         1.35
      0.5530         1.40
      0.5540         1.41
      0.5550         1.37
      0.5560         1.36
      0.5570         1.42
      0.5580         1.33
      0.5590         1.28
      0.5600         1.00
      0.5610         1.33
      0.5620         1.32
      0.5630         1.00
      0.5640         1.00
      0.5650         1.00
      0.5660         1.00
      0.5670         1.00
      0.5680         1.40
      0.5690         1.43
      0.5700         1.39
      0.5710         1.39
      0.5720         1.39
      0.5730         1.38
      0.5740         1.33
      0.5750         1.40
      0.5760         1.42
      0.5770         1.38
      0.5780         1.42
      0.5790         1.43
      0.5800         1.40
      0.5810         1.39
      0.5820         1.36
      0.5830         1.36
      0.5840         1.31
      0.5850         1.00
      0.5860         1.00
      0.5870         1.00
      0.5880         1.00
      0.5890         1.00
      0.5900         1.00
      0.5910         1.00
      0.5920         1.00
      0.5930         1.00
      0.5940         1.00
      0.5950         1.00
      0.5960         1.00
      0.5970         1.00
      0.5980         1.00
      0.5990         1.00
      0.6000         1.28
      0.6010         1.33
      0.6020         1.31
      0.6030         1.35
      0.6040         1.38
      0.6050         1.38
      0.6060         1.44
      0.6070         1.46
      0.6080         1.43
      0.6090         1.36
      0.6100         1.38
      0.6110         1.39
      0.6120         1.40
      0.6130         1.35
      0.6140         1.34
      0.6150         1.25
      0.6160         1.35
      0.6170         1.39
      0.6180         1.25
      0.6190         1.00
      0.6200         1.00
      0.6210         1.00
      0.6220         1.00
      0.6230         1.00
      0.6240         1.00
      0.6250         1.00
      0.6260         1.00
      0.6270         1.00
      0.6280         1.00
      0.6290         1.00
      0.6300         1.00
      0.6310         1.00
      0.6320         1.00
      0.6330         1.00
      0.6340         1.00
      0.6350         1.00
      0.6360         1.00
      0.6370         1.00
      0.6380         1.00
      0.6390         1.00
      0.6400         1.00
      0.6410         1.00
      0.6420         1.00
      0.6430         1.00
      0.6440         1.00
      0.6450         1.00
      0.6460         1.00
      0.6470         1.00
      0.6480         1.00
      0.6490         1.00
      0.6500         1.00
      0.6510         1.00
      0.6520         1.00
      0.6530         1.00
      0.6540         1.00
      0.6550         1.00
      0.6560         1.00
      0.6570         1.00
      0.6580         1.00
      0.6590         1.00
      0.6600         1.36
      0.6610         1.39
      0.6620         1.40
      0.6630         1.48
      0.6640         1.43
      0.6650         1.44
      0.6660         1.43
      0.6670         1.42
      0.6680         1.36
      0.6690         1.38
      0.6700         1.38
      0.6710         1.36
      0.6720         1.36
      0.6730         1.36
      0.6740         1.37
      0.6750         1.44
      0.6760         1.41
      0.6770         1.93
      0.6780         2.00
      0.6790         2.01
      0.6800         2.21
      0.6810         2.24
      0.6820         2.25
      0.6830         2.29
      0.6840         2.24
      0.6850         2.32
      0.6860         2.30
      0.6870         2.33
      0.6880         2.33
      0.6890         2.29
      0.6900         2.89
      0.6910         2.85
      0.6920         2.81
      0.6930         1.79
      0.6940         1.75
      0.6950         1.72
      0.6960         1.74
      0.6970         1.77
      0.6980         2.26
      0.6990         1.77
      0.7000         1.72
      0.7010         1.70
      0.7020         2.19
      0.7030         2.18
      0.7040         2.67
      0.7050         2.64
      0.7060         2.83
      0.7070         2.84
      0.7080         2.87
      0.7090         2.82
      0.7100         2.22
      0.7110         2.36
      0.7120         2.79
      0.7130         2.87
      0.7140         2.86
      0.7150         2.80
      0.7160         2.95
      0.7170         3.02
      0.7180         3.15
      0.7190         3.19
      0.7200         3.10
      0.7210         3.18
      0.7220         3.12
      0.7230         3.21
      0.7240         3.29
      0.7250         3.25
      0.7260         3.23
      0.7270         3.37
      0.7280         3.45
      0.7290         3.65
      0.7300         3.74
      0.7310         3.72
      0.7320         3.82
      0.7330         3.89
      0.7340         4.02
      0.7350         4.11
      0.7360         4.15
      0.7370         4.18
      0.7380         4.13
      0.7390         4.27
      0.7400         4.38
      0.7410         4.39
      0.7420         4.69
      0.7430         4.59
      0.7440         4.69
      0.7450         4.79
      0.7460         4.82
      0.7470         4.80
      0.7480         4.86
      0.7490         4.80
      0.7500         4.93
      0.7510         5.05
      0.7520         5.08
      0.7530         5.10
      0.7540         5.24
      0.7550         5.44
      0.7560         5.59
      0.7570         5.65
      0.7580         5.77
      0.7590         5.80
      0.7600         5.92
      0.7610         6.01
      0.7620         6.05
      0.7630         6.16
      0.7640         6.25
      0.7650         6.29
      0.7660         6.49
      0.7670         6.69
      0.7680         6.79
      0.7690         6.92
      0.7700         6.97
      0.7710         7.04
      0.7720         7.14
      0.7730         7.26
      0.7740         7.35
      0.7750         7.34
      0.7760         7.35
      0.7770         7.54
      0.7780         7.77
      0.7790         7.85
      0.7800         7.96
      0.7810         8.08
      0.7820         8.08
      0.7830         8.22
      0.7840         8.28
      0.7850         8.51
      0.7860         8.50
      0.7870         8.59
      0.7880         8.80
      0.7890         8.90
      0.7900         9.13
      0.7910         9.34
      0.7920         9.57
      0.7930         9.74
      0.7940         9.90
      0.7950        10.13
      0.7960        10.34
      0.7970        10.52
      0.7980        10.59
      0.7990        10.79
      0.8000        10.95
      0.8010        11.19
      0.8020        11.47
      0.8030        11.60
      0.8040        11.79
      0.8050        11.97
      0.8060        12.21
      0.8070        12.41
      0.8080        12.57
      0.8090        12.88
      0.8100        13.05
      0.8110        13.17
      0.8120        13.28
      0.8130        13.44
      0.8140        13.68
      0.8150        13.95
      0.8160        14.11
      0.8170        14.18
      0.8180        14.31
      0.8190        14.49
      0.8200        14.74
      0.8210        14.94
      0.8220        15.01
      0.8230        15.17
      0.8240        15.22
      0.8250        15.37
      0.8260        15.52
      0.8270        15.62
      0.8280        15.69
      0.8290        15.84
      0.8300        15.89
      0.8310        16.02
      0.8320        16.15
      0.8330        16.35
      0.8340        16.32
      0.8350        16.35
      0.8360        16.42
      0.8370        16.55
      0.8380        16.73
      0.8390        16.83
      0.8400        16.87
      0.8410        16.94
      0.8420        17.14
      0.8430        17.27
      0.8440        17.50
      0.8450        17.65
      0.8460        17.79
      0.8470        17.94
      0.8480        18.06
      0.8490        18.14
      0.8500        18.30
      0.8510        18.41
      0.8520        18.55
      0.8530        18.71
      0.8540        18.91
      0.8550        18.97
      0.8560        19.14
      0.8570        19.27
      0.8580        19.41
      0.8590        19.58
      0.8600        19.65
      0.8610        19.76
      0.8620        19.85
      0.8630        20.05
      0.8640        20.26
      0.8650        20.46
      0.8660        20.63
      0.8670        20.82
      0.8680        20.98
      0.8690        21.02
      0.8700        21.23
      0.8710        21.50
      0.8720        21.60
      0.8730        21.64
      0.8740        21.76
      0.8750        22.00
      0.8760        22.10
      0.8770        22.33
      0.8780        22.46
      0.8790        22.60
      0.8800        22.84
      0.8810        23.02
      0.8820        23.26
      0.8830        23.30
      0.8840        23.33
      0.8850        23.40
      0.8860        23.52
      0.8870        23.64
      0.8880        23.73
      0.8890        23.96
      0.8900        23.99
      0.8910        24.00
      0.8920        24.13
      0.8930        24.20
      0.8940        24.34
      0.8950        24.42
      0.8960        24.63
      0.8970        24.76
      0.8980        24.81
      0.8990        24.94
      0.9000        24.99
      0.9010        25.14
      0.9020        25.21
      0.9030        25.39
      0.9040        25.42
      0.9050        25.44
      0.9060        25.40
      0.9070        25.50
      0.9080        25.59
      0.9090        25.62
      0.9100        25.63
      0.9110        25.74
      0.9120        25.89
      0.9130        25.94
      0.9140        25.95
      0.9150        25.96
      0.9160        25.90
      0.9170        25.87
      0.9180        25.98
      0.9190        25.88
      0.9200        25.94
      0.9210        25.90
      0.9220        25.86
      0.9230        25.83
      0.9240        25.98
      0.9250        26.02
      0.9260        26.11
      0.9270        26.10
      0.9280        26.16
      0.9290        26.21
      0.9300        26.32
      0.9310        26.34
      0.9320        26.34
      0.9330        26.42
      0.9340        26.48
      0.9350        26.53
      0.9360        26.65
      0.9370        26.77
      0.9380        26.74
      0.9390        26.85
      0.9400        26.93
      0.9410        26.96
      0.9420        26.95
      0.9430        27.13
      0.9440        27.18
      0.9450        27.28
      0.9460        27.49
      0.9470        27.54
      0.9480        27.69
      0.9490        27.74
      0.9500        27.77
      0.9510        27.90
      0.9520        27.96
      0.9530        28.07
      0.9540        28.19
      0.9550        28.26
      0.9560        28.34
      0.9570        28.24
      0.9580        28.50
      0.9590        28.54
      0.9600        28.59
      0.9610        28.71
      0.9620        28.86
      0.9630        28.84
      0.9640        28.91
      0.9650        28.97
      0.9660        28.96
      0.9670        28.98
      0.9680        28.89
      0.9690        28.98
      0.9700        29.11
      0.9710        29.01
      0.9720        29.06
      0.9730        29.06
      0.9740        29.01
      0.9750        29.10
      0.9760        29.13
      0.9770        29.27
      0.9780        29.11
      0.9790        29.17
      0.9800        29.09
      0.9810        29.12
      0.9820        29.13
      0.9830        29.12
      0.9840        29.17
      0.9850        29.18
      0.9860        29.12
      0.9870        29.20
      0.9880        29.32
      0.9890        29.35
      0.9900        29.32
      0.9910        29.33
      0.9920        29.35
      0.9930        29.35
      0.9940        29.41
      0.9950        29.38
      0.9960        29.36
      0.9970        29.34
      0.9980        29.50
      0.9990        29.58
      1.0000        29.68
      1.0010        29.60
      1.0020        29.57
      1.0030        29.67
      1.0040        29.67
      1.0050        29.69
      1.0060        29.72
      1.0070        29.71
      1.0080        29.69
      1.0090        29.66
      1.0100        29.71
      1.0110        29.71
      1.0120        29.68
      1.0130        29.72
      1.0140        29.72
      1.0150        29.72
      1.0160        29.75
      1.0170        29.78
      1.0180        29.75
      1.0190        29.80
      1.0200        29.92
      1.0210        29.93
      1.0220        29.99
      1.0230        30.01
      1.0240        30.13
      1.0250        30.06
      1.0260        30.11
      1.0270        30.10
      1.0280        30.15
      1.0290        30.17
      1.0300        30.18
      1.0310        30.22
      1.0320        30.31
      1.0330        30.33
      1.0340        30.34
      1.0350        30.40
      1.0360        30.37
      1.0370        30.40
      1.0380        30.38
      1.0390        30.28
      1.0400        30.29
      1.0410        30.29
      1.0420        30.28
      1.0430        30.13
      1.0440        29.98
      1.0450        30.08
      1.0460        30.04
      1.0470        30.04
      1.0480        30.03
      1.0490        29.97
      1.0500        29.96
      1.0510        30.09
      1.0520        30.14
      1.0530        30.14
      1.0540        30.16
      1.0550        30.10
      1.0560        30.09
      1.0570        30.08
      1.0580        30.00
      1.0590        29.90
      1.0600        29.73
      1.0610        29.81
      1.0620        29.73
      1.0630        29.81
      1.0640        29.81
      1.0650        29.79
      1.0660        29.69
      1.0670        29.60
      1.0680        29.53
      1.0690        29.49
      1.0700        29.46
      1.0710        29.29
      1.0720        29.12
      1.0730        29.12
      1.0740        29.14
      1.0750        29.14
      1.0760        29.06
      1.0770        28.99
      1.0780        28.99
      1.0790        29.15
      1.0800        29.21
      1.0810        29.15
      1.0820        29.13
      1.0830        29.13
      1.0840        29.18
      1.0850        29.10
      1.0860        29.12
      1.0870        29.08
      1.0880        29.00
      1.0890        29.02
      1.0900        28.99
      1.0910        29.07
      1.0920        29.15
      1.0930        29.13
      1.0940        29.04
      1.0950        29.01
      1.0960        29.06
      1.0970        29.04
      1.0980        29.04
      1.0990        28.91
      1.1000        28.82
      1.1010        28.82
      1.1020        28.85
      1.1030        28.84
      1.1040        28.71
      1.1050        28.71
      1.1060        28.69
      1.1070        28.77
      1.1080        28.73
      1.1090        28.77
      1.1100        28.73
      1.1110        28.61
      1.1120        28.52
      1.1130        28.40
      1.1140        28.33
      1.1150        28.36
      1.1160        28.35
      1.1170        28.32
      1.1180        28.33
      1.1190        28.25
      1.1200        28.27
      1.1210        28.12
      1.1220        28.08
      1.1230        27.90
      1.1240        27.90
      1.1250        27.88
      1.1260        27.83
      1.1270        27.74
      1.1280        27.72
      1.1290        27.56
      1.1300        27.51
      1.1310        27.44
      1.1320        27.36
      1.1330        27.33
      1.1340        27.39
      1.1350        27.24
      1.1360        27.11
      1.1370        27.01
      1.1380        26.86
      1.1390        26.89
      1.1400        26.88
      1.1410        26.84
      1.1420        26.85
      1.1430        26.98
      1.1440        26.86
      1.1450        26.81
      1.1460        26.73
      1.1470        26.68
      1.1480        26.56
      1.1490        26.56
      1.1500        26.55
      1.1510        26.55
      1.1520        26.54
      1.1530        26.55
      1.1540        26.42
      1.1550        26.29
      1.1560        26.25
      1.1570        26.17
      1.1580        26.07
      1.1590        25.86
      1.1600        25.76
      1.1610        25.79
      1.1620        25.60
      1.1630        25.40
      1.1640        25.40
      1.1650        25.31
      1.1660        25.24
      1.1670        25.20
      1.1680        25.21
      1.1690        25.08
      1.1700        24.98
      1.1710        24.92
      1.1720        24.81
      1.1730        24.69
      1.1740        24.70
      1.1750        24.70
      1.1760        24.75
      1.1770        24.73
      1.1780        24.69
      1.1790        24.74
      1.1800        24.60
      1.1810        24.50
      1.1820        24.57
      1.1830        24.55
      1.1840        24.37
      1.1850        24.35
      1.1860        24.33
      1.1870        24.34
      1.1880        24.31
      1.1890        24.31
      1.1900        24.30
      1.1910        24.26
      1.1920        24.24
      1.1930        24.14
      1.1940        24.08
      1.1950        24.19
      1.1960        24.08
      1.1970        24.16
      1.1980        24.16
      1.1990        24.13
      1.2000        24.16
      1.2010        24.05
      1.2020        23.92
      1.2030        23.87
      1.2040        23.99
      1.2050        23.99
      1.2060        24.00
      1.2070        23.91
      1.2080        23.84
      1.2090        23.82
      1.2100        23.72
      1.2110        23.59
      1.2120        23.55
      1.2130        23.54
      1.2140        23.42
      1.2150        23.27
      1.2160        23.27
      1.2170        23.11
      1.2180        23.08
      1.2190        22.95
      1.2200        22.88
      1.2210        22.95
      1.2220        22.91
      1.2230        22.93
      1.2240        22.86
      1.2250        22.74
      1.2260        22.61
      1.2270        22.59
      1.2280        22.65
      1.2290        22.61
      1.2300        22.57
      1.2310        22.55
      1.2320        22.50
      1.2330        22.45
      1.2340        22.47
      1.2350        22.45
      1.2360        22.41
      1.2370        22.40
      1.2380        22.32
      1.2390        22.34
      1.2400        22.36
      1.2410        22.17
      1.2420        22.21
      1.2430        22.22
      1.2440        22.14
      1.2450        22.10
      1.2460        22.16
      1.2470        22.04
      1.2480        21.89
      1.2490        21.86
      1.2500        21.81
      1.2510        21.78
      1.2520        21.75
      1.2530        21.74
      1.2540        21.66
      1.2550        21.60
      1.2560        21.51
      1.2570        21.48
      1.2580        21.46
      1.2590        21.47
      1.2600        21.40
      1.2610        21.50
      1.2620        21.46
      1.2630        21.32
      1.2640        21.26
      1.2650        21.24
      1.2660        21.11
      1.2670        21.15
      1.2680        21.13
      1.2690        21.10
      1.2700        21.02
      1.2710        21.02
      1.2720        20.93
      1.2730        20.84
      1.2740        20.74
      1.2750        20.64
      1.2760        20.60
      1.2770        20.53
      1.2780        20.51
      1.2790        20.42
      1.2800        20.32
      1.2810        20.27
      1.2820        20.23
      1.2830        20.24
      1.2840        20.15
      1.2850        20.09
      1.2860        20.08
      1.2870        20.00
      1.2880        19.99
      1.2890        19.96
      1.2900        19.96
      1.2910        19.90
      1.2920        19.94
      1.2930        19.84
      1.2940        19.93
      1.2950        19.95
      1.2960        19.87
      1.2970        19.91
      1.2980        19.75
      1.2990        19.64
      1.3000        19.63
      1.3010        19.55
      1.3020        19.44
      1.3030        19.31
      1.3040        19.33
      1.3050        19.32
      1.3060        19.29
      1.3070        19.24
      1.3080        19.20
      1.3090        19.08
      1.3100        19.06
      1.3110        19.01
      1.3120        18.90
      1.3130        19.02
      1.3140        18.90
      1.3150        18.90
      1.3160        19.01
      1.3170        18.98
      1.3180        19.08
      1.3190        19.16
      1.3200        19.08
      1.3210        19.09
      1.3220        19.07
      1.3230        19.07
      1.3240        19.03
      1.3250        18.92
      1.3260        18.76
      1.3270        18.75
      1.3280        18.64
      1.3290        18.63
      1.3300        18.59
      1.3310        18.60
      1.3320        18.65
      1.3330        18.59
      1.3340        18.57
      1.3350        18.48
      1.3360        18.33
      1.3370        18.18
      1.3380        18.05
      1.3390        17.95
      1.3400        17.98
      1.3410        17.91
      1.3420        17.81
      1.3430        17.71
      1.3440        17.65
      1.3450        17.66
      1.3460        17.70
      1.3470        17.60
      1.3480        17.59
      1.3490        17.49
      1.3500        17.45
      1.3510        17.37
      1.3520        17.19
      1.3530        17.09
      1.3540        17.00
      1.3550        16.99
      1.3560        16.92
      1.3570        16.83
      1.3580        16.84
      1.3590        16.76
      1.3600        16.70
      1.3610        16.57
      1.3620        16.55
      1.3630        16.51
      1.3640        16.43
      1.3650        16.29
      1.3660        16.34
      1.3670        16.37
      1.3680        16.24
      1.3690        16.23
      1.3700        16.13
      1.3710        16.02
      1.3720        16.09
      1.3730        16.09
      1.3740        16.01
      1.3750        15.97
      1.3760        15.96
      1.3770        15.89
      1.3780        15.81
      1.3790        15.85
      1.3800        15.80
      1.3810        15.80
      1.3820        15.83
      1.3830        15.86
      1.3840        15.74
      1.3850        15.68
      1.3860        15.57
      1.3870        15.47
      1.3880        15.52
      1.3890        15.47
      1.3900        15.48
      1.3910        15.47
      1.3920        15.34
      1.3930        15.36
      1.3940        15.34
      1.3950        15.32
      1.3960        15.20
      1.3970        15.26
      1.3980        15.18
      1.3990        15.16
      1.4000        15.18
      1.4010        15.18
      1.4020        15.08
      1.4030        15.00
      1.4040        15.04
      1.4050        15.02
      1.4060        14.96
      1.4070        14.94
      1.4080        14.80
      1.4090        14.76
      1.4100        14.76
      1.4110        14.68
      1.4120        14.67
      1.4130        14.51
      1.4140        14.55
      1.4150        14.43
      1.4160        14.54
      1.4170        14.54
      1.4180        14.59
      1.4190        14.50
      1.4200        14.38
      1.4210        14.20
      1.4220        14.22
      1.4230        14.09
      1.4240        14.05
      1.4250        14.05
      1.4260        13.96
      1.4270        13.85
      1.4280        13.82
      1.4290        13.76
      1.4300        13.65
      1.4310        13.62
      1.4320        13.51
      1.4330        13.50
      1.4340        13.38
      1.4350        13.34
      1.4360        13.18
      1.4370        13.05
      1.4380        12.94
      1.4390        12.82
      1.4400        12.73
      1.4410        12.78
      1.4420        12.73
      1.4430        12.73
      1.4440        12.70
      1.4450        12.67
      1.4460        12.65
      1.4470        12.66
      1.4480        12.58
      1.4490        12.52
      1.4500        12.46
      1.4510        12.45
      1.4520        12.47
      1.4530        12.46
      1.4540        12.37
      1.4550        12.35
      1.4560        12.33
      1.4570        12.41
      1.4580        12.35
      1.4590        12.30
      1.4600        12.31
      1.4610        12.32
      1.4620        12.21
      1.4630        12.19
      1.4640        12.13
      1.4650        12.07
      1.4660        12.03
      1.4670        12.02
      1.4680        12.05
      1.4690        12.00
      1.4700        11.96
      1.4710        11.95
      1.4720        11.89
      1.4730        11.76
      1.4740        11.81
      1.4750        11.73
      1.4760        11.72
      1.4770        11.58
      1.4780        11.60
      1.4790        11.60
      1.4800        11.61
      1.4810        11.58
      1.4820        11.56
      1.4830        11.54
      1.4840        11.60
      1.4850        11.58
      1.4860        11.58
      1.4870        11.57
      1.4880        11.63
      1.4890        11.71
      1.4900        11.69
      1.4910        11.71
      1.4920        11.67
      1.4930        11.74
      1.4940        11.69
      1.4950        11.69
      1.4960        11.68
      1.4970        11.64
      1.4980        11.55
      1.4990        11.51
      1.5000        11.48
      1.5010        11.39
      1.5020        11.35
      1.5030        11.30
      1.5040        11.23
      1.5050        11.16
      1.5060        11.19
      1.5070        11.10
      1.5080        10.99
      1.5090        10.94
      1.5100        10.96
      1.5110        10.84
      1.5120        10.93
      1.5130        10.85
      1.5140        10.80
      1.5150        10.73
      1.5160        10.66
      1.5170        10.61
      1.5180        10.61
      1.5190        10.61
      1.5200        10.53
      1.5210        10.43
      1.5220        10.43
      1.5230        10.41
      1.5240        10.31
      1.5250        10.25
      1.5260        10.13
      1.5270        10.14
      1.5280        10.12
      1.5290        10.04
      1.5300         9.97
      1.5310         9.85
      1.5320         9.72
      1.5330         9.66
      1.5340         9.65
      1.5350         9.62
      1.5360         9.65
      1.5370         9.68
      1.5380         9.62
      1.5390         9.61
      1.5400         9.62
      1.5410         9.67
      1.5420         9.66
      1.5430         9.58
      1.5440         9.56
      1.5450         9.60
      1.5460         9.60
      1.5470         9.55
      1.5480         9.52
      1.5490         9.49
      1.5500         9.49
      1.5510         9.58
      1.5520         9.57
      1.5530         9.61
      1.5540         9.64
      1.5550         9.71
      1.5560         9.52
      1.5570         9.50
      1.5580         9.55
      1.5590         9.44
      1.5600         9.40
      1.5610         9.36
      1.5620         9.38
      1.5630         9.38
      1.5640         9.36
      1.5650         9.39
      1.5660         9.42
      1.5670         9.40
      1.5680         9.39
      1.5690         9.46
      1.5700         9.39
      1.5710         9.27
      1.5720         9.22
      1.5730         9.13
      1.5740         9.05
      1.5750         8.97
      1.5760         9.04
      1.5770         8.99
      1.5780         8.99
      1.5790         9.07
      1.5800         9.04
      1.5810         9.08
      1.5820         9.05
      1.5830         9.05
      1.5840         9.07
      1.5850         9.01
      1.5860         8.95
      1.5870         8.93
      1.5880         8.89
      1.5890         8.87
      1.5900         8.88
      1.5910         8.94
      1.5920         9.02
      1.5930         9.03
      1.5940         9.02
      1.5950         9.02
      1.5960         8.98
      1.5970         9.02
      1.5980         8.95
      1.5990         8.95
      1.6000         8.84
      1.6010         8.72
      1.6020         8.71
      1.6030         8.68
      1.6040         8.67
      1.6050         8.65
      1.6060         8.56
      1.6070         8.56
      1.6080         8.58
      1.6090         8.48
      1.6100         8.32
      1.6110         8.38
      1.6120         8.29
      1.6130         8.24
      1.6140         8.19
      1.6150         8.16
      1.6160         8.21
      1.6170         8.25
      1.6180         8.21
      1.6190         8.15
      1.6200         8.15
      1.6210         8.13
      1.6220         8.05
      1.6230         8.04
      1.6240         7.89
      1.6250         7.87
      1.6260         7.88
      1.6270         7.86
      1.6280         7.74
      1.6290         7.68
      1.6300         7.74
      1.6310         7.60
      1.6320         7.61
      1.6330         7.61
      1.6340         7.65
      1.6350         7.58
      1.6360         7.50
      1.6370         7.37
      1.6380         7.33
      1.6390         7.23
      1.6400         7.34
      1.6410         7.31
      1.6420         7.31
      1.6430         7.31
      1.6440         7.39
      1.6450         7.29
      1.6460         7.22
      1.6470         7.10
      1.6480         7.22
      1.6490         7.23
      1.6500         7.33
      1.6510         7.35
      1.6520         7.27
      1.6530         7.25
      1.6540         7.29
      1.6550         7.34
      1.6560         7.38
      1.6570         7.45
      1.6580         7.42
      1.6590         7.47
      1.6600         7.34
      1.6610         7.45
      1.6620         7.43
      1.6630         7.34
      1.6640         7.35
      1.6650         7.42
      1.6660         7.50
      1.6670         7.53
      1.6680         7.41
      1.6690         7.38
      1.6700         7.24
      1.6710         7.22
      1.6720         7.31
      1.6730         7.19
      1.6740         7.11
      1.6750         7.04
      1.6760         7.00
      1.6770         6.88
      1.6780         6.96
      1.6790         6.96
      1.6800         6.97
      1.6810         6.81
      1.6820         6.73
      1.6830         6.77
      1.6840         6.73
      1.6850         6.14
      1.6860         6.07
      1.6870         6.65
      1.6880         6.10
      1.6890         6.62
      1.6900         6.66
      1.6910         6.65
      1.6920         5.94
      1.6930         6.55
      1.6940         6.45
      1.6950         6.33
      1.6960         6.34
      1.6970         6.26
      1.6980         6.18
      1.6990         6.18
      1.7000         6.16
      1.7010         5.66
      1.7020         5.14
      1.7030         5.09
      1.7040         5.10
      1.7050         5.62
      1.7060         5.11
      1.7070         5.03
      1.7080         5.06
      1.7090         5.02
      1.7100         4.99
      1.7110         4.98
      1.7120         5.00
      1.7130         4.94
      1.7140         5.44
      1.7150         5.52
      1.7160         5.44
      1.7170         5.55
      1.7180         5.49
      1.7190         5.51
      1.7200         5.56
      1.7210         5.64
      1.7220         5.68
      1.7230         6.24
      1.7240         5.71
      1.7250         5.68
      1.7260         5.65
      1.7270         5.60
      1.7280         5.60
      1.7290         5.56
      1.7300         5.68
      1.7310         5.74
      1.7320         5.66
      1.7330         5.66
      1.7340         5.67
      1.7350         5.61
      1.7360         5.65
      1.7370         5.46
      1.7380         5.41
      1.7390         5.38
      1.7400         5.20
      1.7410         5.08
      1.7420         5.01
      1.7430         4.93
      1.7440         4.44
      1.7450         5.00
      1.7460         5.08
      1.7470         5.10
      1.7480         5.04
      1.7490         5.04
      1.7500         4.94
      1.7510         4.90
      1.7520         4.33
      1.7530         4.33
      1.7540         4.37
      1.7550         4.33
      1.7560         4.32
      1.7570         4.38
      1.7580         4.45
      1.7590         4.45
      1.7600         4.51
      1.7610         4.48
      1.7620         4.44
      1.7630         4.45
      1.7640         4.45
      1.7650         4.42
      1.7660         4.37
      1.7670         4.34
      1.7680         4.32
      1.7690         4.77
      1.7700         4.82
      1.7710         4.83
      1.7720         4.89
      1.7730         4.85
      1.7740         4.77
      1.7750         4.79
      1.7760         4.79
      1.7770         4.85
      1.7780         4.79
      1.7790         4.70
      1.7800         4.69
      1.7810         4.66
      1.7820         4.69
      1.7830         4.66
      1.7840         4.57
      1.7850         3.99
      1.7860         3.93
      1.7870         3.95
      1.7880         3.90
      1.7890         3.94
      1.7900         3.89
      1.7910         3.82
      1.7920         3.84
      1.7930         3.89
      1.7940         3.84
      1.7950         3.76
      1.7960         3.75
      1.7970         3.69
      1.7980         3.71
      1.7990         3.71
      1.8000         3.68
      1.8010         3.69
      1.8020         4.12
      1.8030         4.09
      1.8040         4.08
      1.8050         4.05
      1.8060         4.10
      1.8070         4.02
      1.8080         4.05
      1.8090         4.09
      1.8100         3.99
      1.8110         3.90
      1.8120         3.89
      1.8130         3.79
      1.8140         3.31
      1.8150         3.37
      1.8160         3.34
      1.8170         3.34
      1.8180         3.29
      1.8190         3.29
      1.8200         3.33
      1.8210         3.29
      1.8220         3.33
      1.8230         3.38
      1.8240         3.44
      1.8250         3.46
      1.8260         3.49
      1.8270         3.48
      1.8280         3.45
      1.8290         3.36
      1.8300         3.44
      1.8310         3.48
      1.8320         3.34
      1.8330         3.36
      1.8340         3.85
      1.8350         3.88
      1.8360         3.86
      1.8370         3.75
      1.8380         3.77
      1.8390         3.67
      1.8400         3.10
      1.8410         3.07
      1.8420         3.07
      1.8430         3.03
      1.8440         2.99
      1.8450         2.92
      1.8460         3.40
      1.8470         3.35
      1.8480         3.36
      1.8490         2.90
      1.8500         2.90
      1.8510         2.90
      1.8520         2.88
      1.8530         2.80
      1.8540         2.79
      1.8550         2.68
      1.8560         2.69
      1.8570         3.18
      1.8580         3.17
      1.8590         3.16
      1.8600         3.16
      1.8610         3.23
      1.8620         3.21
      1.8630         3.26
      1.8640         3.22
      1.8650         3.22
      1.8660         3.27
      1.8670         3.33
      1.8680         3.32
      1.8690         3.33
      1.8700         2.75
      1.8710         2.68
      1.8720         3.24
      1.8730         2.79
      1.8740         2.76
      1.8750         2.81
      1.8760         2.79
      1.8770         2.84
      1.8780         2.90
      1.8790         2.92
      1.8800         2.94
      1.8810         2.84
      1.8820         2.89
      1.8830         2.81
      1.8840         2.79
      1.8850         2.75
      1.8860         2.66
      1.8870         2.65
      1.8880         2.64
      1.8890         2.62
      1.8900         2.65
      1.8910         2.68
      1.8920         2.66
      1.8930         2.65
      1.8940         2.65
      1.8950         2.65
      1.8960         2.61
      1.8970         2.57
      1.8980         2.54
      1.8990         2.54
      1.9000         2.50
      1.9010         2.50
      1.9020         2.57
      1.9030         2.58
      1.9040         2.54
      1.9050         2.53
      1.9060         2.57
      1.9070         2.56
      1.9080         2.49
      1.9090         2.49
      1.9100         2.44
      1.9110         2.37
      1.9120         2.33
      1.9130         2.29
      1.9140         2.26
      1.9150         2.25
      1.9160         2.22
      1.9170         2.20
      1.9180         2.18
      1.9190         2.12
      1.9200         2.19
      1.9210         2.18
      1.9220         2.10
      1.9230         2.12
      1.9240         2.18
      1.9250         2.19
      1.9260         2.11
      1.9270         2.14
      1.9280         2.18
      1.9290         2.12
      1.9300         2.12
      1.9310         2.14
      1.9320         2.18
      1.9330         2.23
      1.9340         2.33
      1.9350         2.27
      1.9360         2.31
      1.9370         2.34
      1.9380         2.41
      1.9390         2.47
      1.9400         2.43
      1.9410         2.41
      1.9420         2.41
      1.9430         2.41
      1.9440         2.38
      1.9450         2.34
      1.9460         2.43
      1.9470         2.43
      1.9480         2.46
      1.9490         2.47
      1.9500         2.50
      1.9510         2.51
      1.9520         2.50
      1.9530         2.49
      1.9540         2.39
      1.9550         2.43
      1.9560         2.42
      1.9570         2.45
      1.9580         2.35
      1.9590         2.33
      1.9600         2.35
      1.9610         2.41
      1.9620         2.37
      1.9630         2.35
      1.9640         2.35
      1.9650         2.37
      1.9660         2.34
      1.9670         2.27
      1.9680         2.25
      1.9690         2.22
      1.9700         2.18
      1.9710         2.21
      1.9720         2.18
      1.9730         2.16
      1.9740         2.16
      1.9750         2.14
      1.9760         2.11
      1.9770         2.11
      1.9780         2.12
      1.9790         2.12
      1.9800         2.11
      1.9810         2.06
      1.9820         2.11
      1.9830         2.19
      1.9840         2.18
      1.9850         2.23
      1.9860         2.22
      1.9870         2.22
      1.9880         2.22
      1.9890         2.22
      1.9900         2.23
      1.9910         2.16
      1.9920         2.11
      1.9930         2.01
      1.9940         1.99
      1.9950         1.97
      1.9960         1.97
      1.9970         1.91
      1.9980         1.85
      1.9990         1.80
      2.0000         1.77
      2.0010         1.77
      2.0020         1.74
      2.0030         1.70
      2.0040         1.73
      2.0050         1.73
      2.0060         1.69
      2.0070         1.72
      2.0080         1.69
      2.0090         1.62
      2.0100         1.66
      2.0110         1.70
      2.0120         1.73
      2.0130         1.81
      2.0140         1.89
      2.0150         1.89
      2.0160         1.96
      2.0170         1.92
      2.0180         1.95
      2.0190         2.03
      2.0200         2.09
      2.0210         2.11
      2.0220         2.07
      2.0230         2.00
      2.0240         1.95
      2.0250         1.88
      2.0260         1.86
      2.0270         1.84
      2.0280         1.77
      2.0290         1.84
      2.0300         1.81
      2.0310         1.78
      2.0320         1.84
      2.0330         1.90
      2.0340         1.85
      2.0350         1.85
      2.0360         1.82
      2.0370         1.90
      2.0380         1.93
      2.0390         1.85
      2.0400         1.81
      2.0410         1.78
      2.0420         1.77
      2.0430         1.81
      2.0440         1.85
      2.0450         1.85
      2.0460         1.88
      2.0470         1.91
      2.0480         1.95
      2.0490         1.95
      2.0500         1.89
      2.0510         1.88
      2.0520         1.85
      2.0530         1.73
      2.0540         1.70
      2.0550         1.69
      2.0560         1.72
      2.0570         1.62
      2.0580         1.66
      2.0590         1.65
      2.0600         1.54
      2.0610         1.53
      2.0620         1.55
      2.0630         1.57
      2.0640         1.58
      2.0650         1.57
      2.0660         1.52
      2.0670         1.51
      2.0680         1.46
      2.0690         1.46
      2.0700         1.46
      2.0710         1.47
      2.0720         1.43
      2.0730         1.43
      2.0740         1.43
      2.0750         1.50
      2.0760         1.43
      2.0770         1.46
      2.0780         1.47
      2.0790         1.49
      2.0800         1.54
      2.0810         1.55
      2.0820         1.51
      2.0830         1.54
      2.0840         1.50
      2.0850         1.51
      2.0860         1.58
      2.0870         1.62
      2.0880         1.70
      2.0890         1.66
      2.0900         1.67
      2.0910         1.66
      2.0920         1.69
      2.0930         1.71
      2.0940         1.81
      2.0950         1.73
      2.0960         1.73
      2.0970         1.76
      2.0980         1.73
      2.0990         1.76
      2.1000         1.77
      2.1010         1.80
      2.1020         1.84
      2.1030         1.70
      2.1040         1.73
      2.1050         1.74
      2.1060         1.68
      2.1070         1.61
      2.1080         1.61
      2.1090         1.58
      2.1100         1.59
      2.1110         1.57
      2.1120         1.59
      2.1130         1.69
      2.1140         1.55
      2.1150         1.62
      2.1160         1.55
      2.1170         1.50
      2.1180         1.45
      2.1190         1.45
      2.1200         1.47
      2.1210         1.46
      2.1220         1.42
      2.1230         1.50
      2.1240         1.49
      2.1250         1.47
      2.1260         1.53
      2.1270         1.58
      2.1280         1.54
      2.1290         1.61
      2.1300         1.64
      2.1310         1.73
      2.1320         1.69
      2.1330         1.65
      2.1340         1.72
      2.1350         1.69
      2.1360         1.77
      2.1370         1.80
      2.1380         1.85
      2.1390         1.86
      2.1400         1.84
      2.1410         1.84
      2.1420         1.86
      2.1430         1.82
      2.1440         1.82
      2.1450         1.84
      2.1460         1.81
      2.1470         1.75
      2.1480         1.81
      2.1490         1.79
      2.1500         1.73
      2.1510         1.65
      2.1520         1.63
      2.1530         1.58
      2.1540         1.53
      2.1550         1.49
      2.1560         1.50
      2.1570         1.51
      2.1580         1.43
      2.1590         1.39
      2.1600         1.00
      2.1610         1.00
      2.1620         1.00
      2.1630         1.00
      2.1640         1.00
      2.1650         1.00
      2.1660         1.00
      2.1670         1.32
      2.1680         1.00
      2.1690         1.00
      2.1700         1.17
      2.1710         1.00
      2.1720         1.20
      2.1730         1.24
      2.1740         1.31
      2.1750         1.31
      2.1760         1.32
      2.1770         1.29
      2.1780         1.33
      2.1790         1.29
      2.1800         1.31
      2.1810         1.42
      2.1820         1.51
      2.1830         1.54
      2.1840         1.65
      2.1850         1.66
      2.1860         1.65
      2.1870         1.62
      2.1880         1.69
      2.1890         1.72
      2.1900         1.76
      2.1910         1.77
      2.1920         1.78
      2.1930         1.78
      2.1940         1.73
      2.1950         1.73
      2.1960         1.70
      2.1970         1.73
      2.1980         1.70
      2.1990         1.74
      2.2000         1.73
      2.2010         1.66
      2.2020         1.57
      2.2030         1.55
      2.2040         1.54
      2.2050         1.48
      2.2060         1.50
      2.2070         1.52
      2.2080         1.54
      2.2090         1.62
      2.2100         1.59
      2.2110         1.61
      2.2120         1.59
      2.2130         1.55
      2.2140         1.55
      2.2150         1.54
      2.2160         1.50
      2.2170         1.46
      2.2180         1.50
      2.2190         1.57
      2.2200         1.58
      2.2210         1.54
      2.2220         1.00
      2.2230         1.00
      2.2240         1.00
      2.2250         1.49
      2.2260         1.43
      2.2270         1.45
      2.2280         1.41
      2.2290         1.35
      2.2300         1.31
      2.2310         1.32
      2.2320         1.35
      2.2330         1.38
      2.2340         1.40
      2.2350         1.49
      2.2360         1.44
      2.2370         1.51
      2.2380         1.50
      2.2390         1.43
      2.2400         1.46
      2.2410         1.48
      2.2420         1.52
      2.2430         1.48
      2.2440         1.53
      2.2450         1.55
      2.2460         1.53
      2.2470         1.47
      2.2480         1.53
      2.2490         1.54
      2.2500         1.55
      2.2510         1.58
      2.2520         1.53
      2.2530         1.51
      2.2540         1.54
      2.2550         1.43
      2.2560         1.51
      2.2570         1.43
      2.2580         1.51
      2.2590         1.53
      2.2600         1.47
      2.2610         1.49
      2.2620         1.44
      2.2630         1.46
      2.2640         1.36
      2.2650         1.43
      2.2660         1.50
      2.2670         1.55
      2.2680         1.54
      2.2690         1.54
      2.2700         1.55
      2.2710         1.50
      2.2720         1.51
      2.2730         1.51
      2.2740         1.55
      2.2750         1.63
      2.2760         1.57
      2.2770         1.59
      2.2780         1.50
      2.2790         1.51
      2.2800         1.51
      2.2810         1.50
      2.2820         1.53
      2.2830         1.54
      2.2840         1.58
      2.2850         1.55
      2.2860         1.54
      2.2870         1.51
      2.2880         1.44
      2.2890         1.46
      2.2900         1.48
      2.2910         1.50
      2.2920         1.43
      2.2930         1.44
      2.2940         1.39
      2.2950         1.39
      2.2960         1.52
      2.2970         1.58
      2.2980         1.60
      2.2990         1.58
      2.3000         1.62
      2.3010         1.65
      2.3020         1.63
      2.3030         1.59
      2.3040         1.62
      2.3050         1.59
      2.3060         1.57
      2.3070         1.53
      2.3080         1.58
      2.3090         1.50
      2.3100         1.46
      2.3110         1.40
      2.3120         1.49
      2.3130         1.46
      2.3140         1.40
      2.3150         1.42
      2.3160         1.34
      2.3170         1.28
      2.3180         1.26
      2.3190         1.34
      2.3200         1.35
      2.3210         1.84
      2.3220         1.86
      2.3230         1.95
      2.3240         1.91
      2.3250         1.94
      2.3260         1.92
      2.3270         1.43
      2.3280         1.42
      2.3290         1.46
      2.3300         1.51
      2.3310         1.63
      2.3320         1.73
      2.3330         1.76
      2.3340         1.82
      2.3350         1.81
      2.3360         1.78
      2.3370         1.78
      2.3380         1.77
      2.3390         1.70
      2.3400         1.64
      2.3410         1.69
      2.3420         1.70
      2.3430         1.74
      2.3440         1.76
      2.3450         1.77
      2.3460         1.85
      2.3470         1.84
      2.3480         1.85
      2.3490         1.88
      2.3500         1.86
      2.3510         1.73
      2.3520         1.65
      2.3530         1.62
      2.3540         1.62
      2.3550         1.66
      2.3560         1.74
      2.3570         1.71
      2.3580         1.74
      2.3590         1.73
      2.3600         1.82
      2.3610         1.76
      2.3620         1.80
      2.3630         1.78
      2.3640         1.77
      2.3650         1.76
      2.3660         1.70
      2.3670         1.65
      2.3680         1.62
      2.3690         1.55
      2.3700         1.61
      2.3710         1.63
      2.3720         1.65
      2.3730         1.66
      2.3740         1.61
      2.3750         1.58
      2.3760         1.50
      2.3770         1.54
      2.3780         1.57
      2.3790         1.58
      2.3800         1.55
      2.3810         1.57
      2.3820         1.40
      2.3830         1.35
      2.3840         1.31
      2.3850         1.28
      2.3860         1.24
      2.3870         1.30
      2.3880         1.28
      2.3890         1.28
      2.3900         1.26
      2.3910         1.27
      2.3920         1.21
      2.3930         1.20
      2.3940         1.17
      2.3950         1.15
      2.3960         1.19
      2.3970         1.12
      2.3980         1.11
      2.3990         1.00
      2.4000         1.00
      2.4010         1.13
      2.4020         1.20
      2.4030         1.21
      2.4040         1.20
      2.4050         1.00
      2.4060         1.00
      2.4070         1.19
      2.4080         1.27
      2.4090         1.31
      2.4100         1.29
      2.4110         1.32
      2.4120         1.35
      2.4130         1.36
      2.4140         1.44
      2.4150         1.46
      2.4160         1.43
      2.4170         1.50
      2.4180         1.49
      2.4190         1.51
      2.4200         1.51
      2.4210         1.50
      2.4220         1.55
      2.4230         1.55
      2.4240         1.64
      2.4250         1.66
      2.4260         1.73
      2.4270         1.69
      2.4280         1.66
      2.4290         1.61
      2.4300         1.66
      2.4310         1.65
      2.4320         1.63
      2.4330         1.66
      2.4340         1.65
      2.4350         1.59
      2.4360         1.58
      2.4370         1.61
      2.4380         1.65
      2.4390         1.59
      2.4400         1.59
      2.4410         1.66
      2.4420         1.63
      2.4430         1.57
      2.4440         1.55
      2.4450         1.55
      2.4460         1.46
      2.4470         1.47
      2.4480         1.46
      2.4490         1.53
      2.4500         1.39
      2.4510         1.34
      2.4520         1.36
      2.4530         1.31
      2.4540         1.00
      2.4550         1.00
      2.4560         1.30
      2.4570         1.22
      2.4580         1.17
      2.4590         1.00
      2.4600         1.00
      2.4610         1.00
      2.4620         1.00
      2.4630         1.12
      2.4640         1.13
      2.4650         1.13
      2.4660         1.19
      2.4670         1.20
      2.4680         1.21
      2.4690         1.16
      2.4700         1.24
      2.4710         1.31
      2.4720         1.28
      2.4730         1.34
      2.4740         1.38
      2.4750         1.32
      2.4760         1.41
      2.4770         1.46
      2.4780         1.46
      2.4790         1.47
      2.4800         1.55
      2.4810         1.62
      2.4820         1.54
      2.4830         1.55
      2.4840         1.49
      2.4850         1.47
      2.4860         1.43
      2.4870         1.34
      2.4880         1.30
      2.4890         1.30
      2.4900         1.23
      2.4910         1.20
      2.4920         1.24
      2.4930         1.20
      2.4940         1.23
      2.4950         1.23
      2.4960         1.24
      2.4970         1.23
      2.4980         1.23
      2.4990         1.21
      2.5000         1.19
      2.5010         1.19
      2.5020         1.25
      2.5030         1.24
      2.5040         1.24
      2.5050         1.27
      2.5060         1.32
      2.5070         1.32
      2.5080         1.34
      2.5090         1.39
      2.5100         1.46
      2.5110         1.49
      2.5120         1.42
      2.5130         1.42
      2.5140         1.39
      2.5150         1.45
      2.5160         1.43
      2.5170         1.46
      2.5180         1.45
      2.5190         1.43
      2.5200         1.42
      2.5210         1.43
      2.5220         1.39
      2.5230         1.35
      2.5240         1.38
      2.5250         1.32
      2.5260         1.31
      2.5270         1.34
      2.5280         1.35
      2.5290         1.41
      2.5300         1.39
      2.5310         1.00
      2.5320         1.36
      2.5330         1.34
      2.5340         1.00
      2.5350         1.00
      2.5360         1.39
      2.5370         1.43
      2.5380         1.43
      2.5390         1.43
      2.5400         1.47
      2.5410         1.47
      2.5420         1.50
      2.5430         1.46
      2.5440         1.50
      2.5450         1.53
      2.5460         1.54
      2.5470         1.57
      2.5480         1.49
      2.5490         1.39
      2.5500         1.40
      2.5510         1.47
      2.5520         1.48
      2.5530         1.50
      2.5540         1.47
      2.5550         1.43
      2.5560         1.44
      2.5570         1.43
      2.5580         1.49
      2.5590         1.50
      2.5600         1.42
      2.5610         1.43
      2.5620         1.43
      2.5630         1.58
      2.5640         1.51
      2.5650         1.54
      2.5660         1.53
      2.5670         1.58
      2.5680         1.63
      2.5690         1.65
      2.5700         1.63
      2.5710         1.66
      2.5720         1.67
      2.5730         1.77
      2.5740         1.77
      2.5750         1.77
      2.5760         1.69
      2.5770         1.66
      2.5780         1.65
      2.5790         1.63
      2.5800         1.71
      2.5810         1.65
      2.5820         1.70
      2.5830         1.62
      2.5840         1.71
      2.5850         1.73
      2.5860         1.73
      2.5870         1.67
      2.5880         1.72
      2.5890         1.76
      2.5900         1.78
      2.5910         1.73
      2.5920         1.76
      2.5930         1.73
      2.5940         1.77
      2.5950         1.77
      2.5960         1.78
      2.5970         1.81
      2.5980         1.78
      2.5990         1.80
      2.6000         1.80
      2.6010         1.89
      2.6020         1.85
      2.6030         1.82
      2.6040         1.81
      2.6050         1.81
      2.6060         1.80
      2.6070         1.74
      2.6080         1.65
      2.6090         1.62
      2.6100         1.54
      2.6110         1.59
      2.6120         1.61
      2.6130         1.58
      2.6140         1.55
      2.6150         1.57
      2.6160         1.59
      2.6170         1.53
      2.6180         1.50
      2.6190         1.44
      2.6200         1.43
      2.6210         1.40
      2.6220         1.44
      2.6230         1.48
      2.6240         1.43
      2.6250         1.42
      2.6260         1.44
      2.6270         1.50
      2.6280         1.59
      2.6290         1.63
      2.6300         1.66
      2.6310         1.56
      2.6320         1.52
      2.6330         1.47
      2.6340         1.39
      2.6350         1.36
      2.6360         1.33
      2.6370         1.36
      2.6380         1.35
      2.6390         1.39
      2.6400         1.33
      2.6410         1.33
      2.6420         1.36
      2.6430         1.36
      2.6440         1.40
      2.6450         1.40
      2.6460         1.39
      2.6470         1.39
      2.6480         1.43
      2.6490         1.42
      2.6500         1.39
      2.6510         1.42
      2.6520         1.40
      2.6530         1.38
      2.6540         1.53
      2.6550         1.54
      2.6560         1.54
      2.6570         1.55
      2.6580         1.58
      2.6590         1.51
      2.6600         1.54
      2.6610         1.55
      2.6620         1.47
      2.6630         1.45
      2.6640         1.38
      2.6650         1.36
      2.6660         1.38
      2.6670         1.42
      2.6680         1.36
      2.6690         1.35
      2.6700         1.41
      2.6710         1.41
      2.6720         1.39
      2.6730         1.47
      2.6740         1.00
      2.6750         1.00
      2.6760         1.00
      2.6770         1.53
      2.6780         1.57
      2.6790         1.65
      2.6800         1.65
      2.6810         1.62
      2.6820         1.65
      2.6830         1.68
      2.6840         1.68
      2.6850         1.62
      2.6860         1.59
      2.6870         1.50
      2.6880         1.46
      2.6890         1.46
      2.6900         1.42
      2.6910         1.43
      2.6920         1.40
      2.6930         1.39
      2.6940         1.42
      2.6950         1.50
      2.6960         1.44
      2.6970         1.38
      2.6980         1.34
      2.6990         1.31
      2.7000         1.32
      2.7010         1.31
      2.7020         1.30
      2.7030         1.00
      2.7040         1.00
      2.7050         1.00
      2.7060         1.00
      2.7070         1.00
      2.7080         1.00
      2.7090         1.00
      2.7100         1.00
      2.7110         1.00
      2.7120         1.47
      2.7130         1.45
      2.7140         1.00
      2.7150         1.32
      2.7160         1.27
      2.7170         1.21
      2.7180         1.24
      2.7190         1.25
      2.7200         1.23
      2.7210         1.23
      2.7220         1.00
      2.7230         1.00
      2.7240         1.00
      2.7250         1.00
      2.7260         1.35
      2.7270         1.31
      2.7280         1.00
      2.7290         1.25
      2.7300         1.27
      2.7310         1.27
      2.7320         1.16
      2.7330         1.17
      2.7340         1.17
      2.7350         1.12
      2.7360         1.13
      2.7370         1.19
      2.7380         1.17
      2.7390         1.19
      2.7400         1.15
      2.7410         1.17
      2.7420         1.00
      2.7430         1.00
      2.7440         1.00
      2.7450         1.00
      2.7460         1.26
      2.7470         1.24
      2.7480         1.30
      2.7490         1.27
      2.7500         1.28
      2.7510         1.23
      2.7520         1.27
      2.7530         1.21
      2.7540         1.28
      2.7550         1.31
      2.7560         1.35
      2.7570         1.29
      2.7580         1.32
      2.7590         1.33
      2.7600         1.34
      2.7610         1.28
      2.7620         1.34
      2.7630         1.31
      2.7640         1.32
      2.7650         1.31
      2.7660         1.31
      2.7670         1.35
      2.7680         1.36
      2.7690         1.32
      2.7700         1.28
      2.7710         1.35
      2.7720         1.32
      2.7730         1.35
      2.7740         1.35
      2.7750         1.34
      2.7760         1.28
      2.7770         1.36
      2.7780         1.33
      2.7790         1.29
      2.7800         1.40
      2.7810         1.40
      2.7820         1.35
      2.7830         1.37
      2.7840         1.40
      2.7850         1.39
      2.7860         1.36
      2.7870         1.31
      2.7880         1.28
      2.7890         1.33
      2.7900         1.31
      2.7910         1.24
      2.7920         1.35
      2.7930         1.36
      2.7940         1.28
      2.7950         1.30
      2.7960         1.36
      2.7970         1.32
      2.7980         1.34
      2.7990         1.31
      2.8000         1.30
      2.8010         1.26
      2.8020         1.32
      2.8030         1.21
      2.8040         1.12
      2.8050         1.15
      2.8060         1.11
      2.8070         1.13
      2.8080         1.20
      2.8090         1.16
      2.8100         1.12
      2.8110         1.20
      2.8120         1.16
      2.8130         1.16
      2.8140         1.24
      2.8150         1.27
      2.8160         1.29
      2.8170         1.38
      2.8180         1.39
      2.8190         1.47
      2.8200         1.44
      2.8210         1.50
      2.8220         1.40
      2.8230         1.49
      2.8240         1.51
      2.8250         1.46
      2.8260         1.51
      2.8270         1.55
      2.8280         1.51
      2.8290         1.55
      2.8300         1.61
      2.8310         1.59
      2.8320         1.59
      2.8330         1.58
      2.8340         1.57
      2.8350         1.57
      2.8360         1.48
      2.8370         1.36
      2.8380         1.31
      2.8390         1.25
      2.8400         1.28
      2.8410         1.28
      2.8420         1.31
      2.8430         1.38
      2.8440         1.40
      2.8450         1.51
      2.8460         1.53
      2.8470         1.47
      2.8480         1.46
      2.8490         1.38
      2.8500         1.38
      2.8510         1.41
      2.8520         1.46
      2.8530         1.53
      2.8540         1.54
      2.8550         1.51
      2.8560         1.55
      2.8570         1.61
      2.8580         1.54
      2.8590         1.58
      2.8600         1.51
      2.8610         1.46
      2.8620         1.44
      2.8630         1.34
      2.8640         1.28
      2.8650         1.19
      2.8660         1.13
      2.8670         1.17
      2.8680         1.20
      2.8690         1.23
      2.8700         1.21
      2.8710         1.00
      2.8720         1.17
      2.8730         1.12
      2.8740         1.08
      2.8750         1.05
      2.8760         1.00
      2.8770         1.00
      2.8780         1.02
      2.8790         1.00
      2.8800         1.00
      2.8810         1.00
      2.8820         1.00
      2.8830         1.13
      2.8840         1.12
      2.8850         1.00
      2.8860         1.15
      2.8870         1.12
      2.8880         1.13
      2.8890         1.15
      2.8900         1.20
      2.8910         1.19
      2.8920         1.09
      2.8930         1.13
      2.8940         1.23
      2.8950         1.24
      2.8960         1.23
      2.8970         1.31
      2.8980         1.32
      2.8990         1.28
      2.9000         1.35
      2.9010         1.40
      2.9020         1.40
      2.9030         1.44
      2.9040         1.53
      2.9050         1.57
      2.9060         1.61
      2.9070         1.66
      2.9080         1.65
      2.9090         1.66
      2.9100         1.68
      2.9110         1.72
      2.9120         1.69
      2.9130         1.69
      2.9140         1.63
      2.9150         1.66
      2.9160         1.67
      2.9170         1.66
      2.9180         1.62
      2.9190         1.63
      2.9200         1.61
      2.9210         1.58
      2.9220         1.59
      2.9230         1.57
      2.9240         1.55
      2.9250         1.59
      2.9260         1.59
      2.9270         1.58
      2.9280         1.65
      2.9290         1.71
      2.9300         1.73
      2.9310         1.77
      2.9320         1.80
      2.9330         1.77
      2.9340         1.74
      2.9350         1.72
      2.9360         1.73
      2.9370         1.67
      2.9380         1.73
      2.9390         1.74
      2.9400         1.80
      2.9410         1.77
      2.9420         1.73
      2.9430         1.80
      2.9440         1.76
      2.9450         1.73
      2.9460         1.74
      2.9470         1.73
      2.9480         1.66
      2.9490         1.51
      2.9500         1.39
      2.9510         1.30
      2.9520         1.24
      2.9530         1.24
      2.9540         1.23
      2.9550         1.23
      2.9560         1.28
      2.9570         1.31
      2.9580         1.31
      2.9590         1.31
      2.9600         1.31
      2.9610         1.32
      2.9620         1.30
      2.9630         1.26
      2.9640         1.24
      2.9650         1.00
      2.9660         1.00
      2.9670         1.00
      2.9680         1.00
      2.9690         1.00
      2.9700         1.00
      2.9710         1.00
      2.9720         1.00
      2.9730         1.00
      2.9740         1.00
      2.9750         1.32
      2.9760         1.00
      2.9770         1.00
      2.9780         1.00
      2.9790         1.15
      2.9800         1.08
      2.9810         1.00
      2.9820         1.00
      2.9830         1.00
      2.9840         1.00
      2.9850         1.02
      2.9860         1.08
      2.9870         1.11
      2.9880         1.12
      2.9890         1.00
      2.9900         1.00
      2.9910         1.00
      2.9920         1.00
      2.9930         1.13
      2.9940         1.00
      2.9950         1.00
      2.9960         1.00
      2.9970         1.00
      2.9980         1.00
      2.9990         1.00
