        Time   Palpation Force
      0.0000         1.00
      0.0010         1.00
      0.0020         1.00
      0.0030         1.00
      0.0040         1.00
      0.0050         1.00
      0.0060         1.00
      0.0070         1.00
      0.0080         1.00
      0.0090         1.00
      0.0100         1.00
      0.0110         1.00
      0.0120         1.00
      0.0130         1.00
      0.0140         1.00
      0.0150         1.00
      0.0160         1.00
      0.0170         1.00
      0.0180         1.00
      0.0190         1.00
      0.0200         1.00
      0.0210         1.20
      0.0220         1.00
      0.0230         1.00
      0.0240         1.00
      0.0250         1.00
      0.0260         1.00
      0.0270         1.00
      0.0280         1.00
      0.0290         1.00
      0.0300         1.28
      0.0310         1.30
      0.0320         1.34
      0.0330         1.30
      0.0340         1.31
      0.0350         1.28
      0.0360         1.28
      0.0370         1.32
      0.0380         1.38
      0.0390         1.39
      0.0400         1.38
      0.0410         1.35
      0.0420         1.32
      0.0430         1.34
      0.0440         1.34
      0.0450         1.28
      0.0460         1.28
      0.0470         1.28
      0.0480         1.35
      0.0490         1.32
      0.0500         1.34
      0.0510         1.27
      0.0520         1.24
      0.0530         1.23
      0.0540         1.19
      0.0550         1.24
      0.0560         1.25
      0.0570         1.21
      0.0580         1.13
      0.0590         1.15
      0.0600         1.16
      0.0610         1.15
      0.0620         1.21
      0.0630         1.24
      0.0640         1.29
      0.0650         1.31
      0.0660         1.38
      0.0670         1.42
      0.0680         1.35
      0.0690         1.35
      0.0700         1.32
      0.0710         1.35
      0.0720         1.38
      0.0730         1.39
      0.0740         1.46
      0.0750         1.43
      0.0760         1.42
      0.0770         1.44
      0.0780         1.46
      0.0790         1.40
      0.0800         1.42
      0.0810         1.42
      0.0820         1.39
      0.0830         1.31
      0.0840         1.29
      0.0850         1.28
      0.0860         1.17
      0.0870         1.00
      0.0880         1.00
      0.0890         1.00
      0.0900         1.00
      0.0910         1.00
      0.0920         1.00
      0.0930         1.00
      0.0940         1.00
      0.0950         1.00
      0.0960         1.00
      0.0970         1.00
      0.0980         1.00
      0.0990         1.00
      0.1000         1.00
      0.1010         1.00
      0.1020         1.00
      0.1030         1.00
      0.1040         1.00
      0.1050         1.00
      0.1060         1.00
      0.1070         1.00
      0.1080         1.00
      0.1090         1.00
      0.1100         1.00
      0.1110         1.00
      0.1120         1.00
      0.1130         1.07
      0.1140         1.13
      0.1150         1.00
      0.1160         1.00
      0.1170         1.09
      0.1180         1.00
      0.1190         1.00
      0.1200         1.00
      0.1210         1.00
      0.1220         1.00
      0.1230         1.16
      0.1240         1.00
      0.1250         1.00
      0.1260         1.00
      0.1270         1.00
      0.1280         1.00
      0.1290         1.00
      0.1300         1.09
      0.1310         1.12
      0.1320         1.15
      0.1330         1.15
      0.1340         1.11
      0.1350         1.16
      0.1360         1.16
      0.1370         1.20
      0.1380         1.00
      0.1390         1.31
      0.1400         1.00
      0.1410         1.27
      0.1420         1.25
      0.1430         1.27
      0.1440         1.35
      0.1450         1.36
      0.1460         1.31
      0.1470         1.31
      0.1480         1.23
      0.1490         1.00
      0.1500         1.00
      0.1510         1.00
      0.1520         1.00
      0.1530         1.00
      0.1540         1.36
      0.1550         1.00
      0.1560         1.00
      0.1570         1.00
      0.1580         1.00
      0.1590         1.00
      0.1600         1.00
      0.1610         1.23
      0.1620         1.27
      0.1630         1.23
      0.1640         1.20
      0.1650         1.21
      0.1660         1.24
      0.1670         1.17
      0.1680         1.21
      0.1690         1.24
      0.1700         1.25
      0.1710         1.36
      0.1720         1.42
      0.1730         1.38
      0.1740         1.35
      0.1750         1.40
      0.1760         1.47
      0.1770         1.54
      0.1780         1.56
      0.1790         1.51
      0.1800         1.54
      0.1810         1.46
      0.1820         1.41
      0.1830         1.31
      0.1840         1.28
      0.1850         1.28
      0.1860         1.25
      0.1870         1.27
      0.1880         1.31
      0.1890         1.30
      0.1900         1.23
      0.1910         1.19
      0.1920         1.15
      0.1930         1.23
      0.1940         1.25
      0.1950         1.24
      0.1960         1.19
      0.1970         1.19
      0.1980         1.12
      0.1990         1.00
      0.2000         1.13
      0.2010         1.19
      0.2020         1.21
      0.2030         1.34
      0.2040         1.40
      0.2050         1.40
      0.2060         1.44
      0.2070         1.50
      0.2080         1.47
      0.2090         1.47
      0.2100         1.51
      0.2110         1.50
      0.2120         1.51
      0.2130         1.48
      0.2140         1.44
      0.2150         1.47
      0.2160         1.46
      0.2170         1.42
      0.2180         1.44
      0.2190         1.47
      0.2200         1.44
      0.2210         1.42
      0.2220         1.35
      0.2230         1.38
      0.2240         1.32
      0.2250         1.28
      0.2260         1.28
      0.2270         1.26
      0.2280         1.27
      0.2290         1.25
      0.2300         1.31
      0.2310         1.25
      0.2320         1.24
      0.2330         1.27
      0.2340         1.24
      0.2350         1.17
      0.2360         1.23
      0.2370         1.25
      0.2380         1.00
      0.2390         1.00
      0.2400         1.00
      0.2410         1.00
      0.2420         1.28
      0.2430         1.20
      0.2440         1.20
      0.2450         1.27
      0.2460         1.25
      0.2470         1.25
      0.2480         1.27
      0.2490         1.30
      0.2500         1.16
      0.2510         1.20
      0.2520         1.23
      0.2530         1.19
      0.2540         1.13
      0.2550         1.17
      0.2560         1.00
      0.2570         1.13
      0.2580         1.00
      0.2590         1.12
      0.2600         1.13
      0.2610         1.15
      0.2620         1.15
      0.2630         1.17
      0.2640         1.00
      0.2650         1.00
      0.2660         1.00
      0.2670         1.00
      0.2680         1.00
      0.2690         1.00
      0.2700         1.00
      0.2710         1.00
      0.2720         1.00
      0.2730         1.00
      0.2740         1.29
      0.2750         1.28
      0.2760         1.29
      0.2770         1.29
      0.2780         1.38
      0.2790         1.43
      0.2800         1.40
      0.2810         1.43
      0.2820         1.44
      0.2830         1.42
      0.2840         1.42
      0.2850         1.36
      0.2860         1.32
      0.2870         1.32
      0.2880         1.34
      0.2890         1.34
      0.2900         1.32
      0.2910         1.34
      0.2920         1.28
      0.2930         1.31
      0.2940         1.32
      0.2950         1.35
      0.2960         1.41
      0.2970         1.43
      0.2980         1.40
      0.2990         1.33
      0.3000         1.33
      0.3010         1.28
      0.3020         1.27
      0.3030         1.29
      0.3040         1.35
      0.3050         1.36
      0.3060         1.36
      0.3070         1.38
      0.3080         1.43
      0.3090         1.44
      0.3100         1.42
      0.3110         1.38
      0.3120         1.43
      0.3130         1.41
      0.3140         1.30
      0.3150         1.27
      0.3160         1.00
      0.3170         1.19
      0.3180         1.00
      0.3190         1.09
      0.3200         1.11
      0.3210         1.12
      0.3220         1.13
      0.3230         1.13
      0.3240         1.12
      0.3250         1.00
      0.3260         1.00
      0.3270         1.09
      0.3280         1.00
      0.3290         1.00
      0.3300         1.00
      0.3310         1.00
      0.3320         1.15
      0.3330         1.20
      0.3340         1.28
      0.3350         1.28
      0.3360         1.32
      0.3370         1.31
      0.3380         1.40
      0.3390         1.43
      0.3400         1.46
      0.3410         1.51
      0.3420         1.50
      0.3430         1.52
      0.3440         1.57
      0.3450         1.57
      0.3460         1.63
      0.3470         1.61
      0.3480         1.58
      0.3490         1.58
      0.3500         1.52
      0.3510         1.51
      0.3520         1.39
      0.3530         1.36
      0.3540         1.29
      0.3550         1.32
      0.3560         1.33
      0.3570         1.00
      0.3580         1.00
      0.3590         1.00
      0.3600         1.00
      0.3610         1.13
      0.3620         1.21
      0.3630         1.16
      0.3640         1.16
      0.3650         1.23
      0.3660         1.24
      0.3670         1.20
      0.3680         1.28
      0.3690         1.32
      0.3700         1.31
      0.3710         1.35
      0.3720         1.40
      0.3730         1.36
      0.3740         1.48
      0.3750         1.47
      0.3760         1.44
      0.3770         1.46
      0.3780         1.46
      0.3790         1.47
      0.3800         1.46
      0.3810         2.00
      0.3820         1.87
      0.3830         1.93
      0.3840         1.85
      0.3850         1.85
      0.3860         1.85
      0.3870         1.83
      0.3880         1.79
      0.3890         1.71
      0.3900         1.15
      0.3910         1.15
      0.3920         1.13
      0.3930         1.15
      0.3940         1.01
      0.3950         1.00
      0.3960         1.00
      0.3970         1.00
      0.3980         1.00
      0.3990         1.00
      0.4000         1.00
      0.4010         1.00
      0.4020         1.12
      0.4030         1.11
      0.4040         1.11
      0.4050         1.08
      0.4060         1.00
      0.4070         1.00
      0.4080         1.00
      0.4090         1.00
      0.4100         1.00
      0.4110         1.00
      0.4120         1.00
      0.4130         1.00
      0.4140         1.00
      0.4150         1.00
      0.4160         1.00
      0.4170         1.00
      0.4180         1.00
      0.4190         1.00
      0.4200         1.00
      0.4210         1.00
      0.4220         1.11
      0.4230         1.11
      0.4240         1.12
      0.4250         1.15
      0.4260         1.24
      0.4270         1.23
      0.4280         1.28
      0.4290         1.32
      0.4300         1.31
      0.4310         1.29
      0.4320         1.00
      0.4330         1.00
      0.4340         1.29
      0.4350         1.25
      0.4360         1.25
      0.4370         1.00
      0.4380         1.00
      0.4390         1.00
      0.4400         1.20
      0.4410         1.25
      0.4420         1.76
      0.4430         1.75
      0.4440         1.77
      0.4450         1.28
      0.4460         1.25
      0.4470         1.28
      0.4480         1.23
      0.4490         1.28
      0.4500         1.29
      0.4510         1.29
      0.4520         1.24
      0.4530         1.21
      0.4540         1.28
      0.4550         1.23
      0.4560         1.27
      0.4570         1.29
      0.4580         1.29
      0.4590         1.28
      0.4600         1.27
      0.4610         1.20
      0.4620         1.21
      0.4630         1.27
      0.4640         1.25
      0.4650         1.00
      0.4660         1.00
      0.4670         1.00
      0.4680         1.00
      0.4690         1.00
      0.4700         1.23
      0.4710         1.24
      0.4720         1.20
      0.4730         1.12
      0.4740         1.09
      0.4750         1.17
      0.4760         1.17
      0.4770         1.00
      0.4780         1.17
      0.4790         1.19
      0.4800         1.00
      0.4810         1.16
      0.4820         1.20
      0.4830         1.19
      0.4840         1.20
      0.4850         1.19
      0.4860         1.23
      0.4870         1.20
      0.4880         1.00
      0.4890         1.17
      0.4900         1.16
      0.4910         1.12
      0.4920         1.05
      0.4930         1.13
      0.4940         1.16
      0.4950         1.15
      0.4960         1.13
      0.4970         1.17
      0.4980         1.00
      0.4990         1.00
      0.5000         1.00
      0.5010         1.00
      0.5020         1.00
      0.5030         1.00
      0.5040         1.00
      0.5050         1.07
      0.5060         1.00
      0.5070         1.00
      0.5080         1.00
      0.5090         1.04
      0.5100         1.00
      0.5110         1.05
      0.5120         1.13
      0.5130         1.08
      0.5140         1.00
      0.5150         1.00
      0.5160         1.00
      0.5170         1.00
      0.5180         1.00
      0.5190         1.07
      0.5200         1.07
      0.5210         1.00
      0.5220         1.11
      0.5230         1.13
      0.5240         1.12
      0.5250         1.00
      0.5260         1.00
      0.5270         1.10
      0.5280         1.61
      0.5290         1.05
      0.5300         1.61
      0.5310         1.22
      0.5320         1.21
      0.5330         1.75
      0.5340         1.82
      0.5350         1.87
      0.5360         1.79
      0.5370         1.33
      0.5380         1.36
      0.5390         1.42
      0.5400         1.00
      0.5410         1.00
      0.5420         1.00
      0.5430         1.00
      0.5440         1.00
      0.5450         1.34
      0.5460         1.43
      0.5470         1.39
      0.5480         1.36
      0.5490         1.40
      0.5500         1.32
      0.5510         1.32
      0.5520         1.35
      0.5530         1.40
      0.5540         1.43
      0.5550         1.50
      0.5560         1.50
      0.5570         1.54
      0.5580         1.55
      0.5590         1.55
      0.5600         2.15
      0.5610         2.15
      0.5620         2.18
      0.5630         2.22
      0.5640         2.25
      0.5650         1.80
      0.5660         2.41
      0.5670         1.95
      0.5680         2.05
      0.5690         2.09
      0.5700         2.15
      0.5710         2.22
      0.5720         2.24
      0.5730         2.24
      0.5740         2.26
      0.5750         2.82
      0.5760         3.41
      0.5770         3.54
      0.5780         3.62
      0.5790         3.77
      0.5800         3.26
      0.5810         3.93
      0.5820         4.10
      0.5830         4.20
      0.5840         4.41
      0.5850         4.44
      0.5860         4.44
      0.5870         4.49
      0.5880         4.60
      0.5890         4.66
      0.5900         4.76
      0.5910         4.77
      0.5920         4.83
      0.5930         4.81
      0.5940         4.83
      0.5950         4.84
      0.5960         4.87
      0.5970         4.88
      0.5980         4.94
      0.5990         5.00
      0.6000         5.15
      0.6010         5.08
      0.6020         5.08
      0.6030         5.11
      0.6040         5.13
      0.6050         5.26
      0.6060         5.34
      0.6070         5.43
      0.6080         5.45
      0.6090         5.51
      0.6100         5.64
      0.6110         5.83
      0.6120         5.89
      0.6130         5.94
      0.6140         6.03
      0.6150         6.06
      0.6160         6.14
      0.6170         6.21
      0.6180         6.23
      0.6190         6.26
      0.6200         6.33
      0.6210         6.41
      0.6220         6.41
      0.6230         6.52
      0.6240         6.57
      0.6250         6.60
      0.6260         6.62
      0.6270         6.73
      0.6280         6.78
      0.6290         6.84
      0.6300         6.81
      0.6310         6.75
      0.6320         6.83
      0.6330         6.99
      0.6340         7.07
      0.6350         7.14
      0.6360         7.24
      0.6370         7.36
      0.6380         7.54
      0.6390         7.62
      0.6400         7.75
      0.6410         7.81
      0.6420         7.84
      0.6430         8.03
      0.6440         8.13
      0.6450         8.23
      0.6460         8.32
      0.6470         8.39
      0.6480         8.53
      0.6490         8.64
      0.6500         8.85
      0.6510         9.03
      0.6520         9.11
      0.6530         9.07
      0.6540         9.08
      0.6550         9.23
      0.6560         9.19
      0.6570         9.21
      0.6580         9.19
      0.6590         9.27
      0.6600         9.33
      0.6610         9.44
      0.6620         9.64
      0.6630         9.69
      0.6640         9.71
      0.6650         9.85
      0.6660         9.95
      0.6670        10.07
      0.6680        10.15
      0.6690        10.24
      0.6700        10.21
      0.6710        10.23
      0.6720        10.31
      0.6730        10.50
      0.6740        10.66
      0.6750        10.67
      0.6760        10.82
      0.6770        10.99
      0.6780        11.05
      0.6790        11.09
      0.6800        11.21
      0.6810        11.35
      0.6820        11.41
      0.6830        11.45
      0.6840        11.60
      0.6850        11.72
      0.6860        11.80
      0.6870        11.87
      0.6880        12.07
      0.6890        12.15
      0.6900        12.33
      0.6910        12.56
      0.6920        12.72
      0.6930        12.84
      0.6940        13.07
      0.6950        13.21
      0.6960        13.43
      0.6970        13.52
      0.6980        13.83
      0.6990        13.97
      0.7000        14.08
      0.7010        14.21
      0.7020        14.44
      0.7030        14.63
      0.7040        14.72
      0.7050        14.82
      0.7060        15.01
      0.7070        15.19
      0.7080        15.23
      0.7090        15.37
      0.7100        15.46
      0.7110        15.47
      0.7120        15.63
      0.7130        15.72
      0.7140        15.85
      0.7150        15.98
      0.7160        16.13
      0.7170        16.34
      0.7180        16.37
      0.7190        16.56
      0.7200        16.61
      0.7210        16.84
      0.7220        16.91
      0.7230        17.03
      0.7240        17.28
      0.7250        17.42
      0.7260        17.59
      0.7270        17.66
      0.7280        17.78
      0.7290        17.86
      0.7300        17.97
      0.7310        18.18
      0.7320        18.26
      0.7330        18.44
      0.7340        18.44
      0.7350        18.65
      0.7360        18.72
      0.7370        18.77
      0.7380        18.94
      0.7390        18.93
      0.7400        19.02
      0.7410        19.05
      0.7420        19.06
      0.7430        19.17
      0.7440        19.27
      0.7450        19.36
      0.7460        19.36
      0.7470        19.51
      0.7480        19.60
      0.7490        19.83
      0.7500        19.90
      0.7510        19.99
      0.7520        20.14
      0.7530        20.25
      0.7540        20.35
      0.7550        20.39
      0.7560        20.53
      0.7570        20.61
      0.7580        20.65
      0.7590        20.82
      0.7600        21.00
      0.7610        21.09
      0.7620        21.32
      0.7630        21.40
      0.7640        21.39
      0.7650        21.48
      0.7660        21.66
      0.7670        21.71
      0.7680        21.82
      0.7690        21.86
      0.7700        21.97
      0.7710        21.99
      0.7720        22.12
      0.7730        22.18
      0.7740        22.26
      0.7750        22.48
      0.7760        22.52
      0.7770        22.59
      0.7780        22.75
      0.7790        22.95
      0.7800        22.99
      0.7810        23.11
      0.7820        23.22
      0.7830        23.39
      0.7840        23.58
      0.7850        23.75
      0.7860        23.76
      0.7870        23.85
      0.7880        24.01
      0.7890        24.11
      0.7900        24.22
      0.7910        24.36
      0.7920        24.42
      0.7930        24.52
      0.7940        24.66
      0.7950        24.74
      0.7960        24.83
      0.7970        24.81
      0.7980        24.90
      0.7990        25.01
      0.8000        25.14
      0.8010        25.12
      0.8020        25.12
      0.8030        25.09
      0.8040        25.06
      0.8050        25.09
      0.8060        25.20
      0.8070        25.26
      0.8080        25.25
      0.8090        25.21
      0.8100        25.29
      0.8110        25.31
      0.8120        25.29
      0.8130        25.34
      0.8140        25.36
      0.8150        25.28
      0.8160        25.31
      0.8170        25.34
      0.8180        25.27
      0.8190        25.23
      0.8200        25.16
      0.8210        25.18
      0.8220        25.13
      0.8230        25.14
      0.8240        25.12
      0.8250        25.09
      0.8260        24.99
      0.8270        25.02
      0.8280        25.07
      0.8290        25.17
      0.8300        25.26
      0.8310        25.26
      0.8320        25.21
      0.8330        25.26
      0.8340        25.28
      0.8350        25.34
      0.8360        25.31
      0.8370        25.36
      0.8380        25.41
      0.8390        25.44
      0.8400        25.57
      0.8410        25.68
      0.8420        25.83
      0.8430        25.88
      0.8440        25.92
      0.8450        25.96
      0.8460        26.06
      0.8470        26.07
      0.8480        26.12
      0.8490        26.23
      0.8500        26.27
      0.8510        26.39
      0.8520        26.53
      0.8530        26.45
      0.8540        26.50
      0.8550        26.49
      0.8560        26.59
      0.8570        26.65
      0.8580        26.63
      0.8590        26.64
      0.8600        26.68
      0.8610        26.73
      0.8620        26.80
      0.8630        26.90
      0.8640        27.02
      0.8650        27.08
      0.8660        27.20
      0.8670        27.20
      0.8680        27.27
      0.8690        27.32
      0.8700        27.30
      0.8710        27.30
      0.8720        27.34
      0.8730        27.52
      0.8740        27.52
      0.8750        27.62
      0.8760        27.73
      0.8770        27.75
      0.8780        27.81
      0.8790        27.70
      0.8800        27.67
      0.8810        27.47
      0.8820        27.27
      0.8830        27.22
      0.8840        27.23
      0.8850        27.17
      0.8860        27.13
      0.8870        27.13
      0.8880        26.98
      0.8890        26.85
      0.8900        26.75
      0.8910        26.67
      0.8920        26.57
      0.8930        26.44
      0.8940        26.29
      0.8950        26.22
      0.8960        26.01
      0.8970        25.96
      0.8980        25.96
      0.8990        26.00
      0.9000        25.89
      0.9010        26.00
      0.9020        26.05
      0.9030        25.93
      0.9040        25.70
      0.9050        25.63
      0.9060        25.65
      0.9070        25.63
      0.9080        25.54
      0.9090        25.59
      0.9100        25.67
      0.9110        25.62
      0.9120        25.58
      0.9130        25.53
      0.9140        25.60
      0.9150        25.60
      0.9160        25.60
      0.9170        25.60
      0.9180        25.50
      0.9190        25.56
      0.9200        25.50
      0.9210        25.46
      0.9220        25.41
      0.9230        25.41
      0.9240        25.48
      0.9250        25.57
      0.9260        25.50
      0.9270        25.45
      0.9280        25.55
      0.9290        25.43
      0.9300        25.34
      0.9310        25.42
      0.9320        25.45
      0.9330        25.45
      0.9340        25.43
      0.9350        25.30
      0.9360        25.23
      0.9370        25.09
      0.9380        25.09
      0.9390        24.95
      0.9400        24.93
      0.9410        24.94
      0.9420        25.05
      0.9430        25.13
      0.9440        25.21
      0.9450        25.06
      0.9460        25.00
      0.9470        25.04
      0.9480        25.00
      0.9490        24.97
      0.9500        24.86
      0.9510        24.80
      0.9520        24.76
      0.9530        24.77
      0.9540        24.66
      0.9550        24.67
      0.9560        24.74
      0.9570        24.85
      0.9580        24.89
      0.9590        24.98
      0.9600        25.03
      0.9610        25.01
      0.9620        24.91
      0.9630        24.86
      0.9640        24.73
      0.9650        24.74
      0.9660        24.72
      0.9670        24.65
      0.9680        24.62
      0.9690        24.61
      0.9700        24.72
      0.9710        24.71
      0.9720        24.68
      0.9730        24.56
      0.9740        24.59
      0.9750        24.57
      0.9760        24.56
      0.9770        24.60
      0.9780        24.51
      0.9790        24.40
      0.9800        24.43
      0.9810        24.33
      0.9820        24.31
      0.9830        24.30
      0.9840        24.38
      0.9850        24.32
      0.9860        24.40
      0.9870        24.41
      0.9880        24.41
      0.9890        24.36
      0.9900        24.25
      0.9910        24.22
      0.9920        24.21
      0.9930        24.20
      0.9940        24.25
      0.9950        24.24
      0.9960        24.19
      0.9970        24.07
      0.9980        24.16
      0.9990        24.03
      1.0000        23.99
      1.0010        24.06
      1.0020        24.12
      1.0030        23.90
      1.0040        23.86
      1.0050        23.92
      1.0060        23.80
      1.0070        23.71
      1.0080        23.72
      1.0090        23.76
      1.0100        23.86
      1.0110        23.77
      1.0120        23.71
      1.0130        23.73
      1.0140        23.65
      1.0150        23.68
      1.0160        23.77
      1.0170        23.89
      1.0180        23.89
      1.0190        24.03
      1.0200        24.00
      1.0210        23.92
      1.0220        23.80
      1.0230        23.98
      1.0240        23.91
      1.0250        23.84
      1.0260        23.82
      1.0270        23.82
      1.0280        23.68
      1.0290        23.63
      1.0300        23.58
      1.0310        23.69
      1.0320        23.76
      1.0330        23.75
      1.0340        23.76
      1.0350        23.74
      1.0360        23.71
      1.0370        23.63
      1.0380        23.55
      1.0390        23.53
      1.0400        23.45
      1.0410        23.45
      1.0420        23.46
      1.0430        23.45
      1.0440        23.38
      1.0450        23.35
      1.0460        23.33
      1.0470        23.35
      1.0480        23.31
      1.0490        23.29
      1.0500        23.22
      1.0510        23.09
      1.0520        23.05
      1.0530        23.02
      1.0540        23.04
      1.0550        22.97
      1.0560        22.93
      1.0570        22.80
      1.0580        22.76
      1.0590        22.74
      1.0600        22.72
      1.0610        22.64
      1.0620        22.53
      1.0630        22.52
      1.0640        22.56
      1.0650        22.56
      1.0660        22.60
      1.0670        22.61
      1.0680        22.65
      1.0690        22.73
      1.0700        22.78
      1.0710        22.77
      1.0720        22.81
      1.0730        22.81
      1.0740        22.77
      1.0750        22.77
      1.0760        22.73
      1.0770        22.77
      1.0780        22.70
      1.0790        22.74
      1.0800        22.81
      1.0810        22.82
      1.0820        22.89
      1.0830        22.85
      1.0840        22.89
      1.0850        22.92
      1.0860        22.92
      1.0870        22.88
      1.0880        22.90
      1.0890        22.86
      1.0900        22.80
      1.0910        22.89
      1.0920        22.81
      1.0930        22.73
      1.0940        22.80
      1.0950        22.78
      1.0960        22.78
      1.0970        22.72
      1.0980        22.70
      1.0990        22.60
      1.1000        22.61
      1.1010        22.70
      1.1020        22.74
      1.1030        22.67
      1.1040        22.67
      1.1050        22.70
      1.1060        22.65
      1.1070        22.70
      1.1080        22.65
      1.1090        22.55
      1.1100        22.51
      1.1110        22.41
      1.1120        22.46
      1.1130        22.47
      1.1140        22.40
      1.1150        22.40
      1.1160        22.40
      1.1170        22.38
      1.1180        22.45
      1.1190        22.49
      1.1200        22.45
      1.1210        22.42
      1.1220        22.34
      1.1230        22.41
      1.1240        22.42
      1.1250        22.32
      1.1260        22.35
      1.1270        22.23
      1.1280        22.27
      1.1290        22.28
      1.1300        22.28
      1.1310        22.40
      1.1320        22.25
      1.1330        22.27
      1.1340        22.14
      1.1350        22.12
      1.1360        22.12
      1.1370        22.29
      1.1380        22.25
      1.1390        22.23
      1.1400        22.20
      1.1410        22.15
      1.1420        22.13
      1.1430        22.13
      1.1440        22.04
      1.1450        22.00
      1.1460        21.91
      1.1470        21.89
      1.1480        21.89
      1.1490        22.00
      1.1500        21.98
      1.1510        21.81
      1.1520        21.91
      1.1530        21.93
      1.1540        22.08
      1.1550        22.15
      1.1560        22.21
      1.1570        22.11
      1.1580        22.09
      1.1590        22.12
      1.1600        22.19
      1.1610        22.16
      1.1620        22.19
      1.1630        22.09
      1.1640        22.13
      1.1650        22.19
      1.1660        22.23
      1.1670        22.27
      1.1680        22.17
      1.1690        22.12
      1.1700        22.17
      1.1710        22.16
      1.1720        22.00
      1.1730        21.94
      1.1740        21.83
      1.1750        21.78
      1.1760        21.68
      1.1770        21.66
      1.1780        21.55
      1.1790        21.48
      1.1800        21.40
      1.1810        21.37
      1.1820        21.35
      1.1830        21.41
      1.1840        21.33
      1.1850        21.26
      1.1860        21.21
      1.1870        21.24
      1.1880        21.34
      1.1890        21.34
      1.1900        21.34
      1.1910        21.35
      1.1920        21.41
      1.1930        21.37
      1.1940        21.29
      1.1950        21.20
      1.1960        21.03
      1.1970        20.91
      1.1980        20.85
      1.1990        20.81
      1.2000        20.65
      1.2010        20.64
      1.2020        20.49
      1.2030        20.40
      1.2040        20.32
      1.2050        20.24
      1.2060        20.12
      1.2070        19.93
      1.2080        19.80
      1.2090        19.58
      1.2100        19.54
      1.2110        19.48
      1.2120        19.44
      1.2130        19.44
      1.2140        19.45
      1.2150        19.39
      1.2160        19.47
      1.2170        19.51
      1.2180        19.55
      1.2190        19.53
      1.2200        19.57
      1.2210        19.57
      1.2220        19.54
      1.2230        19.41
      1.2240        19.38
      1.2250        19.35
      1.2260        19.36
      1.2270        19.33
      1.2280        19.21
      1.2290        19.25
      1.2300        19.13
      1.2310        19.05
      1.2320        18.99
      1.2330        18.97
      1.2340        18.95
      1.2350        18.91
      1.2360        18.83
      1.2370        18.76
      1.2380        18.75
      1.2390        18.65
      1.2400        18.67
      1.2410        18.68
      1.2420        18.64
      1.2430        18.72
      1.2440        18.63
      1.2450        18.64
      1.2460        18.66
      1.2470        18.60
      1.2480        18.61
      1.2490        18.57
      1.2500        18.37
      1.2510        18.44
      1.2520        18.39
      1.2530        18.35
      1.2540        18.31
      1.2550        18.36
      1.2560        18.30
      1.2570        18.21
      1.2580        18.12
      1.2590        18.03
      1.2600        17.90
      1.2610        17.77
      1.2620        17.79
      1.2630        17.71
      1.2640        17.78
      1.2650        17.66
      1.2660        17.58
      1.2670        17.58
      1.2680        17.66
      1.2690        17.71
      1.2700        17.87
      1.2710        17.82
      1.2720        17.86
      1.2730        17.76
      1.2740        17.75
      1.2750        17.55
      1.2760        17.62
      1.2770        17.59
      1.2780        17.51
      1.2790        17.58
      1.2800        17.59
      1.2810        17.58
      1.2820        17.52
      1.2830        17.38
      1.2840        17.29
      1.2850        17.26
      1.2860        17.19
      1.2870        17.17
      1.2880        17.03
      1.2890        16.78
      1.2900        16.67
      1.2910        16.51
      1.2920        16.31
      1.2930        16.23
      1.2940        16.13
      1.2950        16.21
      1.2960        16.14
      1.2970        16.02
      1.2980        15.99
      1.2990        15.89
      1.3000        15.79
      1.3010        15.66
      1.3020        15.66
      1.3030        15.75
      1.3040        15.75
      1.3050        15.75
      1.3060        15.75
      1.3070        15.66
      1.3080        15.62
      1.3090        15.63
      1.3100        15.59
      1.3110        15.64
      1.3120        15.70
      1.3130        15.61
      1.3140        15.51
      1.3150        15.37
      1.3160        15.17
      1.3170        15.18
      1.3180        15.18
      1.3190        15.13
      1.3200        15.13
      1.3210        15.12
      1.3220        15.02
      1.3230        14.97
      1.3240        14.89
      1.3250        14.82
      1.3260        14.76
      1.3270        14.72
      1.3280        14.61
      1.3290        14.61
      1.3300        14.51
      1.3310        14.34
      1.3320        14.41
      1.3330        14.57
      1.3340        14.53
      1.3350        14.51
      1.3360        14.45
      1.3370        14.40
      1.3380        14.29
      1.3390        14.21
      1.3400        14.15
      1.3410        14.09
      1.3420        14.01
      1.3430        13.93
      1.3440        13.79
      1.3450        13.74
      1.3460        13.74
      1.3470        13.63
      1.3480        13.62
      1.3490        13.57
      1.3500        13.52
      1.3510        13.56
      1.3520        13.42
      1.3530        13.22
      1.3540        13.22
      1.3550        13.19
      1.3560        13.30
      1.3570        13.38
      1.3580        13.33
      1.3590        13.28
      1.3600        13.25
      1.3610        13.32
      1.3620        13.34
      1.3630        13.26
      1.3640        13.33
      1.3650        13.32
      1.3660        13.19
      1.3670        13.19
      1.3680        13.11
      1.3690        13.19
      1.3700        13.31
      1.3710        13.22
      1.3720        13.19
      1.3730        13.14
      1.3740        13.10
      1.3750        13.06
      1.3760        12.93
      1.3770        12.86
      1.3780        12.86
      1.3790        12.89
      1.3800        12.82
      1.3810        12.73
      1.3820        12.65
      1.3830        12.69
      1.3840        12.66
      1.3850        12.66
      1.3860        12.71
      1.3870        12.71
      1.3880        12.71
      1.3890        12.62
      1.3900        12.51
      1.3910        12.50
      1.3920        12.46
      1.3930        12.43
      1.3940        12.47
      1.3950        12.51
      1.3960        12.48
      1.3970        12.40
      1.3980        12.38
      1.3990        12.35
      1.4000        12.25
      1.4010        12.23
      1.4020        12.21
      1.4030        12.09
      1.4040        12.11
      1.4050        12.11
      1.4060        12.12
      1.4070        12.06
      1.4080        12.03
      1.4090        11.91
      1.4100        11.79
      1.4110        11.83
      1.4120        11.76
      1.4130        11.79
      1.4140        11.78
      1.4150        11.68
      1.4160        11.69
      1.4170        11.61
      1.4180        11.61
      1.4190        11.61
      1.4200        11.72
      1.4210        11.62
      1.4220        11.61
      1.4230        11.62
      1.4240        11.53
      1.4250        11.52
      1.4260        11.48
      1.4270        11.46
      1.4280        11.47
      1.4290        11.48
      1.4300        11.53
      1.4310        11.53
      1.4320        11.52
      1.4330        11.51
      1.4340        11.39
      1.4350        11.35
      1.4360        11.30
      1.4370        11.42
      1.4380        11.42
      1.4390        11.37
      1.4400        11.29
      1.4410        11.38
      1.4420        11.33
      1.4430        11.30
      1.4440        11.26
      1.4450        11.10
      1.4460        11.11
      1.4470        11.22
      1.4480        11.21
      1.4490        11.21
      1.4500        11.27
      1.4510        11.19
      1.4520        11.21
      1.4530        11.11
      1.4540        11.13
      1.4550        11.15
      1.4560        11.13
      1.4570        11.04
      1.4580        11.00
      1.4590        10.95
      1.4600        10.92
      1.4610        10.83
      1.4620        10.86
      1.4630        10.88
      1.4640        10.86
      1.4650        10.94
      1.4660        10.83
      1.4670        10.75
      1.4680        10.71
      1.4690        10.70
      1.4700        10.71
      1.4710        10.78
      1.4720        10.67
      1.4730        10.80
      1.4740        10.75
      1.4750        10.74
      1.4760        10.82
      1.4770        10.79
      1.4780        10.72
      1.4790        10.71
      1.4800        10.79
      1.4810        10.72
      1.4820        10.68
      1.4830        10.68
      1.4840        10.64
      1.4850        10.63
      1.4860        10.59
      1.4870        10.55
      1.4880        10.59
      1.4890        10.54
      1.4900        10.47
      1.4910        10.36
      1.4920        10.39
      1.4930        10.35
      1.4940        10.37
      1.4950        10.31
      1.4960        10.24
      1.4970        10.23
      1.4980        10.31
      1.4990        10.36
      1.5000        10.21
      1.5010        10.22
      1.5020        10.30
      1.5030        10.26
      1.5040        10.29
      1.5050        10.22
      1.5060        10.27
      1.5070        10.30
      1.5080        10.18
      1.5090        10.18
      1.5100        10.17
      1.5110        10.23
      1.5120        10.25
      1.5130        10.24
      1.5140        10.31
      1.5150        10.34
      1.5160        10.33
      1.5170        10.37
      1.5180        10.37
      1.5190        10.30
      1.5200        10.37
      1.5210        10.47
      1.5220        10.41
      1.5230        10.40
      1.5240        10.47
      1.5250        10.45
      1.5260        10.41
      1.5270        10.44
      1.5280        10.45
      1.5290        10.51
      1.5300        10.52
      1.5310        10.60
      1.5320        10.52
      1.5330        10.42
      1.5340        10.28
      1.5350        10.29
      1.5360        10.34
      1.5370        10.26
      1.5380        10.26
      1.5390        10.40
      1.5400        10.41
      1.5410        10.34
      1.5420        10.33
      1.5430        10.38
      1.5440        10.29
      1.5450        10.37
      1.5460        10.37
      1.5470        10.24
      1.5480        10.18
      1.5490        10.11
      1.5500        10.08
      1.5510        10.02
      1.5520        10.12
      1.5530        10.16
      1.5540        10.20
      1.5550        10.21
      1.5560        10.18
      1.5570        10.21
      1.5580        10.20
      1.5590        10.17
      1.5600        10.22
      1.5610        10.25
      1.5620        10.19
      1.5630        10.21
      1.5640        10.26
      1.5650        10.21
      1.5660        10.15
      1.5670        10.18
      1.5680        10.22
      1.5690        10.23
      1.5700        10.13
      1.5710        10.11
      1.5720        10.13
      1.5730        10.12
      1.5740        10.09
      1.5750        10.02
      1.5760        10.09
      1.5770        10.04
      1.5780         9.99
      1.5790         9.96
      1.5800         9.91
      1.5810         9.91
      1.5820         9.99
      1.5830         9.90
      1.5840         9.83
      1.5850         9.78
      1.5860         9.83
      1.5870         9.86
      1.5880         9.90
      1.5890         9.94
      1.5900         9.98
      1.5910         9.95
      1.5920         9.85
      1.5930         9.84
      1.5940         9.87
      1.5950         9.90
      1.5960         9.80
      1.5970         9.80
      1.5980         9.79
      1.5990         9.76
      1.6000         9.75
      1.6010         9.64
      1.6020         9.60
      1.6030         9.59
      1.6040         9.61
      1.6050         9.68
      1.6060         9.72
      1.6070         9.67
      1.6080         9.61
      1.6090         9.60
      1.6100         9.56
      1.6110         9.48
      1.6120         9.52
      1.6130         9.55
      1.6140         9.47
      1.6150         9.64
      1.6160         9.57
      1.6170         9.63
      1.6180         9.60
      1.6190         9.60
      1.6200         9.46
      1.6210         9.56
      1.6220         9.45
      1.6230         9.49
      1.6240         9.49
      1.6250         9.46
      1.6260         9.45
      1.6270         9.48
      1.6280         9.51
      1.6290         9.52
      1.6300         9.43
      1.6310         9.49
      1.6320         9.45
      1.6330         9.36
      1.6340         9.41
      1.6350         9.21
      1.6360         9.18
      1.6370         9.16
      1.6380         9.17
      1.6390         9.12
      1.6400         9.21
      1.6410         9.09
      1.6420         9.18
      1.6430         9.14
      1.6440         9.10
      1.6450         9.21
      1.6460         9.10
      1.6470         9.10
      1.6480         9.16
      1.6490         9.16
      1.6500         9.22
      1.6510         9.18
      1.6520         9.27
      1.6530         9.33
      1.6540         9.31
      1.6550         9.29
      1.6560         9.20
      1.6570         9.13
      1.6580         9.13
      1.6590         9.13
      1.6600         9.06
      1.6610         9.12
      1.6620         9.09
      1.6630         9.02
      1.6640         8.99
      1.6650         8.95
      1.6660         9.03
      1.6670         8.99
      1.6680         8.92
      1.6690         8.89
      1.6700         8.97
      1.6710         8.88
      1.6720         8.71
      1.6730         8.71
      1.6740         8.71
      1.6750         8.66
      1.6760         8.77
      1.6770         8.86
      1.6780         8.94
      1.6790         8.93
      1.6800         9.01
      1.6810         9.02
      1.6820         8.94
      1.6830         8.97
      1.6840         9.02
      1.6850         8.91
      1.6860         8.85
      1.6870         8.86
      1.6880         8.74
      1.6890         8.66
      1.6900         8.62
      1.6910         8.69
      1.6920         8.73
      1.6930         8.62
      1.6940         8.48
      1.6950         8.58
      1.6960         8.57
      1.6970         8.46
      1.6980         7.83
      1.6990         7.81
      1.7000         8.21
      1.7010         7.64
      1.7020         7.60
      1.7030         7.59
      1.7040         7.47
      1.7050         7.47
      1.7060         7.52
      1.7070         7.45
      1.7080         7.46
      1.7090         7.48
      1.7100         7.36
      1.7110         7.32
      1.7120         7.25
      1.7130         7.32
      1.7140         7.38
      1.7150         7.26
      1.7160         7.16
      1.7170         7.18
      1.7180         7.05
      1.7190         6.93
      1.7200         6.82
      1.7210         6.82
      1.7220         6.90
      1.7230         6.82
      1.7240         6.78
      1.7250         6.64
      1.7260         6.58
      1.7270         6.59
      1.7280         6.59
      1.7290         6.55
      1.7300         6.56
      1.7310         6.56
      1.7320         7.08
      1.7330         6.57
      1.7340         6.60
      1.7350         7.10
      1.7360         7.20
      1.7370         7.11
      1.7380         6.67
      1.7390         7.24
      1.7400         7.24
      1.7410         7.15
      1.7420         6.47
      1.7430         6.52
      1.7440         6.52
      1.7450         6.56
      1.7460         6.54
      1.7470         6.52
      1.7480         6.50
      1.7490         6.51
      1.7500         6.58
      1.7510         6.57
      1.7520         6.55
      1.7530         6.49
      1.7540         6.39
      1.7550         6.43
      1.7560         6.38
      1.7570         6.35
      1.7580         6.28
      1.7590         6.26
      1.7600         6.36
      1.7610         6.46
      1.7620         6.48
      1.7630         6.47
      1.7640         6.42
      1.7650         6.43
      1.7660         6.36
      1.7670         6.36
      1.7680         6.39
      1.7690         6.31
      1.7700         6.31
      1.7710         6.28
      1.7720         6.21
      1.7730         6.25
      1.7740         6.34
      1.7750         6.27
      1.7760         6.31
      1.7770         6.27
      1.7780         6.24
      1.7790         6.24
      1.7800         6.15
      1.7810         6.07
      1.7820         6.11
      1.7830         6.08
      1.7840         6.10
      1.7850         6.11
      1.7860         6.06
      1.7870         6.03
      1.7880         5.94
      1.7890         5.92
      1.7900         5.88
      1.7910         5.89
      1.7920         5.88
      1.7930         5.79
      1.7940         5.66
      1.7950         5.70
      1.7960         5.68
      1.7970         5.66
      1.7980         5.73
      1.7990         5.68
      1.8000         5.68
      1.8010         5.65
      1.8020         5.53
      1.8030         5.53
      1.8040         5.50
      1.8050         5.41
      1.8060         5.43
      1.8070         5.33
      1.8080         5.34
      1.8090         5.33
      1.8100         5.30
      1.8110         5.30
      1.8120         5.25
      1.8130         5.27
      1.8140         5.33
      1.8150         5.30
      1.8160         5.20
      1.8170         5.15
      1.8180         5.09
      1.8190         5.01
      1.8200         5.01
      1.8210         5.00
      1.8220         5.04
      1.8230         4.98
      1.8240         4.96
      1.8250         4.94
      1.8260         4.93
      1.8270         4.90
      1.8280         4.87
      1.8290         4.89
      1.8300         4.86
      1.8310         4.78
      1.8320         4.78
      1.8330         4.73
      1.8340         4.62
      1.8350         4.54
      1.8360         4.55
      1.8370         4.54
      1.8380         4.42
      1.8390         4.45
      1.8400         4.41
      1.8410         4.38
      1.8420         4.38
      1.8430         4.39
      1.8440         4.42
      1.8450         4.35
      1.8460         4.32
      1.8470         4.38
      1.8480         4.42
      1.8490         4.35
      1.8500         4.31
      1.8510         4.33
      1.8520         4.36
      1.8530         4.35
      1.8540         4.41
      1.8550         4.47
      1.8560         4.45
      1.8570         4.48
      1.8580         4.49
      1.8590         4.54
      1.8600         4.47
      1.8610         4.44
      1.8620         4.36
      1.8630         4.24
      1.8640         4.25
      1.8650         4.31
      1.8660         4.38
      1.8670         4.24
      1.8680         4.19
      1.8690         4.19
      1.8700         4.17
      1.8710         4.16
      1.8720         4.07
      1.8730         4.05
      1.8740         4.03
      1.8750         3.99
      1.8760         4.02
      1.8770         3.93
      1.8780         3.92
      1.8790         3.90
      1.8800         3.98
      1.8810         3.93
      1.8820         3.97
      1.8830         3.98
      1.8840         3.91
      1.8850         3.98
      1.8860         3.89
      1.8870         3.91
      1.8880         3.92
      1.8890         3.94
      1.8900         3.88
      1.8910         3.78
      1.8920         3.87
      1.8930         3.82
      1.8940         3.80
      1.8950         3.81
      1.8960         3.77
      1.8970         3.80
      1.8980         3.76
      1.8990         3.19
      1.9000         3.17
      1.9010         3.17
      1.9020         3.13
      1.9030         3.69
      1.9040         3.67
      1.9050         3.50
      1.9060         3.48
      1.9070         3.44
      1.9080         3.43
      1.9090         3.40
      1.9100         3.37
      1.9110         3.39
      1.9120         3.37
      1.9130         3.44
      1.9140         3.35
      1.9150         3.32
      1.9160         3.23
      1.9170         3.27
      1.9180         3.38
      1.9190         3.36
      1.9200         3.35
      1.9210         2.82
      1.9220         2.87
      1.9230         2.84
      1.9240         2.87
      1.9250         2.87
      1.9260         2.84
      1.9270         2.97
      1.9280         2.90
      1.9290         2.84
      1.9300         2.84
      1.9310         3.27
      1.9320         2.71
      1.9330         2.64
      1.9340         3.17
      1.9350         3.16
      1.9360         3.16
      1.9370         2.57
      1.9380         2.48
      1.9390         2.45
      1.9400         2.96
      1.9410         2.98
      1.9420         2.86
      1.9430         2.45
      1.9440         2.39
      1.9450         2.50
      1.9460         2.50
      1.9470         2.49
      1.9480         2.48
      1.9490         2.52
      1.9500         2.54
      1.9510         2.56
      1.9520         2.56
      1.9530         2.56
      1.9540         2.54
      1.9550         2.53
      1.9560         2.46
      1.9570         2.45
      1.9580         2.42
      1.9590         2.43
      1.9600         2.34
      1.9610         2.31
      1.9620         2.27
      1.9630         2.10
      1.9640         2.08
      1.9650         2.00
      1.9660         2.00
      1.9670         1.91
      1.9680         1.93
      1.9690         1.89
      1.9700         1.85
      1.9710         1.87
      1.9720         1.89
      1.9730         1.85
      1.9740         1.89
      1.9750         1.88
      1.9760         1.92
      1.9770         1.96
      1.9780         1.98
      1.9790         1.95
      1.9800         2.03
      1.9810         2.00
      1.9820         2.04
      1.9830         2.03
      1.9840         2.06
      1.9850         2.12
      1.9860         2.07
      1.9870         2.14
      1.9880         2.04
      1.9890         2.06
      1.9900         2.07
      1.9910         2.03
      1.9920         2.00
      1.9930         2.00
      1.9940         1.94
      1.9950         1.90
      1.9960         1.92
      1.9970         1.88
      1.9980         1.88
      1.9990         1.89
      2.0000         1.84
      2.0010         1.85
      2.0020         1.86
      2.0030         1.89
      2.0040         1.93
      2.0050         1.80
      2.0060         1.82
      2.0070         1.78
      2.0080         1.87
      2.0090         1.89
      2.0100         1.84
      2.0110         1.80
      2.0120         1.76
      2.0130         1.72
      2.0140         1.69
      2.0150         1.76
      2.0160         1.73
      2.0170         1.69
      2.0180         1.70
      2.0190         1.68
      2.0200         1.66
      2.0210         1.63
      2.0220         1.59
      2.0230         1.58
      2.0240         1.55
      2.0250         2.13
      2.0260         2.15
      2.0270         2.10
      2.0280         2.07
      2.0290         2.02
      2.0300         2.14
      2.0310         2.18
      2.0320         2.17
      2.0330         2.20
      2.0340         1.68
      2.0350         1.66
      2.0360         1.69
      2.0370         1.73
      2.0380         1.65
      2.0390         1.65
      2.0400         1.66
      2.0410         1.64
      2.0420         1.58
      2.0430         1.60
      2.0440         1.58
      2.0450         1.58
      2.0460         1.58
      2.0470         1.62
      2.0480         1.57
      2.0490         1.57
      2.0500         1.50
      2.0510         1.42
      2.0520         1.40
      2.0530         1.36
      2.0540         1.32
      2.0550         1.22
      2.0560         1.19
      2.0570         1.23
      2.0580         1.27
      2.0590         1.27
      2.0600         1.34
      2.0610         1.42
      2.0620         1.47
      2.0630         1.51
      2.0640         1.50
      2.0650         1.57
      2.0660         1.49
      2.0670         1.43
      2.0680         1.57
      2.0690         1.59
      2.0700         1.61
      2.0710         1.62
      2.0720         1.61
      2.0730         1.59
      2.0740         1.55
      2.0750         1.61
      2.0760         1.58
      2.0770         1.46
      2.0780         1.43
      2.0790         1.46
      2.0800         1.41
      2.0810         1.44
      2.0820         1.41
      2.0830         1.37
      2.0840         1.40
      2.0850         1.33
      2.0860         1.37
      2.0870         1.40
      2.0880         1.33
      2.0890         1.34
      2.0900         1.34
      2.0910         1.34
      2.0920         1.34
      2.0930         1.34
      2.0940         1.35
      2.0950         1.38
      2.0960         1.40
      2.0970         1.50
      2.0980         1.51
      2.0990         1.50
      2.1000         1.45
      2.1010         1.39
      2.1020         1.39
      2.1030         1.42
      2.1040         1.34
      2.1050         1.32
      2.1060         1.31
      2.1070         1.36
      2.1080         1.39
      2.1090         1.36
      2.1100         1.42
      2.1110         1.47
      2.1120         1.57
      2.1130         1.54
      2.1140         1.55
      2.1150         1.53
      2.1160         1.57
      2.1170         1.54
      2.1180         1.55
      2.1190         1.58
      2.1200         1.60
      2.1210         1.58
      2.1220         1.61
      2.1230         1.61
      2.1240         1.69
      2.1250         1.70
      2.1260         1.72
      2.1270         1.65
      2.1280         1.61
      2.1290         1.58
      2.1300         1.50
      2.1310         1.46
      2.1320         1.31
      2.1330         1.38
      2.1340         1.38
      2.1350         1.35
      2.1360         1.27
      2.1370         1.31
      2.1380         1.32
      2.1390         1.35
      2.1400         1.34
      2.1410         1.32
      2.1420         1.31
      2.1430         1.28
      2.1440         1.23
      2.1450         1.24
      2.1460         1.00
      2.1470         1.00
      2.1480         1.00
      2.1490         1.39
      2.1500         1.41
      2.1510         1.38
      2.1520         1.42
      2.1530         1.35
      2.1540         1.00
      2.1550         1.51
      2.1560         1.54
      2.1570         1.50
      2.1580         1.42
      2.1590         1.42
      2.1600         1.45
      2.1610         1.46
      2.1620         1.42
      2.1630         1.45
      2.1640         1.46
      2.1650         1.42
      2.1660         1.39
      2.1670         1.31
      2.1680         1.30
      2.1690         1.24
      2.1700         1.20
      2.1710         1.25
      2.1720         1.28
      2.1730         1.32
      2.1740         1.26
      2.1750         1.17
      2.1760         1.21
      2.1770         1.00
      2.1780         1.00
      2.1790         1.00
      2.1800         1.00
      2.1810         1.00
      2.1820         1.00
      2.1830         1.00
      2.1840         1.00
      2.1850         1.00
      2.1860         1.00
      2.1870         1.00
      2.1880         1.00
      2.1890         1.28
      2.1900         1.35
      2.1910         1.35
      2.1920         1.34
      2.1930         1.36
      2.1940         1.36
      2.1950         1.40
      2.1960         1.35
      2.1970         1.43
      2.1980         1.36
      2.1990         1.41
      2.2000         1.39
      2.2010         1.37
      2.2020         1.39
      2.2030         1.46
      2.2040         1.44
      2.2050         1.50
      2.2060         1.51
      2.2070         1.61
      2.2080         1.66
      2.2090         1.62
      2.2100         1.65
      2.2110         1.61
      2.2120         1.65
      2.2130         1.60
      2.2140         1.65
      2.2150         1.65
      2.2160         1.69
      2.2170         1.67
      2.2180         1.66
      2.2190         1.65
      2.2200         1.65
      2.2210         1.64
      2.2220         1.66
      2.2230         1.63
      2.2240         1.58
      2.2250         1.54
      2.2260         1.55
      2.2270         1.55
      2.2280         1.56
      2.2290         1.54
      2.2300         1.50
      2.2310         1.58
      2.2320         1.54
      2.2330         1.58
      2.2340         1.52
      2.2350         1.52
      2.2360         1.50
      2.2370         1.42
      2.2380         1.50
      2.2390         1.48
      2.2400         1.53
      2.2410         1.59
      2.2420         1.65
      2.2430         1.69
      2.2440         1.69
      2.2450         1.70
      2.2460         1.72
      2.2470         1.63
      2.2480         1.61
      2.2490         1.63
      2.2500         1.62
      2.2510         1.63
      2.2520         1.63
      2.2530         1.61
      2.2540         1.71
      2.2550         1.70
      2.2560         1.73
      2.2570         1.76
      2.2580         1.72
      2.2590         1.69
      2.2600         1.59
      2.2610         1.57
      2.2620         1.51
      2.2630         1.45
      2.2640         1.46
      2.2650         1.50
      2.2660         1.47
      2.2670         1.47
      2.2680         1.43
      2.2690         1.41
      2.2700         1.41
      2.2710         1.38
      2.2720         1.41
      2.2730         1.39
      2.2740         1.36
      2.2750         1.34
      2.2760         1.30
      2.2770         1.34
      2.2780         1.28
      2.2790         1.28
      2.2800         1.36
      2.2810         1.35
      2.2820         1.32
      2.2830         1.40
      2.2840         1.48
      2.2850         1.48
      2.2860         1.42
      2.2870         1.46
      2.2880         1.44
      2.2890         1.46
      2.2900         1.46
      2.2910         1.47
      2.2920         1.51
      2.2930         1.53
      2.2940         1.47
      2.2950         1.50
      2.2960         1.54
      2.2970         1.58
      2.2980         1.62
      2.2990         1.69
      2.3000         1.69
      2.3010         1.73
      2.3020         1.73
      2.3030         1.70
      2.3040         1.66
      2.3050         1.66
      2.3060         1.66
      2.3070         1.69
      2.3080         1.77
      2.3090         1.74
      2.3100         1.70
      2.3110         1.71
      2.3120         1.74
      2.3130         1.77
      2.3140         1.77
      2.3150         1.82
      2.3160         1.85
      2.3170         1.81
      2.3180         2.30
      2.3190         1.77
      2.3200         1.77
      2.3210         1.78
      2.3220         1.85
      2.3230         1.86
      2.3240         1.86
      2.3250         1.81
      2.3260         1.89
      2.3270         1.78
      2.3280         1.74
      2.3290         1.77
      2.3300         1.80
      2.3310         1.81
      2.3320         1.70
      2.3330         1.66
      2.3340         1.67
      2.3350         1.63
      2.3360         1.60
      2.3370         1.60
      2.3380         1.63
      2.3390         1.59
      2.3400         1.63
      2.3410         1.59
      2.3420         1.59
      2.3430         1.62
      2.3440         1.62
      2.3450         1.63
      2.3460         1.61
      2.3470         1.71
      2.3480         1.71
      2.3490         1.71
      2.3500         1.73
      2.3510         1.74
      2.3520         1.81
      2.3530         1.82
      2.3540         1.88
      2.3550         1.76
      2.3560         1.76
      2.3570         1.76
      2.3580         1.69
      2.3590         1.70
      2.3600         1.62
      2.3610         1.63
      2.3620         1.61
      2.3630         1.55
      2.3640         1.54
      2.3650         1.53
      2.3660         1.51
      2.3670         1.50
      2.3680         1.46
      2.3690         1.48
      2.3700         1.44
      2.3710         1.38
      2.3720         1.36
      2.3730         1.36
      2.3740         1.36
      2.3750         1.46
      2.3760         1.54
      2.3770         1.50
      2.3780         1.57
      2.3790         1.57
      2.3800         1.54
      2.3810         1.57
      2.3820         1.53
      2.3830         1.56
      2.3840         1.50
      2.3850         1.53
      2.3860         1.57
      2.3870         1.55
      2.3880         1.61
      2.3890         1.62
      2.3900         1.66
      2.3910         1.70
      2.3920         1.63
      2.3930         1.62
      2.3940         1.63
      2.3950         1.58
      2.3960         1.49
      2.3970         1.58
      2.3980         1.57
      2.3990         1.55
      2.4000         1.66
      2.4010         1.61
      2.4020         1.65
      2.4030         1.61
      2.4040         1.70
      2.4050         1.72
      2.4060         1.69
      2.4070         1.68
      2.4080         1.69
      2.4090         1.66
      2.4100         1.72
      2.4110         1.73
      2.4120         1.87
      2.4130         1.91
      2.4140         1.88
      2.4150         1.95
      2.4160         2.03
      2.4170         2.05
      2.4180         2.05
      2.4190         2.12
      2.4200         2.09
      2.4210         2.12
      2.4220         2.07
      2.4230         2.01
      2.4240         1.89
      2.4250         1.86
      2.4260         1.92
      2.4270         1.98
      2.4280         2.01
      2.4290         2.03
      2.4300         1.98
      2.4310         1.92
      2.4320         1.80
      2.4330         1.76
      2.4340         1.76
      2.4350         1.70
      2.4360         1.63
      2.4370         1.53
      2.4380         1.54
      2.4390         1.54
      2.4400         1.47
      2.4410         1.43
      2.4420         1.47
      2.4430         1.54
      2.4440         1.62
      2.4450         1.62
      2.4460         1.55
      2.4470         1.48
      2.4480         1.43
      2.4490         1.40
      2.4500         1.43
      2.4510         1.40
      2.4520         1.43
      2.4530         1.44
      2.4540         1.40
      2.4550         1.47
      2.4560         1.46
      2.4570         1.42
      2.4580         1.39
      2.4590         1.32
      2.4600         1.43
      2.4610         1.50
      2.4620         1.48
      2.4630         1.53
      2.4640         1.53
      2.4650         1.58
      2.4660         1.66
      2.4670         1.70
      2.4680         1.73
      2.4690         1.77
      2.4700         1.70
      2.4710         1.77
      2.4720         1.73
      2.4730         1.76
      2.4740         1.76
      2.4750         1.74
      2.4760         1.78
      2.4770         1.86
      2.4780         1.85
      2.4790         1.89
      2.4800         1.82
      2.4810         1.80
      2.4820         1.70
      2.4830         1.63
      2.4840         1.58
      2.4850         1.52
      2.4860         1.48
      2.4870         1.51
      2.4880         1.50
      2.4890         1.47
      2.4900         1.46
      2.4910         1.50
      2.4920         1.54
      2.4930         1.49
      2.4940         1.47
      2.4950         1.49
      2.4960         1.45
      2.4970         1.45
      2.4980         1.45
      2.4990         1.43
      2.5000         1.46
      2.5010         1.47
      2.5020         1.64
      2.5030         1.69
      2.5040         1.77
      2.5050         1.81
      2.5060         1.77
      2.5070         1.73
      2.5080         1.74
      2.5090         1.70
      2.5100         1.76
      2.5110         1.65
      2.5120         1.70
      2.5130         1.77
      2.5140         1.80
      2.5150         1.81
      2.5160         2.30
      2.5170         2.33
      2.5180         2.40
      2.5190         1.92
      2.5200         2.38
      2.5210         1.88
      2.5220         2.33
      2.5230         1.81
      2.5240         1.80
      2.5250         1.81
      2.5260         1.82
      2.5270         1.85
      2.5280         1.85
      2.5290         1.89
      2.5300         1.86
      2.5310         1.92
      2.5320         1.86
      2.5330         1.78
      2.5340         1.74
      2.5350         1.67
      2.5360         1.70
      2.5370         1.66
      2.5380         1.63
      2.5390         1.59
      2.5400         1.62
      2.5410         1.54
      2.5420         1.54
      2.5430         1.53
      2.5440         1.51
      2.5450         1.51
      2.5460         1.53
      2.5470         1.49
      2.5480         1.47
      2.5490         1.49
      2.5500         1.47
      2.5510         1.47
      2.5520         1.47
      2.5530         1.49
      2.5540         1.54
      2.5550         1.61
      2.5560         1.62
      2.5570         1.64
      2.5580         1.60
      2.5590         1.61
      2.5600         1.58
      2.5610         1.62
      2.5620         1.62
      2.5630         1.62
      2.5640         1.55
      2.5650         1.50
      2.5660         1.40
      2.5670         1.36
      2.5680         1.38
      2.5690         1.34
      2.5700         1.38
      2.5710         1.35
      2.5720         1.35
      2.5730         1.42
      2.5740         1.42
      2.5750         1.35
      2.5760         1.41
      2.5770         1.00
      2.5780         1.36
      2.5790         1.41
      2.5800         1.38
      2.5810         1.00
      2.5820         1.00
      2.5830         1.00
      2.5840         1.03
      2.5850         1.54
      2.5860         1.61
      2.5870         1.62
      2.5880         1.65
      2.5890         1.73
      2.5900         1.73
      2.5910         1.74
      2.5920         1.74
      2.5930         1.66
      2.5940         1.65
      2.5950         1.70
      2.5960         1.62
      2.5970         1.69
      2.5980         1.65
      2.5990         1.57
      2.6000         1.61
      2.6010         1.65
      2.6020         1.69
      2.6030         1.63
      2.6040         1.53
      2.6050         1.58
      2.6060         1.59
      2.6070         1.62
      2.6080         1.57
      2.6090         1.49
      2.6100         1.47
      2.6110         1.00
      2.6120         1.54
      2.6130         1.54
      2.6140         1.50
      2.6150         1.00
      2.6160         1.00
      2.6170         1.00
      2.6180         1.00
      2.6190         1.00
      2.6200         1.42
      2.6210         1.38
      2.6220         1.35
      2.6230         1.31
      2.6240         1.39
      2.6250         1.31
      2.6260         1.34
      2.6270         1.31
      2.6280         1.35
      2.6290         1.42
      2.6300         1.42
      2.6310         1.43
      2.6320         1.39
      2.6330         1.46
      2.6340         1.47
      2.6350         1.47
      2.6360         1.53
      2.6370         1.55
      2.6380         1.65
      2.6390         1.72
      2.6400         1.74
      2.6410         1.76
      2.6420         1.74
      2.6430         1.82
      2.6440         1.76
      2.6450         1.74
      2.6460         1.70
      2.6470         1.73
      2.6480         1.70
      2.6490         1.64
      2.6500         1.68
      2.6510         1.69
      2.6520         1.62
      2.6530         1.55
      2.6540         1.53
      2.6550         1.51
      2.6560         1.46
      2.6570         1.47
      2.6580         1.46
      2.6590         1.40
      2.6600         1.42
      2.6610         1.42
      2.6620         1.46
      2.6630         1.43
      2.6640         1.47
      2.6650         1.46
      2.6660         1.49
      2.6670         1.49
      2.6680         1.49
      2.6690         1.57
      2.6700         1.53
      2.6710         1.49
      2.6720         1.55
      2.6730         1.61
      2.6740         1.65
      2.6750         1.64
      2.6760         1.73
      2.6770         1.72
      2.6780         1.73
      2.6790         1.74
      2.6800         1.70
      2.6810         1.62
      2.6820         1.55
      2.6830         1.66
      2.6840         1.67
      2.6850         1.65
      2.6860         1.62
      2.6870         1.59
      2.6880         1.61
      2.6890         1.55
      2.6900         1.54
      2.6910         1.55
      2.6920         1.54
      2.6930         1.57
      2.6940         1.59
      2.6950         1.59
      2.6960         1.54
      2.6970         1.53
      2.6980         1.49
      2.6990         1.49
      2.7000         1.00
      2.7010         1.02
      2.7020         1.02
      2.7030         1.00
      2.7040         1.00
      2.7050         1.00
      2.7060         1.00
      2.7070         1.00
      2.7080         1.00
      2.7090         1.34
      2.7100         1.34
      2.7110         1.30
      2.7120         1.76
      2.7130         1.20
      2.7140         1.20
      2.7150         1.24
      2.7160         1.27
      2.7170         1.27
      2.7180         1.34
      2.7190         1.38
      2.7200         1.38
      2.7210         1.44
      2.7220         1.47
      2.7230         1.51
      2.7240         1.61
      2.7250         1.70
      2.7260         1.74
      2.7270         1.77
      2.7280         1.74
      2.7290         1.70
      2.7300         1.69
      2.7310         1.74
      2.7320         1.78
      2.7330         1.76
      2.7340         1.69
      2.7350         1.65
      2.7360         1.61
      2.7370         1.58
      2.7380         1.52
      2.7390         1.48
      2.7400         1.52
      2.7410         1.50
      2.7420         1.54
      2.7430         1.55
      2.7440         1.44
      2.7450         1.36
      2.7460         1.34
      2.7470         1.28
      2.7480         1.34
      2.7490         1.34
      2.7500         1.43
      2.7510         1.38
      2.7520         1.36
      2.7530         1.40
      2.7540         1.47
      2.7550         1.51
      2.7560         1.50
      2.7570         1.55
      2.7580         1.57
      2.7590         1.61
      2.7600         1.65
      2.7610         1.59
      2.7620         1.54
      2.7630         1.50
      2.7640         1.54
      2.7650         1.57
      2.7660         1.57
      2.7670         1.58
      2.7680         1.58
      2.7690         1.57
      2.7700         1.51
      2.7710         1.48
      2.7720         1.43
      2.7730         1.48
      2.7740         1.46
      2.7750         1.42
      2.7760         1.40
      2.7770         1.39
      2.7780         1.36
      2.7790         1.39
      2.7800         1.39
      2.7810         1.45
      2.7820         1.50
      2.7830         1.58
      2.7840         1.61
      2.7850         1.69
      2.7860         1.66
      2.7870         1.69
      2.7880         1.65
      2.7890         1.70
      2.7900         1.64
      2.7910         1.68
      2.7920         1.73
      2.7930         1.65
      2.7940         1.68
      2.7950         1.69
      2.7960         1.74
      2.7970         1.70
      2.7980         1.66
      2.7990         1.54
      2.8000         1.47
      2.8010         1.44
      2.8020         1.46
      2.8030         1.42
      2.8040         1.40
      2.8050         1.34
      2.8060         1.39
      2.8070         1.38
      2.8080         1.40
      2.8090         1.38
      2.8100         1.49
      2.8110         1.55
      2.8120         1.55
      2.8130         1.61
      2.8140         1.57
      2.8150         1.59
      2.8160         1.63
      2.8170         1.67
      2.8180         1.74
      2.8190         1.81
      2.8200         1.88
      2.8210         1.82
      2.8220         1.82
      2.8230         1.80
      2.8240         1.78
      2.8250         1.80
      2.8260         1.77
      2.8270         1.76
      2.8280         1.77
      2.8290         1.82
      2.8300         1.78
      2.8310         1.71
      2.8320         1.78
      2.8330         1.77
      2.8340         1.78
      2.8350         1.77
      2.8360         1.66
      2.8370         1.72
      2.8380         1.68
      2.8390         1.65
      2.8400         1.63
      2.8410         1.70
      2.8420         1.73
      2.8430         1.76
      2.8440         1.73
      2.8450         1.74
      2.8460         1.73
      2.8470         1.76
      2.8480         1.80
      2.8490         1.76
      2.8500         1.77
      2.8510         1.80
      2.8520         1.72
      2.8530         1.67
      2.8540         1.73
      2.8550         1.74
      2.8560         1.81
      2.8570         1.75
      2.8580         1.78
      2.8590         1.85
      2.8600         1.85
      2.8610         1.84
      2.8620         1.73
      2.8630         1.70
      2.8640         1.75
      2.8650         1.82
      2.8660         1.85
      2.8670         1.86
      2.8680         1.77
      2.8690         1.76
      2.8700         1.76
      2.8710         1.77
      2.8720         1.78
      2.8730         1.87
      2.8740         1.85
      2.8750         1.84
      2.8760         1.80
      2.8770         1.76
      2.8780         1.70
      2.8790         1.62
      2.8800         1.61
      2.8810         1.59
      2.8820         1.65
      2.8830         1.66
      2.8840         1.62
      2.8850         2.06
      2.8860         2.13
      2.8870         2.13
      2.8880         2.18
      2.8890         2.18
      2.8900         2.11
      2.8910         2.11
      2.8920         2.07
      2.8930         1.99
      2.8940         1.94
      2.8950         1.92
      2.8960         1.40
      2.8970         1.47
      2.8980         1.53
      2.8990         1.58
      2.9000         1.57
      2.9010         1.51
      2.9020         1.50
      2.9030         1.45
      2.9040         1.42
      2.9050         1.00
      2.9060         1.43
      2.9070         1.49
      2.9080         1.54
      2.9090         1.53
      2.9100         1.59
      2.9110         1.58
      2.9120         1.57
      2.9130         1.58
      2.9140         1.57
      2.9150         1.50
      2.9160         1.55
      2.9170         1.54
      2.9180         1.53
      2.9190         1.50
      2.9200         1.50
      2.9210         1.57
      2.9220         2.05
      2.9230         2.10
      2.9240         1.61
      2.9250         1.62
      2.9260         1.58
      2.9270         1.47
      2.9280         1.41
      2.9290         1.00
      2.9300         1.00
      2.9310         1.00
      2.9320         1.45
      2.9330         1.54
      2.9340         1.57
      2.9350         1.54
      2.9360         1.50
      2.9370         1.49
      2.9380         1.49
      2.9390         1.47
      2.9400         1.49
      2.9410         1.50
      2.9420         1.50
      2.9430         1.47
      2.9440         1.48
      2.9450         1.50
      2.9460         1.47
      2.9470         1.52
      2.9480         1.54
      2.9490         1.52
      2.9500         1.51
      2.9510         1.52
      2.9520         1.52
      2.9530         1.43
      2.9540         1.47
      2.9550         1.58
      2.9560         1.61
      2.9570         1.59
      2.9580         1.59
      2.9590         1.62
      2.9600         1.65
      2.9610         1.63
      2.9620         1.69
      2.9630         1.67
      2.9640         1.66
      2.9650         1.61
      2.9660         1.59
      2.9670         1.65
      2.9680         1.69
      2.9690         1.70
      2.9700         1.67
      2.9710         1.67
      2.9720         1.71
      2.9730         1.78
      2.9740         1.77
      2.9750         1.70
      2.9760         1.62
      2.9770         1.62
      2.9780         1.59
      2.9790         1.59
      2.9800         1.58
      2.9810         1.57
      2.9820         1.53
      2.9830         1.53
      2.9840         1.51
      2.9850         1.50
      2.9860         1.53
      2.9870         1.53
      2.9880         1.57
      2.9890         1.64
      2.9900         1.65
      2.9910         1.61
      2.9920         1.54
      2.9930         1.02
      2.9940         1.03
      2.9950         1.57
      2.9960         1.57
      2.9970         1.57
      2.9980         1.60
      2.9990         1.53
