        Time   Palpation Force
      0.0000         1.00
      0.0010         1.00
      0.0020         1.00
      0.0030         1.00
      0.0040         1.00
      0.0050         1.00
      0.0060         1.00
      0.0070         1.00
      0.0080         1.00
      0.0090         1.00
      0.0100         1.00
      0.0110         1.01
      0.0120         1.62
      0.0130         1.73
      0.0140         1.85
      0.0150         2.53
      0.0160         2.66
      0.0170         2.89
      0.0180         2.98
      0.0190         3.10
      0.0200         3.19
      0.0210         3.09
      0.0220         3.04
      0.0230         3.13
      0.0240         3.12
      0.0250         3.09
      0.0260         3.14
      0.0270         3.10
      0.0280         3.06
      0.0290         3.02
      0.0300         3.01
      0.0310         3.01
      0.0320         2.94
      0.0330         2.85
      0.0340         2.87
      0.0350         2.79
      0.0360         2.79
      0.0370         2.69
      0.0380         2.76
      0.0390         2.76
      0.0400         2.72
      0.0410         2.77
      0.0420         2.80
      0.0430         2.84
      0.0440         2.81
      0.0450         2.74
      0.0460         2.77
      0.0470         2.31
      0.0480         2.81
      0.0490         2.88
      0.0500         2.96
      0.0510         2.94
      0.0520         3.10
      0.0530         3.18
      0.0540         3.07
      0.0550         3.10
      0.0560         3.10
      0.0570         3.13
      0.0580         3.10
      0.0590         3.16
      0.0600         3.21
      0.0610         3.20
      0.0620         3.22
      0.0630         3.24
      0.0640         3.24
      0.0650         3.30
      0.0660         3.24
      0.0670         3.31
      0.0680         3.27
      0.0690         3.25
      0.0700         3.16
      0.0710         3.19
      0.0720         3.08
      0.0730         3.09
      0.0740         3.21
      0.0750         3.21
      0.0760         3.25
      0.0770         3.22
      0.0780         3.29
      0.0790         3.29
      0.0800         3.24
      0.0810         3.24
      0.0820         3.28
      0.0830         3.23
      0.0840         3.27
      0.0850         3.35
      0.0860         3.36
      0.0870         3.28
      0.0880         3.36
      0.0890         3.30
      0.0900         3.22
      0.0910         3.25
      0.0920         3.23
      0.0930         3.23
      0.0940         3.17
      0.0950         3.17
      0.0960         3.19
      0.0970         3.27
      0.0980         3.19
      0.0990         3.15
      0.1000         3.16
      0.1010         3.21
      0.1020         3.18
      0.1030         3.22
      0.1040         3.18
      0.1050         3.10
      0.1060         3.09
      0.1070         3.03
      0.1080         2.99
      0.1090         2.96
      0.1100         3.08
      0.1110         3.06
      0.1120         3.07
      0.1130         3.09
      0.1140         3.06
      0.1150         3.05
      0.1160         2.99
      0.1170         2.94
      0.1180         2.90
      0.1190         2.88
      0.1200         2.85
      0.1210         2.80
      0.1220         2.80
      0.1230         2.76
      0.1240         2.29
      0.1250         2.30
      0.1260         2.33
      0.1270         2.41
      0.1280         2.41
      0.1290         2.45
      0.1300         2.46
      0.1310         2.93
      0.1320         2.93
      0.1330         2.44
      0.1340         2.46
      0.1350         2.45
      0.1360         2.97
      0.1370         2.96
      0.1380         3.04
      0.1390         3.01
      0.1400         3.09
      0.1410         3.13
      0.1420         3.09
      0.1430         3.04
      0.1440         3.03
      0.1450         3.07
      0.1460         3.12
      0.1470         3.03
      0.1480         3.04
      0.1490         3.04
      0.1500         2.48
      0.1510         2.51
      0.1520         2.47
      0.1530         2.43
      0.1540         2.34
      0.1550         2.33
      0.1560         2.34
      0.1570         2.34
      0.1580         2.38
      0.1590         2.41
      0.1600         2.88
      0.1610         2.84
      0.1620         2.88
      0.1630         2.92
      0.1640         2.92
      0.1650         2.85
      0.1660         2.81
      0.1670         2.92
      0.1680         2.94
      0.1690         2.93
      0.1700         3.00
      0.1710         2.89
      0.1720         2.98
      0.1730         3.00
      0.1740         3.05
      0.1750         2.97
      0.1760         2.86
      0.1770         2.82
      0.1780         2.88
      0.1790         2.89
      0.1800         2.85
      0.1810         2.37
      0.1820         2.38
      0.1830         2.46
      0.1840         2.44
      0.1850         3.01
      0.1860         3.01
      0.1870         3.01
      0.1880         2.97
      0.1890         3.05
      0.1900         3.02
      0.1910         3.09
      0.1920         3.17
      0.1930         3.20
      0.1940         3.25
      0.1950         3.33
      0.1960         3.28
      0.1970         3.30
      0.1980         3.22
      0.1990         3.15
      0.2000         3.15
      0.2010         3.13
      0.2020         3.09
      0.2030         2.99
      0.2040         2.86
      0.2050         2.77
      0.2060         2.78
      0.2070         2.73
      0.2080         2.82
      0.2090         2.74
      0.2100         2.76
      0.2110         2.77
      0.2120         2.18
      0.2130         2.22
      0.2140         2.22
      0.2150         2.18
      0.2160         2.25
      0.2170         2.30
      0.2180         2.77
      0.2190         2.84
      0.2200         2.78
      0.2210         2.84
      0.2220         2.89
      0.2230         2.90
      0.2240         3.04
      0.2250         3.06
      0.2260         3.05
      0.2270         3.05
      0.2280         2.99
      0.2290         3.05
      0.2300         2.98
      0.2310         2.97
      0.2320         2.95
      0.2330         2.93
      0.2340         2.93
      0.2350         2.93
      0.2360         2.89
      0.2370         2.79
      0.2380         2.78
      0.2390         2.81
      0.2400         2.86
      0.2410         2.80
      0.2420         2.82
      0.2430         2.94
      0.2440         2.85
      0.2450         2.77
      0.2460         2.77
      0.2470         2.78
      0.2480         2.70
      0.2490         2.65
      0.2500         2.63
      0.2510         2.58
      0.2520         2.60
      0.2530         2.66
      0.2540         2.68
      0.2550         2.72
      0.2560         2.80
      0.2570         2.82
      0.2580         2.86
      0.2590         2.90
      0.2600         2.85
      0.2610         2.82
      0.2620         2.81
      0.2630         2.66
      0.2640         2.74
      0.2650         2.84
      0.2660         2.83
      0.2670         2.33
      0.2680         2.34
      0.2690         2.82
      0.2700         2.88
      0.2710         2.89
      0.2720         2.91
      0.2730         2.39
      0.2740         2.48
      0.2750         2.50
      0.2760         2.37
      0.2770         2.38
      0.2780         2.39
      0.2790         2.28
      0.2800         2.78
      0.2810         2.81
      0.2820         2.79
      0.2830         2.86
      0.2840         2.82
      0.2850         2.79
      0.2860         2.76
      0.2870         2.74
      0.2880         2.80
      0.2890         2.77
      0.2900         2.78
      0.2910         2.78
      0.2920         2.73
      0.2930         2.67
      0.2940         2.63
      0.2950         2.49
      0.2960         1.99
      0.2970         2.02
      0.2980         1.98
      0.2990         1.99
      0.3000         2.02
      0.3010         2.69
      0.3020         2.19
      0.3030         2.17
      0.3040         2.19
      0.3050         2.19
      0.3060         2.19
      0.3070         2.70
      0.3080         2.18
      0.3090         2.19
      0.3100         2.77
      0.3110         2.84
      0.3120         2.88
      0.3130         3.00
      0.3140         2.96
      0.3150         3.06
      0.3160         3.18
      0.3170         3.17
      0.3180         3.21
      0.3190         3.28
      0.3200         3.23
      0.3210         3.02
      0.3220         3.04
      0.3230         3.08
      0.3240         3.15
      0.3250         3.11
      0.3260         3.11
      0.3270         3.12
      0.3280         3.12
      0.3290         3.19
      0.3300         3.15
      0.3310         3.12
      0.3320         3.08
      0.3330         3.00
      0.3340         3.09
      0.3350         3.13
      0.3360         3.09
      0.3370         3.08
      0.3380         3.06
      0.3390         3.06
      0.3400         3.05
      0.3410         3.10
      0.3420         3.08
      0.3430         3.05
      0.3440         3.00
      0.3450         2.98
      0.3460         3.00
      0.3470         2.98
      0.3480         3.06
      0.3490         2.93
      0.3500         2.88
      0.3510         2.84
      0.3520         2.89
      0.3530         2.95
      0.3540         2.41
      0.3550         2.36
      0.3560         2.32
      0.3570         2.30
      0.3580         2.22
      0.3590         2.19
      0.3600         2.21
      0.3610         2.72
      0.3620         2.76
      0.3630         2.73
      0.3640         2.79
      0.3650         2.82
      0.3660         2.82
      0.3670         2.89
      0.3680         2.78
      0.3690         2.85
      0.3700         2.93
      0.3710         2.95
      0.3720         2.94
      0.3730         2.90
      0.3740         2.90
      0.3750         2.98
      0.3760         2.98
      0.3770         2.98
      0.3780         2.93
      0.3790         2.86
      0.3800         2.89
      0.3810         2.93
      0.3820         3.01
      0.3830         3.00
      0.3840         2.96
      0.3850         2.99
      0.3860         2.96
      0.3870         2.81
      0.3880         2.91
      0.3890         2.36
      0.3900         2.29
      0.3910         2.31
      0.3920         2.33
      0.3930         2.37
      0.3940         2.39
      0.3950         2.38
      0.3960         2.86
      0.3970         2.80
      0.3980         2.88
      0.3990         2.93
      0.4000         2.86
      0.4010         2.74
      0.4020         2.64
      0.4030         2.62
      0.4040         2.06
      0.4050         2.01
      0.4060         2.50
      0.4070         2.64
      0.4080         2.61
      0.4090         2.15
      0.4100         2.69
      0.4110         2.23
      0.4120         2.21
      0.4130         2.10
      0.4140         2.13
      0.4150         2.57
      0.4160         2.07
      0.4170         2.10
      0.4180         2.10
      0.4190         2.61
      0.4200         2.60
      0.4210         2.61
      0.4220         2.59
      0.4230         2.66
      0.4240         2.71
      0.4250         2.79
      0.4260         2.83
      0.4270         2.72
      0.4280         2.70
      0.4290         2.74
      0.4300         2.70
      0.4310         2.63
      0.4320         2.68
      0.4330         2.78
      0.4340         2.77
      0.4350         2.78
      0.4360         2.85
      0.4370         2.90
      0.4380         2.88
      0.4390         2.86
      0.4400         2.88
      0.4410         2.88
      0.4420         2.90
      0.4430         2.92
      0.4440         2.94
      0.4450         2.92
      0.4460         2.82
      0.4470         2.89
      0.4480         2.90
      0.4490         2.86
      0.4500         2.82
      0.4510         2.86
      0.4520         2.86
      0.4530         2.83
      0.4540         2.82
      0.4550         2.83
      0.4560         2.80
      0.4570         2.75
      0.4580         2.75
      0.4590         2.82
      0.4600         2.80
      0.4610         2.85
      0.4620         2.82
      0.4630         2.87
      0.4640         2.77
      0.4650         2.70
      0.4660         2.74
      0.4670         2.75
      0.4680         2.80
      0.4690         2.82
      0.4700         2.29
      0.4710         2.30
      0.4720         2.22
      0.4730         2.29
      0.4740         2.25
      0.4750         2.26
      0.4760         2.30
      0.4770         2.35
      0.4780         2.82
      0.4790         2.82
      0.4800         2.84
      0.4810         2.81
      0.4820         2.87
      0.4830         2.73
      0.4840         2.79
      0.4850         2.85
      0.4860         2.87
      0.4870         2.82
      0.4880         2.73
      0.4890         2.71
      0.4900         2.82
      0.4910         2.80
      0.4920         2.82
      0.4930         2.72
      0.4940         2.74
      0.4950         2.74
      0.4960         2.76
      0.4970         2.77
      0.4980         2.78
      0.4990         2.76
      0.5000         2.21
      0.5010         2.25
      0.5020         2.18
      0.5030         2.19
      0.5040         2.23
      0.5050         2.18
      0.5060         2.68
      0.5070         2.78
      0.5080         2.86
      0.5090         2.86
      0.5100         2.87
      0.5110         2.97
      0.5120         3.01
      0.5130         3.07
      0.5140         3.09
      0.5150         3.10
      0.5160         3.01
      0.5170         3.02
      0.5180         3.03
      0.5190         2.98
      0.5200         3.06
      0.5210         3.07
      0.5220         3.14
      0.5230         3.17
      0.5240         3.20
      0.5250         3.17
      0.5260         3.16
      0.5270         3.12
      0.5280         3.08
      0.5290         3.08
      0.5300         3.07
      0.5310         3.00
      0.5320         2.41
      0.5330         2.36
      0.5340         2.31
      0.5350         2.30
      0.5360         2.87
      0.5370         2.89
      0.5380         2.37
      0.5390         2.38
      0.5400         2.78
      0.5410         2.80
      0.5420         2.86
      0.5430         2.84
      0.5440         2.78
      0.5450         2.85
      0.5460         2.78
      0.5470         2.68
      0.5480         2.76
      0.5490         2.76
      0.5500         2.70
      0.5510         2.09
      0.5520         2.56
      0.5530         2.57
      0.5540         2.60
      0.5550         2.60
      0.5560         2.61
      0.5570         2.06
      0.5580         2.06
      0.5590         2.05
      0.5600         2.11
      0.5610         2.10
      0.5620         2.11
      0.5630         2.17
      0.5640         2.15
      0.5650         2.61
      0.5660         2.59
      0.5670         2.69
      0.5680         2.59
      0.5690         2.58
      0.5700         2.58
      0.5710         2.73
      0.5720         2.79
      0.5730         2.78
      0.5740         2.81
      0.5750         2.79
      0.5760         2.70
      0.5770         2.77
      0.5780         2.83
      0.5790         2.82
      0.5800         2.78
      0.5810         2.70
      0.5820         2.74
      0.5830         2.72
      0.5840         2.21
      0.5850         2.22
      0.5860         2.36
      0.5870         2.34
      0.5880         2.31
      0.5890         2.35
      0.5900         2.37
      0.5910         2.38
      0.5920         2.40
      0.5930         2.89
      0.5940         2.88
      0.5950         2.38
      0.5960         2.90
      0.5970         2.89
      0.5980         2.89
      0.5990         3.01
      0.6000         3.02
      0.6010         3.09
      0.6020         3.05
      0.6030         3.06
      0.6040         3.08
      0.6050         3.21
      0.6060         3.25
      0.6070         3.34
      0.6080         3.45
      0.6090         3.47
      0.6100         3.43
      0.6110         3.47
      0.6120         3.56
      0.6130         3.63
      0.6140         3.61
      0.6150         3.66
      0.6160         3.73
      0.6170         3.77
      0.6180         3.77
      0.6190         3.84
      0.6200         3.85
      0.6210         3.90
      0.6220         3.97
      0.6230         4.54
      0.6240         4.63
      0.6250         4.73
      0.6260         4.72
      0.6270         4.83
      0.6280         4.88
      0.6290         4.92
      0.6300         4.96
      0.6310         4.96
      0.6320         4.96
      0.6330         4.95
      0.6340         5.08
      0.6350         5.05
      0.6360         5.08
      0.6370         5.17
      0.6380         5.27
      0.6390         5.33
      0.6400         5.50
      0.6410         5.51
      0.6420         5.48
      0.6430         5.50
      0.6440         5.48
      0.6450         5.34
      0.6460         5.52
      0.6470         5.47
      0.6480         5.55
      0.6490         5.63
      0.6500         5.75
      0.6510         5.86
      0.6520         5.91
      0.6530         5.94
      0.6540         5.95
      0.6550         6.16
      0.6560         6.31
      0.6570         6.46
      0.6580         6.54
      0.6590         6.59
      0.6600         6.64
      0.6610         6.75
      0.6620         6.78
      0.6630         6.94
      0.6640         7.03
      0.6650         7.20
      0.6660         7.22
      0.6670         7.37
      0.6680         7.37
      0.6690         7.58
      0.6700         7.66
      0.6710         7.79
      0.6720         7.92
      0.6730         8.11
      0.6740         8.29
      0.6750         8.34
      0.6760         8.42
      0.6770         8.47
      0.6780         8.55
      0.6790         8.68
      0.6800         8.86
      0.6810         8.99
      0.6820         9.27
      0.6830         9.39
      0.6840         9.56
      0.6850         9.75
      0.6860         9.86
      0.6870        10.03
      0.6880        10.16
      0.6890        10.20
      0.6900        10.35
      0.6910        10.55
      0.6920        10.64
      0.6930        10.67
      0.6940        10.68
      0.6950        10.73
      0.6960        10.90
      0.6970        11.05
      0.6980        11.21
      0.6990        11.26
      0.7000        11.28
      0.7010        11.37
      0.7020        11.36
      0.7030        11.45
      0.7040        11.41
      0.7050        11.48
      0.7060        11.53
      0.7070        11.50
      0.7080        11.66
      0.7090        11.75
      0.7100        11.85
      0.7110        11.83
      0.7120        11.99
      0.7130        12.21
      0.7140        12.43
      0.7150        12.62
      0.7160        12.66
      0.7170        12.71
      0.7180        12.84
      0.7190        12.93
      0.7200        13.08
      0.7210        13.28
      0.7220        13.38
      0.7230        13.47
      0.7240        13.67
      0.7250        13.88
      0.7260        14.02
      0.7270        14.11
      0.7280        14.22
      0.7290        14.42
      0.7300        14.49
      0.7310        14.65
      0.7320        14.77
      0.7330        14.86
      0.7340        14.87
      0.7350        15.02
      0.7360        15.18
      0.7370        15.30
      0.7380        15.35
      0.7390        15.50
      0.7400        15.57
      0.7410        15.58
      0.7420        15.77
      0.7430        15.93
      0.7440        16.10
      0.7450        16.13
      0.7460        16.27
      0.7470        16.47
      0.7480        16.50
      0.7490        16.47
      0.7500        16.57
      0.7510        16.61
      0.7520        16.61
      0.7530        16.67
      0.7540        16.82
      0.7550        16.89
      0.7560        16.85
      0.7570        16.89
      0.7580        16.94
      0.7590        17.04
      0.7600        17.11
      0.7610        17.17
      0.7620        17.21
      0.7630        17.28
      0.7640        17.36
      0.7650        17.39
      0.7660        17.45
      0.7670        17.53
      0.7680        17.69
      0.7690        17.75
      0.7700        17.80
      0.7710        17.96
      0.7720        18.07
      0.7730        18.11
      0.7740        18.23
      0.7750        18.19
      0.7760        18.37
      0.7770        18.44
      0.7780        18.56
      0.7790        18.64
      0.7800        18.79
      0.7810        18.86
      0.7820        18.96
      0.7830        19.00
      0.7840        19.02
      0.7850        19.06
      0.7860        19.05
      0.7870        19.02
      0.7880        19.02
      0.7890        19.17
      0.7900        19.26
      0.7910        19.37
      0.7920        19.50
      0.7930        19.57
      0.7940        19.56
      0.7950        19.64
      0.7960        19.65
      0.7970        19.76
      0.7980        19.81
      0.7990        19.85
      0.8000        19.88
      0.8010        19.88
      0.8020        19.88
      0.8030        19.93
      0.8040        20.09
      0.8050        20.16
      0.8060        20.24
      0.8070        20.33
      0.8080        20.44
      0.8090        20.47
      0.8100        20.51
      0.8110        20.38
      0.8120        20.28
      0.8130        20.28
      0.8140        20.34
      0.8150        20.42
      0.8160        20.36
      0.8170        20.38
      0.8180        20.31
      0.8190        20.34
      0.8200        20.32
      0.8210        20.28
      0.8220        20.25
      0.8230        20.20
      0.8240        20.03
      0.8250        19.98
      0.8260        20.01
      0.8270        19.96
      0.8280        20.00
      0.8290        19.90
      0.8300        19.90
      0.8310        19.91
      0.8320        19.87
      0.8330        19.95
      0.8340        19.94
      0.8350        19.85
      0.8360        19.94
      0.8370        19.89
      0.8380        19.91
      0.8390        19.81
      0.8400        19.81
      0.8410        19.95
      0.8420        20.01
      0.8430        20.05
      0.8440        20.12
      0.8450        20.13
      0.8460        20.12
      0.8470        20.15
      0.8480        20.11
      0.8490        20.19
      0.8500        20.13
      0.8510        20.12
      0.8520        20.11
      0.8530        20.08
      0.8540        20.05
      0.8550        20.05
      0.8560        19.96
      0.8570        19.96
      0.8580        19.92
      0.8590        19.89
      0.8600        19.81
      0.8610        19.72
      0.8620        19.73
      0.8630        19.66
      0.8640        19.54
      0.8650        19.46
      0.8660        19.34
      0.8670        19.32
      0.8680        19.22
      0.8690        19.11
      0.8700        18.94
      0.8710        18.97
      0.8720        18.95
      0.8730        18.84
      0.8740        18.79
      0.8750        18.76
      0.8760        18.60
      0.8770        18.49
      0.8780        18.40
      0.8790        18.34
      0.8800        18.38
      0.8810        18.35
      0.8820        18.12
      0.8830        18.02
      0.8840        18.06
      0.8850        17.99
      0.8860        18.04
      0.8870        17.89
      0.8880        17.77
      0.8890        17.73
      0.8900        17.79
      0.8910        17.65
      0.8920        17.67
      0.8930        17.65
      0.8940        17.60
      0.8950        17.49
      0.8960        17.55
      0.8970        17.58
      0.8980        17.59
      0.8990        17.50
      0.9000        17.35
      0.9010        17.25
      0.9020        17.22
      0.9030        17.14
      0.9040        17.09
      0.9050        17.09
      0.9060        16.97
      0.9070        16.93
      0.9080        16.86
      0.9090        16.81
      0.9100        16.73
      0.9110        16.64
      0.9120        16.48
      0.9130        16.46
      0.9140        16.34
      0.9150        16.27
      0.9160        16.20
      0.9170        16.05
      0.9180        15.97
      0.9190        15.94
      0.9200        15.90
      0.9210        15.81
      0.9220        15.75
      0.9230        15.66
      0.9240        15.46
      0.9250        15.38
      0.9260        15.29
      0.9270        15.23
      0.9280        15.08
      0.9290        15.01
      0.9300        14.92
      0.9310        14.81
      0.9320        14.72
      0.9330        14.56
      0.9340        14.52
      0.9350        14.41
      0.9360        14.30
      0.9370        14.29
      0.9380        14.19
      0.9390        14.11
      0.9400        13.94
      0.9410        13.93
      0.9420        13.91
      0.9430        13.89
      0.9440        13.80
      0.9450        13.67
      0.9460        13.64
      0.9470        13.61
      0.9480        13.58
      0.9490        13.44
      0.9500        13.37
      0.9510        13.28
      0.9520        13.20
      0.9530        13.08
      0.9540        12.88
      0.9550        12.82
      0.9560        12.76
      0.9570        12.66
      0.9580        12.62
      0.9590        12.55
      0.9600        12.54
      0.9610        12.31
      0.9620        12.21
      0.9630        12.18
      0.9640        12.18
      0.9650        12.24
      0.9660        12.17
      0.9670        12.04
      0.9680        12.00
      0.9690        11.92
      0.9700        11.79
      0.9710        11.79
      0.9720        11.77
      0.9730        11.78
      0.9740        11.76
      0.9750        11.84
      0.9760        11.73
      0.9770        11.69
      0.9780        11.62
      0.9790        11.66
      0.9800        11.64
      0.9810        11.68
      0.9820        11.58
      0.9830        11.68
      0.9840        11.67
      0.9850        11.57
      0.9860        11.51
      0.9870        11.49
      0.9880        11.48
      0.9890        11.47
      0.9900        11.50
      0.9910        11.54
      0.9920        11.48
      0.9930        11.36
      0.9940        11.31
      0.9950        11.21
      0.9960        11.25
      0.9970        11.11
      0.9980        11.04
      0.9990        10.91
      1.0000        10.91
      1.0010        10.84
      1.0020        10.82
      1.0030        10.62
      1.0040        10.51
      1.0050        10.41
      1.0060        10.22
      1.0070        10.15
      1.0080        10.15
      1.0090        10.14
      1.0100        10.09
      1.0110         9.91
      1.0120         9.90
      1.0130         9.97
      1.0140         9.98
      1.0150         9.86
      1.0160         9.82
      1.0170         9.77
      1.0180         9.70
      1.0190         9.70
      1.0200         9.58
      1.0210         9.65
      1.0220         9.62
      1.0230         9.62
      1.0240         9.56
      1.0250         9.52
      1.0260         9.60
      1.0270         9.61
      1.0280         9.56
      1.0290         9.46
      1.0300         9.38
      1.0310         9.39
      1.0320         9.27
      1.0330         9.21
      1.0340         9.14
      1.0350         9.06
      1.0360         8.95
      1.0370         8.94
      1.0380         8.94
      1.0390         8.87
      1.0400         8.90
      1.0410         8.71
      1.0420         8.65
      1.0430         8.59
      1.0440         8.57
      1.0450         8.56
      1.0460         8.48
      1.0470         8.39
      1.0480         8.37
      1.0490         8.41
      1.0500         8.42
      1.0510         8.38
      1.0520         8.43
      1.0530         8.30
      1.0540         8.25
      1.0550         8.33
      1.0560         8.34
      1.0570         8.37
      1.0580         8.39
      1.0590         8.42
      1.0600         8.27
      1.0610         8.39
      1.0620         8.36
      1.0630         8.28
      1.0640         8.35
      1.0650         8.28
      1.0660         8.40
      1.0670         8.35
      1.0680         8.34
      1.0690         8.31
      1.0700         8.26
      1.0710         8.20
      1.0720         8.17
      1.0730         8.17
      1.0740         8.20
      1.0750         8.20
      1.0760         8.15
      1.0770         8.07
      1.0780         8.01
      1.0790         7.90
      1.0800         7.99
      1.0810         7.97
      1.0820         7.90
      1.0830         8.03
      1.0840         7.95
      1.0850         7.95
      1.0860         7.83
      1.0870         7.87
      1.0880         7.73
      1.0890         7.61
      1.0900         7.68
      1.0910         7.79
      1.0920         7.80
      1.0930         7.84
      1.0940         7.84
      1.0950         7.81
      1.0960         7.75
      1.0970         7.75
      1.0980         7.73
      1.0990         7.71
      1.1000         7.69
      1.1010         7.60
      1.1020         7.59
      1.1030         7.44
      1.1040         7.45
      1.1050         7.36
      1.1060         7.43
      1.1070         7.37
      1.1080         7.45
      1.1090         7.51
      1.1100         7.46
      1.1110         7.43
      1.1120         7.40
      1.1130         7.36
      1.1140         7.32
      1.1150         7.34
      1.1160         7.44
      1.1170         7.49
      1.1180         7.46
      1.1190         7.49
      1.1200         7.50
      1.1210         7.54
      1.1220         7.52
      1.1230         7.59
      1.1240         7.52
      1.1250         7.56
      1.1260         7.41
      1.1270         7.36
      1.1280         7.30
      1.1290         7.33
      1.1300         7.21
      1.1310         7.13
      1.1320         7.12
      1.1330         7.11
      1.1340         7.09
      1.1350         7.00
      1.1360         6.88
      1.1370         6.82
      1.1380         6.84
      1.1390         6.84
      1.1400         6.76
      1.1410         6.67
      1.1420         6.74
      1.1430         6.70
      1.1440         6.71
      1.1450         6.77
      1.1460         6.85
      1.1470         6.87
      1.1480         6.89
      1.1490         6.83
      1.1500         6.99
      1.1510         6.93
      1.1520         6.89
      1.1530         6.93
      1.1540         6.93
      1.1550         7.01
      1.1560         7.00
      1.1570         6.98
      1.1580         6.93
      1.1590         6.92
      1.1600         6.88
      1.1610         6.93
      1.1620         6.89
      1.1630         6.88
      1.1640         6.91
      1.1650         6.93
      1.1660         6.97
      1.1670         6.99
      1.1680         7.04
      1.1690         7.03
      1.1700         6.92
      1.1710         7.00
      1.1720         7.00
      1.1730         6.93
      1.1740         6.86
      1.1750         6.78
      1.1760         6.86
      1.1770         6.88
      1.1780         6.90
      1.1790         6.92
      1.1800         6.92
      1.1810         7.02
      1.1820         7.05
      1.1830         7.00
      1.1840         6.93
      1.1850         6.94
      1.1860         6.81
      1.1870         6.73
      1.1880         6.57
      1.1890         6.54
      1.1900         6.52
      1.1910         6.53
      1.1920         6.49
      1.1930         6.44
      1.1940         6.52
      1.1950         6.49
      1.1960         6.47
      1.1970         6.47
      1.1980         6.49
      1.1990         6.48
      1.2000         6.42
      1.2010         6.38
      1.2020         6.38
      1.2030         6.50
      1.2040         6.49
      1.2050         6.45
      1.2060         6.49
      1.2070         6.58
      1.2080         6.62
      1.2090         6.73
      1.2100         6.78
      1.2110         6.72
      1.2120         6.72
      1.2130         6.81
      1.2140         6.80
      1.2150         6.74
      1.2160         6.74
      1.2170         6.76
      1.2180         6.77
      1.2190         6.81
      1.2200         6.88
      1.2210         6.76
      1.2220         6.80
      1.2230         6.65
      1.2240         6.65
      1.2250         6.57
      1.2260         6.65
      1.2270         6.59
      1.2280         6.66
      1.2290         6.63
      1.2300         6.66
      1.2310         6.71
      1.2320         6.73
      1.2330         6.70
      1.2340         6.66
      1.2350         6.75
      1.2360         6.73
      1.2370         6.73
      1.2380         6.62
      1.2390         6.57
      1.2400         6.49
      1.2410         6.56
      1.2420         6.44
      1.2430         6.49
      1.2440         6.56
      1.2450         6.63
      1.2460         6.65
      1.2470         6.67
      1.2480         6.64
      1.2490         6.60
      1.2500         6.53
      1.2510         6.49
      1.2520         6.53
      1.2530         6.57
      1.2540         6.58
      1.2550         6.54
      1.2560         6.53
      1.2570         6.46
      1.2580         6.40
      1.2590         6.36
      1.2600         6.38
      1.2610         6.32
      1.2620         6.31
      1.2630         6.30
      1.2640         6.23
      1.2650         6.09
      1.2660         6.03
      1.2670         6.10
      1.2680         5.99
      1.2690         5.93
      1.2700         6.01
      1.2710         5.91
      1.2720         5.71
      1.2730         5.61
      1.2740         5.67
      1.2750         5.57
      1.2760         5.53
      1.2770         5.61
      1.2780         5.67
      1.2790         5.69
      1.2800         5.71
      1.2810         5.72
      1.2820         5.75
      1.2830         5.74
      1.2840         5.76
      1.2850         5.94
      1.2860         5.94
      1.2870         5.91
      1.2880         5.95
      1.2890         5.97
      1.2900         5.83
      1.2910         5.93
      1.2920         6.09
      1.2930         6.08
      1.2940         6.05
      1.2950         6.12
      1.2960         6.16
      1.2970         6.19
      1.2980         6.22
      1.2990         6.16
      1.3000         6.14
      1.3010         6.11
      1.3020         6.02
      1.3030         5.94
      1.3040         5.95
      1.3050         5.88
      1.3060         5.79
      1.3070         5.74
      1.3080         5.71
      1.3090         5.63
      1.3100         5.75
      1.3110         5.75
      1.3120         5.77
      1.3130         5.79
      1.3140         5.70
      1.3150         5.70
      1.3160         5.67
      1.3170         5.64
      1.3180         5.60
      1.3190         5.63
      1.3200         5.58
      1.3210         5.55
      1.3220         5.74
      1.3230         5.75
      1.3240         5.67
      1.3250         5.58
      1.3260         5.57
      1.3270         5.55
      1.3280         5.55
      1.3290         5.57
      1.3300         5.45
      1.3310         5.39
      1.3320         5.31
      1.3330         5.30
      1.3340         5.29
      1.3350         5.23
      1.3360         5.26
      1.3370         5.15
      1.3380         5.10
      1.3390         5.14
      1.3400         5.18
      1.3410         5.14
      1.3420         5.03
      1.3430         4.59
      1.3440         5.10
      1.3450         5.08
      1.3460         5.07
      1.3470         5.07
      1.3480         5.12
      1.3490         5.11
      1.3500         5.11
      1.3510         5.10
      1.3520         5.00
      1.3530         5.06
      1.3540         5.16
      1.3550         5.31
      1.3560         5.18
      1.3570         5.17
      1.3580         5.22
      1.3590         5.13
      1.3600         5.05
      1.3610         4.99
      1.3620         4.95
      1.3630         4.87
      1.3640         4.85
      1.3650         4.83
      1.3660         4.81
      1.3670         4.79
      1.3680         4.77
      1.3690         4.81
      1.3700         4.77
      1.3710         4.29
      1.3720         4.88
      1.3730         4.87
      1.3740         4.76
      1.3750         4.10
      1.3760         4.67
      1.3770         4.22
      1.3780         4.26
      1.3790         4.26
      1.3800         4.32
      1.3810         4.45
      1.3820         4.50
      1.3830         4.53
      1.3840         5.10
      1.3850         5.14
      1.3860         5.12
      1.3870         5.16
      1.3880         5.15
      1.3890         5.18
      1.3900         5.23
      1.3910         5.06
      1.3920         5.03
      1.3930         5.02
      1.3940         5.07
      1.3950         5.23
      1.3960         5.28
      1.3970         5.31
      1.3980         5.18
      1.3990         5.18
      1.4000         5.20
      1.4010         5.15
      1.4020         5.04
      1.4030         5.03
      1.4040         4.91
      1.4050         4.94
      1.4060         4.97
      1.4070         4.94
      1.4080         4.41
      1.4090         4.36
      1.4100         4.39
      1.4110         5.02
      1.4120         4.55
      1.4130         4.51
      1.4140         4.44
      1.4150         4.31
      1.4160         4.31
      1.4170         4.27
      1.4180         4.28
      1.4190         4.24
      1.4200         4.19
      1.4210         4.19
      1.4220         4.22
      1.4230         4.09
      1.4240         4.12
      1.4250         4.11
      1.4260         4.09
      1.4270         4.09
      1.4280         4.08
      1.4290         4.01
      1.4300         3.97
      1.4310         4.36
      1.4320         4.37
      1.4330         4.48
      1.4340         4.41
      1.4350         4.49
      1.4360         4.44
      1.4370         3.87
      1.4380         4.44
      1.4390         4.51
      1.4400         4.51
      1.4410         4.55
      1.4420         4.52
      1.4430         4.47
      1.4440         4.43
      1.4450         4.40
      1.4460         4.38
      1.4470         4.31
      1.4480         3.79
      1.4490         3.33
      1.4500         3.32
      1.4510         3.88
      1.4520         3.33
      1.4530         3.28
      1.4540         3.32
      1.4550         3.32
      1.4560         3.33
      1.4570         3.89
      1.4580         3.88
      1.4590         3.88
      1.4600         3.85
      1.4610         3.97
      1.4620         3.98
      1.4630         4.02
      1.4640         4.05
      1.4650         4.03
      1.4660         4.11
      1.4670         4.10
      1.4680         4.04
      1.4690         4.01
      1.4700         4.03
      1.4710         4.03
      1.4720         4.05
      1.4730         4.12
      1.4740         4.04
      1.4750         4.04
      1.4760         4.00
      1.4770         3.86
      1.4780         3.84
      1.4790         3.85
      1.4800         3.88
      1.4810         3.73
      1.4820         3.70
      1.4830         3.73
      1.4840         3.73
      1.4850         3.76
      1.4860         3.66
      1.4870         3.70
      1.4880         3.79
      1.4890         3.83
      1.4900         3.82
      1.4910         3.83
      1.4920         3.79
      1.4930         3.78
      1.4940         3.85
      1.4950         3.79
      1.4960         3.74
      1.4970         3.87
      1.4980         3.87
      1.4990         3.80
      1.5000         3.76
      1.5010         3.85
      1.5020         3.73
      1.5030         3.79
      1.5040         3.82
      1.5050         3.82
      1.5060         3.81
      1.5070         3.84
      1.5080         3.77
      1.5090         3.74
      1.5100         3.77
      1.5110         3.73
      1.5120         3.70
      1.5130         3.76
      1.5140         3.77
      1.5150         3.85
      1.5160         3.90
      1.5170         3.90
      1.5180         3.93
      1.5190         3.99
      1.5200         4.02
      1.5210         4.01
      1.5220         4.15
      1.5230         4.10
      1.5240         4.10
      1.5250         4.06
      1.5260         4.05
      1.5270         4.04
      1.5280         4.06
      1.5290         4.14
      1.5300         4.13
      1.5310         4.17
      1.5320         4.24
      1.5330         4.18
      1.5340         4.21
      1.5350         4.20
      1.5360         4.21
      1.5370         4.17
      1.5380         4.17
      1.5390         4.12
      1.5400         4.14
      1.5410         4.14
      1.5420         4.12
      1.5430         4.10
      1.5440         4.06
      1.5450         4.14
      1.5460         4.23
      1.5470         4.27
      1.5480         4.31
      1.5490         4.33
      1.5500         4.34
      1.5510         4.34
      1.5520         4.35
      1.5530         4.37
      1.5540         4.30
      1.5550         4.35
      1.5560         4.33
      1.5570         4.33
      1.5580         4.31
      1.5590         4.33
      1.5600         4.29
      1.5610         4.28
      1.5620         4.25
      1.5630         4.25
      1.5640         4.26
      1.5650         4.16
      1.5660         4.13
      1.5670         4.06
      1.5680         4.09
      1.5690         4.05
      1.5700         4.05
      1.5710         4.07
      1.5720         4.08
      1.5730         4.06
      1.5740         4.12
      1.5750         4.02
      1.5760         4.04
      1.5770         3.94
      1.5780         4.01
      1.5790         4.01
      1.5800         4.10
      1.5810         4.10
      1.5820         4.14
      1.5830         4.11
      1.5840         4.10
      1.5850         4.10
      1.5860         4.08
      1.5870         4.04
      1.5880         3.90
      1.5890         3.89
      1.5900         3.78
      1.5910         3.73
      1.5920         3.71
      1.5930         3.76
      1.5940         3.24
      1.5950         3.22
      1.5960         3.24
      1.5970         3.84
      1.5980         3.81
      1.5990         3.77
      1.6000         3.68
      1.6010         3.21
      1.6020         3.17
      1.6030         3.61
      1.6040         3.59
      1.6050         3.70
      1.6060         3.67
      1.6070         3.78
      1.6080         3.88
      1.6090         3.89
      1.6100         3.98
      1.6110         3.99
      1.6120         4.03
      1.6130         3.97
      1.6140         3.91
      1.6150         3.92
      1.6160         3.88
      1.6170         3.84
      1.6180         3.76
      1.6190         3.74
      1.6200         3.69
      1.6210         3.68
      1.6220         3.73
      1.6230         3.83
      1.6240         3.84
      1.6250         3.32
      1.6260         3.34
      1.6270         3.21
      1.6280         3.22
      1.6290         3.18
      1.6300         3.62
      1.6310         3.69
      1.6320         3.13
      1.6330         3.64
      1.6340         3.68
      1.6350         3.70
      1.6360         3.74
      1.6370         3.74
      1.6380         3.81
      1.6390         3.92
      1.6400         4.00
      1.6410         3.98
      1.6420         3.99
      1.6430         3.97
      1.6440         3.97
      1.6450         3.92
      1.6460         3.86
      1.6470         3.90
      1.6480         3.80
      1.6490         3.85
      1.6500         3.82
      1.6510         3.80
      1.6520         3.88
      1.6530         3.76
      1.6540         3.77
      1.6550         3.70
      1.6560         3.69
      1.6570         3.70
      1.6580         3.62
      1.6590         3.55
      1.6600         3.57
      1.6610         3.55
      1.6620         3.47
      1.6630         3.36
      1.6640         2.80
      1.6650         3.40
      1.6660         3.55
      1.6670         3.55
      1.6680         3.57
      1.6690         3.48
      1.6700         3.58
      1.6710         3.49
      1.6720         2.88
      1.6730         3.49
      1.6740         2.92
      1.6750         3.43
      1.6760         2.94
      1.6770         3.00
      1.6780         3.03
      1.6790         3.07
      1.6800         3.02
      1.6810         2.99
      1.6820         3.00
      1.6830         3.02
      1.6840         3.07
      1.6850         2.99
      1.6860         2.95
      1.6870         2.88
      1.6880         2.89
      1.6890         2.84
      1.6900         2.76
      1.6910         2.77
      1.6920         3.36
      1.6930         3.36
      1.6940         3.42
      1.6950         3.42
      1.6960         3.50
      1.6970         3.50
      1.6980         3.56
      1.6990         3.62
      1.7000         3.58
      1.7010         3.63
      1.7020         3.63
      1.7030         3.66
      1.7040         3.58
      1.7050         3.64
      1.7060         3.61
      1.7070         3.72
      1.7080         3.77
      1.7090         3.83
      1.7100         3.83
      1.7110         3.83
      1.7120         3.76
      1.7130         3.79
      1.7140         3.84
      1.7150         3.88
      1.7160         3.89
      1.7170         3.92
      1.7180         3.85
      1.7190         3.84
      1.7200         3.82
      1.7210         3.74
      1.7220         3.74
      1.7230         3.78
      1.7240         3.90
      1.7250         3.87
      1.7260         3.91
      1.7270         3.90
      1.7280         3.85
      1.7290         3.85
      1.7300         3.78
      1.7310         3.79
      1.7320         3.80
      1.7330         3.78
      1.7340         3.72
      1.7350         3.74
      1.7360         3.22
      1.7370         3.22
      1.7380         3.30
      1.7390         3.25
      1.7400         3.32
      1.7410         3.40
      1.7420         3.38
      1.7430         3.40
      1.7440         3.33
      1.7450         3.31
      1.7460         3.33
      1.7470         3.29
      1.7480         3.27
      1.7490         3.23
      1.7500         3.85
      1.7510         3.88
      1.7520         3.84
      1.7530         3.78
      1.7540         3.82
      1.7550         3.81
      1.7560         3.78
      1.7570         3.76
      1.7580         3.76
      1.7590         3.70
      1.7600         3.11
      1.7610         3.11
      1.7620         3.13
      1.7630         3.11
      1.7640         3.11
      1.7650         3.14
      1.7660         3.11
      1.7670         3.19
      1.7680         3.24
      1.7690         3.26
      1.7700         3.26
      1.7710         3.25
      1.7720         3.29
      1.7730         3.30
      1.7740         3.78
      1.7750         3.27
      1.7760         3.76
      1.7770         3.78
      1.7780         3.83
      1.7790         3.77
      1.7800         3.91
      1.7810         3.87
      1.7820         3.87
      1.7830         3.93
      1.7840         3.90
      1.7850         3.86
      1.7860         3.81
      1.7870         3.81
      1.7880         3.74
      1.7890         3.69
      1.7900         3.62
      1.7910         3.66
      1.7920         3.60
      1.7930         3.56
      1.7940         3.07
      1.7950         2.97
      1.7960         3.46
      1.7970         3.61
      1.7980         3.60
      1.7990         3.69
      1.8000         3.62
      1.8010         3.65
      1.8020         3.68
      1.8030         3.68
      1.8040         3.70
      1.8050         3.74
      1.8060         3.83
      1.8070         3.77
      1.8080         3.77
      1.8090         3.87
      1.8100         3.90
      1.8110         3.80
      1.8120         3.85
      1.8130         3.86
      1.8140         3.83
      1.8150         3.87
      1.8160         3.88
      1.8170         3.73
      1.8180         3.66
      1.8190         3.66
      1.8200         3.61
      1.8210         3.58
      1.8220         3.57
      1.8230         3.02
      1.8240         3.13
      1.8250         3.09
      1.8260         3.09
      1.8270         3.05
      1.8280         3.01
      1.8290         2.99
      1.8300         2.94
      1.8310         2.91
      1.8320         2.84
      1.8330         2.87
      1.8340         3.47
      1.8350         3.53
      1.8360         3.54
      1.8370         3.56
      1.8380         3.67
      1.8390         3.63
      1.8400         3.74
      1.8410         3.75
      1.8420         3.82
      1.8430         3.82
      1.8440         3.75
      1.8450         3.66
      1.8460         3.71
      1.8470         3.78
      1.8480         3.70
      1.8490         3.78
      1.8500         3.81
      1.8510         3.80
      1.8520         3.87
      1.8530         3.87
      1.8540         3.29
      1.8550         3.26
      1.8560         3.29
      1.8570         3.82
      1.8580         3.81
      1.8590         3.88
      1.8600         3.90
      1.8610         3.93
      1.8620         3.90
      1.8630         3.92
      1.8640         3.92
      1.8650         3.98
      1.8660         4.00
      1.8670         3.98
      1.8680         4.03
      1.8690         3.98
      1.8700         3.94
      1.8710         4.01
      1.8720         3.97
      1.8730         3.98
      1.8740         3.98
      1.8750         3.95
      1.8760         3.87
      1.8770         3.82
      1.8780         3.70
      1.8790         3.71
      1.8800         3.58
      1.8810         3.61
      1.8820         3.58
      1.8830         3.64
      1.8840         3.62
      1.8850         3.64
      1.8860         3.58
      1.8870         3.61
      1.8880         3.66
      1.8890         3.59
      1.8900         3.62
      1.8910         3.59
      1.8920         3.63
      1.8930         3.57
      1.8940         3.59
      1.8950         3.66
      1.8960         3.66
      1.8970         3.65
      1.8980         3.70
      1.8990         3.66
      1.9000         3.69
      1.9010         3.58
      1.9020         3.62
      1.9030         3.58
      1.9040         3.53
      1.9050         3.50
      1.9060         3.43
      1.9070         2.97
      1.9080         2.97
      1.9090         3.07
      1.9100         3.09
      1.9110         3.05
      1.9120         2.99
      1.9130         2.97
      1.9140         2.98
      1.9150         2.95
      1.9160         2.93
      1.9170         2.87
      1.9180         2.84
      1.9190         2.83
      1.9200         2.83
      1.9210         3.28
      1.9220         3.26
      1.9230         3.23
      1.9240         3.32
      1.9250         3.30
      1.9260         3.43
      1.9270         3.52
      1.9280         3.55
      1.9290         3.54
      1.9300         3.54
      1.9310         3.46
      1.9320         3.46
      1.9330         3.58
      1.9340         3.55
      1.9350         3.49
      1.9360         3.45
      1.9370         3.50
      1.9380         3.55
      1.9390         3.58
      1.9400         3.57
      1.9410         3.05
      1.9420         3.11
      1.9430         3.06
      1.9440         2.98
      1.9450         3.53
      1.9460         3.43
      1.9470         3.34
      1.9480         3.26
      1.9490         2.72
      1.9500         3.28
      1.9510         3.40
      1.9520         3.47
      1.9530         3.36
      1.9540         3.38
      1.9550         3.44
      1.9560         3.54
      1.9570         3.48
      1.9580         3.50
      1.9590         3.46
      1.9600         3.47
      1.9610         3.46
      1.9620         3.34
      1.9630         3.36
      1.9640         3.46
      1.9650         3.47
      1.9660         3.45
      1.9670         3.40
      1.9680         2.87
      1.9690         3.34
      1.9700         2.82
      1.9710         2.78
      1.9720         2.79
      1.9730         2.79
      1.9740         2.75
      1.9750         2.83
      1.9760         2.83
      1.9770         2.86
      1.9780         3.29
      1.9790         3.31
      1.9800         3.37
      1.9810         3.39
      1.9820         3.45
      1.9830         3.43
      1.9840         3.38
      1.9850         3.30
      1.9860         3.34
      1.9870         3.42
      1.9880         3.36
      1.9890         3.41
      1.9900         3.40
      1.9910         3.41
      1.9920         3.34
      1.9930         3.37
      1.9940         3.33
      1.9950         2.72
      1.9960         2.67
      1.9970         2.64
      1.9980         2.64
      1.9990         2.55
      2.0000         2.57
      2.0010         2.55
      2.0020         2.59
      2.0030         3.10
      2.0040         3.05
      2.0050         3.08
      2.0060         3.09
      2.0070         3.08
      2.0080         3.09
      2.0090         3.04
      2.0100         3.04
      2.0110         3.02
      2.0120         2.98
      2.0130         2.97
      2.0140         3.05
      2.0150         3.11
      2.0160         3.19
      2.0170         3.16
      2.0180         3.16
      2.0190         3.29
      2.0200         3.24
      2.0210         3.35
      2.0220         3.24
      2.0230         3.27
      2.0240         3.28
      2.0250         3.27
      2.0260         3.18
      2.0270         3.15
      2.0280         3.19
      2.0290         3.23
      2.0300         3.20
      2.0310         3.16
      2.0320         3.20
      2.0330         3.20
      2.0340         3.19
      2.0350         3.15
      2.0360         3.12
      2.0370         3.19
      2.0380         3.17
      2.0390         3.05
      2.0400         3.05
      2.0410         3.06
      2.0420         3.06
      2.0430         3.00
      2.0440         3.02
      2.0450         3.04
      2.0460         3.08
      2.0470         3.04
      2.0480         3.05
      2.0490         2.99
      2.0500         3.03
      2.0510         3.07
      2.0520         3.08
      2.0530         3.08
      2.0540         3.16
      2.0550         3.26
      2.0560         3.22
      2.0570         3.16
      2.0580         3.11
      2.0590         3.12
      2.0600         3.12
      2.0610         2.55
      2.0620         3.05
      2.0630         3.07
      2.0640         3.07
      2.0650         3.12
      2.0660         3.12
      2.0670         3.08
      2.0680         3.12
      2.0690         3.14
      2.0700         3.16
      2.0710         3.20
      2.0720         3.22
      2.0730         3.22
      2.0740         3.04
      2.0750         2.99
      2.0760         3.01
      2.0770         3.06
      2.0780         3.10
      2.0790         3.10
      2.0800         3.06
      2.0810         3.02
      2.0820         3.00
      2.0830         3.05
      2.0840         3.07
      2.0850         3.02
      2.0860         3.04
      2.0870         3.16
      2.0880         3.08
      2.0890         3.15
      2.0900         3.07
      2.0910         2.97
      2.0920         2.90
      2.0930         2.92
      2.0940         3.01
      2.0950         3.06
      2.0960         3.14
      2.0970         3.14
      2.0980         3.16
      2.0990         3.16
      2.1000         3.64
      2.1010         3.25
      2.1020         3.22
      2.1030         3.12
      2.1040         3.05
      2.1050         3.06
      2.1060         3.09
      2.1070         3.04
      2.1080         3.12
      2.1090         3.05
      2.1100         3.11
      2.1110         3.21
      2.1120         3.28
      2.1130         3.25
      2.1140         3.23
      2.1150         3.09
      2.1160         3.16
      2.1170         3.08
      2.1180         3.13
      2.1190         3.09
      2.1200         3.16
      2.1210         3.06
      2.1220         3.21
      2.1230         3.24
      2.1240         3.29
      2.1250         3.21
      2.1260         3.17
      2.1270         3.20
      2.1280         3.16
      2.1290         3.25
      2.1300         3.22
      2.1310         3.17
      2.1320         3.18
      2.1330         3.18
      2.1340         3.13
      2.1350         3.18
      2.1360         3.09
      2.1370         3.11
      2.1380         3.07
      2.1390         3.12
      2.1400         3.04
      2.1410         3.05
      2.1420         2.97
      2.1430         2.98
      2.1440         2.93
      2.1450         2.96
      2.1460         2.93
      2.1470         2.93
      2.1480         2.87
      2.1490         2.84
      2.1500         2.84
      2.1510         2.80
      2.1520         2.78
      2.1530         2.80
      2.1540         2.85
      2.1550         2.82
      2.1560         2.78
      2.1570         2.82
      2.1580         2.92
      2.1590         2.92
      2.1600         2.92
      2.1610         2.85
      2.1620         2.74
      2.1630         2.73
      2.1640         2.23
      2.1650         2.23
      2.1660         2.77
      2.1670         2.77
      2.1680         2.81
      2.1690         2.73
      2.1700         2.72
      2.1710         2.26
      2.1720         2.15
      2.1730         2.11
      2.1740         2.11
      2.1750         2.59
      2.1760         2.65
      2.1770         2.55
      2.1780         2.45
      2.1790         2.53
      2.1800         2.61
      2.1810         2.61
      2.1820         2.74
      2.1830         2.77
      2.1840         2.72
      2.1850         2.68
      2.1860         2.67
      2.1870         2.66
      2.1880         2.63
      2.1890         2.65
      2.1900         2.70
      2.1910         2.70
      2.1920         2.78
      2.1930         2.81
      2.1940         2.85
      2.1950         2.84
      2.1960         2.81
      2.1970         2.87
      2.1980         2.89
      2.1990         2.76
      2.2000         2.78
      2.2010         2.77
      2.2020         2.81
      2.2030         2.77
      2.2040         2.86
      2.2050         2.97
      2.2060         2.90
      2.2070         2.84
      2.2080         2.86
      2.2090         2.85
      2.2100         2.85
      2.2110         2.84
      2.2120         2.81
      2.2130         2.79
      2.2140         2.74
      2.2150         2.86
      2.2160         2.81
      2.2170         2.77
      2.2180         2.77
      2.2190         2.85
      2.2200         2.72
      2.2210         2.82
      2.2220         2.78
      2.2230         2.76
      2.2240         2.77
      2.2250         2.77
      2.2260         2.81
      2.2270         2.80
      2.2280         2.80
      2.2290         2.81
      2.2300         2.80
      2.2310         2.80
      2.2320         2.85
      2.2330         2.84
      2.2340         2.88
      2.2350         2.84
      2.2360         2.94
      2.2370         2.97
      2.2380         2.91
      2.2390         2.82
      2.2400         2.87
      2.2410         2.86
      2.2420         2.78
      2.2430         2.82
      2.2440         2.86
      2.2450         2.78
      2.2460         2.76
      2.2470         2.83
      2.2480         2.83
      2.2490         2.82
      2.2500         2.80
      2.2510         2.85
      2.2520         2.83
      2.2530         2.81
      2.2540         2.78
      2.2550         2.79
      2.2560         2.70
      2.2570         2.62
      2.2580         2.64
      2.2590         2.69
      2.2600         2.70
      2.2610         2.62
      2.2620         2.68
      2.2630         2.72
      2.2640         2.70
      2.2650         2.77
      2.2660         2.82
      2.2670         2.85
      2.2680         2.87
      2.2690         2.93
      2.2700         2.90
      2.2710         2.82
      2.2720         2.83
      2.2730         2.89
      2.2740         2.87
      2.2750         2.81
      2.2760         2.76
      2.2770         3.33
      2.2780         2.83
      2.2790         2.90
      2.2800         2.90
      2.2810         2.91
      2.2820         2.96
      2.2830         2.94
      2.2840         2.87
      2.2850         2.85
      2.2860         3.35
      2.2870         2.80
      2.2880         2.81
      2.2890         2.78
      2.2900         2.83
      2.2910         2.90
      2.2920         2.85
      2.2930         2.82
      2.2940         2.87
      2.2950         2.94
      2.2960         3.02
      2.2970         3.00
      2.2980         3.07
      2.2990         2.98
      2.3000         2.90
      2.3010         2.99
      2.3020         2.96
      2.3030         2.98
      2.3040         3.01
      2.3050         2.99
      2.3060         2.99
      2.3070         2.89
      2.3080         2.90
      2.3090         2.93
      2.3100         2.89
      2.3110         2.90
      2.3120         2.92
      2.3130         2.97
      2.3140         2.90
      2.3150         2.85
      2.3160         2.90
      2.3170         2.94
      2.3180         2.92
      2.3190         2.92
      2.3200         2.98
      2.3210         3.00
      2.3220         2.96
      2.3230         2.93
      2.3240         2.89
      2.3250         2.97
      2.3260         2.89
      2.3270         3.06
      2.3280         3.03
      2.3290         3.05
      2.3300         3.09
      2.3310         3.06
      2.3320         3.10
      2.3330         3.08
      2.3340         3.12
      2.3350         3.15
      2.3360         3.07
      2.3370         3.05
      2.3380         2.99
      2.3390         2.97
      2.3400         2.93
      2.3410         2.86
      2.3420         2.82
      2.3430         2.88
      2.3440         2.84
      2.3450         2.80
      2.3460         2.86
      2.3470         2.78
      2.3480         2.80
      2.3490         2.70
      2.3500         2.65
      2.3510         2.69
      2.3520         2.60
      2.3530         2.00
      2.3540         2.00
      2.3550         1.98
      2.3560         2.46
      2.3570         2.51
      2.3580         2.54
      2.3590         2.61
      2.3600         2.69
      2.3610         2.62
      2.3620         2.63
      2.3630         2.57
      2.3640         2.68
      2.3650         2.62
      2.3660         2.58
      2.3670         2.62
      2.3680         2.65
      2.3690         2.68
      2.3700         2.76
      2.3710         2.70
      2.3720         2.77
      2.3730         2.84
      2.3740         2.94
      2.3750         2.96
      2.3760         3.00
      2.3770         2.88
      2.3780         2.84
      2.3790         2.80
      2.3800         2.79
      2.3810         2.89
      2.3820         2.89
      2.3830         2.90
      2.3840         2.89
      2.3850         2.94
      2.3860         2.93
      2.3870         2.82
      2.3880         2.82
      2.3890         2.90
      2.3900         2.87
      2.3910         2.89
      2.3920         2.87
      2.3930         2.83
      2.3940         2.73
      2.3950         2.70
      2.3960         2.70
      2.3970         2.75
      2.3980         2.74
      2.3990         2.74
      2.4000         2.78
      2.4010         2.72
      2.4020         2.79
      2.4030         2.85
      2.4040         2.77
      2.4050         2.76
      2.4060         2.82
      2.4070         2.92
      2.4080         2.92
      2.4090         2.91
      2.4100         2.92
      2.4110         2.96
      2.4120         2.90
      2.4130         3.05
      2.4140         3.06
      2.4150         3.06
      2.4160         3.04
      2.4170         3.05
      2.4180         3.10
      2.4190         3.12
      2.4200         3.02
      2.4210         3.02
      2.4220         2.94
      2.4230         2.92
      2.4240         2.98
      2.4250         2.89
      2.4260         2.90
      2.4270         2.88
      2.4280         2.77
      2.4290         2.78
      2.4300         2.73
      2.4310         2.21
      2.4320         2.80
      2.4330         2.18
      2.4340         2.68
      2.4350         2.72
      2.4360         2.72
      2.4370         2.76
      2.4380         2.68
      2.4390         2.64
      2.4400         2.62
      2.4410         2.67
      2.4420         2.74
      2.4430         2.76
      2.4440         2.72
      2.4450         2.75
      2.4460         2.72
      2.4470         2.76
      2.4480         2.83
      2.4490         2.79
      2.4500         2.75
      2.4510         2.72
      2.4520         2.66
      2.4530         2.67
      2.4540         2.70
      2.4550         2.66
      2.4560         2.68
      2.4570         2.65
      2.4580         2.70
      2.4590         2.71
      2.4600         2.71
      2.4610         2.66
      2.4620         2.55
      2.4630         2.54
      2.4640         2.52
      2.4650         2.63
      2.4660         2.64
      2.4670         2.61
      2.4680         2.61
      2.4690         2.68
      2.4700         2.73
      2.4710         2.73
      2.4720         2.84
      2.4730         2.85
      2.4740         2.87
      2.4750         2.87
      2.4760         2.90
      2.4770         2.88
      2.4780         2.92
      2.4790         2.91
      2.4800         2.91
      2.4810         2.98
      2.4820         3.01
      2.4830         2.93
      2.4840         2.97
      2.4850         2.92
      2.4860         2.89
      2.4870         2.92
      2.4880         2.89
      2.4890         2.81
      2.4900         2.81
      2.4910         2.80
      2.4920         2.80
      2.4930         2.82
      2.4940         2.82
      2.4950         2.86
      2.4960         2.82
      2.4970         2.82
      2.4980         2.90
      2.4990         2.87
      2.5000         2.94
      2.5010         2.99
      2.5020         3.11
      2.5030         3.14
      2.5040         3.11
      2.5050         3.10
      2.5060         3.10
      2.5070         3.13
      2.5080         3.15
      2.5090         3.18
      2.5100         3.21
      2.5110         3.22
      2.5120         3.20
      2.5130         3.16
      2.5140         3.06
      2.5150         3.05
      2.5160         2.97
      2.5170         3.00
      2.5180         2.94
      2.5190         3.05
      2.5200         3.04
      2.5210         2.96
      2.5220         2.82
      2.5230         2.92
      2.5240         2.92
      2.5250         2.93
      2.5260         3.00
      2.5270         2.90
      2.5280         2.91
      2.5290         2.95
      2.5300         2.98
      2.5310         2.99
      2.5320         2.99
      2.5330         3.01
      2.5340         3.05
      2.5350         2.95
      2.5360         3.00
      2.5370         3.04
      2.5380         2.96
      2.5390         2.92
      2.5400         2.88
      2.5410         2.86
      2.5420         2.91
      2.5430         2.85
      2.5440         2.85
      2.5450         2.91
      2.5460         2.85
      2.5470         2.41
      2.5480         2.38
      2.5490         2.34
      2.5500         2.26
      2.5510         2.30
      2.5520         2.27
      2.5530         2.26
      2.5540         2.22
      2.5550         2.19
      2.5560         2.11
      2.5570         2.10
      2.5580         2.10
      2.5590         2.11
      2.5600         2.11
      2.5610         2.17
      2.5620         2.13
      2.5630         2.09
      2.5640         2.11
      2.5650         2.05
      2.5660         2.03
      2.5670         2.00
      2.5680         1.98
      2.5690         1.91
      2.5700         1.99
      2.5710         1.95
      2.5720         2.03
      2.5730         2.09
      2.5740         2.14
      2.5750         2.25
      2.5760         2.36
      2.5770         2.33
      2.5780         2.81
      2.5790         2.82
      2.5800         2.89
      2.5810         2.86
      2.5820         2.93
      2.5830         2.96
      2.5840         2.94
      2.5850         3.08
      2.5860         3.06
      2.5870         3.13
      2.5880         3.28
      2.5890         3.43
      2.5900         3.37
      2.5910         3.33
      2.5920         3.29
      2.5930         3.32
      2.5940         3.33
      2.5950         3.36
      2.5960         3.27
      2.5970         3.28
      2.5980         3.36
      2.5990         3.40
      2.6000         3.31
      2.6010         3.30
      2.6020         3.20
      2.6030         3.71
      2.6040         3.25
      2.6050         3.23
      2.6060         3.24
      2.6070         3.24
      2.6080         3.21
      2.6090         3.09
      2.6100         3.13
      2.6110         3.19
      2.6120         3.18
      2.6130         3.15
      2.6140         3.22
      2.6150         3.10
      2.6160         3.11
      2.6170         3.14
      2.6180         2.99
      2.6190         2.96
      2.6200         3.07
      2.6210         3.08
      2.6220         3.10
      2.6230         3.03
      2.6240         3.02
      2.6250         2.95
      2.6260         3.02
      2.6270         2.96
      2.6280         2.93
      2.6290         3.01
      2.6300         3.00
      2.6310         3.03
      2.6320         2.99
      2.6330         2.98
      2.6340         2.40
      2.6350         2.37
      2.6360         2.37
      2.6370         2.34
      2.6380         2.89
      2.6390         2.93
      2.6400         2.99
      2.6410         2.99
      2.6420         3.12
      2.6430         3.13
      2.6440         3.09
      2.6450         3.06
      2.6460         3.01
      2.6470         3.02
      2.6480         3.00
      2.6490         2.93
      2.6500         2.97
      2.6510         2.89
      2.6520         2.90
      2.6530         2.93
      2.6540         2.85
      2.6550         2.92
      2.6560         2.85
      2.6570         2.85
      2.6580         2.88
      2.6590         2.80
      2.6600         2.77
      2.6610         2.68
      2.6620         2.61
      2.6630         2.65
      2.6640         2.70
      2.6650         2.76
      2.6660         2.72
      2.6670         2.80
      2.6680         2.71
      2.6690         2.71
      2.6700         2.67
      2.6710         2.75
      2.6720         2.71
      2.6730         2.60
      2.6740         2.63
      2.6750         2.71
      2.6760         2.78
      2.6770         2.78
      2.6780         2.79
      2.6790         2.76
      2.6800         2.72
      2.6810         2.74
      2.6820         2.72
      2.6830         2.71
      2.6840         2.73
      2.6850         2.70
      2.6860         2.70
      2.6870         2.58
      2.6880         2.74
      2.6890         2.82
      2.6900         2.84
      2.6910         2.88
      2.6920         2.96
      2.6930         3.00
      2.6940         2.97
      2.6950         2.97
      2.6960         3.01
      2.6970         2.98
      2.6980         2.90
      2.6990         2.96
      2.7000         2.94
      2.7010         3.02
      2.7020         3.01
      2.7030         3.00
      2.7040         2.93
      2.7050         2.91
      2.7060         3.02
      2.7070         3.07
      2.7080         2.93
      2.7090         2.87
      2.7100         2.77
      2.7110         2.66
      2.7120         2.64
      2.7130         2.54
      2.7140         2.55
      2.7150         2.52
      2.7160         2.40
      2.7170         2.42
      2.7180         2.43
      2.7190         2.50
      2.7200         2.46
      2.7210         2.35
      2.7220         2.34
      2.7230         2.39
      2.7240         2.39
      2.7250         2.47
      2.7260         2.33
      2.7270         2.37
      2.7280         2.44
      2.7290         2.39
      2.7300         2.48
      2.7310         2.47
      2.7320         2.48
      2.7330         2.58
      2.7340         2.62
      2.7350         2.62
      2.7360         2.60
      2.7370         2.64
      2.7380         2.62
      2.7390         2.47
      2.7400         2.47
      2.7410         2.54
      2.7420         2.53
      2.7430         2.53
      2.7440         2.03
      2.7450         1.98
      2.7460         2.03
      2.7470         2.02
      2.7480         2.13
      2.7490         2.18
      2.7500         2.18
      2.7510         2.19
      2.7520         2.19
      2.7530         2.22
      2.7540         2.16
      2.7550         2.21
      2.7560         2.19
      2.7570         2.12
      2.7580         2.15
      2.7590         2.65
      2.7600         2.71
      2.7610         2.75
      2.7620         2.81
      2.7630         2.83
      2.7640         2.77
      2.7650         2.82
      2.7660         2.84
      2.7670         2.89
      2.7680         2.77
      2.7690         2.82
      2.7700         2.85
      2.7710         2.84
      2.7720         2.82
      2.7730         2.72
      2.7740         2.79
      2.7750         2.80
      2.7760         2.29
      2.7770         2.32
      2.7780         2.29
      2.7790         2.33
      2.7800         2.34
      2.7810         2.33
      2.7820         2.30
      2.7830         2.23
      2.7840         2.27
      2.7850         2.27
      2.7860         2.22
      2.7870         2.17
      2.7880         2.18
      2.7890         2.62
      2.7900         2.08
      2.7910         2.10
      2.7920         2.11
      2.7930         2.11
      2.7940         2.61
      2.7950         2.06
      2.7960         2.06
      2.7970         2.65
      2.7980         2.66
      2.7990         2.60
      2.8000         2.50
      2.8010         2.03
      2.8020         2.07
      2.8030         1.98
      2.8040         2.04
      2.8050         2.08
      2.8060         2.10
      2.8070         2.07
      2.8080         2.04
      2.8090         2.03
      2.8100         2.00
      2.8110         1.95
      2.8120         1.91
      2.8130         2.38
      2.8140         2.36
      2.8150         2.44
      2.8160         2.47
      2.8170         2.38
      2.8180         2.39
      2.8190         2.44
      2.8200         2.51
      2.8210         2.46
      2.8220         2.39
      2.8230         2.39
      2.8240         2.31
      2.8250         2.26
      2.8260         2.24
      2.8270         1.79
      2.8280         1.77
      2.8290         1.29
      2.8300         1.25
      2.8310         1.23
      2.8320         1.26
      2.8330         1.84
      2.8340         1.84
      2.8350         1.77
      2.8360         1.84
      2.8370         1.81
      2.8380         1.79
      2.8390         2.24
      2.8400         2.26
      2.8410         2.31
      2.8420         2.34
      2.8430         2.43
      2.8440         2.46
      2.8450         2.47
      2.8460         2.59
      2.8470         2.59
      2.8480         2.57
      2.8490         2.58
      2.8500         2.64
      2.8510         2.80
      2.8520         2.77
      2.8530         2.68
      2.8540         2.64
      2.8550         2.22
      2.8560         2.22
      2.8570         2.24
      2.8580         2.24
      2.8590         2.26
      2.8600         2.33
      2.8610         2.36
      2.8620         2.40
      2.8630         2.36
      2.8640         2.37
      2.8650         2.43
      2.8660         2.40
      2.8670         2.34
      2.8680         2.36
      2.8690         2.34
      2.8700         2.88
      2.8710         2.37
      2.8720         2.85
      2.8730         2.91
      2.8740         2.91
      2.8750         2.86
      2.8760         2.89
      2.8770         2.90
      2.8780         2.93
      2.8790         3.00
      2.8800         2.96
      2.8810         2.93
      2.8820         2.96
      2.8830         2.97
      2.8840         2.92
      2.8850         2.90
      2.8860         2.92
      2.8870         2.97
      2.8880         2.97
      2.8890         2.76
      2.8900         2.72
      2.8910         2.12
      2.8920         2.69
      2.8930         2.70
      2.8940         2.69
      2.8950         2.76
      2.8960         2.71
      2.8970         2.69
      2.8980         2.69
      2.8990         2.63
      2.9000         2.62
      2.9010         2.62
      2.9020         2.59
      2.9030         2.73
      2.9040         2.67
      2.9050         2.60
      2.9060         2.55
      2.9070         2.55
      2.9080         2.59
      2.9090         2.71
      2.9100         2.76
      2.9110         2.70
      2.9120         2.64
      2.9130         2.62
      2.9140         2.66
      2.9150         2.67
      2.9160         2.70
      2.9170         2.78
      2.9180         2.69
      2.9190         2.77
      2.9200         2.77
      2.9210         2.78
      2.9220         2.75
      2.9230         2.61
      2.9240         2.71
      2.9250         2.71
      2.9260         2.71
      2.9270         2.78
      2.9280         2.77
      2.9290         2.85
      2.9300         2.75
      2.9310         2.93
      2.9320         2.96
      2.9330         2.96
      2.9340         2.97
      2.9350         2.94
      2.9360         3.01
      2.9370         3.03
      2.9380         3.06
      2.9390         2.95
      2.9400         2.90
      2.9410         2.87
      2.9420         2.86
      2.9430         2.88
      2.9440         2.77
      2.9450         2.26
      2.9460         2.26
      2.9470         2.22
      2.9480         2.15
      2.9490         2.17
      2.9500         2.19
      2.9510         2.14
      2.9520         2.10
      2.9530         2.08
      2.9540         2.02
      2.9550         2.03
      2.9560         1.98
      2.9570         1.99
      2.9580         2.02
      2.9590         2.02
      2.9600         2.08
      2.9610         2.55
      2.9620         2.61
      2.9630         2.66
      2.9640         2.75
      2.9650         2.80
      2.9660         2.77
      2.9670         2.69
      2.9680         2.74
      2.9690         2.74
      2.9700         2.73
      2.9710         2.69
      2.9720         2.68
      2.9730         2.17
      2.9740         2.22
      2.9750         2.18
      2.9760         2.18
      2.9770         2.11
      2.9780         2.10
      2.9790         2.11
      2.9800         2.14
      2.9810         2.15
      2.9820         2.13
      2.9830         2.07
      2.9840         2.08
      2.9850         2.15
      2.9860         2.62
      2.9870         2.67
      2.9880         2.70
      2.9890         2.66
      2.9900         2.69
      2.9910         2.82
      2.9920         2.79
      2.9930         2.87
      2.9940         2.89
      2.9950         2.91
      2.9960         2.85
      2.9970         2.85
      2.9980         2.82
      2.9990         2.75
