        Time   Palpation Force
      0.0000         1.00
      0.0010         1.00
      0.0020         1.00
      0.0030         1.00
      0.0040         1.00
      0.0050         1.00
      0.0060         1.00
      0.0070         1.00
      0.0080         1.00
      0.0090         1.00
      0.0100         1.00
      0.0110         1.00
      0.0120         1.00
      0.0130         1.00
      0.0140         1.00
      0.0150         1.00
      0.0160         1.00
      0.0170         1.00
      0.0180         1.00
      0.0190         1.00
      0.0200         1.00
      0.0210         1.00
      0.0220         1.00
      0.0230         1.00
      0.0240         1.00
      0.0250         1.00
      0.0260         1.00
      0.0270         1.00
      0.0280         1.00
      0.0290         1.00
      0.0300         1.00
      0.0310         1.00
      0.0320         1.00
      0.0330         1.00
      0.0340         1.00
      0.0350         1.00
      0.0360         1.00
      0.0370         1.00
      0.0380         1.00
      0.0390         1.00
      0.0400         1.00
      0.0410         1.00
      0.0420         1.00
      0.0430         1.00
      0.0440         1.00
      0.0450         1.00
      0.0460         1.00
      0.0470         1.00
      0.0480         1.00
      0.0490         1.00
      0.0500         1.00
      0.0510         1.00
      0.0520         1.00
      0.0530         1.00
      0.0540         1.00
      0.0550         1.00
      0.0560         1.00
      0.0570         1.00
      0.0580         1.00
      0.0590         1.00
      0.0600         1.00
      0.0610         1.00
      0.0620         1.00
      0.0630         1.00
      0.0640         1.00
      0.0650         1.00
      0.0660         1.00
      0.0670         1.00
      0.0680         1.00
      0.0690         1.00
      0.0700         1.00
      0.0710         1.00
      0.0720         1.00
      0.0730         1.00
      0.0740         1.00
      0.0750         1.00
      0.0760         1.00
      0.0770         1.00
      0.0780         1.00
      0.0790         1.00
      0.0800         1.00
      0.0810         1.00
      0.0820         1.00
      0.0830         1.00
      0.0840         1.00
      0.0850         1.00
      0.0860         1.00
      0.0870         1.00
      0.0880         1.00
      0.0890         1.00
      0.0900         1.00
      0.0910         1.00
      0.0920         1.00
      0.0930         1.00
      0.0940         1.00
      0.0950         1.00
      0.0960         1.00
      0.0970         1.00
      0.0980         1.00
      0.0990         1.00
      0.1000         1.00
      0.1010         1.00
      0.1020         1.00
      0.1030         1.00
      0.1040         1.00
      0.1050         1.00
      0.1060         1.00
      0.1070         1.00
      0.1080         1.00
      0.1090         1.00
      0.1100         1.00
      0.1110         1.00
      0.1120         1.00
      0.1130         1.00
      0.1140         1.00
      0.1150         1.00
      0.1160         1.00
      0.1170         1.00
      0.1180         1.00
      0.1190         1.00
      0.1200         1.00
      0.1210         1.00
      0.1220         1.00
      0.1230         1.00
      0.1240         1.00
      0.1250         1.00
      0.1260         1.00
      0.1270         1.00
      0.1280         1.00
      0.1290         1.00
      0.1300         1.00
      0.1310         1.00
      0.1320         1.00
      0.1330         1.00
      0.1340         1.00
      0.1350         1.00
      0.1360         1.00
      0.1370         1.00
      0.1380         1.00
      0.1390         1.00
      0.1400         1.00
      0.1410         1.00
      0.1420         1.00
      0.1430         1.00
      0.1440         1.00
      0.1450         1.00
      0.1460         1.00
      0.1470         1.00
      0.1480         1.00
      0.1490         1.00
      0.1500         1.00
      0.1510         1.00
      0.1520         1.00
      0.1530         1.00
      0.1540         1.00
      0.1550         1.00
      0.1560         1.00
      0.1570         1.00
      0.1580         1.00
      0.1590         1.00
      0.1600         1.00
      0.1610         1.00
      0.1620         1.00
      0.1630         1.00
      0.1640         1.00
      0.1650         1.00
      0.1660         1.00
      0.1670         1.00
      0.1680         1.00
      0.1690         1.00
      0.1700         1.00
      0.1710         1.00
      0.1720         1.00
      0.1730         1.00
      0.1740         1.00
      0.1750         1.00
      0.1760         1.00
      0.1770         1.00
      0.1780         1.00
      0.1790         1.00
      0.1800         1.00
      0.1810         1.00
      0.1820         1.00
      0.1830         1.00
      0.1840         1.00
      0.1850         1.00
      0.1860         1.00
      0.1870         1.00
      0.1880         1.00
      0.1890         1.00
      0.1900         1.00
      0.1910         1.00
      0.1920         1.00
      0.1930         1.00
      0.1940         1.00
      0.1950         1.00
      0.1960         1.00
      0.1970         1.00
      0.1980         1.00
      0.1990         1.00
      0.2000         1.00
      0.2010         1.00
      0.2020         1.00
      0.2030         1.00
      0.2040         1.00
      0.2050         1.00
      0.2060         1.00
      0.2070         1.00
      0.2080         1.00
      0.2090         1.00
      0.2100         1.00
      0.2110         1.00
      0.2120         1.00
      0.2130         1.00
      0.2140         1.00
      0.2150         1.00
      0.2160         1.00
      0.2170         1.00
      0.2180         1.00
      0.2190         1.00
      0.2200         1.00
      0.2210         1.00
      0.2220         1.00
      0.2230         1.00
      0.2240         1.00
      0.2250         1.00
      0.2260         1.00
      0.2270         1.00
      0.2280         1.00
      0.2290         1.00
      0.2300         1.00
      0.2310         1.00
      0.2320         1.00
      0.2330         1.00
      0.2340         1.00
      0.2350         1.00
      0.2360         1.00
      0.2370         1.00
      0.2380         1.00
      0.2390         1.00
      0.2400         1.00
      0.2410         1.00
      0.2420         1.00
      0.2430         1.00
      0.2440         1.00
      0.2450         1.00
      0.2460         1.00
      0.2470         1.00
      0.2480         1.00
      0.2490         1.00
      0.2500         1.00
      0.2510         1.00
      0.2520         1.00
      0.2530         1.00
      0.2540         1.00
      0.2550         1.00
      0.2560         1.00
      0.2570         1.00
      0.2580         1.00
      0.2590         1.00
      0.2600         1.00
      0.2610         1.00
      0.2620         1.00
      0.2630         1.00
      0.2640         1.00
      0.2650         1.00
      0.2660         1.00
      0.2670         1.00
      0.2680         1.00
      0.2690         1.00
      0.2700         1.00
      0.2710         1.00
      0.2720         1.00
      0.2730         1.00
      0.2740         1.00
      0.2750         1.00
      0.2760         1.00
      0.2770         1.00
      0.2780         1.00
      0.2790         1.00
      0.2800         1.00
      0.2810         1.00
      0.2820         1.00
      0.2830         1.00
      0.2840         1.00
      0.2850         1.00
      0.2860         1.00
      0.2870         1.00
      0.2880         1.00
      0.2890         1.00
      0.2900         1.00
      0.2910         1.00
      0.2920         1.00
      0.2930         1.00
      0.2940         1.00
      0.2950         1.00
      0.2960         1.00
      0.2970         1.00
      0.2980         1.00
      0.2990         1.00
      0.3000         1.00
      0.3010         1.00
      0.3020         1.00
      0.3030         1.00
      0.3040         1.00
      0.3050         1.00
      0.3060         1.00
      0.3070         1.00
      0.3080         1.00
      0.3090         1.00
      0.3100         1.00
      0.3110         1.00
      0.3120         1.00
      0.3130         1.00
      0.3140         1.00
      0.3150         1.00
      0.3160         1.00
      0.3170         1.00
      0.3180         1.00
      0.3190         1.00
      0.3200         1.00
      0.3210         1.00
      0.3220         1.00
      0.3230         1.00
      0.3240         1.00
      0.3250         1.00
      0.3260         1.00
      0.3270         1.00
      0.3280         1.00
      0.3290         1.00
      0.3300         1.00
      0.3310         1.00
      0.3320         1.00
      0.3330         1.00
      0.3340         1.00
      0.3350         1.00
      0.3360         1.00
      0.3370         1.00
      0.3380         1.00
      0.3390         1.00
      0.3400         1.00
      0.3410         1.00
      0.3420         1.00
      0.3430         1.00
      0.3440         1.00
      0.3450         1.00
      0.3460         1.00
      0.3470         1.00
      0.3480         1.00
      0.3490         1.00
      0.3500         1.00
      0.3510         1.00
      0.3520         1.00
      0.3530         1.00
      0.3540         1.00
      0.3550         1.00
      0.3560         1.00
      0.3570         1.00
      0.3580         1.00
      0.3590         1.00
      0.3600         1.00
      0.3610         1.00
      0.3620         1.00
      0.3630         1.00
      0.3640         1.00
      0.3650         1.00
      0.3660         1.00
      0.3670         1.00
      0.3680         1.00
      0.3690         1.00
      0.3700         1.00
      0.3710         1.00
      0.3720         1.00
      0.3730         1.00
      0.3740         1.00
      0.3750         1.00
      0.3760         1.00
      0.3770         1.00
      0.3780         1.00
      0.3790         1.00
      0.3800         1.00
      0.3810         1.00
      0.3820         1.00
      0.3830         1.00
      0.3840         1.00
      0.3850         1.00
      0.3860         1.00
      0.3870         1.00
      0.3880         1.00
      0.3890         1.00
      0.3900         1.00
      0.3910         1.00
      0.3920         1.00
      0.3930         1.00
      0.3940         1.00
      0.3950         1.00
      0.3960         1.00
      0.3970         1.00
      0.3980         1.00
      0.3990         1.00
      0.4000         1.00
      0.4010         1.00
      0.4020         1.00
      0.4030         1.00
      0.4040         1.00
      0.4050         1.00
      0.4060         1.00
      0.4070         1.00
      0.4080         1.00
      0.4090         1.00
      0.4100         1.00
      0.4110         1.00
      0.4120         1.00
      0.4130         1.00
      0.4140         1.00
      0.4150         1.00
      0.4160         1.00
      0.4170         1.00
      0.4180         1.00
      0.4190         1.00
      0.4200         1.00
      0.4210         1.00
      0.4220         1.00
      0.4230         1.00
      0.4240         1.00
      0.4250         1.00
      0.4260         1.00
      0.4270         1.00
      0.4280         1.00
      0.4290         1.00
      0.4300         1.00
      0.4310         1.00
      0.4320         1.00
      0.4330         1.00
      0.4340         1.00
      0.4350         1.00
      0.4360         1.00
      0.4370         1.00
      0.4380         1.00
      0.4390         1.00
      0.4400         1.00
      0.4410         1.00
      0.4420         1.00
      0.4430         1.00
      0.4440         1.00
      0.4450         1.00
      0.4460         1.00
      0.4470         1.00
      0.4480         1.00
      0.4490         1.00
      0.4500         1.00
      0.4510         1.00
      0.4520         1.00
      0.4530         1.00
      0.4540         1.00
      0.4550         1.00
      0.4560         1.00
      0.4570         1.00
      0.4580         1.00
      0.4590         1.00
      0.4600         1.00
      0.4610         1.00
      0.4620         1.00
      0.4630         1.00
      0.4640         1.00
      0.4650         1.00
      0.4660         1.00
      0.4670         1.00
      0.4680         1.00
      0.4690         1.00
      0.4700         1.00
      0.4710         1.00
      0.4720         1.00
      0.4730         1.00
      0.4740         1.00
      0.4750         1.00
      0.4760         1.00
      0.4770         1.00
      0.4780         1.00
      0.4790         1.00
      0.4800         1.00
      0.4810         1.00
      0.4820         1.00
      0.4830         1.00
      0.4840         1.00
      0.4850         1.00
      0.4860         1.00
      0.4870         1.00
      0.4880         1.00
      0.4890         1.00
      0.4900         1.00
      0.4910         1.00
      0.4920         1.00
      0.4930         1.00
      0.4940         1.00
      0.4950         1.00
      0.4960         1.00
      0.4970         1.00
      0.4980         1.00
      0.4990         1.00
      0.5000         1.00
      0.5010         1.00
      0.5020         1.00
      0.5030         1.00
      0.5040         1.00
      0.5050         1.00
      0.5060         1.00
      0.5070         1.00
      0.5080         1.00
      0.5090         1.00
      0.5100         1.00
      0.5110         1.00
      0.5120         1.00
      0.5130         1.00
      0.5140         1.00
      0.5150         1.00
      0.5160         1.00
      0.5170         1.00
      0.5180         1.00
      0.5190         1.00
      0.5200         1.00
      0.5210         1.00
      0.5220         1.00
      0.5230         1.00
      0.5240         1.00
      0.5250         1.00
      0.5260         1.00
      0.5270         1.00
      0.5280         1.00
      0.5290         1.00
      0.5300         1.00
      0.5310         1.00
      0.5320         1.00
      0.5330         1.00
      0.5340         1.00
      0.5350         1.00
      0.5360         1.00
      0.5370         1.00
      0.5380         1.00
      0.5390         1.00
      0.5400         1.00
      0.5410         1.00
      0.5420         1.00
      0.5430         1.00
      0.5440         1.00
      0.5450         1.00
      0.5460         1.00
      0.5470         1.00
      0.5480         1.00
      0.5490         1.00
      0.5500         1.00
      0.5510         1.00
      0.5520         1.00
      0.5530         1.00
      0.5540         1.00
      0.5550         1.00
      0.5560         1.00
      0.5570         1.00
      0.5580         1.00
      0.5590         1.00
      0.5600         1.00
      0.5610         1.00
      0.5620         1.00
      0.5630         1.00
      0.5640         1.00
      0.5650         1.00
      0.5660         1.00
      0.5670         1.00
      0.5680         1.00
      0.5690         1.00
      0.5700         1.00
      0.5710         1.00
      0.5720         1.00
      0.5730         1.00
      0.5740         1.00
      0.5750         1.00
      0.5760         1.00
      0.5770         1.00
      0.5780         1.00
      0.5790         1.00
      0.5800         1.00
      0.5810         1.00
      0.5820         1.00
      0.5830         1.00
      0.5840         1.00
      0.5850         1.00
      0.5860         1.00
      0.5870         1.00
      0.5880         1.00
      0.5890         1.00
      0.5900         1.00
      0.5910         1.00
      0.5920         1.00
      0.5930         1.00
      0.5940         1.00
      0.5950         1.00
      0.5960         1.00
      0.5970         1.00
      0.5980         1.00
      0.5990         1.00
      0.6000         1.00
      0.6010         1.00
      0.6020         1.00
      0.6030         1.00
      0.6040         1.00
      0.6050         1.00
      0.6060         1.00
      0.6070         1.00
      0.6080         1.00
      0.6090         1.00
      0.6100         1.00
      0.6110         1.00
      0.6120         1.00
      0.6130         1.00
      0.6140         1.00
      0.6150         1.00
      0.6160         1.00
      0.6170         1.00
      0.6180         1.00
      0.6190         1.00
      0.6200         1.00
      0.6210         1.00
      0.6220         1.00
      0.6230         1.00
      0.6240         1.00
      0.6250         1.00
      0.6260         1.00
      0.6270         1.00
      0.6280         1.00
      0.6290         1.00
      0.6300         1.00
      0.6310         1.00
      0.6320         1.00
      0.6330         1.00
      0.6340         1.00
      0.6350         1.00
      0.6360         1.00
      0.6370         1.00
      0.6380         1.00
      0.6390         1.00
      0.6400         1.00
      0.6410         1.00
      0.6420         1.00
      0.6430         1.00
      0.6440         1.00
      0.6450         1.00
      0.6460         1.00
      0.6470         1.00
      0.6480         1.00
      0.6490         1.00
      0.6500         1.00
      0.6510         1.00
      0.6520         1.00
      0.6530         1.00
      0.6540         1.00
      0.6550         1.00
      0.6560         1.00
      0.6570         1.00
      0.6580         1.00
      0.6590         1.00
      0.6600         1.00
      0.6610         1.00
      0.6620         1.00
      0.6630         1.00
      0.6640         1.00
      0.6650         1.00
      0.6660         1.00
      0.6670         1.00
      0.6680         1.00
      0.6690         1.00
      0.6700         1.00
      0.6710         1.00
      0.6720         1.00
      0.6730         1.00
      0.6740         1.00
      0.6750         1.00
      0.6760         1.00
      0.6770         1.00
      0.6780         1.00
      0.6790         1.00
      0.6800         1.00
      0.6810         1.00
      0.6820         1.00
      0.6830         1.00
      0.6840         1.00
      0.6850         1.00
      0.6860         1.00
      0.6870         1.00
      0.6880         1.00
      0.6890         1.00
      0.6900         1.00
      0.6910         1.00
      0.6920         1.00
      0.6930         1.00
      0.6940         1.00
      0.6950         1.00
      0.6960         1.00
      0.6970         1.00
      0.6980         1.00
      0.6990         1.00
      0.7000         1.00
      0.7010         1.00
      0.7020         1.00
      0.7030         1.00
      0.7040         1.00
      0.7050         1.00
      0.7060         1.00
      0.7070         1.00
      0.7080         1.00
      0.7090         1.00
      0.7100         1.00
      0.7110         1.00
      0.7120         1.00
      0.7130         1.00
      0.7140         1.00
      0.7150         1.00
      0.7160         1.00
      0.7170         1.00
      0.7180         1.00
      0.7190         1.00
      0.7200         1.00
      0.7210         1.00
      0.7220         1.00
      0.7230         1.00
      0.7240         1.00
      0.7250         1.00
      0.7260         1.00
      0.7270         1.00
      0.7280         1.00
      0.7290         1.00
      0.7300         1.00
      0.7310         1.00
      0.7320         1.00
      0.7330         1.00
      0.7340         1.00
      0.7350         1.00
      0.7360         1.00
      0.7370         1.00
      0.7380         1.00
      0.7390         1.00
      0.7400         1.00
      0.7410         1.00
      0.7420         1.00
      0.7430         1.00
      0.7440         1.00
      0.7450         1.00
      0.7460         1.00
      0.7470         1.00
      0.7480         1.00
      0.7490         1.00
      0.7500         1.00
      0.7510         1.00
      0.7520         1.00
      0.7530         1.00
      0.7540         1.00
      0.7550         1.00
      0.7560         1.00
      0.7570         1.00
      0.7580         1.00
      0.7590         1.00
      0.7600         1.00
      0.7610         1.00
      0.7620         1.00
      0.7630         1.00
      0.7640         1.00
      0.7650         1.00
      0.7660         1.00
      0.7670         1.00
      0.7680         1.00
      0.7690         1.00
      0.7700         1.00
      0.7710         1.00
      0.7720         1.00
      0.7730         1.00
      0.7740         1.00
      0.7750         1.00
      0.7760         1.00
      0.7770         1.00
      0.7780         1.00
      0.7790         1.00
      0.7800         1.00
      0.7810         1.00
      0.7820         1.00
      0.7830         1.00
      0.7840         1.00
      0.7850         1.00
      0.7860         1.00
      0.7870         1.00
      0.7880         1.00
      0.7890         1.00
      0.7900         1.00
      0.7910         1.00
      0.7920         1.00
      0.7930         1.00
      0.7940         1.00
      0.7950         1.00
      0.7960         1.00
      0.7970         1.00
      0.7980         1.00
      0.7990         1.00
      0.8000         1.00
      0.8010         1.00
      0.8020         1.00
      0.8030         1.00
      0.8040         1.00
      0.8050         1.00
      0.8060         1.00
      0.8070         1.00
      0.8080         1.00
      0.8090         1.00
      0.8100         1.00
      0.8110         1.00
      0.8120         1.00
      0.8130         1.00
      0.8140         1.00
      0.8150         1.00
      0.8160         1.00
      0.8170         1.00
      0.8180         1.00
      0.8190         1.00
      0.8200         1.00
      0.8210         1.00
      0.8220         1.00
      0.8230         1.00
      0.8240         1.00
      0.8250         1.00
      0.8260         1.00
      0.8270         1.00
      0.8280         1.00
      0.8290         1.00
      0.8300         1.00
      0.8310         1.00
      0.8320         1.00
      0.8330         1.00
      0.8340         1.00
      0.8350         1.00
      0.8360         1.00
      0.8370         1.00
      0.8380         1.00
      0.8390         1.00
      0.8400         1.00
      0.8410         1.00
      0.8420         1.00
      0.8430         1.00
      0.8440         1.00
      0.8450         1.00
      0.8460         1.00
      0.8470         1.00
      0.8480         1.00
      0.8490         1.00
      0.8500         1.00
      0.8510         1.00
      0.8520         1.00
      0.8530         1.00
      0.8540         1.00
      0.8550         1.00
      0.8560         1.00
      0.8570         1.00
      0.8580         1.00
      0.8590         1.00
      0.8600         1.00
      0.8610         1.00
      0.8620         1.00
      0.8630         1.00
      0.8640         1.00
      0.8650         1.00
      0.8660         1.00
      0.8670         1.00
      0.8680         1.00
      0.8690         1.00
      0.8700         1.00
      0.8710         1.00
      0.8720         1.00
      0.8730         1.00
      0.8740         1.00
      0.8750         1.00
      0.8760         1.00
      0.8770         1.00
      0.8780         1.00
      0.8790         1.00
      0.8800         1.00
      0.8810         1.00
      0.8820         1.00
      0.8830         1.00
      0.8840         1.00
      0.8850         1.00
      0.8860         1.00
      0.8870         1.00
      0.8880         1.00
      0.8890         1.00
      0.8900         1.00
      0.8910         1.00
      0.8920         1.00
      0.8930         1.00
      0.8940         1.00
      0.8950         1.00
      0.8960         1.00
      0.8970         1.00
      0.8980         1.00
      0.8990         1.00
      0.9000         1.00
      0.9010         1.00
      0.9020         1.00
      0.9030         1.00
      0.9040         1.00
      0.9050         1.00
      0.9060         1.00
      0.9070         1.00
      0.9080         1.00
      0.9090         1.00
      0.9100         1.00
      0.9110         1.00
      0.9120         1.00
      0.9130         1.00
      0.9140         1.00
      0.9150         1.00
      0.9160         1.00
      0.9170         1.00
      0.9180         1.00
      0.9190         1.00
      0.9200         1.00
      0.9210         1.00
      0.9220         1.00
      0.9230         1.00
      0.9240         1.00
      0.9250         1.00
      0.9260         1.00
      0.9270         1.00
      0.9280         1.00
      0.9290         1.00
      0.9300         1.00
      0.9310         1.00
      0.9320         1.00
      0.9330         1.00
      0.9340         1.00
      0.9350         1.00
      0.9360         1.00
      0.9370         1.00
      0.9380         1.00
      0.9390         1.00
      0.9400         1.00
      0.9410         1.00
      0.9420         1.00
      0.9430         1.00
      0.9440         1.00
      0.9450         1.27
      0.9460         1.28
      0.9470         1.39
      0.9480         1.37
      0.9490         1.37
      0.9500         1.45
      0.9510         1.45
      0.9520         1.52
      0.9530         1.52
      0.9540         1.48
      0.9550         1.49
      0.9560         1.51
      0.9570         2.14
      0.9580         2.10
      0.9590         2.22
      0.9600         2.28
      0.9610         2.29
      0.9620         2.33
      0.9630         2.41
      0.9640         2.46
      0.9650         2.42
      0.9660         2.39
      0.9670         2.42
      0.9680         2.46
      0.9690         2.57
      0.9700         2.61
      0.9710         2.67
      0.9720         2.73
      0.9730         2.65
      0.9740         2.69
      0.9750         2.15
      0.9760         2.16
      0.9770         2.12
      0.9780         2.24
      0.9790         2.77
      0.9800         2.79
      0.9810         2.82
      0.9820         2.91
      0.9830         2.91
      0.9840         3.01
      0.9850         3.13
      0.9860         3.14
      0.9870         3.17
      0.9880         3.20
      0.9890         3.20
      0.9900         3.18
      0.9910         3.13
      0.9920         3.08
      0.9930         3.14
      0.9940         3.22
      0.9950         3.24
      0.9960         3.29
      0.9970         3.25
      0.9980         3.18
      0.9990         3.16
      1.0000         3.13
      1.0010         3.18
      1.0020         3.22
      1.0030         3.18
      1.0040         3.20
      1.0050         3.16
      1.0060         3.22
      1.0070         2.66
      1.0080         2.66
      1.0090         2.71
      1.0100         3.24
      1.0110         3.38
      1.0120         3.42
      1.0130         3.42
      1.0140         3.45
      1.0150         3.48
      1.0160         3.52
      1.0170         3.56
      1.0180         3.56
      1.0190         3.61
      1.0200         3.60
      1.0210         3.67
      1.0220         3.58
      1.0230         3.69
      1.0240         3.69
      1.0250         3.76
      1.0260         3.74
      1.0270         3.81
      1.0280         3.78
      1.0290         3.84
      1.0300         3.88
      1.0310         3.86
      1.0320         3.93
      1.0330         4.09
      1.0340         4.08
      1.0350         4.20
      1.0360         4.19
      1.0370         4.32
      1.0380         4.54
      1.0390         4.61
      1.0400         4.73
      1.0410         4.78
      1.0420         4.93
      1.0430         4.89
      1.0440         4.94
      1.0450         5.00
      1.0460         5.15
      1.0470         5.20
      1.0480         5.35
      1.0490         5.43
      1.0500         5.40
      1.0510         5.39
      1.0520         5.39
      1.0530         5.32
      1.0540         5.40
      1.0550         6.00
      1.0560         6.05
      1.0570         6.13
      1.0580         6.17
      1.0590         6.19
      1.0600         6.16
      1.0610         6.29
      1.0620         6.29
      1.0630         6.42
      1.0640         6.50
      1.0650         6.63
      1.0660         6.62
      1.0670         6.69
      1.0680         6.83
      1.0690         6.91
      1.0700         7.00
      1.0710         7.04
      1.0720         7.02
      1.0730         6.98
      1.0740         6.99
      1.0750         6.91
      1.0760         6.91
      1.0770         6.83
      1.0780         6.78
      1.0790         6.26
      1.0800         6.29
      1.0810         6.31
      1.0820         6.26
      1.0830         6.25
      1.0840         6.21
      1.0850         6.15
      1.0860         6.18
      1.0870         6.67
      1.0880         6.63
      1.0890         6.67
      1.0900         6.64
      1.0910         6.74
      1.0920         6.80
      1.0930         6.86
      1.0940         6.92
      1.0950         6.94
      1.0960         7.03
      1.0970         7.17
      1.0980         7.17
      1.0990         7.26
      1.1000         7.35
      1.1010         7.34
      1.1020         7.37
      1.1030         7.32
      1.1040         7.42
      1.1050         7.42
      1.1060         7.49
      1.1070         7.57
      1.1080         7.65
      1.1090         7.60
      1.1100         7.68
      1.1110         7.76
      1.1120         7.69
      1.1130         7.72
      1.1140         7.74
      1.1150         7.86
      1.1160         7.89
      1.1170         7.93
      1.1180         8.02
      1.1190         8.10
      1.1200         8.18
      1.1210         8.21
      1.1220         8.42
      1.1230         8.54
      1.1240         8.54
      1.1250         8.64
      1.1260         8.65
      1.1270         8.73
      1.1280         8.72
      1.1290         8.87
      1.1300         8.93
      1.1310         8.99
      1.1320         9.14
      1.1330         9.22
      1.1340         9.18
      1.1350         9.15
      1.1360         9.18
      1.1370         9.26
      1.1380         9.31
      1.1390         9.38
      1.1400         9.35
      1.1410         9.45
      1.1420         9.46
      1.1430         9.54
      1.1440         9.59
      1.1450         9.54
      1.1460         9.67
      1.1470         9.60
      1.1480         9.72
      1.1490         9.63
      1.1500         9.63
      1.1510         9.53
      1.1520         9.60
      1.1530         9.72
      1.1540         9.82
      1.1550         9.92
      1.1560         9.95
      1.1570        10.07
      1.1580        10.03
      1.1590        10.06
      1.1600        10.11
      1.1610        10.13
      1.1620        10.10
      1.1630        10.08
      1.1640        10.04
      1.1650        10.08
      1.1660         9.93
      1.1670        10.00
      1.1680         9.99
      1.1690        10.01
      1.1700        10.05
      1.1710        10.11
      1.1720        10.07
      1.1730        10.00
      1.1740        10.04
      1.1750        10.05
      1.1760        10.05
      1.1770         9.96
      1.1780        10.04
      1.1790        10.02
      1.1800        10.05
      1.1810        10.01
      1.1820        10.06
      1.1830        10.13
      1.1840        10.17
      1.1850        10.21
      1.1860        10.22
      1.1870        10.18
      1.1880        10.12
      1.1890        10.17
      1.1900        10.11
      1.1910        10.08
      1.1920        10.17
      1.1930        10.21
      1.1940        10.25
      1.1950        10.38
      1.1960        10.33
      1.1970        10.36
      1.1980        10.40
      1.1990        10.44
      1.2000        10.49
      1.2010        10.59
      1.2020        10.64
      1.2030        10.72
      1.2040        10.73
      1.2050        10.89
      1.2060        10.99
      1.2070        11.08
      1.2080        11.09
      1.2090        11.11
      1.2100        11.25
      1.2110        11.33
      1.2120        11.39
      1.2130        11.39
      1.2140        11.39
      1.2150        11.28
      1.2160        11.46
      1.2170        11.43
      1.2180        11.46
      1.2190        11.46
      1.2200        11.47
      1.2210        11.55
      1.2220        11.57
      1.2230        11.53
      1.2240        11.62
      1.2250        11.62
      1.2260        11.67
      1.2270        11.64
      1.2280        11.77
      1.2290        11.84
      1.2300        11.89
      1.2310        11.92
      1.2320        11.92
      1.2330        11.93
      1.2340        11.97
      1.2350        12.00
      1.2360        12.06
      1.2370        12.14
      1.2380        12.26
      1.2390        12.37
      1.2400        12.36
      1.2410        12.25
      1.2420        12.26
      1.2430        12.31
      1.2440        12.38
      1.2450        12.31
      1.2460        12.34
      1.2470        12.54
      1.2480        12.57
      1.2490        12.56
      1.2500        12.57
      1.2510        12.59
      1.2520        12.60
      1.2530        12.59
      1.2540        12.48
      1.2550        12.43
      1.2560        12.44
      1.2570        12.41
      1.2580        12.36
      1.2590        12.29
      1.2600        12.29
      1.2610        12.40
      1.2620        12.37
      1.2630        12.36
      1.2640        12.32
      1.2650        12.29
      1.2660        12.35
      1.2670        12.38
      1.2680        12.35
      1.2690        12.34
      1.2700        12.29
      1.2710        12.29
      1.2720        12.33
      1.2730        12.45
      1.2740        12.61
      1.2750        12.72
      1.2760        12.75
      1.2770        12.86
      1.2780        12.83
      1.2790        12.78
      1.2800        12.82
      1.2810        12.74
      1.2820        12.75
      1.2830        12.79
      1.2840        12.84
      1.2850        12.87
      1.2860        12.79
      1.2870        12.66
      1.2880        12.68
      1.2890        12.76
      1.2900        12.81
      1.2910        12.92
      1.2920        12.92
      1.2930        12.93
      1.2940        12.88
      1.2950        12.85
      1.2960        12.84
      1.2970        12.81
      1.2980        12.78
      1.2990        12.85
      1.3000        12.86
      1.3010        12.90
      1.3020        12.97
      1.3030        12.98
      1.3040        12.86
      1.3050        13.01
      1.3060        13.15
      1.3070        13.16
      1.3080        13.19
      1.3090        13.19
      1.3100        13.17
      1.3110        13.13
      1.3120        13.23
      1.3130        13.24
      1.3140        13.19
      1.3150        13.32
      1.3160        13.24
      1.3170        13.25
      1.3180        13.36
      1.3190        13.44
      1.3200        13.41
      1.3210        13.52
      1.3220        13.48
      1.3230        13.46
      1.3240        13.55
      1.3250        13.54
      1.3260        13.52
      1.3270        13.64
      1.3280        13.50
      1.3290        13.57
      1.3300        13.53
      1.3310        13.57
      1.3320        13.51
      1.3330        13.48
      1.3340        13.57
      1.3350        13.51
      1.3360        13.60
      1.3370        13.49
      1.3380        13.51
      1.3390        13.49
      1.3400        13.58
      1.3410        13.51
      1.3420        13.48
      1.3430        13.51
      1.3440        13.55
      1.3450        13.54
      1.3460        13.51
      1.3470        13.43
      1.3480        13.60
      1.3490        13.52
      1.3500        13.58
      1.3510        13.54
      1.3520        13.57
      1.3530        13.56
      1.3540        13.58
      1.3550        13.57
      1.3560        13.54
      1.3570        13.62
      1.3580        13.58
      1.3590        13.54
      1.3600        13.56
      1.3610        13.52
      1.3620        13.56
      1.3630        13.50
      1.3640        13.52
      1.3650        13.54
      1.3660        13.59
      1.3670        13.68
      1.3680        13.67
      1.3690        13.74
      1.3700        13.76
      1.3710        13.80
      1.3720        13.80
      1.3730        13.87
      1.3740        13.85
      1.3750        13.89
      1.3760        13.88
      1.3770        13.95
      1.3780        13.96
      1.3790        14.00
      1.3800        14.07
      1.3810        14.22
      1.3820        14.27
      1.3830        14.31
      1.3840        14.28
      1.3850        14.23
      1.3860        14.30
      1.3870        14.26
      1.3880        14.30
      1.3890        14.30
      1.3900        14.33
      1.3910        14.30
      1.3920        14.34
      1.3930        14.29
      1.3940        14.29
      1.3950        14.25
      1.3960        14.17
      1.3970        14.10
      1.3980        14.14
      1.3990        14.25
      1.4000        14.19
      1.4010        14.14
      1.4020        14.10
      1.4030        14.14
      1.4040        14.34
      1.4050        14.39
      1.4060        14.30
      1.4070        14.30
      1.4080        14.26
      1.4090        14.38
      1.4100        14.39
      1.4110        14.48
      1.4120        14.44
      1.4130        14.49
      1.4140        14.56
      1.4150        14.60
      1.4160        14.74
      1.4170        14.82
      1.4180        14.78
      1.4190        14.72
      1.4200        14.75
      1.4210        14.79
      1.4220        14.86
      1.4230        14.75
      1.4240        14.57
      1.4250        14.49
      1.4260        14.45
      1.4270        14.41
      1.4280        14.33
      1.4290        14.27
      1.4300        14.15
      1.4310        14.06
      1.4320        14.03
      1.4330        13.94
      1.4340        13.87
      1.4350        13.82
      1.4360        13.78
      1.4370        13.79
      1.4380        13.78
      1.4390        13.72
      1.4400        13.71
      1.4410        13.64
      1.4420        13.56
      1.4430        13.76
      1.4440        13.74
      1.4450        13.76
      1.4460        13.81
      1.4470        13.91
      1.4480        13.95
      1.4490        13.91
      1.4500        13.96
      1.4510        14.03
      1.4520        14.07
      1.4530        14.24
      1.4540        14.20
      1.4550        14.31
      1.4560        14.35
      1.4570        14.26
      1.4580        14.29
      1.4590        14.34
      1.4600        14.35
      1.4610        14.42
      1.4620        14.42
      1.4630        14.37
      1.4640        14.46
      1.4650        14.42
      1.4660        14.51
      1.4670        14.50
      1.4680        14.61
      1.4690        14.55
      1.4700        14.66
      1.4710        14.63
      1.4720        14.70
      1.4730        14.61
      1.4740        14.71
      1.4750        14.71
      1.4760        14.67
      1.4770        14.73
      1.4780        14.68
      1.4790        14.63
      1.4800        14.69
      1.4810        14.65
      1.4820        14.67
      1.4830        14.66
      1.4840        14.63
      1.4850        14.70
      1.4860        14.61
      1.4870        14.51
      1.4880        14.42
      1.4890        14.45
      1.4900        14.51
      1.4910        14.50
      1.4920        14.47
      1.4930        14.44
      1.4940        14.48
      1.4950        14.47
      1.4960        14.51
      1.4970        14.56
      1.4980        14.56
      1.4990        14.68
      1.5000        14.64
      1.5010        14.66
      1.5020        14.71
      1.5030        14.67
      1.5040        14.67
      1.5050        14.71
      1.5060        14.70
      1.5070        14.68
      1.5080        14.75
      1.5090        14.80
      1.5100        14.70
      1.5110        14.79
      1.5120        14.63
      1.5130        14.67
      1.5140        14.59
      1.5150        14.62
      1.5160        14.57
      1.5170        14.52
      1.5180        14.48
      1.5190        14.37
      1.5200        14.46
      1.5210        14.46
      1.5220        14.46
      1.5230        14.45
      1.5240        14.43
      1.5250        14.46
      1.5260        14.53
      1.5270        14.61
      1.5280        14.65
      1.5290        14.65
      1.5300        14.63
      1.5310        14.62
      1.5320        14.71
      1.5330        14.71
      1.5340        14.75
      1.5350        14.75
      1.5360        14.77
      1.5370        14.86
      1.5380        14.89
      1.5390        14.89
      1.5400        14.77
      1.5410        14.80
      1.5420        14.74
      1.5430        14.80
      1.5440        14.87
      1.5450        14.71
      1.5460        14.76
      1.5470        14.84
      1.5480        14.88
      1.5490        14.90
      1.5500        14.89
      1.5510        14.78
      1.5520        14.84
      1.5530        14.84
      1.5540        14.82
      1.5550        14.82
      1.5560        14.91
      1.5570        14.97
      1.5580        15.01
      1.5590        15.05
      1.5600        15.05
      1.5610        14.98
      1.5620        15.02
      1.5630        14.95
      1.5640        14.93
      1.5650        15.10
      1.5660        15.05
      1.5670        14.96
      1.5680        14.85
      1.5690        14.83
      1.5700        14.84
      1.5710        14.84
      1.5720        14.81
      1.5730        14.79
      1.5740        14.88
      1.5750        14.88
      1.5760        14.75
      1.5770        14.56
      1.5780        14.53
      1.5790        14.50
      1.5800        14.50
      1.5810        14.57
      1.5820        14.53
      1.5830        14.64
      1.5840        14.64
      1.5850        14.58
      1.5860        14.62
      1.5870        14.74
      1.5880        14.77
      1.5890        14.83
      1.5900        14.82
      1.5910        14.85
      1.5920        14.83
      1.5930        14.81
      1.5940        14.63
      1.5950        14.51
      1.5960        14.50
      1.5970        14.51
      1.5980        14.57
      1.5990        14.55
      1.6000        14.49
      1.6010        14.46
      1.6020        14.50
      1.6030        14.43
      1.6040        14.41
      1.6050        14.43
      1.6060        14.35
      1.6070        14.23
      1.6080        14.31
      1.6090        14.17
      1.6100        14.19
      1.6110        14.06
      1.6120        14.08
      1.6130        14.15
      1.6140        14.34
      1.6150        14.51
      1.6160        14.51
      1.6170        14.46
      1.6180        14.46
      1.6190        14.51
      1.6200        14.55
      1.6210        14.62
      1.6220        14.61
      1.6230        14.57
      1.6240        14.61
      1.6250        14.58
      1.6260        14.58
      1.6270        14.56
      1.6280        14.45
      1.6290        14.49
      1.6300        14.52
      1.6310        14.68
      1.6320        14.64
      1.6330        14.68
      1.6340        14.65
      1.6350        14.63
      1.6360        14.79
      1.6370        14.93
      1.6380        14.99
      1.6390        14.94
      1.6400        15.13
      1.6410        15.13
      1.6420        15.16
      1.6430        15.26
      1.6440        15.22
      1.6450        15.24
      1.6460        15.26
      1.6470        15.28
      1.6480        15.21
      1.6490        15.29
      1.6500        15.30
      1.6510        15.33
      1.6520        15.39
      1.6530        15.31
      1.6540        15.21
      1.6550        15.14
      1.6560        15.03
      1.6570        14.93
      1.6580        14.85
      1.6590        14.89
      1.6600        14.78
      1.6610        14.70
      1.6620        14.69
      1.6630        14.66
      1.6640        14.72
      1.6650        14.73
      1.6660        14.72
      1.6670        14.75
      1.6680        14.90
      1.6690        14.91
      1.6700        14.86
      1.6710        14.91
      1.6720        15.01
      1.6730        15.03
      1.6740        15.01
      1.6750        15.05
      1.6760        15.10
      1.6770        15.18
      1.6780        15.21
      1.6790        15.23
      1.6800        15.22
      1.6810        15.27
      1.6820        15.22
      1.6830        15.22
      1.6840        15.20
      1.6850        15.09
      1.6860        15.06
      1.6870        15.09
      1.6880        15.01
      1.6890        14.92
      1.6900        15.04
      1.6910        15.06
      1.6920        14.98
      1.6930        15.04
      1.6940        15.12
      1.6950        15.11
      1.6960        15.08
      1.6970        15.08
      1.6980        15.09
      1.6990        15.02
      1.7000        15.01
      1.7010        15.00
      1.7020        15.15
      1.7030        15.13
      1.7040        15.20
      1.7050        15.27
      1.7060        15.36
      1.7070        15.39
      1.7080        15.35
      1.7090        15.39
      1.7100        15.28
      1.7110        15.11
      1.7120        15.10
      1.7130        15.07
      1.7140        15.07
      1.7150        14.99
      1.7160        14.99
      1.7170        14.91
      1.7180        14.87
      1.7190        14.91
      1.7200        14.87
      1.7210        14.85
      1.7220        14.76
      1.7230        14.72
      1.7240        14.65
      1.7250        14.61
      1.7260        14.49
      1.7270        14.42
      1.7280        14.51
      1.7290        14.46
      1.7300        14.52
      1.7310        14.66
      1.7320        14.58
      1.7330        14.52
      1.7340        14.51
      1.7350        14.50
      1.7360        14.50
      1.7370        14.54
      1.7380        14.61
      1.7390        14.63
      1.7400        14.67
      1.7410        14.63
      1.7420        14.61
      1.7430        14.66
      1.7440        14.57
      1.7450        14.53
      1.7460        14.68
      1.7470        14.66
      1.7480        14.56
      1.7490        14.54
      1.7500        14.49
      1.7510        14.42
      1.7520        14.45
      1.7530        14.41
      1.7540        14.38
      1.7550        14.54
      1.7560        14.55
      1.7570        14.63
      1.7580        14.55
      1.7590        14.50
      1.7600        14.54
      1.7610        14.59
      1.7620        14.59
      1.7630        14.59
      1.7640        14.74
      1.7650        14.85
      1.7660        14.82
      1.7670        14.83
      1.7680        14.89
      1.7690        14.86
      1.7700        14.82
      1.7710        14.80
      1.7720        14.80
      1.7730        14.84
      1.7740        14.76
      1.7750        14.74
      1.7760        14.77
      1.7770        14.76
      1.7780        14.81
      1.7790        14.84
      1.7800        14.77
      1.7810        14.70
      1.7820        14.72
      1.7830        14.74
      1.7840        14.65
      1.7850        14.70
      1.7860        14.58
      1.7870        14.51
      1.7880        14.51
      1.7890        14.54
      1.7900        14.63
      1.7910        14.71
      1.7920        14.75
      1.7930        14.85
      1.7940        15.00
      1.7950        14.96
      1.7960        14.94
      1.7970        14.81
      1.7980        14.82
      1.7990        14.81
      1.8000        14.82
      1.8010        14.94
      1.8020        14.98
      1.8030        14.92
      1.8040        14.89
      1.8050        14.82
      1.8060        14.82
      1.8070        14.89
      1.8080        14.95
      1.8090        14.93
      1.8100        14.85
      1.8110        14.76
      1.8120        14.73
      1.8130        14.76
      1.8140        14.71
      1.8150        14.74
      1.8160        14.69
      1.8170        14.83
      1.8180        14.85
      1.8190        14.83
      1.8200        14.86
      1.8210        14.79
      1.8220        14.78
      1.8230        14.83
      1.8240        14.92
      1.8250        14.93
      1.8260        15.01
      1.8270        15.09
      1.8280        15.01
      1.8290        15.02
      1.8300        15.08
      1.8310        15.16
      1.8320        15.19
      1.8330        15.09
      1.8340        15.05
      1.8350        14.95
      1.8360        14.95
      1.8370        14.92
      1.8380        14.93
      1.8390        14.96
      1.8400        15.00
      1.8410        15.04
      1.8420        15.01
      1.8430        14.92
      1.8440        14.95
      1.8450        14.99
      1.8460        15.03
      1.8470        14.92
      1.8480        15.03
      1.8490        15.11
      1.8500        15.07
      1.8510        15.00
      1.8520        15.05
      1.8530        15.07
      1.8540        15.11
      1.8550        15.11
      1.8560        15.04
      1.8570        15.05
      1.8580        15.01
      1.8590        14.99
      1.8600        14.99
      1.8610        14.95
      1.8620        14.96
      1.8630        15.05
      1.8640        14.97
      1.8650        14.88
      1.8660        14.84
      1.8670        14.84
      1.8680        14.77
      1.8690        14.67
      1.8700        14.70
      1.8710        14.77
      1.8720        14.69
      1.8730        14.74
      1.8740        14.74
      1.8750        14.70
      1.8760        14.86
      1.8770        14.82
      1.8780        14.78
      1.8790        14.80
      1.8800        14.76
      1.8810        14.78
      1.8820        14.76
      1.8830        14.77
      1.8840        14.71
      1.8850        14.65
      1.8860        14.62
      1.8870        14.66
      1.8880        14.67
      1.8890        14.76
      1.8900        14.68
      1.8910        14.62
      1.8920        14.57
      1.8930        14.48
      1.8940        14.51
      1.8950        14.64
      1.8960        14.55
      1.8970        14.59
      1.8980        14.63
      1.8990        14.69
      1.9000        14.69
      1.9010        14.71
      1.9020        14.75
      1.9030        14.69
      1.9040        14.85
      1.9050        14.92
      1.9060        14.97
      1.9070        15.05
      1.9080        14.99
      1.9090        14.93
      1.9100        14.86
      1.9110        14.86
      1.9120        14.97
      1.9130        15.03
      1.9140        14.97
      1.9150        14.88
      1.9160        14.87
      1.9170        14.81
      1.9180        14.83
      1.9190        14.72
      1.9200        14.67
      1.9210        14.61
      1.9220        14.59
      1.9230        14.56
      1.9240        14.45
      1.9250        14.52
      1.9260        14.41
      1.9270        14.32
      1.9280        14.32
      1.9290        14.21
      1.9300        14.36
      1.9310        14.34
      1.9320        14.33
      1.9330        14.26
      1.9340        14.33
      1.9350        14.37
      1.9360        14.42
      1.9370        14.46
      1.9380        14.42
      1.9390        14.41
      1.9400        14.46
      1.9410        14.46
      1.9420        14.43
      1.9430        14.48
      1.9440        14.45
      1.9450        14.42
      1.9460        14.46
      1.9470        14.43
      1.9480        14.52
      1.9490        14.61
      1.9500        14.54
      1.9510        14.62
      1.9520        14.50
      1.9530        14.56
      1.9540        14.47
      1.9550        14.50
      1.9560        14.42
      1.9570        14.38
      1.9580        14.37
      1.9590        14.44
      1.9600        14.41
      1.9610        14.41
      1.9620        14.46
      1.9630        14.50
      1.9640        14.59
      1.9650        14.69
      1.9660        14.70
      1.9670        14.76
      1.9680        14.74
      1.9690        14.84
      1.9700        14.78
      1.9710        14.74
      1.9720        14.72
      1.9730        14.79
      1.9740        14.85
      1.9750        14.76
      1.9760        14.92
      1.9770        14.96
      1.9780        14.95
      1.9790        14.95
      1.9800        14.92
      1.9810        14.93
      1.9820        14.96
      1.9830        14.95
      1.9840        14.95
      1.9850        14.83
      1.9860        14.77
      1.9870        14.78
      1.9880        14.85
      1.9890        14.74
      1.9900        14.93
      1.9910        14.90
      1.9920        15.06
      1.9930        15.02
      1.9940        14.99
      1.9950        15.10
      1.9960        14.98
      1.9970        15.02
      1.9980        15.06
      1.9990        15.00
      2.0000        15.02
      2.0010        15.05
      2.0020        14.93
      2.0030        14.91
      2.0040        14.85
      2.0050        14.85
      2.0060        14.90
      2.0070        14.89
      2.0080        14.78
      2.0090        14.81
      2.0100        14.74
      2.0110        14.76
      2.0120        14.76
      2.0130        14.78
      2.0140        14.77
      2.0150        14.78
      2.0160        14.82
      2.0170        14.77
      2.0180        14.78
      2.0190        14.88
      2.0200        14.86
      2.0210        14.90
      2.0220        14.99
      2.0230        14.95
      2.0240        15.02
      2.0250        14.99
      2.0260        15.08
      2.0270        15.05
      2.0280        15.03
      2.0290        15.06
      2.0300        14.98
      2.0310        15.07
      2.0320        15.01
      2.0330        15.05
      2.0340        15.10
      2.0350        15.16
      2.0360        15.06
      2.0370        15.09
      2.0380        15.05
      2.0390        14.93
      2.0400        14.96
      2.0410        14.94
      2.0420        14.92
      2.0430        15.00
      2.0440        15.02
      2.0450        15.14
      2.0460        15.04
      2.0470        15.08
      2.0480        15.13
      2.0490        15.10
      2.0500        15.18
      2.0510        15.09
      2.0520        15.17
      2.0530        15.06
      2.0540        15.16
      2.0550        15.09
      2.0560        15.20
      2.0570        15.13
      2.0580        15.21
      2.0590        15.25
      2.0600        15.32
      2.0610        15.37
      2.0620        15.42
      2.0630        15.44
      2.0640        15.39
      2.0650        15.38
      2.0660        15.50
      2.0670        15.43
      2.0680        15.44
      2.0690        15.46
      2.0700        15.39
      2.0710        15.46
      2.0720        15.38
      2.0730        15.42
      2.0740        15.27
      2.0750        15.20
      2.0760        15.19
      2.0770        15.27
      2.0780        15.27
      2.0790        15.25
      2.0800        15.27
      2.0810        15.25
      2.0820        15.32
      2.0830        15.22
      2.0840        15.26
      2.0850        15.16
      2.0860        15.09
      2.0870        15.21
      2.0880        15.17
      2.0890        15.17
      2.0900        15.27
      2.0910        15.12
      2.0920        15.19
      2.0930        15.15
      2.0940        15.16
      2.0950        15.23
      2.0960        15.23
      2.0970        15.18
      2.0980        15.12
      2.0990        15.11
      2.1000        15.11
      2.1010        15.00
      2.1020        14.87
      2.1030        14.89
      2.1040        14.87
      2.1050        14.86
      2.1060        14.96
      2.1070        14.86
      2.1080        14.90
      2.1090        14.94
      2.1100        14.89
      2.1110        15.04
      2.1120        14.98
      2.1130        14.98
      2.1140        15.00
      2.1150        15.01
      2.1160        15.08
      2.1170        15.08
      2.1180        15.03
      2.1190        15.08
      2.1200        15.07
      2.1210        15.16
      2.1220        15.11
      2.1230        15.08
      2.1240        15.12
      2.1250        15.28
      2.1260        15.20
      2.1270        15.28
      2.1280        15.28
      2.1290        15.30
      2.1300        15.37
      2.1310        15.35
      2.1320        15.50
      2.1330        15.54
      2.1340        15.66
      2.1350        15.71
      2.1360        15.67
      2.1370        15.75
      2.1380        15.81
      2.1390        15.87
      2.1400        15.82
      2.1410        15.72
      2.1420        15.84
      2.1430        15.86
      2.1440        15.82
      2.1450        15.72
      2.1460        15.67
      2.1470        15.60
      2.1480        15.60
      2.1490        15.52
      2.1500        15.50
      2.1510        15.47
      2.1520        15.39
      2.1530        15.35
      2.1540        15.24
      2.1550        15.11
      2.1560        15.05
      2.1570        15.04
      2.1580        15.11
      2.1590        15.09
      2.1600        15.24
      2.1610        15.29
      2.1620        15.20
      2.1630        15.25
      2.1640        15.20
      2.1650        15.25
      2.1660        15.32
      2.1670        15.45
      2.1680        15.41
      2.1690        15.47
      2.1700        15.49
      2.1710        15.48
      2.1720        15.48
      2.1730        15.52
      2.1740        15.45
      2.1750        15.52
      2.1760        15.51
      2.1770        15.51
      2.1780        15.48
      2.1790        15.51
      2.1800        15.33
      2.1810        15.35
      2.1820        15.49
      2.1830        15.49
      2.1840        15.53
      2.1850        15.46
      2.1860        15.30
      2.1870        15.18
      2.1880        15.21
      2.1890        15.30
      2.1900        15.33
      2.1910        15.38
      2.1920        15.43
      2.1930        15.51
      2.1940        15.59
      2.1950        15.56
      2.1960        15.67
      2.1970        15.67
      2.1980        15.60
      2.1990        15.55
      2.2000        15.69
      2.2010        15.67
      2.2020        15.64
      2.2030        15.63
      2.2040        15.67
      2.2050        15.71
      2.2060        15.84
      2.2070        15.94
      2.2080        15.98
      2.2090        15.99
      2.2100        15.89
      2.2110        15.89
      2.2120        15.81
      2.2130        15.74
      2.2140        15.79
      2.2150        15.98
      2.2160        15.97
      2.2170        16.00
      2.2180        15.99
      2.2190        16.02
      2.2200        15.98
      2.2210        15.98
      2.2220        15.95
      2.2230        15.94
      2.2240        15.86
      2.2250        15.87
      2.2260        15.96
      2.2270        15.86
      2.2280        15.92
      2.2290        15.84
      2.2300        15.99
      2.2310        15.95
      2.2320        15.95
      2.2330        15.84
      2.2340        15.75
      2.2350        15.56
      2.2360        15.51
      2.2370        15.43
      2.2380        15.60
      2.2390        15.67
      2.2400        15.66
      2.2410        15.68
      2.2420        15.67
      2.2430        15.74
      2.2440        15.88
      2.2450        16.00
      2.2460        16.06
      2.2470        16.08
      2.2480        15.96
      2.2490        16.06
      2.2500        15.94
      2.2510        16.07
      2.2520        16.16
      2.2530        16.35
      2.2540        16.46
      2.2550        16.59
      2.2560        16.62
      2.2570        16.72
      2.2580        16.64
      2.2590        16.64
      2.2600        16.64
      2.2610        16.72
      2.2620        16.79
      2.2630        16.87
      2.2640        16.90
      2.2650        16.87
      2.2660        16.82
      2.2670        17.00
      2.2680        17.26
      2.2690        17.28
      2.2700        17.35
      2.2710        17.27
      2.2720        17.35
      2.2730        17.44
      2.2740        17.44
      2.2750        17.47
      2.2760        17.63
      2.2770        17.67
      2.2780        17.71
      2.2790        17.73
      2.2800        17.79
      2.2810        17.80
      2.2820        17.95
      2.2830        18.00
      2.2840        18.04
      2.2850        18.02
      2.2860        18.06
      2.2870        18.06
      2.2880        17.96
      2.2890        17.86
      2.2900        17.90
      2.2910        17.97
      2.2920        17.87
      2.2930        17.87
      2.2940        17.91
      2.2950        17.87
      2.2960        17.78
      2.2970        17.79
      2.2980        17.86
      2.2990        17.84
      2.3000        17.95
      2.3010        17.95
      2.3020        17.91
      2.3030        17.88
      2.3040        17.92
      2.3050        17.94
      2.3060        17.88
      2.3070        17.87
      2.3080        17.92
      2.3090        18.06
      2.3100        18.10
      2.3110        18.08
      2.3120        18.15
      2.3130        18.16
      2.3140        18.19
      2.3150        18.24
      2.3160        18.28
      2.3170        18.27
      2.3180        18.20
      2.3190        18.22
      2.3200        18.08
      2.3210        18.07
      2.3220        18.04
      2.3230        18.06
      2.3240        17.97
      2.3250        17.99
      2.3260        18.04
      2.3270        17.89
      2.3280        17.92
      2.3290        17.90
      2.3300        17.91
      2.3310        17.87
      2.3320        17.89
      2.3330        17.81
      2.3340        17.75
      2.3350        17.75
      2.3360        17.80
      2.3370        17.87
      2.3380        17.94
      2.3390        18.06
      2.3400        18.12
      2.3410        18.20
      2.3420        18.33
      2.3430        18.38
      2.3440        18.53
      2.3450        18.50
      2.3460        18.64
      2.3470        18.76
      2.3480        18.70
      2.3490        18.75
      2.3500        18.82
      2.3510        19.05
      2.3520        19.18
      2.3530        19.37
      2.3540        19.43
      2.3550        19.52
      2.3560        19.53
      2.3570        19.53
      2.3580        19.68
      2.3590        19.51
      2.3600        19.67
      2.3610        19.73
      2.3620        19.67
      2.3630        19.67
      2.3640        19.61
      2.3650        19.68
      2.3660        19.62
      2.3670        19.75
      2.3680        19.88
      2.3690        20.00
      2.3700        20.07
      2.3710        19.96
      2.3720        19.89
      2.3730        19.81
      2.3740        19.94
      2.3750        19.91
      2.3760        19.95
      2.3770        20.03
      2.3780        19.93
      2.3790        20.08
      2.3800        20.14
      2.3810        20.08
      2.3820        20.14
      2.3830        20.02
      2.3840        20.00
      2.3850        20.03
      2.3860        20.07
      2.3870        20.07
      2.3880        20.06
      2.3890        19.92
      2.3900        19.90
      2.3910        19.99
      2.3920        20.00
      2.3930        20.00
      2.3940        20.07
      2.3950        20.18
      2.3960        20.24
      2.3970        20.27
      2.3980        20.32
      2.3990        20.34
      2.4000        20.30
      2.4010        20.39
      2.4020        20.36
      2.4030        20.47
      2.4040        20.54
      2.4050        20.58
      2.4060        20.54
      2.4070        20.59
      2.4080        20.50
      2.4090        20.56
      2.4100        20.56
      2.4110        20.57
      2.4120        20.62
      2.4130        20.68
      2.4140        20.70
      2.4150        20.69
      2.4160        20.72
      2.4170        20.79
      2.4180        20.84
      2.4190        20.89
      2.4200        20.85
      2.4210        20.82
      2.4220        20.96
      2.4230        21.01
      2.4240        21.16
      2.4250        21.18
      2.4260        21.30
      2.4270        21.30
      2.4280        21.46
      2.4290        21.48
      2.4300        21.58
      2.4310        21.65
      2.4320        21.65
      2.4330        21.70
      2.4340        21.64
      2.4350        21.64
      2.4360        21.69
      2.4370        21.65
      2.4380        21.58
      2.4390        21.56
      2.4400        21.53
      2.4410        21.64
      2.4420        21.61
      2.4430        21.61
      2.4440        21.51
      2.4450        21.51
      2.4460        21.51
      2.4470        21.52
      2.4480        21.49
      2.4490        21.59
      2.4500        21.59
      2.4510        21.53
      2.4520        21.54
      2.4530        21.53
      2.4540        21.62
      2.4550        21.57
      2.4560        21.50
      2.4570        21.48
      2.4580        21.56
      2.4590        21.58
      2.4600        21.64
      2.4610        21.48
      2.4620        21.45
      2.4630        21.41
      2.4640        21.37
      2.4650        21.38
      2.4660        21.33
      2.4670        21.41
      2.4680        21.33
      2.4690        21.29
      2.4700        21.23
      2.4710        21.19
      2.4720        21.12
      2.4730        21.04
      2.4740        21.00
      2.4750        21.13
      2.4760        21.11
      2.4770        21.15
      2.4780        21.07
      2.4790        21.03
      2.4800        21.12
      2.4810        21.29
      2.4820        21.29
      2.4830        21.34
      2.4840        21.40
      2.4850        21.41
      2.4860        21.49
      2.4870        21.41
      2.4880        21.57
      2.4890        21.60
      2.4900        21.70
      2.4910        21.77
      2.4920        21.84
      2.4930        21.85
      2.4940        21.76
      2.4950        21.71
      2.4960        21.72
      2.4970        21.72
      2.4980        21.91
      2.4990        22.07
      2.5000        21.95
      2.5010        21.89
      2.5020        21.99
      2.5030        22.08
      2.5040        22.17
      2.5050        22.26
      2.5060        22.28
      2.5070        22.37
      2.5080        22.40
      2.5090        22.40
      2.5100        22.38
      2.5110        22.41
      2.5120        22.41
      2.5130        22.46
      2.5140        22.56
      2.5150        22.60
      2.5160        22.62
      2.5170        22.64
      2.5180        22.62
      2.5190        22.61
      2.5200        22.67
      2.5210        22.66
      2.5220        22.58
      2.5230        22.53
      2.5240        22.38
      2.5250        22.30
      2.5260        22.23
      2.5270        22.17
      2.5280        22.03
      2.5290        22.03
      2.5300        21.98
      2.5310        21.99
      2.5320        22.03
      2.5330        22.03
      2.5340        22.03
      2.5350        22.02
      2.5360        22.09
      2.5370        22.11
      2.5380        22.07
      2.5390        22.11
      2.5400        22.16
      2.5410        22.24
      2.5420        22.35
      2.5430        22.39
      2.5440        22.63
      2.5450        22.67
      2.5460        22.72
      2.5470        22.77
      2.5480        22.88
      2.5490        22.92
      2.5500        23.03
      2.5510        23.02
      2.5520        23.09
      2.5530        23.29
      2.5540        23.33
      2.5550        23.38
      2.5560        23.33
      2.5570        23.30
      2.5580        23.36
      2.5590        23.33
      2.5600        23.35
      2.5610        23.35
      2.5620        23.28
      2.5630        23.33
      2.5640        23.25
      2.5650        23.25
      2.5660        23.24
      2.5670        23.21
      2.5680        23.22
      2.5690        23.32
      2.5700        23.33
      2.5710        23.42
      2.5720        23.40
      2.5730        23.26
      2.5740        23.26
      2.5750        23.29
      2.5760        23.38
      2.5770        23.50
      2.5780        23.57
      2.5790        23.55
      2.5800        23.65
      2.5810        23.69
      2.5820        23.78
      2.5830        23.88
      2.5840        23.89
      2.5850        23.99
      2.5860        24.08
      2.5870        24.14
      2.5880        24.24
      2.5890        24.27
      2.5900        24.24
      2.5910        24.23
      2.5920        24.25
      2.5930        24.35
      2.5940        24.46
      2.5950        24.52
      2.5960        24.43
      2.5970        24.40
      2.5980        24.34
      2.5990        24.41
      2.6000        24.33
      2.6010        24.44
      2.6020        24.51
      2.6030        24.45
      2.6040        24.49
      2.6050        24.45
      2.6060        24.52
      2.6070        24.55
      2.6080        24.48
      2.6090        24.44
      2.6100        24.39
      2.6110        24.43
      2.6120        24.47
      2.6130        24.48
      2.6140        24.42
      2.6150        24.34
      2.6160        24.50
      2.6170        24.53
      2.6180        24.62
      2.6190        24.59
      2.6200        24.67
      2.6210        24.63
      2.6220        24.59
      2.6230        24.58
      2.6240        24.59
      2.6250        24.57
      2.6260        24.54
      2.6270        24.58
      2.6280        24.57
      2.6290        24.56
      2.6300        24.58
      2.6310        24.59
      2.6320        24.51
      2.6330        24.50
      2.6340        24.55
      2.6350        24.65
      2.6360        24.53
      2.6370        24.62
      2.6380        24.53
      2.6390        24.47
      2.6400        24.45
      2.6410        24.43
      2.6420        24.37
      2.6430        24.43
      2.6440        24.38
      2.6450        24.50
      2.6460        24.54
      2.6470        24.49
      2.6480        24.52
      2.6490        24.57
      2.6500        24.73
      2.6510        24.76
      2.6520        24.88
      2.6530        24.97
      2.6540        24.93
      2.6550        24.91
      2.6560        25.02
      2.6570        24.96
      2.6580        25.10
      2.6590        25.29
      2.6600        25.34
      2.6610        25.45
      2.6620        25.64
      2.6630        25.65
      2.6640        25.77
      2.6650        25.83
      2.6660        25.79
      2.6670        25.93
      2.6680        26.02
      2.6690        26.04
      2.6700        26.01
      2.6710        26.00
      2.6720        26.00
      2.6730        26.07
      2.6740        26.08
      2.6750        26.11
      2.6760        26.22
      2.6770        26.22
      2.6780        26.15
      2.6790        26.10
      2.6800        26.11
      2.6810        26.12
      2.6820        26.11
      2.6830        26.08
      2.6840        26.15
      2.6850        26.07
      2.6860        26.11
      2.6870        26.15
      2.6880        26.04
      2.6890        26.04
      2.6900        25.96
      2.6910        25.97
      2.6920        25.97
      2.6930        25.88
      2.6940        25.92
      2.6950        25.93
      2.6960        25.78
      2.6970        25.78
      2.6980        25.65
      2.6990        25.58
      2.7000        25.57
      2.7010        25.47
      2.7020        25.37
      2.7030        25.31
      2.7040        25.19
      2.7050        25.19
      2.7060        25.20
      2.7070        25.04
      2.7080        25.00
      2.7090        24.93
      2.7100        24.92
      2.7110        24.85
      2.7120        24.88
      2.7130        24.86
      2.7140        24.80
      2.7150        24.75
      2.7160        24.70
      2.7170        24.70
      2.7180        24.75
      2.7190        24.81
      2.7200        24.85
      2.7210        24.83
      2.7220        24.85
      2.7230        24.90
      2.7240        24.89
      2.7250        24.86
      2.7260        24.82
      2.7270        24.87
      2.7280        24.94
      2.7290        24.93
      2.7300        25.00
      2.7310        25.09
      2.7320        25.17
      2.7330        25.16
      2.7340        25.25
      2.7350        25.30
      2.7360        25.54
      2.7370        25.68
      2.7380        25.73
      2.7390        25.84
      2.7400        25.86
      2.7410        25.98
      2.7420        26.05
      2.7430        26.18
      2.7440        26.33
      2.7450        26.42
      2.7460        26.50
      2.7470        26.50
      2.7480        26.59
      2.7490        26.74
      2.7500        26.82
      2.7510        26.78
      2.7520        26.81
      2.7530        26.89
      2.7540        26.89
      2.7550        26.84
      2.7560        26.82
      2.7570        26.73
      2.7580        26.78
      2.7590        26.64
      2.7600        26.55
      2.7610        26.48
      2.7620        26.43
      2.7630        26.25
      2.7640        26.28
      2.7650        26.24
      2.7660        26.15
      2.7670        26.12
      2.7680        26.05
      2.7690        25.97
      2.7700        25.88
      2.7710        25.78
      2.7720        25.69
      2.7730        25.59
      2.7740        25.58
      2.7750        25.62
      2.7760        25.61
      2.7770        25.59
      2.7780        25.50
      2.7790        25.45
      2.7800        25.45
      2.7810        25.39
      2.7820        25.35
      2.7830        25.41
      2.7840        25.25
      2.7850        25.19
      2.7860        25.29
      2.7870        25.31
      2.7880        25.31
      2.7890        25.28
      2.7900        25.40
      2.7910        25.50
      2.7920        25.52
      2.7930        25.65
      2.7940        25.64
      2.7950        25.64
      2.7960        25.48
      2.7970        25.46
      2.7980        25.56
      2.7990        25.65
      2.8000        25.69
      2.8010        25.70
      2.8020        25.73
      2.8030        25.74
      2.8040        25.78
      2.8050        25.85
      2.8060        25.83
      2.8070        25.83
      2.8080        25.87
      2.8090        25.95
      2.8100        25.95
      2.8110        25.94
      2.8120        25.98
      2.8130        25.90
      2.8140        25.96
      2.8150        25.97
      2.8160        26.11
      2.8170        26.08
      2.8180        26.05
      2.8190        26.12
      2.8200        26.18
      2.8210        26.26
      2.8220        26.30
      2.8230        26.40
      2.8240        26.39
      2.8250        26.37
      2.8260        26.35
      2.8270        26.47
      2.8280        26.53
      2.8290        26.48
      2.8300        26.47
      2.8310        26.56
      2.8320        26.51
      2.8330        26.57
      2.8340        26.56
      2.8350        26.54
      2.8360        26.56
      2.8370        26.68
      2.8380        26.66
      2.8390        26.68
      2.8400        26.58
      2.8410        26.56
      2.8420        26.64
      2.8430        26.59
      2.8440        26.60
      2.8450        26.68
      2.8460        26.71
      2.8470        26.63
      2.8480        26.62
      2.8490        26.74
      2.8500        26.72
      2.8510        26.62
      2.8520        26.58
      2.8530        26.47
      2.8540        26.46
      2.8550        26.47
      2.8560        26.38
      2.8570        26.24
      2.8580        26.25
      2.8590        26.12
      2.8600        26.23
      2.8610        26.24
      2.8620        26.14
      2.8630        26.14
      2.8640        26.08
      2.8650        25.98
      2.8660        25.96
      2.8670        25.97
      2.8680        25.89
      2.8690        25.80
      2.8700        25.70
      2.8710        25.82
      2.8720        25.80
      2.8730        25.76
      2.8740        25.69
      2.8750        25.72
      2.8760        25.71
      2.8770        25.83
      2.8780        25.90
      2.8790        26.04
      2.8800        25.96
      2.8810        25.99
      2.8820        26.00
      2.8830        25.99
      2.8840        26.04
      2.8850        26.08
      2.8860        26.12
      2.8870        26.20
      2.8880        26.31
      2.8890        26.40
      2.8900        26.52
      2.8910        26.53
      2.8920        26.74
      2.8930        26.79
      2.8940        26.95
      2.8950        26.95
      2.8960        27.07
      2.8970        27.10
      2.8980        27.15
      2.8990        27.10
      2.9000        27.19
      2.9010        27.15
      2.9020        27.23
      2.9030        27.27
      2.9040        27.38
      2.9050        27.49
      2.9060        27.41
      2.9070        27.35
      2.9080        27.40
      2.9090        27.33
      2.9100        27.32
      2.9110        27.28
      2.9120        27.23
      2.9130        27.30
      2.9140        27.25
      2.9150        27.26
      2.9160        27.34
      2.9170        27.27
      2.9180        27.27
      2.9190        27.34
      2.9200        27.29
      2.9210        27.31
      2.9220        27.28
      2.9230        27.23
      2.9240        27.19
      2.9250        27.09
      2.9260        27.10
      2.9270        27.02
      2.9280        26.89
      2.9290        26.83
      2.9300        26.70
      2.9310        26.66
      2.9320        26.56
      2.9330        26.50
      2.9340        26.51
      2.9350        26.46
      2.9360        26.35
      2.9370        26.35
      2.9380        26.27
      2.9390        26.19
      2.9400        26.19
      2.9410        26.16
      2.9420        26.10
      2.9430        26.10
      2.9440        26.08
      2.9450        26.10
      2.9460        26.05
      2.9470        26.09
      2.9480        26.08
      2.9490        26.20
      2.9500        26.28
      2.9510        26.37
      2.9520        26.45
      2.9530        26.48
      2.9540        26.45
      2.9550        26.59
      2.9560        26.55
      2.9570        26.52
      2.9580        26.49
      2.9590        26.58
      2.9600        26.66
      2.9610        26.74
      2.9620        26.86
      2.9630        26.98
      2.9640        27.01
      2.9650        27.03
      2.9660        27.13
      2.9670        27.16
      2.9680        27.20
      2.9690        27.26
      2.9700        27.42
      2.9710        27.38
      2.9720        27.40
      2.9730        27.51
      2.9740        27.58
      2.9750        27.49
      2.9760        27.64
      2.9770        27.68
      2.9780        27.86
      2.9790        27.88
      2.9800        27.86
      2.9810        27.78
      2.9820        27.82
      2.9830        27.84
      2.9840        27.84
      2.9850        27.86
      2.9860        27.95
      2.9870        27.91
      2.9880        27.92
      2.9890        27.87
      2.9900        27.75
      2.9910        27.67
      2.9920        27.56
      2.9930        27.51
      2.9940        27.36
      2.9950        27.37
      2.9960        27.25
      2.9970        27.25
      2.9980        27.05
      2.9990        27.05
